0.000000000000000000e+00
1.738586158699279594e+01
3.469712499089457225e+01
5.199657360861191080e+01
6.936938000002335514e+01
8.676102752917222460e+01
1.040817149300333995e+02
1.213766801001158768e+02
1.387372671782222540e+02
1.561347006125742496e+02
1.734666610877563642e+02
1.907560866813987559e+02
2.080978386379483709e+02
2.254964974150623220e+02
2.428467476298865222e+02
2.601388033250018452e+02
2.774709626987018964e+02
2.948674064770203813e+02
3.122304668226784088e+02
3.295241054879068088e+02
3.468435784915672002e+02
3.642351019907874274e+02
3.816080949132816613e+02
3.989094082238835881e+02
4.162157750425069480e+02
4.335948338439459917e+02
4.509801551748427073e+02
4.682922528490699960e+02
4.855892619386617071e+02
5.029585741967581498e+02
5.203534533158385784e+02
5.376792316222071122e+02
5.549725057198577360e+02
5.723305792307930915e+02
5.897276166519902745e+02
6.070621029749402169e+02
6.243516702164821481e+02
6.416926445809498318e+02
6.590922781113301880e+02
6.764433529448112949e+02
6.937350073188381430e+02
7.110609578969130098e+02
7.284552209972966921e+02
7.458218901301836468e+02
7.631189735990219560e+02
7.804366175080159564e+02
7.978268919528273955e+02
8.152036944478966234e+02
8.325056403298958685e+02
8.498105539641539963e+02
8.671885754746308521e+02
8.845746612702932907e+02
9.018884144106660870e+02
9.191847310065745660e+02
9.365495578355383941e+02
9.539457498102963200e+02
9.712739437661564352e+02
9.885647230377920778e+02
1.005919275699506898e+03
1.023318156936458763e+03
1.040658646914606152e+03
1.057949215798405021e+03
1.075289310504600508e+03
1.092687897549262971e+03
1.110039313136182727e+03
1.127330446563503301e+03
1.144653957472693719e+03
1.162047910762319134e+03
1.179418145375633685e+03
1.196717228324406506e+03
1.214030234257556231e+03
1.231417088943674571e+03
1.248797091710456243e+03
1.266102171851979620e+03
1.283406376167841699e+03
1.300785213165422192e+03
1.318173776071940438e+03
1.335488433421188802e+03
1.352783347208046962e+03
1.370144032168612739e+03
1.387540076065883568e+03
1.404870346978235148e+03
1.422160989624917647e+03
1.439511387579061648e+03
1.456911306848625827e+03
1.474256688890167879e+03
1.491546518853549969e+03
1.508884037572705893e+03
1.526282279465414831e+03
1.543636867570569393e+03
1.560929526093862478e+03
1.578252274255242355e+03
1.595644851520222801e+03
1.613014658218168961e+03
1.630313661847538697e+03
1.647622345073318456e+03
1.665006172848993629e+03
1.682390212065366995e+03
1.699699854949880773e+03
1.717001946167790265e+03
1.734377871277934219e+03
1.751767749514966908e+03
1.769084515369764631e+03
1.786378433055760979e+03
1.803738895369559941e+03
1.821135815310584803e+03
1.838467496570475760e+03
1.855757866272767387e+03
1.873102296281913368e+03
1.890500823693723305e+03
1.907848514092205050e+03
1.925138925150428122e+03
1.942474373542500189e+03
1.959872768724727393e+03
1.977233032893528161e+03
1.994526203843643998e+03
2.011846955521705695e+03
2.029238132397484833e+03
2.046608441159416088e+03
2.063908536121824000e+03
2.081216602958005296e+03
2.098597859650131340e+03
2.115984285353515588e+03
2.133295866402833781e+03
2.150594399611618883e+03
2.167966126270105633e+03
2.185358664051444066e+03
2.202680600155827506e+03
2.219975035990978540e+03
2.237335382053176090e+03
2.254732743987672166e+03
2.272065108021789456e+03
2.289354255642311728e+03
2.306695540129233905e+03
2.324094463582543995e+03
2.341445479108424479e+03
2.358737382891932612e+03
2.376067353709428062e+03
2.393463328025927694e+03
2.410827478949301621e+03
2.428121967770344781e+03
2.445441223832409833e+03
2.462832928643012565e+03
2.480206954751426110e+03
2.497508311349290125e+03
2.514814773546625929e+03
2.532193181502468633e+03
2.549578567220027253e+03
2.566891179049055609e+03
2.584188028225109520e+03
2.601556019959994046e+03
2.618951110087734378e+03
2.636277975975360732e+03
2.653570535717308303e+03
2.670927371284828041e+03
2.688324619135190005e+03
2.705660451807244499e+03
2.722950343500081544e+03
2.740291380804523214e+03
2.757690598608992332e+03
2.775041481873072371e+03
2.792332590437041290e+03
2.809657745145356785e+03
2.827051846179860149e+03
2.844419516824001221e+03
2.861716982397712854e+03
2.879033979293224547e+03
2.896423671009214559e+03
2.913801118949295414e+03
2.931103504190517015e+03
2.948408454570183494e+03
2.965786386237921761e+03
2.983173022808463884e+03
3.000487666532905223e+03
3.017783414118010114e+03
3.035146931605218015e+03
3.052542681798456215e+03
3.069870944428020266e+03
3.087161604964164781e+03
3.104515478374899885e+03
3.121914579508618772e+03
3.139256068443660752e+03
3.156546078158883574e+03
3.173885851471369278e+03
3.191284190645897070e+03
3.208635939129313556e+03
3.225927316419180443e+03
3.243250435433276834e+03
3.260644291628549581e+03
3.278014772914089008e+03
3.295313402219974705e+03
3.312625558929605177e+03
3.330011523960085924e+03
3.347392271875311053e+03
3.364698380583194194e+03
3.382002563299903613e+03
3.399380997156941248e+03
3.416770088745061912e+03
3.434085034808760611e+03
3.451379595346211318e+03
3.468739923506818741e+03
3.486136031243098842e+03
3.503466369641981601e+03
3.520757108290785254e+03
3.538106143312388667e+03
3.555505443306801681e+03
3.572851363588405547e+03
3.590140944024245982e+03
3.607478326029357959e+03
3.624876494729001024e+03
3.642232677946587955e+03
3.659525646227878497e+03
3.676848050264220547e+03
3.694240343535763259e+03
3.711610520921924035e+03
3.728909265291137672e+03
3.746217164197839793e+03
3.763600575174218648e+03
3.780985208650655750e+03
3.798295457453173185e+03
3.815597233429880816e+03
3.832972135359802905e+03
3.850362865416352179e+03
3.867680540724102684e+03
3.884974856842007739e+03
3.902335917461208737e+03
3.919733536551925226e+03
3.937065122742285439e+03
3.954355155284891225e+03
3.971698642380923957e+03
3.989097214481493211e+03
4.006445967454140373e+03
4.023736421032305770e+03
4.041071203417321613e+03
4.058468703700664264e+03
4.075829701905004185e+03
4.093122983404733532e+03
4.110443144855455103e+03
4.127834474015662636e+03
4.145205271063484361e+03
4.162505890029668990e+03
4.179813294444155872e+03
4.197193659610008581e+03
4.214579319377248794e+03
4.231890958015476826e+03
4.249188652079496023e+03
4.266559504523487703e+03
4.283952973627624488e+03
4.301276482099283385e+03
4.318571068120324526e+03
4.335930977315618293e+03
4.353328357612484069e+03
4.370661273788065046e+03
4.387950611113514242e+03
4.405291978126146205e+03
4.422690917217617425e+03
4.440042307951208386e+03
4.457333914054195702e+03
4.474662996440325514e+03
4.492058636416026275e+03
4.509423456008228641e+03
4.526718294327830336e+03
4.544036940526263606e+03
4.561428504097291807e+03
4.578803472451054404e+03
4.596104840177265032e+03
4.613410653500346598e+03
4.630788847515776069e+03
4.648173949114247080e+03
4.665486992346140141e+03
4.682783373579293766e+03
4.700150862163666716e+03
4.717546505902790159e+03
4.734874181519996455e+03
4.752165868317106288e+03
4.769522149407715915e+03
4.786919957752597838e+03
4.804257099763107362e+03
4.821547647266790591e+03
4.838888480729119692e+03
4.856287657846418369e+03
4.873638521722929909e+03
4.890929815829970721e+03
4.908254084282276381e+03
4.925648024654189612e+03
4.943016545570348171e+03
4.960315028214297854e+03
4.977630892724846490e+03
4.995019867559714839e+03
5.012398050573301589e+03
5.029700741980715065e+03
5.047005354706635444e+03
5.064383740220639083e+03
5.081770382701568451e+03
5.099084990961929179e+03
5.116380602991207525e+03
5.133742980786462795e+03
5.151138772239482932e+03
5.168467416346413302e+03
5.185757894638674770e+03
5.203110683935814450e+03
5.220510212692030109e+03
5.237852903967268503e+03
5.255142670666195045e+03
5.272481997219532786e+03
5.289880222405188761e+03
5.307232150072575678e+03
5.324524215033037763e+03
5.341847308263827472e+03
5.359240614333065423e+03
5.376610759776205668e+03
5.393909914291873065e+03
5.411220550098332751e+03
5.428605866662904191e+03
5.445987616171089030e+03
5.463294786782429583e+03
5.480598542383565473e+03
5.497976591876406928e+03
5.515366029544040430e+03
5.532681515019112339e+03
5.549975723919083975e+03
5.567336110244397787e+03
5.584732602651410161e+03
5.602063884979361319e+03
5.619354939782327165e+03
5.636702681920723990e+03
5.654101804124576120e+03
5.671448130675218636e+03
5.688738040404898129e+03
5.706074681686221993e+03
5.723473342468893861e+03
5.740830557554180814e+03
5.758123095015017498e+03
5.775445452504716741e+03
5.792837176771232407e+03
5.810206984384063617e+03
5.827506116041885434e+03
5.844814133579677218e+03
5.862197340093922321e+03
5.879582520510664835e+03
5.896893514455358854e+03
5.914193882258857229e+03
5.931567808244513799e+03
5.948958442648839991e+03
5.966277197970519410e+03
5.983571669674633085e+03
6.000932725981732801e+03
6.018329953849202866e+03
6.035661748576852915e+03
6.052951357170271876e+03
6.070293797007008834e+03
6.087692391609562947e+03
6.105041781702031585e+03
6.122333221943186800e+03
6.139666468336379694e+03
6.157063861225631626e+03
6.174426417922115434e+03
6.191719716802697803e+03
6.209039538774868561e+03
6.226430805215135479e+03
6.243802398749307940e+03
6.261103153305112755e+03
6.278410535536479074e+03
6.295790293870157257e+03
6.313176091763988552e+03
6.330487964316424950e+03
6.347785203466655730e+03
6.365155420987797697e+03
6.382549414157761930e+03
6.399873760501142897e+03
6.417167444872962733e+03
6.434526445064873769e+03
6.451923605877027512e+03
6.469257022081734249e+03
6.486546348169315024e+03
6.503887471596843170e+03
6.521286840221657258e+03
6.538637524154588391e+03
6.555929500445286976e+03
6.573257182482090684e+03
6.590652343663230567e+03
6.608017966717165109e+03
6.625313766336026674e+03
6.642632130017667805e+03
6.660023881566614364e+03
6.677399628587943880e+03
6.694701499909628183e+03
6.712007108590407370e+03
6.729384821159785133e+03
6.746770311913982368e+03
6.764083498241641792e+03
6.781379419152648552e+03
6.798745564195064617e+03
6.816141782981172582e+03
6.833469627069721355e+03
6.850760953875406813e+03
6.868116379030338067e+03
6.885514462675080722e+03
6.902852945024884320e+03
6.920143416395483655e+03
6.937484133283607662e+03
6.954883247810914327e+03
6.972233988378075082e+03
6.989524882412508305e+03
7.006848573315821341e+03
7.024242134989968690e+03
7.041611527633154765e+03
7.058910161313588105e+03
7.076224915182602672e+03
7.093613413175826281e+03
7.110992472377502054e+03
7.128296112668054775e+03
7.145600854360232915e+03
7.162979230998484127e+03
7.180366881563026254e+03
7.197681590529680761e+03
7.214976750495345186e+03
7.232338545992524814e+03
7.249734402334654987e+03
7.267063713768607158e+03
7.284354155992790766e+03
7.301706063414425444e+03
7.319105762013821732e+03
7.336449773645688765e+03
7.353739393489568101e+03
7.371078274700897055e+03
7.388476307869203083e+03
7.405829344027884872e+03
7.423121170904739301e+03
7.440444008219786156e+03
7.457836672037356038e+03
7.475206580671581833e+03
7.492505419066665127e+03
7.509815486323298501e+03
7.527200037663487819e+03
7.544582642710029177e+03
7.561890539798007012e+03
7.579194208981763040e+03
7.596571274836282100e+03
7.613960835676564784e+03
7.631276680869287702e+03
7.648570964877460028e+03
7.665931183002335274e+03
7.683328007140366026e+03
7.700659250045782755e+03
7.717950077791294461e+03
7.735296373923478313e+03
7.752695250834098260e+03
7.770042243777246767e+03
7.787331751106168667e+03
7.804668168066373255e+03
7.822066727093893860e+03
7.839425202516617901e+03
7.856717936969662333e+03
7.874039291171874538e+03
7.891430958751381695e+03
7.908800280767874938e+03
7.926099636333285162e+03
7.943407293403190124e+03
7.960789784349030015e+03
7.978175294682558160e+03
7.995486048695669524e+03
8.012785976882833893e+03
8.030159177374116553e+03
8.047550466009987758e+03
8.064870408183136533e+03
8.082165258956222715e+03
8.099525989913177000e+03
8.116923432007408337e+03
8.134255326795786459e+03
8.151545195706593404e+03
8.168887082017316970e+03
8.186285478026346937e+03
8.203635132364019228e+03
8.220926566433819971e+03
8.238259007808772367e+03
8.255656220020489855e+03
8.273018943943880004e+03
8.290312051880120634e+03
8.307631535112675920e+03
8.325023081016683136e+03
8.342395336452569609e+03
8.359696503806662804e+03
8.377003631988945926e+03
8.394382858679215133e+03
8.411768720989186477e+03
8.429080937103793985e+03
8.446377623350545036e+03
8.463746949759619383e+03
8.481141336519383913e+03
8.498466339856151535e+03
8.515759816961490287e+03
8.533118432643699634e+03
8.550515443605352630e+03
8.567849409174763423e+03
8.585139000799788846e+03
8.602480168643300203e+03
8.619879798503159691e+03
8.637231067427932430e+03
8.654522453218476585e+03
8.671849335252140008e+03
8.689243783775842530e+03
8.706609942436374695e+03
8.723905756024847506e+03
8.741223643260498648e+03
8.758614634849182039e+03
8.775990740752247802e+03
8.793292558522873151e+03
8.810598088858954725e+03
8.827976012571631145e+03
8.845361515815960956e+03
8.862675048577777488e+03
8.879971227858039128e+03
8.897336363841004641e+03
8.914732414992475242e+03
8.932060226590250750e+03
8.949351229458665330e+03
8.966706323469039489e+03
8.984104650506935286e+03
9.001443695051864779e+03
9.018734001718781656e+03
9.036074862781542834e+03
9.053473377409756722e+03
9.070824518912417261e+03
9.088115300450723225e+03
9.105438600624827814e+03
9.122832353934894854e+03
9.140201873837744643e+03
9.157500028064878279e+03
9.174813748521397429e+03
9.192201622308017249e+03
9.209581228850754997e+03
9.226885326765113859e+03
9.244190053804632043e+03
9.261568696845517479e+03
9.278956695073082301e+03
9.296271497680820175e+03
9.313566722750410918e+03
9.330927836712817225e+03
9.348323141475404555e+03
9.365652500265654453e+03
9.382943292723488412e+03
9.400294615797258302e+03
9.417694172929945125e+03
9.435038589098523516e+03
9.452328525496022849e+03
9.469666960935559473e+03
9.487065243590512182e+03
9.504418483319714142e+03
9.521710641886753365e+03
9.539033453918331361e+03
9.556426295636592840e+03
9.573796285819342302e+03
9.591095270268313470e+03
9.608404310468624317e+03
9.625788600650235821e+03
9.643171722809289349e+03
9.660480073250151690e+03
9.677783251737177125e+03
9.695160099740071018e+03
9.712549899171895959e+03
9.729866052821569610e+03
9.747160253886413557e+03
9.764520423572053915e+03
9.781917301370900532e+03
9.799249302323843949e+03
9.816539918455830048e+03
9.833885736756728875e+03
9.851284818006150090e+03
9.868632071288669977e+03
9.885922171474505376e+03
9.903258318067370055e+03
9.920656966323213055e+03
9.938015941680232572e+03
9.955308730671817102e+03
9.972629953830206432e+03
9.990021755450321507e+03
1.000739164590168184e+04
1.002469100831489777e+04
1.004199846656269438e+04
1.005938074706711268e+04
1.007676656037103203e+04
1.009407796629044242e+04
1.011137726110767835e+04
1.012875010208111598e+04
1.014614164663466363e+04
1.016346224639386128e+04
1.018075729282976681e+04
1.019811755528845606e+04
1.021551490465320785e+04
1.023284719079098431e+04
1.025013655531364384e+04
1.026747842105263044e+04
1.028487720851968334e+04
1.030222727389959255e+04
1.031951905575764067e+04
1.033685060526893722e+04
1.035424707814445719e+04
1.037161033870098981e+04
1.038890416866809392e+04
1.040622351760524361e+04
1.042361514133662786e+04
1.044098781947913267e+04
1.045828924031416682e+04
1.047559646499094379e+04
1.049297549778303437e+04
1.051036089067209832e+04
1.052767284982048659e+04
1.054496944604995588e+04
1.056233840368885285e+04
1.057973380305853607e+04
1.059705970127677210e+04
1.061435275055233069e+04
1.063171065660844579e+04
1.064910767047962509e+04
1.066644223282580060e+04
1.068373224050737372e+04
1.070107325408001270e+04
1.071847263494665276e+04
1.073582378921870986e+04
1.075311499975054539e+04
1.077044097590450474e+04
1.078783526640195487e+04
1.080520206682783464e+04
1.082249843135045376e+04
1.083981587903632317e+04
1.085720628169577685e+04
1.087458284741795796e+04
1.089188487677977537e+04
1.090918973960924995e+04
1.092656771717863012e+04
1.094395329975111781e+04
1.096126719678261725e+04
1.097856380522974359e+04
1.099592854642439488e+04
1.101332472818582573e+04
1.103065285114841572e+04
1.104794392324913133e+04
1.106529841346487228e+04
1.108269699771911110e+04
1.110003725253298762e+04
1.111732761726700664e+04
1.113466783514866984e+04
1.115206656702416149e+04
1.116941776564896281e+04
1.118670860350898147e+04
1.120403176676398289e+04
1.122142524513172793e+04
1.123879531885252072e+04
1.125609419228805564e+04
1.127340713369864170e+04
1.129079417001934780e+04
1.130817415571618585e+04
1.132547864043780828e+04
1.134278313614073886e+04
1.136016221023414437e+04
1.137755089303991554e+04
1.139486598193476311e+04
1.141216119021168925e+04
1.142952200091254417e+04
1.144691778914195675e+04
1.146424782655318086e+04
1.148153852795374041e+04
1.149888950057608599e+04
1.151628941404076977e+04
1.153363442416901307e+04
1.155092410250123248e+04
1.156826201346663038e+04
1.158566011669431100e+04
1.160301418976253444e+04
1.162030676525543822e+04
1.163762941513465194e+04
1.165502197349738708e+04
1.167239189881109269e+04
1.168969113689101505e+04
1.170699979594218894e+04
1.172438382613107387e+04
1.174176783040226655e+04
1.175907715393202307e+04
1.177637970649077033e+04
1.179375580105640256e+04
1.181114569145598944e+04
1.182846250969524408e+04
1.184575667187556610e+04
1.186311741618730230e+04
1.188051438744842017e+04
1.189784575957458583e+04
1.191513585837130086e+04
1.193248040301486981e+04
1.194987868859519040e+04
1.196722653715241540e+04
1.198451646567640637e+04
1.200185167043665570e+04
1.201925030443103788e+04
1.203660968966352448e+04
1.205390239478336844e+04
1.207122358010654716e+04
1.208861516422358909e+04
1.210598518151528879e+04
1.212328533008876548e+04
1.214059302533494701e+04
1.215797466455409449e+04
1.217536063669196665e+04
1.219267192741064719e+04
1.220997047428218684e+04
1.222734248854143516e+04
1.224473468118214441e+04
1.226205665852775201e+04
1.227935118763926766e+04
1.229671185762801542e+04
1.231410910263643746e+04
1.233144158055871230e+04
1.234873074494041612e+04
1.236607233141908000e+04
1.238347104773766841e+04
1.240082187261240688e+04
1.241811362531992199e+04
1.243544436325921743e+04
1.245284040827311583e+04
1.247020452002543425e+04
1.248749839061366583e+04
1.250481760679427680e+04
1.252220910078692032e+04
1.253958254366458459e+04
1.255688339121642093e+04
1.257418997302092976e+04
1.259156835954653070e+04
1.260895381144502062e+04
1.262626609303462101e+04
1.264356248812836566e+04
1.266093105849092535e+04
1.267832683330920918e+04
1.269565321165172463e+04
1.271294583513079488e+04
1.273030378700083929e+04
1.274770124765068977e+04
1.276503634326081010e+04
1.278232650605405070e+04
1.279966805975719399e+04
1.281706713070079059e+04
1.283441821851677742e+04
1.285170922855300523e+04
1.286903390052583563e+04
1.288642786894690471e+04
1.290379531414371377e+04
1.292109212441234922e+04
1.293840896193135086e+04
1.295579915155621165e+04
1.297317652525764061e+04
1.299047827873074857e+04
1.300778317177036297e+04
1.302516119345333937e+04
1.304254721381550553e+04
1.305986116889383993e+04
1.307715716002910631e+04
1.309452113567534616e+04
1.311191701441832265e+04
1.312924541635196147e+04
1.314653612407798755e+04
1.316389026385424222e+04
1.318128958377319941e+04
1.319863077304874241e+04
1.321592094531829935e+04
1.323326101872101572e+04
1.325065963121268396e+04
1.326801059800443181e+04
1.328530147354248402e+04
1.330262460548516538e+04
1.332001865158991859e+04
1.333738888281002983e+04
1.335468784586877155e+04
1.337200031092113204e+04
1.338938650545480232e+04
1.340676704999244976e+04
1.342407253479048086e+04
1.344137648851837366e+04
1.345875504982183884e+04
1.347614360166355982e+04
1.349345837245661824e+04
1.351075294353907520e+04
1.352811346490773758e+04
1.354550947494156026e+04
1.356283995875235269e+04
1.358013047658523647e+04
1.359747989357510414e+04
1.361487937832271018e+04
1.363222500999732074e+04
1.364951439714992375e+04
1.366685177519947320e+04
1.368425001703569615e+04
1.370160513562533015e+04
1.371889770194097218e+04
1.373622050291620326e+04
1.375361292552600207e+04
1.377098260853990178e+04
1.378828189671549990e+04
1.380559010352884980e+04
1.382297369118600909e+04
1.384035792012742786e+04
1.385766785028691811e+04
1.387496991097186401e+04
1.389234563283756142e+04
1.390973584899709385e+04
1.392705298416796359e+04
1.394434718367586174e+04
1.396170810010008063e+04
1.397910525388393944e+04
1.399643698302713165e+04
1.401372707514260765e+04
1.403107097317084663e+04
1.404846972299463232e+04
1.406581794585208809e+04
1.408310839190764091e+04
1.410044343465486418e+04
1.411784154143505657e+04
1.413520210330680857e+04
1.415249515898701247e+04
1.416981598156890323e+04
1.418720714999205484e+04
1.420457743156333163e+04
1.422187765732809567e+04
1.423918490557643236e+04
1.425656588018955517e+04
1.427395158932773120e+04
1.429126329484110465e+04
1.430856113719214045e+04
1.432593245034041684e+04
1.434332506573706269e+04
1.436064749455935453e+04
1.437794206936261980e+04
1.439530221118310874e+04
1.441269928822859947e+04
1.443003155427162346e+04
1.444732070765816934e+04
1.446466194281639582e+04
1.448206092856820760e+04
1.449941161259630462e+04
1.451670322625783047e+04
1.453403325248277179e+04
1.455142924200481684e+04
1.456879342990306759e+04
1.458608790133236107e+04
1.460340672305583212e+04
1.462079843114528558e+04
1.463817287512304028e+04
1.465547416368940685e+04
1.467278073635419059e+04
1.469015903660779804e+04
1.470754426746375248e+04
1.472485686255371729e+04
1.474215310865331230e+04
1.475952097087871334e+04
1.477691618855667366e+04
1.479424324239379348e+04
1.481153555191952546e+04
1.482889279577030175e+04
1.484629008707410685e+04
1.486362548545925165e+04
1.488091540334868478e+04
1.489825680148565334e+04
1.491565604137613082e+04
1.493300715460998981e+04
1.495029818330444868e+04
1.496762288214960063e+04
1.498501663197285779e+04
1.500238465544454630e+04
1.501968194797240722e+04
1.503699859524840213e+04
1.505438825744108181e+04
1.507176587692141038e+04
1.508906782140534779e+04
1.510637250743076947e+04
1.512375042272449718e+04
1.514113683184717229e+04
1.515845117459449830e+04
1.517574742715049251e+04
1.519311065412977223e+04
1.521050658139905136e+04
1.522783530684287507e+04
1.524512595113866701e+04
1.526247962039707818e+04
1.527987952504004170e+04
1.529722141630484111e+04
1.531451168893761860e+04
1.533185139155490288e+04
1.534924980639459318e+04
1.536660103742740648e+04
1.538389230745704481e+04
1.540121503653794571e+04
1.541860833182942224e+04
1.543597865718052708e+04
1.545327780488444841e+04
1.547058952622179640e+04
1.548797582209124084e+04
1.550535669819989198e+04
1.552266244128042672e+04
1.553996669672837379e+04
1.555734534195614469e+04
1.557473408651798673e+04
1.559204922268717019e+04
1.560934372722362968e+04
1.562670432899702428e+04
1.564410053370999776e+04
1.566143130563130580e+04
1.567872210938913850e+04
1.569607058945261815e+04
1.571347003115377447e+04
1.573081600768359385e+04
1.574810534111522065e+04
1.576544239006590215e+04
1.578284059468749911e+04
1.580019601873097417e+04
1.581748829045502498e+04
1.583481068569266063e+04
1.585220279768406544e+04
1.586957222623308553e+04
1.588687103010099599e+04
1.590417902851873805e+04
1.592156230089144447e+04
1.593894703079336250e+04
1.595625706880843791e+04
1.597355864461217243e+04
1.599093397004258077e+04
1.600832478805483515e+04
1.602564236003093902e+04
1.604293673131743890e+04
1.606029755804067827e+04
1.607769485382306084e+04
1.609502711871893916e+04
1.611231708296439319e+04
1.612966046721902057e+04
1.614705900008891695e+04
1.616440748926750894e+04
1.618169825131687321e+04
1.619903306007418360e+04
1.621643113638469367e+04
1.623379200482380111e+04
1.625108477596942248e+04
1.626840505902167206e+04
1.628579625950101763e+04
1.630316673619081485e+04
1.632046667429883018e+04
1.633777415809672675e+04
1.635515483605260670e+04
1.637254043590550282e+04
1.638985214646645909e+04
1.640715002958672994e+04
1.642452120167718385e+04
1.644191439807435017e+04
1.645923757261233914e+04
1.647653216093057563e+04
1.649389198873123314e+04
1.651128921755233387e+04
1.652862158951379752e+04
1.654591057763947902e+04
1.656325149095438246e+04
1.658065045335786999e+04
1.659800131899180997e+04
1.661529342539806748e+04
1.663262273214759625e+04
1.665001814617600394e+04
1.666738252162851131e+04
1.668467683751428558e+04
1.670199562971351043e+04
1.671938740003270141e+04
1.673676220908231335e+04
1.675406353884111013e+04
1.677136938020090747e+04
1.678874783907998790e+04
1.680613305397416480e+04
1.682344571258567885e+04
1.684074204283611471e+04
1.685810946342191892e+04
1.687550507806339010e+04
1.689283208591509174e+04
1.691012392863009518e+04
1.692748062124736316e+04
1.694487811693856202e+04
1.696221427333120664e+04
1.697950396416326475e+04
1.699684503425830553e+04
1.701424412042899348e+04
1.703159490835590987e+04
1.704888601560856841e+04
1.706621063884340401e+04
1.708360461556339214e+04
1.710097295566328830e+04
1.711827085540764529e+04
1.713558717344628531e+04
1.715297657033313590e+04
1.717035462192435807e+04
1.718765689665978061e+04
1.720496153876934113e+04
1.722233983878391882e+04
1.723972665156492076e+04
1.725704110983666033e+04
1.727433723179742447e+04
1.729170017048531736e+04
1.730909639894799329e+04
1.732642511616123375e+04
1.734371572063424537e+04
