0.000000000000000000e+00
1.739437050286593944e+01
3.473238712870165301e+01
5.204838952181216172e+01
6.941331459727041420e+01
8.681672337176215137e+01
1.041512916755392268e+02
1.214597321267500831e+02
1.388270256133041016e+02
1.562310364821834696e+02
1.735678642287593902e+02
1.908825516547462371e+02
2.082453839536778446e+02
2.256418771685042657e+02
2.429899096986350173e+02
2.603176502307116493e+02
2.776701788368463895e+02
2.950512700860258519e+02
3.124198312303383318e+02
3.297599187439139428e+02
3.470976123663796784e+02
3.644633006793270624e+02
3.818515485764888808e+02
3.991984459127849618e+02
4.165196662569967430e+02
4.338752860510596747e+02
4.512777056082328500e+02
4.686244749697351608e+02
4.859353730856520883e+02
5.032882718477952722e+02
5.206949029855685467e+02
5.380397367053317339e+02
5.553488974793983743e+02
5.727037556391416047e+02
5.901073223862446184e+02
6.074554523149364513e+02
6.247748632183728432e+02
6.421265777192832047e+02
6.595180111268025485e+02
6.768788590284194697e+02
6.942135951205973470e+02
7.115568967090202932e+02
7.289284868970737534e+02
7.463075970588787413e+02
7.636557894037039205e+02
7.809847907812213634e+02
7.983385348943641020e+02
8.157349491059039792e+02
8.330909894651954346e+02
8.504055171876921122e+02
8.677492221252869058e+02
8.851548225418558786e+02
9.025120715993842850e+02
9.198205871955171915e+02
9.371626990733374214e+02
9.545682631496379145e+02
9.719239906976216616e+02
9.892377011258054154e+02
1.006582305021160209e+03
1.023979892850907845e+03
1.041339859461410015e+03
1.058667602718959188e+03
1.076010629119379246e+03
1.093391375061870349e+03
1.110763079829240723e+03
1.128107539165382605e+03
1.145442960232487167e+03
1.162802461735258476e+03
1.180189127146152714e+03
1.197548207395081590e+03
1.214870073128953209e+03
1.232211203901851150e+03
1.249611038312435312e+03
1.266977954584460122e+03
1.284289005863707189e+03
1.301621863512993514e+03
1.319025944719175868e+03
1.336393615648313698e+03
1.353704366576956090e+03
1.371038338663584454e+03
1.388437801611153418e+03
1.405804322325740031e+03
1.423125716583073427e+03
1.440463634737247958e+03
1.457850418039658052e+03
1.475219934138432563e+03
1.492559199090741004e+03
1.509895903298548092e+03
1.527263497559785719e+03
1.544642358231351864e+03
1.561999129989806534e+03
1.579328393422662202e+03
1.596673735885141468e+03
1.614063902033823297e+03
1.631434834398803332e+03
1.648752672818594874e+03
1.666082111742445477e+03
1.683480086224065417e+03
1.700857588339616996e+03
1.718168724716044608e+03
1.735493741262339427e+03
1.752892301807171634e+03
1.770268725407969214e+03
1.787586003292481564e+03
1.804915380916256709e+03
1.822304533596217652e+03
1.839679175070909423e+03
1.857012285361460044e+03
1.874346514176445908e+03
1.891719383910845863e+03
1.909095441622863746e+03
1.926448177896803600e+03
1.943781236631943102e+03
1.961133612665878445e+03
1.978515492584060894e+03
1.995886135268338194e+03
2.013211250306449983e+03
2.030542842517902045e+03
2.047931933282657155e+03
2.065314402689906274e+03
2.082630618660916298e+03
2.099950459482466613e+03
2.117343926560355158e+03
2.134730088657674969e+03
2.152044846242790754e+03
2.169366266912960782e+03
2.186755780721013252e+03
2.204138057220826795e+03
2.221466190737088255e+03
2.238794412068697966e+03
2.256170275685332854e+03
2.273548893608561684e+03
2.290895765613894582e+03
2.308229703833034364e+03
2.325586573176266029e+03
2.342964893059723181e+03
2.360332801410268985e+03
2.377663836219832774e+03
2.395000568196474433e+03
2.412381405788650227e+03
2.429764577293443836e+03
2.447087907179604372e+03
2.464406788537957254e+03
2.481793409791493104e+03
2.499184935302764643e+03
2.516502908312309046e+03
2.533818316758561195e+03
2.551204510637669046e+03
2.568595403616116528e+03
2.585918977415498375e+03
2.603241037428048003e+03
2.620618135073457779e+03
2.638001103520651213e+03
2.655344202974210020e+03
2.672675102445637094e+03
2.690036363329616961e+03
2.707414129093051542e+03
2.724778251480983727e+03
2.742112439787075346e+03
2.759453082615010771e+03
2.776828803516965309e+03
2.794211093399877427e+03
2.811540672607889064e+03
2.828863172728927111e+03
2.846240918151404003e+03
2.863635079505287649e+03
2.880958585452694024e+03
2.898270927286765982e+03
2.915651557760397736e+03
2.933047872636624561e+03
2.950372006247575882e+03
2.967687849586884113e+03
2.985064222234208501e+03
3.002454139173282783e+03
3.019791733635860510e+03
3.037118421116039826e+03
3.054481621099991116e+03
3.071862552539315402e+03
3.089222324811037652e+03
3.106556295385355952e+03
3.123901823388195226e+03
3.141274490044156664e+03
3.158654856933187148e+03
3.175990042909934346e+03
3.193315889341284674e+03
3.210687100811079745e+03
3.228081371453621159e+03
3.245411323791102404e+03
3.262723864065371345e+03
3.280096850516600171e+03
3.297497670058434778e+03
3.314824597207541046e+03
3.332136081656202805e+03
3.349508465862419143e+03
3.366905855534898365e+03
3.384240618299772905e+03
3.401561467868644286e+03
3.418925955940076165e+03
3.436311195327645692e+03
3.453665112350071922e+03
3.470998255812038224e+03
3.488346740251867232e+03
3.505720209929813791e+03
3.523096288840586567e+03
3.540434863181097626e+03
3.557764655718676750e+03
3.575131157919247471e+03
3.592524668708739227e+03
3.609860054423870679e+03
3.627175010353478683e+03
3.644540415411478534e+03
3.661942458076473486e+03
3.679273613309267603e+03
3.696582442013511354e+03
3.713950891712818247e+03
3.731352074064961926e+03
3.748686536696975963e+03
3.766002727357030835e+03
3.783366691714481931e+03
3.800756783106563489e+03
3.818106397984237447e+03
3.835437225505743754e+03
3.852787737451717931e+03
3.870163847286777582e+03
3.887536297078085227e+03
3.904875459228966520e+03
3.922209006585610041e+03
3.939572900464180293e+03
3.956964621207109303e+03
3.974305214494269421e+03
3.991621181304405582e+03
4.008982003653469292e+03
4.026384399039910932e+03
4.043721380634962316e+03
4.061029721906537361e+03
4.078391871508358236e+03
4.095795874423376063e+03
4.113132178175895206e+03
4.130445287589419422e+03
4.147806542466152678e+03
4.165202504699983365e+03
4.182549897123647497e+03
4.199876313509139436e+03
4.217228393041004892e+03
4.234608190050834310e+03
4.251975622786959320e+03
4.269314979137296177e+03
4.286651396604224828e+03
4.304015936210169457e+03
4.321404273906506205e+03
4.338748856422149402e+03
4.356067773746000967e+03
4.373423946750627692e+03
4.390825858789288759e+03
4.408167215656398184e+03
4.425476602904936954e+03
4.442831831766192408e+03
4.460236847680486790e+03
4.477576141450858813e+03
4.494886581869057409e+03
4.512244901471467529e+03
4.529643865129386541e+03
4.546990416969157195e+03
4.564313390395990609e+03
4.581665895132959122e+03
4.599048911581781795e+03
4.616412771202451040e+03
4.633750705786320395e+03
4.651088827383022362e+03
4.668454755634267713e+03
4.685839758033894213e+03
4.703185489079104627e+03
4.720506974178384553e+03
4.737860650815300687e+03
4.755261574107036722e+03
4.772607483449761276e+03
4.789917507338198448e+03
4.807269488769391501e+03
4.824675051970969434e+03
4.842018141310889405e+03
4.859326241970949923e+03
4.876680497574596302e+03
4.894081946838188742e+03
4.911428491442416998e+03
4.928748809920609347e+03
4.946100785575677037e+03
4.963487304204661996e+03
4.980848902374636054e+03
4.998184723334556111e+03
5.015524582136139543e+03
5.032891816119852592e+03
5.050273988200797248e+03
5.067621031519498501e+03
5.084944987106759072e+03
5.102297381478119860e+03
5.119696969521195570e+03
5.137045835554299629e+03
5.154355423700178108e+03
5.171704174807698109e+03
5.189109521114378367e+03
5.206455543830297756e+03
5.223763824400004523e+03
5.241114827412943669e+03
5.258517933562796316e+03
5.275864889606536963e+03
5.293183344113204839e+03
5.310533957251823267e+03
5.327922845065632828e+03
5.345283036638193153e+03
5.362616981063478306e+03
5.379958252569826982e+03
5.397326803568033938e+03
5.414706205013578256e+03
5.432053520113860941e+03
5.449378933326521292e+03
5.466731234852449234e+03
5.484128900340336259e+03
5.501480106714607246e+03
5.518791000483268363e+03
5.536137029658246320e+03
5.553542304378584959e+03
5.570890638220836991e+03
5.588198582093689765e+03
5.605547134455341620e+03
5.622950420285768814e+03
5.640298480294851288e+03
5.657615201694668031e+03
5.674964533024172852e+03
5.692354620257890929e+03
5.709713946129044416e+03
5.727046623755137261e+03
5.744388567483318184e+03
5.761758437182811576e+03
5.779136663461547869e+03
5.796483810370759784e+03
5.813810565959845917e+03
5.831163026926275052e+03
5.848559052142873952e+03
5.865911471704627729e+03
5.883223664863871818e+03
5.900567853727520742e+03
5.917973023359298168e+03
5.935322732655519758e+03
5.952630470723387589e+03
5.969976477591504590e+03
5.987380144597929757e+03
6.004729062469106793e+03
6.022045030004110231e+03
6.039392954867937078e+03
6.056784155930824454e+03
6.074143036500599919e+03
6.091474939952647219e+03
6.108817365732347753e+03
6.126188733282426256e+03
6.143565509104137163e+03
6.160912215997497697e+03
6.178239535542679732e+03
6.195592260628874101e+03
6.212987350819283165e+03
6.230339492355633411e+03
6.247651900279636720e+03
6.264995449549387558e+03
6.282400127729753876e+03
6.299750179649621714e+03
6.317057648884064292e+03
6.334403109847272390e+03
6.351806771205045152e+03
6.369155796860165538e+03
6.386471220325525792e+03
6.403818850320691126e+03
6.421210238600500816e+03
6.438569159292850600e+03
6.455900879841723508e+03
6.473243155770522208e+03
6.490614457359774860e+03
6.507990967304525839e+03
6.525337909763928110e+03
6.542665604462440569e+03
6.560018424223380862e+03
6.577413093265362477e+03
6.594765531380837274e+03
6.612078397236156889e+03
6.629421420316541116e+03
6.646825936574361549e+03
6.664176221711722974e+03
6.681483939116594229e+03
6.698828936366243397e+03
6.716232418709385456e+03
6.733581913565571085e+03
6.750897034095098206e+03
6.768244358423780795e+03
6.785636184451789632e+03
6.802994994202266753e+03
6.820326344277547832e+03
6.837668624952607388e+03
6.855039860281116489e+03
6.872416258578019551e+03
6.889762870342556198e+03
6.907090412806372115e+03
6.924442975201483932e+03
6.941837522805952176e+03
6.959190004341704480e+03
6.976502465867630235e+03
6.993845496183637806e+03
7.011250002472586857e+03
7.028600197366064094e+03
7.045907720945111578e+03
7.063252588646722870e+03
7.080655878928275342e+03
7.098004929854841976e+03
7.115320402389373157e+03
7.132667708842700449e+03
7.150058840389613579e+03
7.167417642709324355e+03
7.184749357894677814e+03
7.202091307671720642e+03
7.219461849506707040e+03
7.236838752476803165e+03
7.254185342321101416e+03
7.271512089136319446e+03
7.288864300600313072e+03
7.306259560010696077e+03
7.323610691298129495e+03
7.340923138931702852e+03
7.358266591038633123e+03
7.375671022227033973e+03
7.393020090841103411e+03
7.410327302898163907e+03
7.427673156519525037e+03
7.445076095556131804e+03
7.462423692343292714e+03
7.479739986193144432e+03
7.497088342314116744e+03
7.514477759617208903e+03
7.531836896015357524e+03
7.549169068975521441e+03
7.566509967686947675e+03
7.583878568138488845e+03
7.601256798687798437e+03
7.618603651166351483e+03
7.635928462787893295e+03
7.653280133987249428e+03
7.670676943656969343e+03
7.688026116937134248e+03
7.705336683921446820e+03
7.722682746812809455e+03
7.740087196586542632e+03
7.757433731322489621e+03
7.774740309484200225e+03
7.792089357163864406e+03
7.809491418504297144e+03
7.826837385731276299e+03
7.844155563778195756e+03
7.861505658689834490e+03
7.878891680432407156e+03
7.896252131864870535e+03
7.913586293329646651e+03
7.930926235285867733e+03
7.948293582398611761e+03
7.965673180786200646e+03
7.983019238208231400e+03
8.000342524906818653e+03
8.017693875579914675e+03
8.035092456186948766e+03
8.052438377294318343e+03
8.069746209791199362e+03
8.087095855677840518e+03
8.104499851430908166e+03
8.121842478878521433e+03
8.139150201793563610e+03
8.156502457881999362e+03
8.173902290102252664e+03
8.191247249828973509e+03
8.208567502749481719e+03
8.225918921793256231e+03
8.243301856489513739e+03
8.260663823163775305e+03
8.277999958394362693e+03
8.295337181629070983e+03
8.312702250730333617e+03
8.330085774726514501e+03
8.347429533304180950e+03
8.364749521728070249e+03
8.382102576237397443e+03
8.399502733328565228e+03
8.416844076571647747e+03
8.434151869061408433e+03
8.451505890009138966e+03
8.468909643550701730e+03
8.486247311967395945e+03
8.503557507161278409e+03
8.520913437372306362e+03
8.538309456959586896e+03
8.555655447976845608e+03
8.572978449150055894e+03
8.590329595314582548e+03
8.607708156682154367e+03
8.625073287664019517e+03
8.642411281702916312e+03
8.659746236331002365e+03
8.677109370154850694e+03
8.694497551032834963e+03
8.711837816068597022e+03
8.729154407951227768e+03
8.746511358065494278e+03
8.763912069582031108e+03
8.781249181363582466e+03
8.798554614231621599e+03
8.815914193154267195e+03
8.833316974426556044e+03
8.850651618063753631e+03
8.867964181626593927e+03
8.885324822258426138e+03
8.902716124084505282e+03
8.920063626697605287e+03
8.937390545457208646e+03
8.954740753447718816e+03
8.972116980112785313e+03
8.989484727462742740e+03
9.006822841015773520e+03
9.024155334328439494e+03
9.041517769497839254e+03
9.058908499881845273e+03
9.076245810835978773e+03
9.093558819781777856e+03
9.110920326074046898e+03
9.128320743388903793e+03
9.145652668478654959e+03
9.162960427672605874e+03
9.180323145265534549e+03
9.197722544227275648e+03
9.215055718790001265e+03
9.232371379358766717e+03
9.249734178996193805e+03
9.267120412402367947e+03
9.284469576537569083e+03
9.301799829511899588e+03
9.319147690515837894e+03
9.336520046616045875e+03
9.353893940664282127e+03
9.371228245868795057e+03
9.388555747933954990e+03
9.405921319963244969e+03
9.423313100352323090e+03
9.440644580863503506e+03
9.457954155460569382e+03
9.475321538430242072e+03
9.492720632693022708e+03
9.510045434953754011e+03
9.527355539468862844e+03
9.544726514565307298e+03
9.562116105623052135e+03
9.579450565501301753e+03
9.596772122909558675e+03
9.614134291486199800e+03
9.631514871415762173e+03
9.648868816929307286e+03
9.666200994066599378e+03
9.683544733016162354e+03
9.700915586460028862e+03
9.718294369292652846e+03
9.735624726640206063e+03
9.752946102717622125e+03
9.770318989329676697e+03
9.787710685799745988e+03
9.805033185481221153e+03
9.822344255957392306e+03
9.839720099491058136e+03
9.857112933503158274e+03
9.874435629914576566e+03
9.891751061690678398e+03
9.909125711082044290e+03
9.926509701975739517e+03
9.943847122762101208e+03
9.961174631099842372e+03
9.978534626673301318e+03
9.995910709254352696e+03
1.001327315336127504e+04
1.003060296460573591e+04
1.004794076001453868e+04
1.006531596579996040e+04
1.008269635624083094e+04
1.010002132759364395e+04
1.011733952505332854e+04
1.013471887002949916e+04
1.015210892679994868e+04
1.016942514731385381e+04
1.018673851406214089e+04
1.020412231324318782e+04
1.022150675620215588e+04
1.023882990602955397e+04
1.025615237730100853e+04
1.027352696645718970e+04
1.029090585541932705e+04
1.030824914245146283e+04
1.032557852768961311e+04
1.034293510261684605e+04
1.036031071100141344e+04
1.037767704037169278e+04
1.039500512647387222e+04
1.041233759741910399e+04
1.042971843039887972e+04
1.044709940881179864e+04
1.046441717303076439e+04
1.048173517752967928e+04
1.049912195363141836e+04
1.051650566014416472e+04
1.053381995326352262e+04
1.055113810277299854e+04
1.056852488759884727e+04
1.058590338723535388e+04
1.060322941397543036e+04
1.062055733999778749e+04
1.063793063299304595e+04
1.065530510729604066e+04
1.067265383992825082e+04
1.068998376700096742e+04
1.070733517325293724e+04
1.072471425324234951e+04
1.074208198466075737e+04
1.075940528798496962e+04
1.077673434985187305e+04
1.079412104098495183e+04
1.081150012447734844e+04
1.082881302918739311e+04
1.084613234446822389e+04
1.086352591713850779e+04
1.088090239210072468e+04
1.089821592568432607e+04
1.091554113988788231e+04
1.093292789070873187e+04
1.095030083705247671e+04
1.096763100355910683e+04
1.098496229702133496e+04
1.100233288227414960e+04
1.101970663711783163e+04
1.103705907891053357e+04
1.105438882371824911e+04
1.107173432642925036e+04
1.108911774168118063e+04
1.110648648504516677e+04
1.112380367345179911e+04
1.114113163751172760e+04
1.115852507916794093e+04
1.117589767422396108e+04
1.119320745067437383e+04
1.121053128399569323e+04
1.122792766102769747e+04
1.124529754560497895e+04
1.126261335944613165e+04
1.127994455909227327e+04
1.129733058292618443e+04
1.131469854825843868e+04
1.133203436432460876e+04
1.134936818754664273e+04
1.136673208284937573e+04
1.138410910087697266e+04
1.140146393274212460e+04
1.141878947864899601e+04
1.143613117780241555e+04
1.145352036966301966e+04
1.147088714736817201e+04
1.148819906948427342e+04
1.150552703592743819e+04
1.152292699735863607e+04
1.154029209806929430e+04
1.155759970155912924e+04
1.157493139871037783e+04
1.159232781898330359e+04
1.160969071089138197e+04
1.162701084828222884e+04
1.164434697198500362e+04
1.166172919895267842e+04
1.167909645395236294e+04
1.169643657028488087e+04
1.171377081921630815e+04
1.173112820253864993e+04
1.174850970064666035e+04
1.176586642881850821e+04
1.178318595794858265e+04
1.180052484921970245e+04
1.181792193748572390e+04
1.183527978793578222e+04
1.185258770444059701e+04
1.186992163033553334e+04
1.188732375891163974e+04
1.190468090222397041e+04
1.192198977089922482e+04
1.193932832032241276e+04
1.195672338984024464e+04
1.197408037635956862e+04
1.199140688683414191e+04
1.200874787628804188e+04
1.202612023684796077e+04
1.204349221043015496e+04
1.206083599023054558e+04
1.207816495625008065e+04
1.209551827728672288e+04
1.211290677903281539e+04
1.213025990050735345e+04
1.214757347275177381e+04
1.216491368835424146e+04
1.218231669659703221e+04
1.219966702703319970e+04
1.221697240660176431e+04
1.223431611890388740e+04
1.225171842180753447e+04
1.226906625538109256e+04
1.228638119753232422e+04
1.230372714605353940e+04
1.232111563943277542e+04
1.233847413558707922e+04
1.235580561182470410e+04
1.237314579363657322e+04
1.239051397947361329e+04
1.240789090057166322e+04
1.242523667805704827e+04
1.244255979624929023e+04
1.245991043260435436e+04
1.247730766288285304e+04
1.249465335128260631e+04
1.251196162378966255e+04
1.252930993786770523e+04
1.254671324205209385e+04
1.256405500616805148e+04
1.258136244737967718e+04
1.259871315294601663e+04
1.261611169510230684e+04
1.263345632532776835e+04
1.265077668988056030e+04
1.266812760235271708e+04
1.268550791291232963e+04
1.270287002862858026e+04
1.272020638274695011e+04
1.273754244810898854e+04
1.275490576826221150e+04
1.277229094934918976e+04
1.278963059359651015e+04
1.280694793887115884e+04
1.282430304364900985e+04
1.284170297354924696e+04
1.285904034501653223e+04
1.287634591561998604e+04
1.289370271289020275e+04
1.291110472239532101e+04
1.292843838045068151e+04
1.294575074671977200e+04
1.296311071945532785e+04
1.298049842598571195e+04
1.299784616869110505e+04
1.301517322738789517e+04
1.303252212933705232e+04
1.304989665936394886e+04
1.306726534637131408e+04
1.308460159516695603e+04
1.310193155268311966e+04
1.311929452167544696e+04
1.313668525622307061e+04
1.315401857647213365e+04
1.317132958329254689e+04
1.318869405562822794e+04
1.320609321494645519e+04
1.322341971105048287e+04
1.324072850063914302e+04
1.325809604229952674e+04
1.327548870224343409e+04
1.329282218687682507e+04
1.331014117795909442e+04
1.332750345970363742e+04
1.334488511768307217e+04
1.336223672691737738e+04
1.337956855756535151e+04
1.339691312931476932e+04
1.341428356310468735e+04
1.343166160961688911e+04
1.344899212101511876e+04
1.346631328577711065e+04
1.348368492113937282e+04
1.350107644114868162e+04
1.351839965258505254e+04
1.353571048340762354e+04
1.355308392469104729e+04
1.357047675383524256e+04
1.358779942034606574e+04
1.360511427750964322e+04
1.362248856725083533e+04
1.363987239008315373e+04
1.365720837543876041e+04
1.367453560831893628e+04
1.369189470274509222e+04
1.370926953639015301e+04
1.372663202001151876e+04
1.374396064721359107e+04
1.376129642995943505e+04
1.377867284722269142e+04
1.379605289409460966e+04
1.381337574529055928e+04
1.383069341510211052e+04
1.384807245285308090e+04
1.386545974746979118e+04
1.388277429365135322e+04
1.390008902461961952e+04
1.391747429117223146e+04
1.393485436842679701e+04
1.395217790599279033e+04
1.396950355721170490e+04
1.398687668382006814e+04
1.400425233935237156e+04
1.402159899243602558e+04
1.403892682052560849e+04
1.405627945767768688e+04
1.407365699604023393e+04
1.409102386609504538e+04
1.410834791605077771e+04
1.412567682336004509e+04
1.414305972236421076e+04
1.416043784732858694e+04
1.417775009919413787e+04
1.419506867964388948e+04
1.421246175147702161e+04
1.422983591360922583e+04
1.424714935674306980e+04
1.426447505254249518e+04
1.428186103711956457e+04
1.429923230155865531e+04
1.431656341996867923e+04
1.433389350745732372e+04
1.435126146025715934e+04
1.436863554603733610e+04
1.438598855403214839e+04
1.440331658171435993e+04
1.442065884396653018e+04
1.443804396319913576e+04
1.445541174929662157e+04
1.447272531560416974e+04
1.449005239863137103e+04
1.450744961468230213e+04
1.452481499387751137e+04
1.454212284172859654e+04
1.455945156566144033e+04
1.457684748263186157e+04
1.459421175280960961e+04
1.461153013051448033e+04
1.462886370771937254e+04
1.464624625252012265e+04
1.466361271201057389e+04
1.468095239685056731e+04
1.469828612995545700e+04
1.471564222950917974e+04
1.473302324705848514e+04
1.475037979570513198e+04
1.476769869103290694e+04
1.478503780429553080e+04
1.480243458180974631e+04
1.481979210451973995e+04
1.483709975424242657e+04
1.485443351096489278e+04
1.487183519069166505e+04
1.488919146680835183e+04
1.490650031367378506e+04
1.492383875508809433e+04
1.494123271875777755e+04
1.495858900614367485e+04
1.497591595629012954e+04
1.499325698634416403e+04
1.501062747105034941e+04
1.502799993739838465e+04
1.504534427771102128e+04
1.506267152136801269e+04
1.508002380794315104e+04
1.509741414928522317e+04
1.511476354533760423e+04
1.513207547986364807e+04
1.514941706455327039e+04
1.516681989861252441e+04
1.518416702742338020e+04
1.520147140289192248e+04
1.521881726636042004e+04
1.523621810981505405e+04
1.525356301730301311e+04
1.527088006020112334e+04
1.528822898601927227e+04
1.530561130572982438e+04
1.532297174016535791e+04
1.534030554376156942e+04
1.535764261830065334e+04
1.537500788371098679e+04
1.539238801556823091e+04
1.540973054627893362e+04
1.542704966676596814e+04
1.544440135098221072e+04
1.546180044214979716e+04
1.547913996076664625e+04
1.549644364662257794e+04
1.551379859215751276e+04
1.553120079218766477e+04
1.554853492221426495e+04
1.556584602054851712e+04
1.558320392277004066e+04
1.560059311416212768e+04
1.561793980972394456e+04
1.563526531380042434e+04
1.565261409088997425e+04
1.566998902852471292e+04
1.568735634074641712e+04
1.570469263589342881e+04
1.572202278979606490e+04
1.573938495917724504e+04
1.575677531845904014e+04
1.577410883236755399e+04
1.579141776090245912e+04
1.580878214413030764e+04
1.582618057561070054e+04
1.584350633478424970e+04
1.586081526721355112e+04
1.587818243229111067e+04
1.589557310425933065e+04
1.591290621123306482e+04
1.593022593354259334e+04
1.594758770044115226e+04
1.596496838738004226e+04
1.598232107867267041e+04
1.599965218517454196e+04
1.601699543974199332e+04
1.603436568509969584e+04
1.605174392235900814e+04
1.606907320328000242e+04
1.608639198255564770e+04
1.610376528720380520e+04
1.612115590336364039e+04
1.613847557274712381e+04
1.615578652283080737e+04
1.617316351093336925e+04
1.619055047210530392e+04
1.620787302124337293e+04
1.622519074987482600e+04
1.624256489163861625e+04
1.625994568882970634e+04
1.627728386573181706e+04
1.629461189212418867e+04
1.631196939157571978e+04
1.632934388958421550e+04
1.634670855917340305e+04
1.636403650339446176e+04
1.638136764759229482e+04
1.639874701181027194e+04
1.641612682330744428e+04
1.643344472621328168e+04
1.645076222672126096e+04
1.646814625811392762e+04
1.648552591612378819e+04
1.650283931684662457e+04
1.652015825890221095e+04
1.653754402454558658e+04
1.655492002518339359e+04
1.657224543486922630e+04
1.658957356023208558e+04
1.660694461446020796e+04
1.662431736629570514e+04
1.664166787241268321e+04
1.665899715290119275e+04
1.667634173697059305e+04
1.669372362147876265e+04
1.671109083002898842e+04
1.672840787024275414e+04
1.674573501353916436e+04
1.676312545098589544e+04
1.678049496412311419e+04
1.679780375367055240e+04
1.681512747531685091e+04
1.683252248185496865e+04
1.684988971447588119e+04
1.686720475878612706e+04
1.688453635256807320e+04
1.690191983030624033e+04
1.691928579420832830e+04
1.693662350455830892e+04
1.695395701069931965e+04
1.697131408010232553e+04
1.698869360270792822e+04
1.700604934075559868e+04
1.702336876584601850e+04
1.704070754283049973e+04
1.705810146906120644e+04
1.707545923985131958e+04
1.709276724170082161e+04
1.711009980201557482e+04
1.712750095613021767e+04
1.714485726600497946e+04
1.716216525435502263e+04
1.717950318855963997e+04
1.719689688782395388e+04
1.721425271453825553e+04
1.723157932835197062e+04
1.724891953426853797e+04
1.726628879328967741e+04
1.728366140908213856e+04
1.730100552856917056e+04
1.731833178668165783e+04
1.733568360080591447e+04
1.735307465228969522e+04
