0.000000000000000000e+00
1.732275572432265420e+01
3.471935652226423485e+01
5.205281010837550326e+01
6.940909629841272022e+01
8.688806178364950483e+01
1.042364034005284736e+02
1.216454498251893881e+02
1.390359699383446923e+02
1.563911678530102449e+02
1.737293450793952161e+02
1.911416416587467211e+02
2.084455296308820493e+02
2.259357080847345856e+02
2.432837897773540590e+02
2.605763933047897467e+02
2.777414429633918189e+02
2.950161760685406307e+02
3.122952056742550440e+02
3.294452753971889933e+02
3.466782765261822306e+02
3.639117630553444087e+02
3.811203582558264884e+02
3.983076881241375986e+02
4.155296614573753686e+02
4.327828430450317683e+02
4.500712648599926524e+02
4.671974827315838183e+02
4.844805604295515877e+02
5.017611170121570581e+02
5.189951905527907456e+02
5.361695086742234935e+02
5.533870824391625547e+02
5.706842908074895604e+02
5.880656915111516128e+02
6.054107838652323608e+02
6.227326766901949213e+02
6.400039896106461583e+02
6.571935604595589666e+02
6.743588327276913788e+02
6.915814539368504938e+02
7.089029331785441173e+02
7.260748312615633040e+02
7.432656540629027404e+02
7.606305919546715586e+02
7.780282123979650351e+02
7.952854432274041301e+02
8.126763394025092566e+02
8.301197284475758806e+02
8.474262507403961990e+02
8.648372165416255939e+02
8.822379595397932235e+02
8.995245922876563327e+02
9.168248673598241112e+02
9.340415969153966671e+02
9.511954640592055057e+02
9.684450663147524665e+02
9.856932521246494616e+02
1.002989548864843073e+03
1.020287026714119747e+03
1.037652444144409856e+03
1.055089468709257062e+03
1.072370592136763889e+03
1.089498729854762587e+03
1.106752081150727463e+03
1.124039848270215316e+03
1.141374948504297663e+03
1.158724865726489952e+03
1.176102111207191001e+03
1.193454172371729328e+03
1.210668749075709457e+03
1.227817614176037068e+03
1.245094731276848051e+03
1.262533185953240263e+03
1.279935176126750321e+03
1.297243952060570791e+03
1.314593043022327265e+03
1.332012724778607208e+03
1.349401163698128585e+03
1.366732378558649543e+03
1.384074168245713281e+03
1.401461049579326300e+03
1.418853897718605140e+03
1.436204800363595496e+03
1.453566890652660277e+03
1.470910054680704206e+03
1.488326056904149937e+03
1.505700405606491813e+03
1.523050170002594768e+03
1.540405166827900302e+03
1.557854301659418525e+03
1.575250045288824140e+03
1.592542917795422909e+03
1.609881830941826593e+03
1.627320708240824160e+03
1.644676169589836945e+03
1.661931011114197190e+03
1.679091871233231814e+03
1.696321497060203001e+03
1.713689614179900673e+03
1.731060720786312686e+03
1.748390080439608937e+03
1.765562082674707653e+03
1.782849016767391731e+03
1.800173976337979866e+03
1.817535051413319934e+03
1.834760525840099945e+03
1.852051406746491239e+03
1.869400488915386632e+03
1.886659834638554230e+03
1.903903174483619296e+03
1.921307211318939380e+03
1.938544554617584936e+03
1.955739764429935349e+03
1.973172019208291658e+03
1.990490809785710098e+03
2.007656325835729604e+03
2.024903942098958396e+03
2.042331384541771058e+03
2.059735294981597690e+03
2.077039427433544461e+03
2.094363410237594053e+03
2.111757518726686612e+03
2.129179302907083638e+03
2.146532405918126187e+03
2.163834083287582416e+03
2.181135040570470665e+03
2.198573541894494610e+03
2.215996708049464814e+03
2.233245582258149625e+03
2.250420891771995684e+03
2.267656441506168449e+03
2.285050132788347128e+03
2.302378362866025782e+03
2.319725481996597409e+03
2.337083286975939700e+03
2.354444543423633604e+03
2.371790121330285729e+03
2.389154218579636108e+03
2.406525167645811962e+03
2.423716023792138003e+03
2.440898507148540830e+03
2.458143505673604068e+03
2.475545768468804454e+03
2.492972718028028794e+03
2.510312793148350465e+03
2.527645048880667218e+03
2.545051876920207178e+03
2.562459577604160586e+03
2.579821604614217904e+03
2.597178169677807091e+03
2.614547572401123944e+03
2.631949370325704876e+03
2.649304715002967441e+03
2.666635805524799252e+03
2.683975398153897913e+03
2.701371900328435004e+03
2.718754268662118193e+03
2.736117206244727640e+03
2.753449376427326570e+03
2.770841381184450256e+03
2.788246260351052115e+03
2.805589105530290908e+03
2.822908701725360515e+03
2.840289224609609846e+03
2.857687398737682997e+03
2.875009921450683123e+03
2.892350719188578296e+03
2.909700643343504453e+03
2.927075151608285523e+03
2.944441885634430037e+03
2.961752382841820690e+03
2.979097448590305248e+03
2.996487150622888748e+03
3.013830008585723590e+03
3.031144358165211997e+03
3.048488208632628357e+03
3.065869782999760446e+03
3.083219628161897617e+03
3.100536726549678860e+03
3.117855861926705074e+03
3.135231191091782421e+03
3.152620825362731011e+03
3.169935621878473285e+03
3.187253177739541115e+03
3.204635704180147059e+03
3.222026375335046396e+03
3.239369517629965230e+03
3.256710774675026187e+03
3.274072903078809759e+03
3.291450370916024440e+03
3.308827837594981247e+03
3.326146909408494139e+03
3.343503790216444031e+03
3.360915476183897681e+03
3.378300039671610648e+03
3.395615576619100921e+03
3.412967052886558122e+03
3.430363309941921671e+03
3.447745454564235388e+03
3.465084716723814381e+03
3.482429407721597272e+03
3.499824051300134670e+03
3.517216323477087826e+03
3.534567643877890077e+03
3.551908122518555501e+03
3.569287709242757956e+03
3.586680811822736359e+03
3.604035160147082479e+03
3.621352841623402128e+03
3.638709797369629541e+03
3.656114683100095590e+03
3.673503335653510476e+03
3.690813238086967431e+03
3.708171255598792868e+03
3.725573843088995545e+03
3.742950237017520521e+03
3.760283385161279966e+03
3.777627749172424046e+03
3.795014269759724357e+03
3.812396338535361338e+03
3.829741600601238133e+03
3.847047381248681631e+03
3.864416860322349748e+03
3.881817784216646942e+03
3.899137361231799332e+03
3.916471491110458373e+03
3.933820416351506992e+03
3.951207270941632487e+03
3.968552038166922102e+03
3.985868773472399880e+03
4.003212254880447290e+03
4.020575797721641720e+03
4.037925346863735740e+03
4.055228728901895920e+03
4.072569001595471946e+03
4.089963028277470585e+03
4.107296537936792447e+03
4.124625047054476454e+03
4.141952812168965465e+03
4.159311230648291712e+03
4.176703881135922529e+03
4.194020912917831993e+03
4.211331631663529151e+03
4.228705426620444996e+03
4.246077204674313180e+03
4.263407100862547850e+03
4.280731190815986338e+03
4.298093513041439110e+03
4.315475575436505096e+03
4.332801588247632935e+03
4.350100709762127735e+03
4.367450683288554501e+03
4.384854483953063209e+03
4.402193849795845381e+03
4.419503272600365563e+03
4.436860336098879998e+03
4.454240729940627716e+03
4.471618468646605834e+03
4.488947234783555359e+03
4.506293251955390588e+03
4.523674701032166922e+03
4.541057356688667824e+03
4.558383083656903182e+03
4.575709086545348327e+03
4.593094612500328367e+03
4.610493997667985241e+03
4.627823994333577502e+03
4.645156821609931285e+03
4.662533005912053341e+03
4.679910365751486097e+03
4.697287214962174403e+03
4.714610019468655992e+03
4.731965084988907620e+03
4.749385738402796051e+03
4.766750680431179717e+03
4.784062962380228782e+03
4.801414813606283133e+03
4.818833030568070171e+03
4.836206337129900930e+03
4.853565078913786238e+03
4.870917603066009178e+03
4.888330026655330585e+03
4.905683610534953004e+03
4.923058422898814570e+03
4.940404513621195292e+03
4.957815896152747882e+03
4.975197348774146121e+03
4.992551439048196698e+03
5.009883965490304945e+03
5.027251557287973810e+03
5.044647406950280129e+03
5.062040279439317601e+03
5.079369902960768741e+03
5.096718672236815109e+03
5.114147950550915994e+03
5.131545628620242496e+03
5.148874446340754730e+03
5.166213948230819369e+03
5.183622049477595283e+03
5.201007892111653746e+03
5.218341365572536233e+03
5.235672220893328813e+03
5.253056755338540825e+03
5.270464620858758281e+03
5.287817291951627340e+03
5.305146488179909284e+03
5.322525591533800252e+03
5.339915382979445894e+03
5.357269231878165556e+03
5.374583736488444629e+03
5.391921083088518571e+03
5.409327124035522502e+03
5.426669340237634060e+03
5.443969910985624665e+03
5.461301776293257717e+03
5.478687762312817540e+03
5.496060223999515074e+03
5.513385000413087255e+03
5.530705406815483002e+03
5.548081766242088634e+03
5.565467034524450355e+03
5.582793489120811500e+03
5.600113264666371833e+03
5.617488618981741638e+03
5.634863028528814539e+03
5.652212646857504296e+03
5.669538336299295224e+03
5.686906158620950009e+03
5.704290379551606748e+03
5.721653328795842754e+03
5.738983466022353241e+03
5.756329638360915851e+03
5.773748900647271512e+03
5.791151592553032970e+03
5.808494974788780382e+03
5.825828574121851489e+03
5.843266037396122556e+03
5.860682912730151656e+03
5.878030594444893723e+03
5.895360307538714551e+03
5.912778424075182556e+03
5.930185319211312162e+03
5.947532215081311733e+03
5.964858641807553795e+03
5.982239830037395222e+03
5.999639055596202525e+03
6.017009236187652277e+03
6.034343790808032281e+03
6.051712103760455648e+03
6.069087425380803325e+03
6.086483834624317751e+03
6.103827055027113602e+03
6.121196544281774550e+03
6.138577076348312403e+03
6.155972313228072380e+03
6.173323580353257057e+03
6.190656255040894393e+03
6.208051212756196037e+03
6.225480366609122939e+03
6.242851884627022628e+03
6.260188461446772635e+03
6.277522357941413247e+03
6.294906207777545205e+03
6.312280527718559824e+03
6.329615585356134034e+03
6.347000148042088767e+03
6.364398969160752131e+03
6.381771328439544959e+03
6.399101037834796443e+03
6.416449776698154892e+03
6.433838049103844241e+03
6.451233384246366768e+03
6.468580998094532333e+03
6.485933804972927646e+03
6.503316978899712922e+03
6.520708714689126282e+03
6.538063614610641707e+03
6.555381202692446095e+03
6.572757563799419586e+03
6.590192882222755543e+03
6.607571886290921611e+03
6.624884783400981178e+03
6.642269724875427528e+03
6.659707537536734890e+03
6.677093540188196130e+03
6.694438960924661842e+03
6.711802790251960687e+03
6.729219165564166360e+03
6.746611679093586645e+03
6.763974250770941580e+03
6.781297309863594819e+03
6.798682178497085260e+03
6.816072320451267842e+03
6.833399683000230652e+03
6.850751203447206535e+03
6.868125461370939774e+03
6.885533769510811908e+03
6.902911072409488952e+03
6.920259659926527092e+03
6.937607068788616743e+03
6.955035649997530527e+03
6.972419092998886299e+03
6.989696005604830134e+03
7.006936430903915607e+03
7.024189234123903589e+03
7.041445894065831453e+03
7.058661333700538307e+03
7.075884899727772790e+03
7.093208334559762079e+03
7.110427410452732147e+03
7.127667752258824294e+03
7.144846706960050142e+03
7.162087924896217373e+03
7.179340851071407997e+03
7.196533523686759509e+03
7.213768809225862242e+03
7.231061746241804940e+03
7.248309268569852975e+03
7.265726874455502184e+03
7.283244486131544363e+03
7.300832070924912841e+03
7.318291358604146808e+03
7.335548044792292785e+03
7.352932918560978578e+03
7.370481041082688535e+03
7.387988120699332285e+03
7.405427188284875228e+03
7.422584704459546629e+03
7.440052066347651817e+03
7.457597504546398341e+03
7.475082083433711887e+03
7.492547365438765155e+03
7.509866035129989541e+03
7.527165205151881310e+03
7.544403923548641615e+03
7.561602977602404280e+03
7.578763465611204083e+03
7.595967859398357177e+03
7.613226780594260163e+03
7.630445166962261283e+03
7.647592197784873861e+03
7.664842507850649781e+03
7.682108442315673528e+03
7.699336836597165529e+03
7.716508572431872381e+03
7.733767784605804081e+03
7.750974685270249211e+03
7.768285216181126088e+03
7.785664118071797930e+03
7.803078490183885151e+03
7.820460227536113962e+03
7.837791890693197274e+03
7.855127903912649344e+03
7.872519533501506885e+03
7.889892927058508576e+03
7.907236309086669280e+03
7.924573096482356050e+03
7.941959211382010835e+03
7.959363850883484702e+03
7.976691039384910255e+03
7.994020700788369140e+03
8.011394146949804963e+03
8.028790996564441230e+03
8.046122203611358600e+03
8.063458503652051149e+03
8.080809297656804119e+03
8.098180505358968730e+03
8.115555022166519848e+03
8.132867240220687563e+03
8.150215971898236603e+03
8.167611615495736260e+03
8.184963270650494451e+03
8.202280832923330308e+03
8.219623701421318401e+03
8.237003895393496350e+03
8.254359828228498372e+03
8.271681428560901622e+03
8.288992289892015833e+03
8.306366331496878047e+03
8.323757397280154692e+03
8.341072906716352009e+03
8.358386283832909612e+03
8.375756000132623740e+03
8.393135206451233898e+03
8.410477237920524203e+03
8.427806859702359361e+03
8.445159674690774409e+03
8.462546224722998886e+03
8.479920114996262782e+03
8.497231911021634005e+03
8.514591407864476423e+03
8.532008430386362306e+03
8.549372397444940361e+03
8.566682867636678566e+03
8.584032775249830593e+03
8.601420193653275419e+03
8.618778546621182613e+03
8.636118363438376036e+03
8.653427445197679845e+03
8.670797892759981551e+03
8.688190698818641977e+03
8.705501388785902236e+03
8.722815097344964670e+03
8.740175194956442283e+03
8.757539069792208466e+03
8.774875689782760674e+03
8.792195964069267575e+03
8.809551467783265252e+03
8.826925912103139126e+03
8.844266230653352977e+03
8.861572430072677889e+03
8.878917111863338505e+03
8.896314610319377607e+03
8.913653710954065900e+03
8.930976591133467082e+03
8.948324164252206174e+03
8.965682157781280694e+03
8.983065328208307619e+03
9.000382457193800292e+03
9.017706009608536988e+03
9.035092547073685637e+03
9.052461269727937179e+03
9.069780296922799607e+03
9.087110857183626649e+03
9.104484255639948969e+03
9.121860018580253382e+03
9.139189486553812458e+03
9.156490687340919976e+03
9.173846568436672896e+03
9.191251289234125579e+03
9.208578946727933726e+03
9.225890092346511665e+03
9.243248443831882469e+03
9.260624624448060786e+03
9.277987139840752207e+03
9.295309328381103114e+03
9.312655338083714014e+03
9.330039792493862478e+03
9.347411070902726351e+03
9.364729129895393271e+03
9.382068894872132660e+03
9.399469288941743798e+03
9.416865912598936120e+03
9.434183659904014348e+03
9.451515541797047263e+03
9.468898844062914577e+03
9.486271219576101430e+03
9.503633380581983147e+03
9.520948975320367026e+03
9.538302116932014542e+03
9.555727313240206058e+03
9.573052545353475580e+03
9.590393274738948094e+03
9.607759510420281003e+03
9.625190223199459069e+03
9.642531310887059590e+03
9.659890225092451146e+03
9.677243467447424337e+03
9.694650431131572986e+03
9.712012081553613825e+03
9.729347193378864176e+03
9.746690514263698788e+03
9.764068966404945968e+03
9.781465313979624625e+03
9.798818125812915241e+03
9.816174123202836199e+03
9.833525348235569254e+03
9.850958988973507076e+03
9.868316699940516628e+03
9.885654227129936771e+03
9.902999894511685852e+03
9.920444846679554757e+03
9.937783335898253426e+03
9.955127115020171914e+03
9.972494407619356934e+03
9.989924038484661651e+03
1.000728163613709694e+04
1.002462964813039252e+04
1.004198068113666886e+04
1.005937773950181509e+04
1.007675472448135406e+04
1.009410317227577252e+04
1.011144241899444387e+04
1.012881491384707988e+04
1.014622280464460164e+04
1.016360548867494435e+04
1.018095163210162718e+04
1.019831003753257392e+04
1.021574794702590953e+04
1.023312701825042495e+04
1.025045718498610222e+04
1.026780194182649211e+04
1.028524134352926922e+04
1.030264674192827988e+04
1.031997776958887334e+04
1.033732078902923240e+04
1.035474037448676245e+04
1.037213239578460343e+04
1.038946873323138789e+04
1.040680026846485453e+04
1.042418397740575165e+04
1.044158255591934721e+04
1.045894888699962030e+04
1.047628122646943484e+04
1.049366174581708583e+04
1.051107337183440904e+04
1.052843356921725172e+04
1.054576247043784679e+04
1.056311036161067568e+04
1.058050416583222432e+04
1.059790250038108206e+04
1.061523480207521425e+04
1.063256622116132712e+04
1.064998716798451642e+04
1.066738530582650674e+04
1.068471245073062528e+04
1.070203894911862699e+04
1.071942900853556057e+04
1.073680291218476123e+04
1.075416956734646374e+04
1.077150513497216525e+04
1.078888131427764165e+04
1.080627266522040009e+04
1.082364658911599327e+04
1.084096597790596024e+04
1.085831433742440277e+04
1.087570949915429082e+04
1.089309273191748434e+04
1.091042599300296388e+04
1.092774802538281619e+04
1.094516873610992843e+04
1.096254003659418959e+04
1.097986693131716675e+04
1.099718852231992423e+04
1.101457478533732501e+04
1.103195405451608531e+04
1.104928855069569909e+04
1.106662398147700878e+04
1.108397279503403297e+04
1.110138536561177534e+04
1.111874039217269819e+04
1.113605953388318085e+04
1.115345176882703163e+04
1.117087458561633139e+04
1.118824487581959875e+04
1.120560156038635978e+04
1.122294294566520693e+04
1.124034617131601408e+04
1.125772120040790469e+04
1.127503288891525153e+04
1.129238050005529112e+04
1.130977338392119782e+04
1.132716372757996578e+04
1.134450841050539748e+04
1.136187689352642337e+04
1.137923551959447104e+04
1.139663993758291326e+04
1.141400335326348795e+04
1.143133366722509527e+04
1.144869401049987391e+04
1.146612722752660193e+04
1.148350953565088275e+04
1.150084881926737580e+04
1.151817360651584386e+04
1.153559867031364411e+04
1.155298699942606254e+04
1.157034842014711649e+04
1.158768718063747656e+04
1.160508444566358048e+04
1.162247062349481530e+04
1.163978987284627328e+04
1.165713293308406355e+04
1.167451925237422438e+04
1.169192237243223281e+04
1.170928087228307595e+04
1.172662743553770815e+04
1.174399697450135864e+04
1.176142683438379026e+04
1.177878141320655777e+04
1.179596081640344710e+04
1.181314124146923132e+04
1.183054686974675678e+04
1.184792993757037038e+04
1.186508420797700637e+04
1.188235141438992650e+04
1.189978720012006306e+04
1.191698983106723972e+04
1.193427059469910819e+04
1.195159827039435913e+04
1.196885507737409716e+04
1.198623570237053900e+04
1.200350875312735661e+04
1.202070918531592179e+04
1.203807346566040178e+04
1.205541421546781930e+04
1.207260417946048801e+04
1.208993396813618892e+04
1.210726802962040165e+04
1.212450655008475587e+04
1.214183932216831454e+04
1.215912214916384983e+04
1.217633380471440978e+04
1.219372095875945524e+04
1.221104922333314971e+04
1.222833207836143993e+04
1.224554540914017707e+04
1.226280834933999722e+04
1.228016189837100319e+04
1.229753790782891156e+04
1.231491789401412098e+04
1.233229165188093975e+04
1.234966611332348111e+04
1.236702622976925704e+04
1.238430789475521851e+04
1.240150091424188577e+04
1.241875374394287428e+04
1.243608654747897162e+04
1.245348989221397096e+04
1.247069608122495993e+04
1.248800869958946168e+04
1.250534002914575467e+04
1.252252852359012104e+04
1.253991603522788500e+04
1.255724853293181150e+04
1.257440922366795712e+04
1.259175953594855855e+04
1.260917551801642549e+04
1.262635340764811917e+04
1.264353054738156425e+04
1.266093602372690657e+04
1.267837923112772296e+04
1.269565698804527710e+04
1.271283618524907070e+04
1.273001494422171891e+04
1.274736543422236900e+04
1.276476582993755801e+04
1.278208755969448976e+04
1.279926567420839274e+04
1.281654934365325607e+04
1.283393661791524028e+04
1.285121601937297601e+04
1.286837649806262561e+04
1.288578034651095004e+04
1.290314853548575775e+04
1.292033798089116135e+04
1.293755837595160847e+04
1.295498817475718897e+04
1.297235733320206782e+04
1.298963951811291736e+04
1.300685391733435245e+04
1.302407755665964942e+04
1.304130944345617536e+04
1.305862568216574073e+04
1.307604219809139249e+04
1.309344116016331100e+04
1.311073652418102211e+04
1.312795757780164422e+04
1.314516352923986778e+04
1.316239703864306830e+04
1.317961782034652424e+04
1.319690521546504897e+04
1.321426502797802095e+04
1.323167924692696579e+04
1.324905404736587661e+04
1.326640915682798914e+04
1.328375718544667689e+04
1.330115548805911385e+04
1.331855199921602798e+04
1.333589406828555730e+04
1.335321831037682387e+04
1.337063356458501585e+04
1.338805017123716425e+04
1.340529903371952241e+04
1.342242837551360753e+04
1.343969219774858539e+04
1.345708911619764694e+04
1.347444790471815941e+04
1.349173254667577930e+04
1.350897544875030508e+04
1.352617252926175934e+04
1.354349411946815235e+04
1.356084518847825530e+04
1.357825545293391042e+04
1.359564000967990432e+04
1.361300038322280670e+04
1.363033383497249815e+04
1.364770642917895566e+04
1.366511978487722263e+04
1.368251612960737111e+04
1.369985997370178120e+04
1.371722084751967304e+04
1.373446007355562506e+04
1.375164856109985521e+04
1.376879372507533117e+04
1.378604603592513558e+04
1.380333307995627911e+04
1.382073774152095939e+04
1.383789997282924196e+04
1.385538907121030570e+04
1.387295949120938167e+04
1.389049928093483504e+04
1.390796383596589658e+04
1.392513187837774785e+04
1.394259894664580497e+04
1.396007003732084013e+04
1.397748864210748070e+04
1.399472878960986418e+04
1.401212965642845847e+04
1.402960366190836430e+04
1.404695821807407629e+04
1.406421728551550223e+04
1.408159430339327628e+04
1.409902767232932092e+04
1.411637611006903535e+04
1.413372429710451797e+04
1.415108119928818269e+04
1.416845102144142220e+04
1.418597134907761574e+04
1.420323818572325035e+04
1.422057830079292216e+04
1.423796848870400936e+04
1.425534024679767754e+04
1.427275402290158308e+04
1.429015452717178414e+04
1.430738353070750236e+04
1.432484518646263314e+04
1.434235521296667866e+04
1.435951274444204319e+04
1.437691462921404673e+04
1.439441265162316085e+04
1.441167790272881757e+04
1.442906039219675768e+04
1.444642399324224425e+04
1.446387580343636364e+04
1.448122545608437395e+04
1.449858900319762142e+04
1.451604591828164484e+04
1.453335107436614271e+04
1.455087878007657127e+04
1.456820075038803043e+04
1.458553350377687093e+04
1.460289169087063055e+04
1.462029929388972596e+04
1.463767011813947465e+04
1.465501643043920922e+04
1.467233487644405250e+04
1.468974442076810556e+04
1.470716356255451683e+04
1.472453700141607987e+04
1.474181735148078587e+04
1.475928349442858416e+04
1.477671025439099867e+04
1.479408449529845348e+04
1.481130817695227779e+04
1.482878326315005870e+04
1.484617945575256090e+04
1.486340573819004567e+04
1.488063251321444477e+04
1.489789070437669579e+04
1.491516751543313512e+04
1.493262153177508299e+04
1.494994250581620872e+04
1.496729818123917357e+04
1.498467676224971729e+04
1.500201918592944639e+04
1.501939244033643990e+04
1.503678367905400410e+04
1.505437393474483542e+04
1.507192456515538288e+04
1.508934589333850636e+04
1.510676089366849192e+04
1.512412616388652532e+04
1.514146873050498471e+04
1.515867931844266423e+04
1.517592001785304819e+04
1.519319719389425154e+04
1.521052792410370603e+04
1.522773401969707993e+04
1.524486026704080359e+04
1.526216900537942820e+04
1.527939300658360844e+04
1.529660620185653170e+04
1.531380821328302045e+04
1.533101755164257702e+04
1.534829353641012858e+04
1.536563185261120998e+04
1.538299290248767647e+04
1.540038157218084052e+04
1.541774921560489020e+04
1.543509578745504768e+04
1.545244025678608705e+04
1.546983338323732823e+04
1.548722765221133886e+04
1.550460059468918371e+04
1.552192956696292822e+04
1.553928701501221803e+04
1.555668525046463765e+04
1.557409170384776553e+04
1.559143687448290802e+04
1.560878183118466950e+04
1.562621092367309029e+04
1.564361999521884354e+04
1.566097456228277406e+04
1.567832064950382119e+04
1.569568963018755312e+04
1.571307843561880873e+04
1.573044130512987431e+04
1.574778118758522396e+04
1.576516614944192406e+04
1.578256374005084581e+04
1.579992190477972690e+04
1.581724356750517472e+04
1.583460423599523710e+04
1.585201153115213674e+04
1.586938867897961609e+04
1.588672672658708325e+04
1.590408542273017883e+04
1.592147849111666983e+04
1.593886158478596917e+04
1.595620268625183598e+04
1.597352380175424332e+04
1.599091835779235407e+04
1.600833882680948045e+04
1.602568805486631754e+04
1.604300779936138861e+04
1.606040022850397145e+04
1.607779735347163660e+04
1.609514451826374352e+04
1.611247156398792504e+04
1.612982871680686367e+04
1.614721560935062371e+04
1.616458263323468054e+04
1.618190423163753258e+04
1.619924494433522341e+04
1.621663363314108938e+04
1.623401759887071603e+04
1.625135474402501495e+04
1.626867407117334369e+04
1.628608433600379067e+04
1.630346520802607847e+04
1.632079510348941585e+04
1.633811013235304927e+04
1.635548274975247296e+04
1.637286923979730091e+04
1.639020941816873528e+04
1.640752724058269814e+04
1.642487289804127795e+04
1.644227469842177743e+04
1.645963113024238555e+04
1.647693729846722999e+04
1.649429847972528660e+04
1.651167447126435945e+04
1.652902720105294429e+04
1.654635489700292601e+04
1.656369457106419941e+04
1.658107523481516546e+04
1.659844229175548026e+04
1.661576461209767149e+04
1.663308421216458009e+04
1.665047902048980905e+04
1.666785835112409404e+04
1.668518676937740020e+04
1.670250064945402482e+04
1.671985707276398171e+04
1.673724072807581979e+04
1.675458384763774666e+04
1.677189639202602120e+04
1.678923967642463685e+04
1.680662652881290705e+04
1.682396823047372163e+04
1.684127858123294573e+04
1.685864563833929060e+04
1.687601607120058907e+04
1.689336932608798816e+04
1.691070550069922683e+04
1.692802393055691573e+04
1.694542440292911851e+04
1.696279539681662209e+04
1.698009988342505676e+04
1.699745854543675159e+04
1.701485626852493078e+04
1.703224199036343271e+04
1.704956461149170354e+04
1.706690073527623463e+04
1.708425887103971036e+04
1.710164504530412160e+04
1.711899280399301642e+04
1.713631384303709638e+04
1.715366927374757870e+04
1.717105413935302931e+04
1.718839821181030129e+04
1.720570937585477805e+04
1.722307111733587590e+04
1.724044866050783457e+04
1.725778665913680743e+04
1.727511446604362573e+04
1.729243546074306141e+04
1.730982535421570719e+04
1.732720228093333208e+04
1.734449869365536142e+04
