0.000000000000000000e+00
1.739648569364834430e+01
3.469577172826410560e+01
5.198222309308701483e+01
6.936431675474165104e+01
8.677150863602696518e+01
1.040870715860273350e+02
1.213641919587207951e+02
1.387294370815703246e+02
1.561432652321058185e+02
1.734766833495441460e+02
1.907492405276092313e+02
2.080962692376423320e+02
2.255118771368123589e+02
2.428637982156371322e+02
2.601373082044647163e+02
2.774658128153845382e+02
2.948782178465675088e+02
3.122481782275447131e+02
3.295275681599639483e+02
3.468383094789286929e+02
3.642430818711089842e+02
3.816294168387111085e+02
3.989187893699368033e+02
4.162140464102612896e+02
4.336070363352953336e+02
4.510068961581836220e+02
4.683101226424544166e+02
4.855935622432709238e+02
5.029713610223990372e+02
5.203807970625165353e+02
5.377009464669689578e+02
5.549766470151045041e+02
5.723370245917014927e+02
5.897517227405194262e+02
6.070902098662679691e+02
6.243625700887641869e+02
6.417044272684648831e+02
6.591197210441466723e+02
6.764767159784771593e+02
6.937510336847005874e+02
7.110746501365058521e+02
7.284854549098558891e+02
7.458600582965464127e+02
7.631416574739139378e+02
7.804481841378820945e+02
7.978500345577508597e+02
8.152402479330962706e+02
8.325332680617761980e+02
8.498249499341898172e+02
8.672141160758438900e+02
8.846169573840932117e+02
9.019245783330186441e+02
9.192051984032698329e+02
9.365785555313897248e+02
9.539899789570010853e+02
9.713148148458749347e+02
9.885891483441608898e+02
1.005944653874174946e+03
1.023359932249536428e+03
1.040703377280847235e+03
1.057976077050336244e+03
1.075312865411229041e+03
1.092727392984932976e+03
1.110089334234876787e+03
1.127365119109333136e+03
1.144683753690266713e+03
1.162092665678671210e+03
1.179471818390449243e+03
1.196755840056357329e+03
1.214058181236953260e+03
1.231456929552189649e+03
1.248850865165846926e+03
1.266147548517727500e+03
1.283436098950523046e+03
1.300821153888806748e+03
1.318226638431178344e+03
1.335538931496349960e+03
1.352817283259272472e+03
1.370185968597048486e+03
1.387598949401492064e+03
1.404928733061907224e+03
1.422201849023665773e+03
1.439552439714299226e+03
1.456968044261672958e+03
1.474316415694543821e+03
1.491589581728280791e+03
1.508921489192055105e+03
1.526334862235095443e+03
1.543701547998860860e+03
1.560979382423633524e+03
1.578293261698761398e+03
1.595699902635942180e+03
1.613083379792773485e+03
1.630370335773389797e+03
1.647668421029454748e+03
1.665063888011784911e+03
1.682461390671127901e+03
1.699761800577619397e+03
1.717047356407872485e+03
1.734428173706227881e+03
1.751836042424166408e+03
1.769152961118300709e+03
1.786429643573516159e+03
1.803793448719870639e+03
1.821207556024211499e+03
1.838542466460542300e+03
1.855814886815672708e+03
1.873160409124658827e+03
1.890575950432748868e+03
1.907929357780781629e+03
1.925203064736769193e+03
1.942530149745083918e+03
1.959942101907508004e+03
1.977313432890039167e+03
1.994593469359798291e+03
2.011902963184430291e+03
2.029306901070270214e+03
2.046694394556465340e+03
2.063984820798423698e+03
2.081278965245939162e+03
2.098670878042803452e+03
2.116071654591627066e+03
2.133376122392846355e+03
2.150658695599096973e+03
2.168035201612668970e+03
2.185445253403890092e+03
2.202766761740753736e+03
2.220042061312578880e+03
2.237400998013973549e+03
2.254815905262521483e+03
2.272155865479240674e+03
2.289428284710984371e+03
2.306768646893745426e+03
2.324183758766957908e+03
2.341542221172243444e+03
2.358816899274135721e+03
2.376139053906727895e+03
2.393549331792258727e+03
2.410925271404584691e+03
2.428207554815417097e+03
2.445512869230044998e+03
2.462913836375193569e+03
2.480305146727007923e+03
2.497599256198851435e+03
2.514889970168879245e+03
2.532277956593841282e+03
2.549681592598111820e+03
2.566990574580102930e+03
2.584270465398059969e+03
2.601642473333203270e+03
2.619054384550165196e+03
2.636380640508316901e+03
2.653654595200093354e+03
2.671008661540483899e+03
2.688424058966426855e+03
2.705768947441082219e+03
2.723041779850716921e+03
2.740377126146510818e+03
2.757791351417524311e+03
2.775154707732979659e+03
2.792431049495286516e+03
2.809748262399729356e+03
2.827156551018495065e+03
2.844537005503783803e+03
2.861821830053469057e+03
2.879122914832315928e+03
2.896520723181273297e+03
2.913915725778851083e+03
2.931213487131466536e+03
2.948501155784498224e+03
2.965884989239949391e+03
2.983291186877366272e+03
3.000604849784227554e+03
3.017882657938631382e+03
3.035249914256708507e+03
3.052663256572298451e+03
3.069994541298555305e+03
3.087267386140329108e+03
3.104616501217014047e+03
3.122032115615857037e+03
3.139381957220121876e+03
3.156655258903365393e+03
3.173985756255990509e+03
3.191398740047071897e+03
3.208766801028545160e+03
3.226045289113348190e+03
3.243357845036596700e+03
3.260763724899508816e+03
3.278148405887859099e+03
3.295436327050255386e+03
3.312733224469402558e+03
3.330127686859273581e+03
3.347526206930722310e+03
3.364827756043491263e+03
3.382112447891175179e+03
3.399492020497661088e+03
3.416900547474843279e+03
3.434218800880506933e+03
3.451495061980188439e+03
3.468857435631486169e+03
3.486271814830901349e+03
3.503608214606292222e+03
3.520880577545103733e+03
3.538224558162914946e+03
3.555640027169811219e+03
3.572994921488526415e+03
3.590268853934423532e+03
3.607594500108066768e+03
3.625005997739246595e+03
3.642378679457131057e+03
3.659659370022764961e+03
3.676967634058971271e+03
3.694370708750328049e+03
3.711759331179541732e+03
3.729050842791724790e+03
3.746343921847217189e+03
3.763734718518341651e+03
3.781136368377763119e+03
3.798442125031922842e+03
3.815723858387310429e+03
3.833099073827858774e+03
3.850509713595713038e+03
3.867832574190310879e+03
3.885107480883099925e+03
3.902464985552378948e+03
3.919880055996659394e+03
3.937221455464318751e+03
3.954493981823040940e+03
3.971832855305919111e+03
3.989247749529998146e+03
4.006607681822324594e+03
4.023882784619978338e+03
4.041203469189885254e+03
4.058613200085456356e+03
4.075990488152841863e+03
4.093273470029596865e+03
4.110577525511873318e+03
4.127977582849883220e+03
4.145369985917843223e+03
4.162665168511301090e+03
4.179954977557529674e+03
4.197341755211223244e+03
4.214746153078119278e+03
4.232056502400309910e+03
4.249335711229649860e+03
4.266706348767801501e+03
4.284118730936808788e+03
4.301446428349883718e+03
4.318720001691319339e+03
4.336072639980387976e+03
4.353488129196695809e+03
4.370834441440092633e+03
4.388107404140649123e+03
4.405441331071599961e+03
4.422855217058194285e+03
4.440219952900050885e+03
4.457496897669252576e+03
4.474812723709697821e+03
4.492220341236970853e+03
4.509602058024383950e+03
4.526887740154495987e+03
4.544187583975503912e+03
4.561584437799312582e+03
4.578980491762437850e+03
4.596279338409471166e+03
4.613566148968115158e+03
4.630948742176697124e+03
4.648355644859289896e+03
4.665670660866097023e+03
4.682947971365264493e+03
4.700313795901710364e+03
4.717727484541612284e+03
4.735060269144314589e+03
4.752332910644212461e+03
4.769680550163639964e+03
4.787096156839741525e+03
4.804447462845129849e+03
4.821720909769598620e+03
4.839050005403605610e+03
4.856462570682841033e+03
4.873831976778242279e+03
4.891111098158686218e+03
4.908422384323000188e+03
4.925827478941367190e+03
4.943213330129696260e+03
4.960502261788300530e+03
4.977797998042117797e+03
4.995191419110125935e+03
5.012590886291296556e+03
5.029893612127823872e+03
5.047177404116773687e+03
5.064555707847967824e+03
5.081964872732741242e+03
5.099284456226874681e+03
5.116560330332031299e+03
5.133921285717735373e+03
5.151335891892504151e+03
5.168673781131179567e+03
5.185946144301691675e+03
5.203288627062488558e+03
5.220703960690969325e+03
5.238060341520707880e+03
5.255334534919933503e+03
5.272658740782114364e+03
5.290069746503022543e+03
5.307443777137881625e+03
5.324725109764424815e+03
5.342032149338518138e+03
5.359434365287157561e+03
5.376824102196524109e+03
5.394116703450768910e+03
5.411408799097102928e+03
5.428798456600665304e+03
5.446200944916644403e+03
5.463508016990304895e+03
5.480788954402944000e+03
5.498162849022203773e+03
5.515574046365261893e+03
5.532898292696263525e+03
5.550172811809755331e+03
5.567528893858010633e+03
5.584944108413817048e+03
5.602286942675416867e+03
5.619559579189842225e+03
5.636896988323434016e+03
5.654311627476026842e+03
5.671672974557351154e+03
5.688948546195482777e+03
5.706267778742383598e+03
5.723676930790859842e+03
5.741055536540397952e+03
5.758339245700862193e+03
5.775642129049854702e+03
5.793041265932415627e+03
5.810434750639884442e+03
5.827731003294320544e+03
5.845019942087288655e+03
5.862405504751176522e+03
5.879810653166086922e+03
5.897122372934387386e+03
5.914400965252058086e+03
5.931770216703685037e+03
5.949183014560321681e+03
5.966512179776371340e+03
5.983785426727170488e+03
6.001136623458649410e+03
6.018552190815838912e+03
6.035899960084545455e+03
6.053173057376561701e+03
6.070505563115092627e+03
6.087919094746890551e+03
6.105285209924557421e+03
6.122562780047638626e+03
6.139877232855371403e+03
6.157284170360495409e+03
6.174667139915906773e+03
6.191953724725843131e+03
6.209252341051926123e+03
6.226648221840714541e+03
6.244045306324975172e+03
6.261345238619401243e+03
6.278631173490530273e+03
6.296012508974796219e+03
6.313420093581029505e+03
6.330736446639089991e+03
6.348013303403104146e+03
6.365377708531585085e+03
6.382791698864120917e+03
6.400125996804737952e+03
6.417398467861155950e+03
6.434744616972053336e+03
6.452160195323655898e+03
6.469512987129087378e+03
6.486786610252895116e+03
6.504114287282813166e+03
6.521526418508288771e+03
6.538897191251351614e+03
6.556176978675443024e+03
6.573486998218702865e+03
6.590891279448314890e+03
6.608278283055656175e+03
6.625568290765284473e+03
6.642862904305282427e+03
6.660255257806340524e+03
6.677655648526222649e+03
6.694959602616951088e+03
6.712242529355388797e+03
6.729619565649287324e+03
6.747029353534819165e+03
6.764350283072257298e+03
6.781625765016193327e+03
6.798985285134247533e+03
6.816400099840618168e+03
6.833739452497871753e+03
6.851011865335220136e+03
6.868352841642625208e+03
6.885768018052725893e+03
6.903125870600426424e+03
6.920400412617879738e+03
6.937723165409852299e+03
6.955133652119884573e+03
6.972509035476208737e+03
6.989791030914382645e+03
7.007096856178969574e+03
7.024498185429735713e+03
7.041889012889963851e+03
7.059182682689203830e+03
7.076473804888919403e+03
7.093862268592787586e+03
7.111265565408755720e+03
7.128573979721964861e+03
7.145854178321225845e+03
7.163226750842835827e+03
7.180638467004137055e+03
7.197964117201423505e+03
7.215238230999899315e+03
7.232592893570525121e+03
7.250008222308162658e+03
7.267352509771001678e+03
7.284625297456630506e+03
7.301961244744206851e+03
7.319375597767229010e+03
7.336738364543886746e+03
7.354014489285384116e+03
7.371332292780351054e+03
7.388740840990920333e+03
7.406120749375137166e+03
7.423405219482048778e+03
7.440706824563198097e+03
7.458105034471784165e+03
7.475499590176381389e+03
7.492796895973409846e+03
7.510084934910850279e+03
7.527469276729259946e+03
7.544875173757123775e+03
7.562188248865595597e+03
7.579466278662313925e+03
7.596834130760252265e+03
7.614247314670133164e+03
7.631577970150828151e+03
7.648850930650458395e+03
7.666200666503704269e+03
7.683616270951049955e+03
7.700965499264843857e+03
7.718238733836078609e+03
7.735569830575566812e+03
7.752982963259398275e+03
7.770350445478507027e+03
7.787628659549651275e+03
7.804941781984754925e+03
7.822347968879126711e+03
7.839732150483128862e+03
7.857019657595858916e+03
7.874317045593530565e+03
7.891711926064193904e+03
7.909110009639554846e+03
7.926411097855536354e+03
7.943696145567764688e+03
7.961076242608462053e+03
7.978484487762591016e+03
7.995802172633803821e+03
8.013078609619236886e+03
8.030441588525470252e+03
8.047855848687222533e+03
8.065191610262358154e+03
8.082463991779314711e+03
8.099808627741693272e+03
8.117224133059041378e+03
8.134578399396328678e+03
8.151852232106755764e+03
8.169178496679055570e+03
8.186590169145559230e+03
8.203962273290642770e+03
8.221242697939656864e+03
8.238551475477670465e+03
8.255954900221189746e+03
8.273343045511031960e+03
8.290634097893833314e+03
8.307927631792368629e+03
8.325318887775465555e+03
8.342720157975776601e+03
8.360025362196147398e+03
8.377307462856551865e+03
8.394683222622994435e+03
8.412093600288835660e+03
8.429415879310587115e+03
8.446690968041120868e+03
8.464049078188607382e+03
8.481464073614326480e+03
8.498804866246109668e+03
8.516077357930518701e+03
8.533416864131533657e+03
8.550831844601980265e+03
8.568191148663880085e+03
8.585466072781542607e+03
8.602787383430222690e+03
8.620197344827349298e+03
8.637574058756004888e+03
8.654856748349880945e+03
8.672161346667358885e+03
8.689561781814063579e+03
8.706953716241941947e+03
8.724248466411923800e+03
8.741538656516855553e+03
8.758925946504925378e+03
8.776330037275220093e+03
8.793639797047602769e+03
8.810919304459874184e+03
8.828290523082785512e+03
8.845702710025343549e+03
8.863029789151752993e+03
8.880303529727867499e+03
8.897656772969328813e+03
8.915072224167681270e+03
8.932417930451134453e+03
8.949690855692697369e+03
8.967025376535351825e+03
8.984439405963476020e+03
9.001803558664427328e+03
9.019080250518170942e+03
9.036396651007464243e+03
9.053804562792925935e+03
9.071185737087687812e+03
9.088471039472520715e+03
9.105771401664595032e+03
9.123168658617290930e+03
9.140564255828201567e+03
9.157862625872836361e+03
9.175149800975508697e+03
9.192532906247390201e+03
9.209939500120135563e+03
9.227253923953394406e+03
9.244531452430746867e+03
9.261897883430761794e+03
9.279311423646136973e+03
9.296643555418544565e+03
9.313916283575637863e+03
9.331264552706470568e+03
9.348680172237531224e+03
9.366030856002649671e+03
9.383304243833486908e+03
9.400633940253041146e+03
9.418046682638421771e+03
9.435415522923904064e+03
9.452694387590428960e+03
9.470006212760396011e+03
9.487411636192206061e+03
9.504796985071396193e+03
9.522085494429535174e+03
9.539381713088967444e+03
9.556775565552430635e+03
9.574174621054409727e+03
9.591476853889071208e+03
9.608761026921507437e+03
9.626139875248387398e+03
9.643548775641258544e+03
9.660867802719800238e+03
9.678143851146298402e+03
9.695505406037002103e+03
9.712919908995549122e+03
9.730257163203807067e+03
9.747529523823541240e+03
9.764872645807874505e+03
9.782288024990293707e+03
9.799643767659988953e+03
9.816917849559291426e+03
9.834242680024273795e+03
9.851653892056374389e+03
9.869027362357948732e+03
9.886308422741942195e+03
9.903615985451542656e+03
9.921018563555300716e+03
9.938407808228603244e+03
9.955699939804151654e+03
9.972992458689557679e+03
9.990382597464369610e+03
1.000778471535145582e+04
1.002509121743955257e+04
1.004237250189864062e+04
1.005974695761705880e+04
1.007715790322215253e+04
1.009448155467218021e+04
1.011175624355110085e+04
1.012911294752658068e+04
1.014652808458907930e+04
1.016387029799426455e+04
1.018114290420802536e+04
1.019848094088465587e+04
1.021589568189409329e+04
1.023325641311382424e+04
1.025053177532480913e+04
1.026785164104530304e+04
1.028526104089770342e+04
1.030263905680779135e+04
1.031992245701404863e+04
1.033722584103970621e+04
1.035462538763522389e+04
1.037201839274472877e+04
1.038931419935237136e+04
1.040660350869669492e+04
1.042398959231336448e+04
1.044139443709943225e+04
1.045870557645934969e+04
1.047598442868222628e+04
1.049335428577232597e+04
1.051076689436798915e+04
1.052809543233443037e+04
1.054536882662382232e+04
1.056272063744235675e+04
1.058013618083444453e+04
1.059748334520529352e+04
1.061475640255877806e+04
1.063208952180488268e+04
1.064950318970425360e+04
1.066686871357615746e+04
1.068414600871613038e+04
1.070146104720627045e+04
1.071886827640259617e+04
1.073625070366353611e+04
1.075353689198387292e+04
1.077083602791936028e+04
1.078823231231415230e+04
1.080562893879798503e+04
1.082292840068918485e+04
1.084021472655952857e+04
1.085759658275968832e+04
1.087500387038370536e+04
1.089231964209027501e+04
1.090959670921281213e+04
1.092696172547149399e+04
1.094437557828236459e+04
1.096170921643972360e+04
1.097898176994767346e+04
1.099632854817575935e+04
1.101374414276649986e+04
1.103109628144248927e+04
1.104836983045747183e+04
1.106569811466664942e+04
1.108311043144773794e+04
1.110048059670877774e+04
1.111776009687881378e+04
1.113507066351233880e+04
1.115247529714770644e+04
1.116986180304416121e+04
1.118715134590429443e+04
1.120444643927183824e+04
1.122183925097816609e+04
1.123923923883526550e+04
1.125654266152663695e+04
1.127382598276898352e+04
1.129120355717056009e+04
1.130861307244653653e+04
1.132593342994762861e+04
1.134320909351124283e+04
1.136056923086712413e+04
1.137798395887993320e+04
1.139532268524309256e+04
1.141259507111845051e+04
1.142993669290146499e+04
1.144735194144768502e+04
1.146470915300969136e+04
1.148198354778462817e+04
1.149930693527878975e+04
1.151671765189576399e+04
1.153409244500070781e+04
1.155137417767331681e+04
1.156868052707919924e+04
1.158608223540418840e+04
1.160347259324570041e+04
1.162076579530314484e+04
1.163805733767460333e+04
1.165544631559397567e+04
1.167284925531000772e+04
1.169015708831759184e+04
1.170743760784506594e+04
1.172481075977397632e+04
1.174222223350509375e+04
1.175954727018762787e+04
1.177682157061401813e+04
1.179417684459722659e+04
1.181159212390923312e+04
1.182893578997991608e+04
1.184620851459274490e+04
1.186354508891299702e+04
1.188095956486131399e+04
1.189832172793459540e+04
1.191559760798595926e+04
1.193291602736773712e+04
1.195032483000061620e+04
1.196770416951923653e+04
1.198498832245956328e+04
1.200229046853416185e+04
1.201968907167633552e+04
1.203708315281888645e+04
1.205438000860430293e+04
1.207166843066438014e+04
1.208905329788689778e+04
1.210645887803525329e+04
1.212377138307988571e+04
1.214104965092942984e+04
1.215841809519069648e+04
1.217583110664695778e+04
1.219316111767645634e+04
1.221043419736579563e+04
1.222778457002173673e+04
1.224520014795004136e+04
1.226254873884565677e+04
1.227982193592565091e+04
1.229715362727141110e+04
1.231456692402642511e+04
1.233193381416591910e+04
1.234921175148238763e+04
1.236652544087305796e+04
1.238393194155771744e+04
1.240131558711301477e+04
1.241860269925739158e+04
1.243590061538058762e+04
1.245329592878404219e+04
1.247069357494727956e+04
1.248799414257675380e+04
1.250527958562537606e+04
1.252266022103575597e+04
1.254006816622088627e+04
1.255738527751306719e+04
1.257466189813837627e+04
1.259202549469261794e+04
1.260943962485302291e+04
1.262677474896440617e+04
1.264404717746160895e+04
1.266139246200985508e+04
1.267880798952007535e+04
1.269616160908074380e+04
1.271343534731470572e+04
1.273076223331302754e+04
1.274817411308839655e+04
1.276554563315297491e+04
1.278282578799706607e+04
1.280013512011821149e+04
1.281753892488964993e+04
1.283492656683195673e+04
1.285221717094725682e+04
1.286951117214356600e+04
1.288690290977498262e+04
1.290430380089490609e+04
1.292160846569105706e+04
1.293889092613595676e+04
1.295626724235872462e+04
1.297367736811324903e+04
1.299099905952041991e+04
1.300827431668822464e+04
1.302563304286459061e+04
1.304304795229472984e+04
1.306038811029602584e+04
1.307766056268144894e+04
1.309500069744158827e+04
1.311241576421618447e+04
1.312977444333037420e+04
1.314704918931585053e+04
1.316437113069536281e+04
1.318178131081621905e+04
1.319915744227861069e+04
1.321643982575348855e+04
1.323374496464482945e+04
1.325114578712664479e+04
1.326853724418232378e+04
1.328583152057715415e+04
1.330312214334499549e+04
1.332050994800762783e+04
1.333791368659269574e+04
1.335522286761950454e+04
1.337250266619667855e+04
1.338987446279218057e+04
1.340728643940581242e+04
1.342461289517079786e+04
1.344188680392291099e+04
1.345924067461039340e+04
1.347665606982247482e+04
1.349400116152314513e+04
1.351127403431696439e+04
1.352860916306003128e+04
1.354602331756631611e+04
1.356338686225151832e+04
1.358066329426500306e+04
1.359798030782381466e+04
1.361538848861373845e+04
1.363276911241829112e+04
1.365005406505332212e+04
1.366735497454771394e+04
1.368475264528977641e+04
1.370214777630494791e+04
1.371944569738807513e+04
1.373673326452675610e+04
1.375411690196330164e+04
1.377152318723766439e+04
1.378883703692764539e+04
1.380611478521692334e+04
1.382348183666456680e+04
1.384089521264369068e+04
1.385822670984546858e+04
1.387549953653645753e+04
1.389284844985343989e+04
1.391026403670932086e+04
1.392761407532137673e+04
1.394488740066427999e+04
1.396221770695333362e+04
1.397963060632660563e+04
1.399699884354590904e+04
1.401427743543045108e+04
1.403158982675946390e+04
1.404899559688292538e+04
1.406638042700742881e+04
1.408366850377556329e+04
1.410096524761240835e+04
1.411835956189650460e+04
1.413575819363716073e+04
1.415305990966695390e+04
1.417034447578830986e+04
1.418772386848148744e+04
1.420513247126767601e+04
1.422245091206153484e+04
1.423972713086112708e+04
1.425708930258175315e+04
1.427450368614966646e+04
1.429184028748093078e+04
1.430911265861132415e+04
1.432645644574277321e+04
1.434387187829659524e+04
1.436122697358753794e+04
1.437850096194438811e+04
1.439582641571066233e+04
1.441323782380984994e+04
1.443061068714780777e+04
1.444789148129968271e+04
1.446519958212458914e+04
1.448260253524569998e+04
1.449999130203123605e+04
1.451728297466442382e+04
1.453457594088750739e+04
1.455196656155209166e+04
1.456936831607569547e+04
1.458667425037090288e+04
1.460395589067361652e+04
1.462133090747891401e+04
1.463874160812955051e+04
1.465606466737505252e+04
1.467333953617354928e+04
1.469069683836873446e+04
1.470811190889064892e+04
1.472545350623946251e+04
1.474272606109144726e+04
1.476006473263608495e+04
1.477747957150207003e+04
1.479483968054069373e+04
1.481211485429708046e+04
1.482943533979829772e+04
1.484684498032082956e+04
1.486422242397087030e+04
1.488150551085986081e+04
1.489880943873243086e+04
1.491620934814415159e+04
1.493360188920220025e+04
1.495089722906841052e+04
1.496818693954000082e+04
1.498557354023220614e+04
1.500297804015443762e+04
1.502028855270248823e+04
1.503756769417217220e+04
1.505493815451267437e+04
1.507235058155787192e+04
1.508967846659291354e+04
1.510695201458580777e+04
1.512430445342234452e+04
1.514171994639691911e+04
1.515906646562986498e+04
1.517633947465285019e+04
1.519367319974392012e+04
1.521108702357600851e+04
1.522845193552647470e+04
1.524572896854677310e+04
1.526304458876245735e+04
1.528045212271898708e+04
1.529783400390238239e+04
1.531511979834555859e+04
1.533241948071471052e+04
1.534981620314785323e+04
1.536721237609476520e+04
1.538451137511996603e+04
1.540179807289357268e+04
1.541918048910020298e+04
1.543658746791186240e+04
1.545390264979972198e+04
1.547117991690121198e+04
1.548854555832548067e+04
1.550595926265179151e+04
1.552329224949435593e+04
1.554056486206902082e+04
1.555791229747367106e+04
1.557532788880744556e+04
1.559267938203903395e+04
1.560995287248814566e+04
1.562728178248188487e+04
1.564469427661651571e+04
1.566206384757711203e+04
1.567934307246314165e+04
1.569665418386336569e+04
1.571405916343886565e+04
1.573144514310406157e+04
1.574873422270571245e+04
1.576602982097356107e+04
1.578342309711248527e+04
1.580082266961544155e+04
1.581812556835000578e+04
1.583540927888838814e+04
1.585278740864902829e+04
1.587019664335260495e+04
1.588751640049101115e+04
1.590479223736403947e+04
1.592215300050853148e+04
1.593956762886585057e+04
1.595690569715242600e+04
1.597417807009300304e+04
1.599152035918772162e+04
1.600893565972744727e+04
1.602629221929809864e+04
1.604356646729462227e+04
1.606089049835122205e+04
1.607830142593919845e+04
1.609567562747434931e+04
1.611295706166432137e+04
1.613026395798116209e+04
1.614766604858740902e+04
1.616505592179531777e+04
1.618234864740822013e+04
1.619964061886608761e+04
1.621703010967744922e+04
1.623443268617093781e+04
1.625173993065637114e+04
1.626902078752322814e+04
1.628639452349298153e+04
1.630380574784097917e+04
1.632113017380197016e+04
1.633840463523061771e+04
1.635576054087468401e+04
1.637317576252003710e+04
1.639051877820293885e+04
1.640779146268904879e+04
1.642512868927705495e+04
1.644254326765544829e+04
1.645990478309187893e+04
1.647718042659520142e+04
1.649449949491289590e+04
1.651190856420416094e+04
1.652928731851767952e+04
1.654657112692542432e+04
1.656387382893776157e+04
1.658127283923590221e+04
1.659866643245461455e+04
1.661596281373316742e+04
1.663325165116353674e+04
1.665063705835925794e+04
1.666804229680508797e+04
1.668535418138994282e+04
1.670263272653907916e+04
1.672000180258852197e+04
1.673741464188989630e+04
1.675474398158179974e+04
1.677201719555046293e+04
1.678936821057158522e+04
1.680678375589792631e+04
1.682413170167626231e+04
1.684140484347871825e+04
1.685873718189499778e+04
1.687615064989739767e+04
1.689351692220005862e+04
1.691079457638343956e+04
1.692810887308493693e+04
1.694551569845574704e+04
1.696289878968253470e+04
1.698018549768517551e+04
1.699748396245856566e+04
1.701487970177952229e+04
1.703227688624585790e+04
1.704957697828250093e+04
1.706686281221246099e+04
1.708424398733223279e+04
1.710165163168870640e+04
1.711896813950946671e+04
1.713624496787520911e+04
1.715360919159743935e+04
1.717102320054715528e+04
1.718835766093015991e+04
1.720563014315346663e+04
1.722297611217329177e+04
1.724039166180283792e+04
1.725774462306095302e+04
1.727501827965972916e+04
1.729234579452514663e+04
1.730975785148100840e+04
1.732712875725880076e+04
1.734440863008684755e+04
