0.000000000000000000e+00
1.740489456954829706e+01
3.469854057549832049e+01
5.197678648065289764e+01
6.936539865396056825e+01
8.678320872710341405e+01
1.040965403797350604e+02
1.213641513634677551e+02
1.387339693341052964e+02
1.561582537247626874e+02
1.734927419036629033e+02
1.907550724876543882e+02
2.081035417699276309e+02
2.255301070831731352e+02
2.428860161155196238e+02
2.601497403715599148e+02
2.774757907108055406e+02
2.948979926560019180e+02
3.122754564315905554e+02
3.295462504506522237e+02
3.468525592057592348e+02
3.642663391215201045e+02
3.816611219971803166e+02
3.989447642241239009e+02
4.162319170756246081e+02
4.336313874303777993e+02
4.510421737740790604e+02
4.683426078648734574e+02
4.856167328296320420e+02
5.029988495430740727e+02
5.204191310366331891e+02
5.377405098379382480e+02
5.550051952982292960e+02
5.723674591822118600e+02
5.897936162481923930e+02
6.071354067899959546e+02
6.243978836087702575e+02
6.417374012155312357e+02
6.591627961308797694e+02
6.765277044968838709e+02
6.937929246797500582e+02
7.111121618244330875e+02
7.285322256325091530e+02
7.459154886944870668e+02
7.631906609825052783e+02
7.804888460387275018e+02
7.978977538124941020e+02
8.152997626449725885e+02
8.325886456029611509e+02
8.498711326633249428e+02
8.672645264119853437e+02
8.846786012450397720e+02
9.019870511603348859e+02
9.192564656012480100e+02
9.366318640428960407e+02
9.540553167986718108e+02
9.713831413340199106e+02
9.886465617736796503e+02
1.005999904295062038e+03
1.023426138261093456e+03
1.040777509764599927e+03
1.058039798863931082e+03
1.075372703159203866e+03
1.092796919420525455e+03
1.110167846452618960e+03
1.127436500889391255e+03
1.144747135444693868e+03
1.162163642998635623e+03
1.179554958921841262e+03
1.196834237332348494e+03
1.214126885392299528e+03
1.231530369494319530e+03
1.248936900711582894e+03
1.266233375544160936e+03
1.283510118551228288e+03
1.300897693939620467e+03
1.318315932554860410e+03
1.335630459520592012e+03
1.352897100287213334e+03
1.370263996899693893e+03
1.387689202043120531e+03
1.405026507542104810e+03
1.422288613018948581e+03
1.439635151633570331e+03
1.457061150047585670e+03
1.474419240425701446e+03
1.491683234038509909e+03
1.509006942623541590e+03
1.526429089896563255e+03
1.543808271010353565e+03
1.561079952961881645e+03
1.578383996738676160e+03
1.595795833423799195e+03
1.613193350414573615e+03
1.630478858634911603e+03
1.647765033272247592e+03
1.665163650975527844e+03
1.682574611745446873e+03
1.699877119193092540e+03
1.717149493694215153e+03
1.734529049214957467e+03
1.751951048713088767e+03
1.769274285691238674e+03
1.786538681261515649e+03
1.803898862341186941e+03
1.821324609373391468e+03
1.838669486927641174e+03
1.855931676749486087e+03
1.873269310835784381e+03
1.890695069561757919e+03
1.908060996764749916e+03
1.925327394552914257e+03
1.942643973887480570e+03
1.960062270991463265e+03
1.977449117871122326e+03
1.994725390233841154e+03
2.012022171943233843e+03
2.029430549505875433e+03
2.046832762744513275e+03
2.064124031130762432e+03
2.081404265665853018e+03
2.098795531080358614e+03
2.116212128681741433e+03
2.133522138184721371e+03
2.150791212335076125e+03
2.168164137506303632e+03
2.185587479712313780e+03
2.202919013970212745e+03
2.220181806755658727e+03
2.237533456050132372e+03
2.254960378051050157e+03
2.272312619053839171e+03
2.289575639804877483e+03
2.306905237856361964e+03
2.324328244883382922e+03
2.341702944417685103e+03
2.358972280130436502e+03
2.376281415658590049e+03
2.393696938741988106e+03
2.411089039809286078e+03
2.428370499867561648e+03
2.445660541292795642e+03
2.463062330925871720e+03
2.480471298443125306e+03
2.497768925408741779e+03
2.515044721301881509e+03
2.532429532316697077e+03
2.549848458471116828e+03
2.567166772310873057e+03
2.584432462834698526e+03
2.601797902650559990e+03
2.619223508530516483e+03
2.636562146653842319e+03
2.653824431028924664e+03
2.671167385532251956e+03
2.688593218482252269e+03
2.705954731367122804e+03
2.723219320025186789e+03
2.740541739540268736e+03
2.757962912885149308e+03
2.775343644103969382e+03
2.792617009440228685e+03
2.809918309787932230e+03
2.827329317449489281e+03
2.844728681606541613e+03
2.862015399945104946e+03
2.879300135025740019e+03
2.896695728745402448e+03
2.914108628523608786e+03
2.931413842885186114e+03
2.948684911052676853e+03
2.966063426818582684e+03
2.983485310473851314e+03
3.000810131380049370e+03
3.018074181870296343e+03
3.035430687039033728e+03
3.052857327517298927e+03
3.070205032733323605e+03
3.087467228976614933e+03
3.104803404714610679e+03
3.122228034373083574e+03
3.139596277213897338e+03
3.156863687081850003e+03
3.174177197134403286e+03
3.191595568947267566e+03
3.208983860843996808e+03
3.226261371611264622e+03
3.243556543798245457e+03
3.260961648207776307e+03
3.278366615680249197e+03
3.295660320089500601e+03
3.312938924867861260e+03
3.330329743174197120e+03
3.347746243691959535e+03
3.365058216981397891e+03
3.382326228663914662e+03
3.399695795799767893e+03
3.417120652611979949e+03
3.434454459973427674e+03
3.451716656768943722e+03
3.469066421833281311e+03
3.486492557907221453e+03
3.503847705393075103e+03
3.521111338469023394e+03
3.538438167685580993e+03
3.555861440573606160e+03
3.573237504549312689e+03
3.590507694255828483e+03
3.607814546478215107e+03
3.625227776367590195e+03
3.642622925528659835e+03
3.659906336403980276e+03
3.677194520789636499e+03
3.694595512908614182e+03
3.712004804515905562e+03
3.729304500677200849e+03
3.746578717438827880e+03
3.763961184060420692e+03
3.781382034829302029e+03
3.798702139298627117e+03
3.815967258624683382e+03
3.833330233906986450e+03
3.850755730800740821e+03
3.868097319166225134e+03
3.885359601024356834e+03
3.902700631918610270e+03
3.920126620950455617e+03
3.937489535341794181e+03
3.954754819982107165e+03
3.972074217650321771e+03
3.989493973589479538e+03
4.006877826582400303e+03
4.024152282067231681e+03
4.041452056271401489e+03
4.058861998083474646e+03
4.076262052565569320e+03
4.093550831732604820e+03
4.110833143800276957e+03
4.128227281966471310e+03
4.145641763895188888e+03
4.162948653107536302e+03
4.180219065257003422e+03
4.197594540603809946e+03
4.215017420357235096e+03
4.232345781080930465e+03
4.249608889938586799e+03
4.266964375028804170e+03
4.284390981462927812e+03
4.301740124471150011e+03
4.319002627379867590e+03
4.336335123304739682e+03
4.353759286933662224e+03
4.371130855281956428e+03
4.388398713344844509e+03
4.405711159031748139e+03
4.423128044667711038e+03
4.440517635228162362e+03
4.457796944875118243e+03
4.475089134689326784e+03
4.492493675736337536e+03
4.509900245427790651e+03
4.527195003840885875e+03
4.544473023210392967e+03
4.561860245487421707e+03
4.579278157596319943e+03
4.596593354233955324e+03
4.613860083236631908e+03
4.631229000026340145e+03
4.648653966219662834e+03
4.665989133877827953e+03
4.683251659840780121e+03
4.700597659592884156e+03
4.718024008915257582e+03
4.735382512833490182e+03
4.752646038034470621e+03
4.769971984831798181e+03
4.787393994698916686e+03
4.804771797514042191e+03
4.822043712061202314e+03
4.839347501455000383e+03
4.856760451567392010e+03
4.874157353529849388e+03
4.891441453297027692e+03
4.908728524642343473e+03
4.926126713007762191e+03
4.943537787717055835e+03
4.960840358710923283e+03
4.978112842399084911e+03
4.995494505103981282e+03
5.012915665547992830e+03
5.030237343233835418e+03
5.047501985063366192e+03
5.064861497882106050e+03
5.082287633666631336e+03
5.099632424108744090e+03
5.116894543079922187e+03
5.134233867192262551e+03
5.151659162080797614e+03
5.169023982247109416e+03
5.186290417178686766e+03
5.203607092156878025e+03
5.221026675573069951e+03
5.238412207060906439e+03
5.255687712557460145e+03
5.272985352815716396e+03
5.290392928328432390e+03
5.307795643076691704e+03
5.325086730947296019e+03
5.342367580387435737e+03
5.359760640161438459e+03
5.377175867379161900e+03
5.394484635185674051e+03
5.411753908662132744e+03
5.429126852006455920e+03
5.446550781057534550e+03
5.463881447294688769e+03
5.481144286348537207e+03
5.498496892032753749e+03
5.515923172524022448e+03
5.533275157845416288e+03
5.550538036167563405e+03
5.567868505604379607e+03
5.585292494451942730e+03
5.602665498509111785e+03
5.619934364751507019e+03
5.637243760167379151e+03
5.654658908047922523e+03
5.672051446667044729e+03
5.689332142299926090e+03
5.706623333688583443e+03
5.724026542359692939e+03
5.741433682669040536e+03
5.758730859917432099e+03
5.776006456451403210e+03
5.793391874499708138e+03
5.810811405059746903e+03
5.828128019332947588e+03
5.845394322054511576e+03
5.862760293595039911e+03
5.880185338805546962e+03
5.897524066479239082e+03
5.914785773509280261e+03
5.932130309532610227e+03
5.949556776993313179e+03
5.966916067230782573e+03
5.984180501804035885e+03
6.001502827648439052e+03
6.018923862140289202e+03
6.036304952963200776e+03
6.053577734172640703e+03
6.070880702073407519e+03
6.088292410462740918e+03
6.105689783983758389e+03
6.122976328943360386e+03
6.140260739838534391e+03
6.157657449156391522e+03
6.175070596702852527e+03
6.192374196507126726e+03
6.209646208737965935e+03
6.227024694448263290e+03
6.244446315150980809e+03
6.261771692220545447e+03
6.279035496963460901e+03
6.296394109215441858e+03
6.313820740031962487e+03
6.331166156810339999e+03
6.348428733197855763e+03
6.365764610858429478e+03
6.383189335412846049e+03
6.400557969529457296e+03
6.417824517135984934e+03
6.435139990920949458e+03
6.452558493824584730e+03
6.469944961182515726e+03
6.487222499936617169e+03
6.504517710904272462e+03
6.521924247906377786e+03
6.539328736938112343e+03
6.556620711941476657e+03
6.573900361530669215e+03
6.591290446413505379e+03
6.608706951099144135e+03
6.626019044367400056e+03
6.643287031750496681e+03
6.660658866960976411e+03
6.678083231400873956e+03
6.695415003316837101e+03
6.712677730664170667e+03
6.730027070090103734e+03
6.747453256258742840e+03
6.764808473974781919e+03
6.782071448761373176e+03
6.799400409401428078e+03
6.816823415907099843e+03
6.834198231714741269e+03
6.851468335474060950e+03
6.868775574498346032e+03
6.886190544452721952e+03
6.903584612939432191e+03
6.920866431533774630e+03
6.938155754807919948e+03
6.955556114979899576e+03
6.972965524263892803e+03
6.990264926313066098e+03
7.007539722850287035e+03
7.024924343290064826e+03
7.042343873759192320e+03
7.059662539887696767e+03
7.076927923782105609e+03
7.094291033244826394e+03
7.111717078897740066e+03
7.129058222325476891e+03
7.146320290109157213e+03
7.163662887812699410e+03
7.181088519433000329e+03
7.198450736083970696e+03
7.215715695108804539e+03
7.233035907150981075e+03
7.250456912651415223e+03
7.267839183657423746e+03
7.285113106423590580e+03
7.302413466896461614e+03
7.319822669147863053e+03
7.337223344454198013e+03
7.354511878013934620e+03
7.371795014335710221e+03
7.389190850543734086e+03
7.406603908762799620e+03
7.423910039933933149e+03
7.441180814207438743e+03
7.458556738639179457e+03
7.475980234738954096e+03
7.493306983315456819e+03
7.510570343173223591e+03
7.527926279166733366e+03
7.545352124775334232e+03
7.562700978921255228e+03
7.579963504512478721e+03
7.597297384874424097e+03
7.614722502297906431e+03
7.632091949523641233e+03
7.649359513721014082e+03
7.666672251660454094e+03
7.684088697903252978e+03
7.701479007255014039e+03
7.718757542535607172e+03
7.736051212658721852e+03
7.753456733050434195e+03
7.770861629056500533e+03
7.788155963985786912e+03
7.805433992882473831e+03
7.822822170551888121e+03
7.840240532936908494e+03
7.857553967941592418e+03
7.874821321018722301e+03
7.892190396313560996e+03
7.909614635436540993e+03
7.926950217951391096e+03
7.944212547901077414e+03
7.961560569114493774e+03
7.978987328483915007e+03
7.996343193872740812e+03
8.013606962312229371e+03
8.030932661953910610e+03
8.048354831157133049e+03
8.065733042749316155e+03
8.083004115675321373e+03
8.100309756040260254e+03
8.117723260771786045e+03
8.135118524233401331e+03
8.152402698244484782e+03
8.169689534766693214e+03
8.187089059218406874e+03
8.204499830803664736e+03
8.221800745784727042e+03
8.239074374024530698e+03
8.256455685045741120e+03
8.273876335201921393e+03
8.291198316407915627e+03
8.308462853692130011e+03
8.325824908427031914e+03
8.343250782195364081e+03
8.360593167129964058e+03
8.377855362572872764e+03
8.395194277913713449e+03
8.412619863432764760e+03
8.429984859613927256e+03
8.447250425390990131e+03
8.464569515364371910e+03
8.481988876627456193e+03
8.499373128196009930e+03
8.516648647113506740e+03
8.533946266542519879e+03
8.551355439890619891e+03
8.568757232696834762e+03
8.586046575466047216e+03
8.603328588340007627e+03
8.620721031801438585e+03
8.638136124116115752e+03
8.655445000499590606e+03
8.672714185756880397e+03
8.690089485850556230e+03
8.707512458127112041e+03
8.724841059444022903e+03
8.742104428895521778e+03
8.759456806148908072e+03
8.776883553561943700e+03
8.794234833949649328e+03
8.811497224997836383e+03
8.828829685018166856e+03
8.846253399708020879e+03
8.863625283934496110e+03
8.880894174391562046e+03
8.898204274428680947e+03
8.915620890346406668e+03
8.933011996470500890e+03
8.950291489590630590e+03
8.967583845347879105e+03
8.984986503267236913e+03
9.002393875050205679e+03
9.019690671557033056e+03
9.036967254766786937e+03
9.054354638339504163e+03
9.071772947857189138e+03
9.089088469126269047e+03
9.106355060320111079e+03
9.123721238146996257e+03
9.141146564689708612e+03
9.158484213253481357e+03
9.175746012597115623e+03
9.193091938038625813e+03
9.210517728757038640e+03
9.227876624514532523e+03
9.245141012380934626e+03
9.262464419196174276e+03
9.279886488864765852e+03
9.297265664381764509e+03
9.314537601702082611e+03
9.331841007059572803e+03
9.349252533850205509e+03
9.366650615183290938e+03
9.383936369250273856e+03
9.401222105286724400e+03
9.418620148935537145e+03
9.436031540145902909e+03
9.453334452300470730e+03
9.470606511924792358e+03
9.487985959144814842e+03
9.505407935600222118e+03
9.522731615172997408e+03
9.539995789567747124e+03
9.557354880096418128e+03
9.574780982851541921e+03
9.592126552346113385e+03
9.609388926104176790e+03
9.626726548414604622e+03
9.644151909229200101e+03
9.661518371861417108e+03
9.678784953406478962e+03
9.696100389349916441e+03
9.713518781504153594e+03
9.730905823445446003e+03
9.748182189898521756e+03
9.765479077414005587e+03
9.782886325095001666e+03
9.800289096441701986e+03
9.817580963940370566e+03
9.834860740602673104e+03
9.852252342960628084e+03
9.869668877057942154e+03
9.886979019303202222e+03
9.904248005032071887e+03
9.921619740352583904e+03
9.939043581893616647e+03
9.956375570774578591e+03
9.973637957121994987e+03
9.990989677237323122e+03
1.000841607478387050e+04
1.002576846112226849e+04
1.004303182949324037e+04
1.006036053949364214e+04
1.007778379649117960e+04
1.009515890816475803e+04
1.011242799193534302e+04
1.012973702194030739e+04
1.014715211361219190e+04
1.016454444348672405e+04
1.018182636118678420e+04
1.019911568774428815e+04
1.021651782253870260e+04
1.023392667792822249e+04
1.025122429874825502e+04
1.026850014478558296e+04
1.028588412945781602e+04
1.030330356407500221e+04
1.032062229760381160e+04
1.033788772633230110e+04
1.035525309908891359e+04
1.037267859605875310e+04
1.039001727368897627e+04
1.040727962403706806e+04
1.042462206476449865e+04
1.044204790110377508e+04
1.045940997552169574e+04
1.047667428818772896e+04
1.049399648549577978e+04
1.051141742652990979e+04
1.052879844466709983e+04
1.054607213890699495e+04
1.056337306590197841e+04
1.058078405915362600e+04
1.059818355289062674e+04
1.061547009526519105e+04
1.063275436639454892e+04
1.065014972954965924e+04
1.066756280288243943e+04
1.068486850036739634e+04
1.070213943971389926e+04
1.071951779122485459e+04
1.073694008484892765e+04
1.075426516471333889e+04
1.077152899433694984e+04
1.078888530330237154e+04
1.080631171856218862e+04
1.082365960970445849e+04
1.084092188245584657e+04
1.085825740718948691e+04
1.087568200304523634e+04
1.089305082927249350e+04
1.091031820378373595e+04
1.092763200945932294e+04
1.094505001184783578e+04
1.096243818376844865e+04
1.097971594268309491e+04
1.099701034567095485e+04
1.101441549206162381e+04
1.103182081724368982e+04
1.104911463028030266e+04
1.106639347046262083e+04
1.108378378051404434e+04
1.110120031139970888e+04
1.111851290251623323e+04
1.113578050735155193e+04
1.115315016578902214e+04
1.117057508360139764e+04
1.118790879310096534e+04
1.120517159363606333e+04
1.122252070761498180e+04
1.123994672097551847e+04
1.125730266834476606e+04
1.127456599416673998e+04
1.129189322042110871e+04
1.130931643154945050e+04
1.132669235787714388e+04
1.134396313427232417e+04
1.136126919213952715e+04
1.137868241967686299e+04
1.139607829805671645e+04
1.141336137113693985e+04
1.143064964262478679e+04
1.144805023270182573e+04
1.146545938787684281e+04
1.148275979363387341e+04
1.150003340725460475e+04
1.151741574857717205e+04
1.153483687467319032e+04
1.155215693354533141e+04
1.156942235607577095e+04
1.158678484803930405e+04
1.160421036574726713e+04
1.162155303001800166e+04
1.163881507673173473e+04
1.165615590892778164e+04
1.167358195458805858e+04
1.169094470345582704e+04
1.170821019214644366e+04
1.172552903991334824e+04
1.174294859144566362e+04
1.176033335637702839e+04
1.177760791494011210e+04
1.179490757878564182e+04
1.181231705215277179e+04
1.182971722568944642e+04
1.184700661875414880e+04
1.186428871754707507e+04
1.188168269152456742e+04
1.189909764182682557e+04
1.191640444080991438e+04
1.193367443928123612e+04
1.195104942055149513e+04
1.196847237029473763e+04
1.198580141618195921e+04
1.200306452039187934e+04
1.202041947024215915e+04
1.203784616450347676e+04
1.205519543252842777e+04
1.207245827872625523e+04
1.208979028007842680e+04
1.210721426352808703e+04
1.212458610031142598e+04
1.214185420791225260e+04
1.215916620440288170e+04
1.217658269474881490e+04
1.219397272284639621e+04
1.221125235487903774e+04
1.222854443450132567e+04
1.224594891755309072e+04
1.226335530940766694e+04
1.228065039889927175e+04
1.229792772430176410e+04
1.231531459094768070e+04
1.233273305578482541e+04
1.235004847157911354e+04
1.236731516436438869e+04
1.238468404227923384e+04
1.240210888611708651e+04
1.241944450732309997e+04
1.243670686920576554e+04
1.245405249785677370e+04
1.247147892925864289e+04
1.248883720903703579e+04
1.250610102134310910e+04
1.252342640290349482e+04
1.254084800093661397e+04
1.255822643355344007e+04
1.257549823766759255e+04
1.259280209395252314e+04
1.261021528066932296e+04
1.262761178770781044e+04
1.264489617342134079e+04
1.266218279346081545e+04
1.267958035729948097e+04
1.269699212282735607e+04
1.271429469237152080e+04
1.273156733144182726e+04
1.274894878615608832e+04
1.276636950635049652e+04
1.278369175663747592e+04
1.280095629921008367e+04
1.281831554928088917e+04
1.283574212519448702e+04
1.285308635708658949e+04
1.287034857672673752e+04
1.288768757108370846e+04
1.290511242289604706e+04
1.292247824633283926e+04
1.293974442179279504e+04
1.295706097865205811e+04
1.297448090579142081e+04
1.299186596164096954e+04
1.300914165406145548e+04
1.302643902365427493e+04
1.304384607598381626e+04
1.306124939341225399e+04
1.307854031297549591e+04
1.309582108168532795e+04
1.311321398248762307e+04
1.313062878102430477e+04
1.314793822826306132e+04
1.316520724262057047e+04
1.318258007936303875e+04
1.320000434508345279e+04
1.321733480031772524e+04
1.323459754908487048e+04
1.325194975423045980e+04
1.326937570349354246e+04
1.328672825563589868e+04
1.330399103756189652e+04
1.332132159659500576e+04
1.333874570450804822e+04
1.335611831459803943e+04
1.337338724335556253e+04
1.339069641959956607e+04
1.340811157402272693e+04
1.342550452047717772e+04
1.344278533091503414e+04
1.346007652156268887e+04
1.347747921500768098e+04
1.349488655507526346e+04
1.351218388276186670e+04
1.352945936415631331e+04
1.354684497049954734e+04
1.356426446196174948e+04
1.358158108579912368e+04
1.359884728138961873e+04
1.361621258867534198e+04
1.363363784467402365e+04
1.365097681209158691e+04
1.366823891832616209e+04
1.368558380751231380e+04
1.370300991874847023e+04
1.372036939284951586e+04
1.373763378381693110e+04
1.375495572327685295e+04
1.377237700711303114e+04
1.378975804998544845e+04
1.380703057810703467e+04
1.382433350136852096e+04
1.384174488232605472e+04
1.385914279699317558e+04
1.387642961398861735e+04
1.389371394699818120e+04
1.391111107721361623e+04
1.392852369865942819e+04
1.394582743359687629e+04
1.396309948871503730e+04
1.398047729016234734e+04
1.399789946192069146e+04
1.401522489197954201e+04
1.403248841370107402e+04
1.404984724487390122e+04
1.406727323404169874e+04
1.408461895556326999e+04
1.410188158720473257e+04
1.411921684134673887e+04
1.413664194994518039e+04
1.415401045055393843e+04
1.417127704097558308e+04
1.418859268946632437e+04
1.420601064487038639e+04
1.422339781447693349e+04
1.424067538782218617e+04
1.425797018100551941e+04
1.427537720664334120e+04
1.429278116729860994e+04
1.431007307041189415e+04
1.432735293364985046e+04
1.434474245219533441e+04
1.436215926599008890e+04
1.437947138160527538e+04
1.439673915535543892e+04
1.441411127943467000e+04
1.443153531202558224e+04
1.444886731430276268e+04
1.446613008358099250e+04
1.448347936314908657e+04
1.450090598570586008e+04
1.451826080725859902e+04
1.453552389489598136e+04
1.455285272608132436e+04
1.457027558249797585e+04
1.458765080665320056e+04
1.460492109853929287e+04
1.462222820618735386e+04
1.463964319781537415e+04
1.465703709202060418e+04
1.467431911638824022e+04
1.469160817130448777e+04
1.470900840833136681e+04
1.472641816693533474e+04
1.474371773568107528e+04
1.476099234592265930e+04
1.477837659947766224e+04
1.479579630120845286e+04
1.481311513485756586e+04
1.483038045114587294e+04
1.484774349668236391e+04
1.486516932838502726e+04
1.488251013723572942e+04
1.489977234722409048e+04
1.491711443687292194e+04
1.493454003940136317e+04
1.495190258567609817e+04
1.496916783008160201e+04
1.498648836107947318e+04
1.500390912966415453e+04
1.502129131043092639e+04
1.503856523662686959e+04
1.505586517648935842e+04
1.507327479375434632e+04
1.509067551392184032e+04
1.510796372457144935e+04
1.512524757588588182e+04
1.514264281469086200e+04
1.516005620222683865e+04
1.517736258576243199e+04
1.519463304803312349e+04
1.521200948479158615e+04
1.522943237323908033e+04
1.524675911332164469e+04
1.526402286120882491e+04
1.528137805125369050e+04
1.529880443383692182e+04
1.531615384738555440e+04
1.533341637831356638e+04
1.535075087225390962e+04
1.536817550676658720e+04
1.538554494628221073e+04
1.540281303814103376e+04
1.542012495584085627e+04
1.543754189898318327e+04
1.545493218841986709e+04
1.547221065465062748e+04
1.548950463528573709e+04
1.550690950834694195e+04
1.552431463474989505e+04
1.554160983223087896e+04
1.555888730096763175e+04
1.557627590197694371e+04
1.559369408076311811e+04
1.561100715069875514e+04
1.562827471748742755e+04
1.564564310364376979e+04
1.566306758189133689e+04
1.568040357501794279e+04
1.569766567637433764e+04
1.571501389864880002e+04
1.573244066375855255e+04
1.574979661793705600e+04
1.576706064555693956e+04
1.578438572799372560e+04
1.580180783419000363e+04
1.581918637234781454e+04
1.583645737734008071e+04
1.585376298342346672e+04
1.587117592167101247e+04
1.588857124266251776e+04
1.590585592163624460e+04
1.592314266390772536e+04
1.594054207069161566e+04
1.595795298024899239e+04
1.597525376573372341e+04
1.599252734807755769e+04
1.600990825416412554e+04
1.602732909091411420e+04
1.604465138817313164e+04
1.606191602595836048e+04
1.607927780884151798e+04
1.609670389013650856e+04
1.611404622593802196e+04
1.613130864073171688e+04
1.614864771373300027e+04
1.616607341982435537e+04
1.618343880015988725e+04
1.620070439945210092e+04
1.621802288540790141e+04
1.623544229024034212e+04
1.625282686506342543e+04
1.627010254904557951e+04
1.628740051786989352e+04
1.630480932605628004e+04
1.632221131614830119e+04
1.633950109276375770e+04
1.635678273135747258e+04
1.637417494141300449e+04
1.639159033519974764e+04
1.640889946252462687e+04
1.642616913409544213e+04
1.644354389671540048e+04
1.646096704339955613e+04
1.647829639164841137e+04
1.649555933424220348e+04
1.651291182726154875e+04
1.653033858371045790e+04
1.654769019674845549e+04
1.656495303248181881e+04
1.658228461231348047e+04
1.659970808922925789e+04
1.661708079505875503e+04
1.663434971387687619e+04
1.665165982847537089e+04
1.666907635609228964e+04
1.668646746536776845e+04
1.670374771651647461e+04
1.672103921139934027e+04
1.673844174926630512e+04
1.675584978213356226e+04
1.677314649784989524e+04
1.679042301859935105e+04
1.680781004023618152e+04
1.682522825275077048e+04
1.684254444490908645e+04
1.685981056247376546e+04
1.687717680169759842e+04
1.689460264460775579e+04
1.691194007239429629e+04
1.692920245479238292e+04
1.694654756533842738e+04
1.696397320267852774e+04
1.698133308923064033e+04
1.699859723912605114e+04
1.701592053434727859e+04
1.703334265466666693e+04
1.705072180636605117e+04
1.706799417146593623e+04
1.708529685243805943e+04
1.710270806185664333e+04
1.712010701151026660e+04
1.713739286758491653e+04
1.715467843729069500e+04
1.717207617786040646e+04
1.718948750002247107e+04
1.720679161065809603e+04
1.722406353330130878e+04
1.724144268529484543e+04
1.725886503414324761e+04
1.727618855484217420e+04
1.729345284623342741e+04
1.731081120789292618e+04
1.732823712198681460e+04
1.734558364715766947e+04
