0.000000000000000000e+00
1.735354067844685133e+01
3.466204618098198864e+01
5.196609424941564725e+01
6.931404263912892816e+01
8.666582870961087792e+01
1.039752094767035970e+02
1.212698044762696270e+02
1.386032126078862916e+02
1.559597526899310083e+02
1.732743222160611936e+02
1.905742968896387879e+02
2.079112207799387875e+02
2.252747559344007868e+02
2.425956382220990690e+02
2.598888556721675513e+02
2.772138400380713392e+02
2.945673371884446397e+02
3.118932836505177875e+02
3.291880395303233513e+02
3.465068110065818132e+02
3.638733477081333945e+02
3.812071576904228323e+02
3.985075680753545839e+02
4.158244600687301045e+02
4.331785969885212921e+02
4.505134695247342052e+02
4.678068687397272924e+02
4.851152932072268982e+02
5.024679435694511085e+02
5.198172590025180853e+02
5.371220586714614456e+02
5.544283880424536619e+02
5.717831290184819863e+02
5.891301086111611767e+02
6.064333485306206057e+02
6.237330941995915055e+02
6.410701948323269335e+02
6.584241347178381147e+02
6.757339017025155954e+02
6.930360941572387219e+02
7.103786914757724844e+02
7.277404291293474898e+02
7.450564617971440384e+02
7.623505208909932662e+02
7.796803704715501908e+02
7.970350994352783118e+02
8.143528092532167193e+02
8.316495461252220593e+02
8.489753979090580742e+02
8.663407271568214583e+02
8.836700577905301088e+02
9.009679673346155369e+02
9.182900701446531002e+02
9.356451283985122700e+02
9.529759898158985152e+02
9.702684321593619643e+02
9.875792650199127820e+02
1.004938046918832924e+03
1.022278949002690752e+03
1.039581622649916881e+03
1.056895708520209155e+03
1.074251138490766607e+03
1.091593885796696895e+03
1.108891216372044255e+03
1.126195238795181012e+03
1.143538805518493746e+03
1.160889367407663258e+03
1.178195505005004179e+03
1.195496769874074744e+03
1.212848076720897097e+03
1.230203213710680757e+03
1.247514864670224597e+03
1.264813130762106539e+03
1.282145897633070035e+03
1.299500034745577523e+03
1.316810719759781477e+03
1.334108733504707516e+03
1.351441367291828556e+03
1.368806473082144748e+03
1.386130436941502921e+03
1.403426412868209582e+03
1.420755226499964920e+03
1.438111595922825472e+03
1.455434833472229911e+03
1.472728454596405754e+03
1.490042817508935968e+03
1.507404337583953293e+03
1.524737630847954733e+03
1.542039507736449195e+03
1.559357402292552706e+03
1.576716574866321707e+03
1.594055291981377877e+03
1.611349433272655688e+03
1.628656655074649734e+03
1.646006868859791211e+03
1.663349695306852482e+03
1.680653155879673250e+03
1.697960589460496294e+03
1.715314812539207651e+03
1.732666907456904937e+03
1.749972822532042073e+03
1.767275309597832347e+03
1.784613353343307153e+03
1.801965080906785261e+03
1.819270470122189636e+03
1.836568602119093157e+03
1.853910453148642091e+03
1.871271427560078337e+03
1.888589956586683002e+03
1.905889347816694681e+03
1.923221504091392944e+03
1.940578580900217958e+03
1.957893437963557972e+03
1.975189006350049112e+03
1.992510774373500908e+03
2.009873014527655414e+03
2.027202246708897974e+03
2.044499719181379533e+03
2.061825866359203246e+03
2.079185795017226155e+03
2.096518464620230588e+03
2.113812215276669122e+03
2.131120691616554723e+03
2.148475753503265878e+03
2.165811717395948108e+03
2.183114717563770228e+03
2.200426367940115597e+03
2.217784820030792162e+03
2.235132758461889352e+03
2.252432481046823341e+03
2.269738694877572016e+03
2.287083581781003431e+03
2.304429703851291379e+03
2.321733339812325994e+03
2.339032061787409475e+03
2.356379955633905865e+03
2.373736408049961938e+03
2.391051659362131431e+03
2.408352188975207810e+03
2.425688807651429670e+03
2.443045018866532700e+03
2.460353289663343276e+03
2.477648774660717208e+03
2.494978844283798935e+03
2.512338982470980227e+03
2.529662127372586838e+03
2.546961331928810978e+03
2.564291186139477759e+03
2.581653195397162563e+03
2.598977482363049603e+03
2.616272328850688154e+03
2.633586219411749880e+03
2.650943775607017415e+03
2.668273630757546471e+03
2.685571949511559069e+03
2.702890400673544264e+03
2.720251531469973088e+03
2.737593178302145134e+03
2.754891516219607638e+03
2.772199289549490459e+03
2.789550533456515950e+03
2.806889243227249153e+03
2.824191247460572413e+03
2.841494101518855132e+03
2.858845396883993999e+03
2.876199972705761411e+03
2.893506824061481893e+03
2.910812932358564922e+03
2.928156253995418410e+03
2.945508668492940160e+03
2.962813564380074240e+03
2.980107697147462204e+03
2.997445324033343240e+03
3.014802200055204594e+03
3.032122645982653012e+03
3.049422086930956084e+03
3.066756468290752764e+03
3.084119520002429908e+03
3.101435493607338685e+03
3.118731397903666220e+03
3.136052773342561522e+03
3.153409595544459535e+03
3.170735085576477559e+03
3.188031469260680751e+03
3.205356520832194292e+03
3.222719260908498654e+03
3.240056319210078073e+03
3.257353528756593732e+03
3.274664285943914820e+03
3.292019525859751866e+03
3.309351300895125860e+03
3.326650083348044063e+03
3.343959506436941410e+03
3.361315663741172102e+03
3.378664339507089608e+03
3.395968590654217223e+03
3.413276593422697715e+03
3.430626216671599650e+03
3.447972071551502722e+03
3.465275137267613900e+03
3.482571445148480507e+03
3.499915216012966084e+03
3.517269814289476017e+03
3.534582666173147118e+03
3.551885559354826910e+03
3.569226593533237065e+03
3.586586396161270386e+03
3.603896667479447842e+03
3.621190698900321877e+03
3.638520190243875732e+03
3.655874883513545683e+03
3.673197352311651230e+03
3.690493505086418736e+03
3.707821711902040988e+03
3.725188378573937371e+03
3.742514987785792073e+03
3.759813274888538672e+03
3.777130361300520235e+03
3.794486498074629708e+03
3.811813753785714653e+03
3.829108335018900107e+03
3.846424493206380703e+03
3.863782712686343075e+03
3.881128006606320469e+03
3.898428413573364196e+03
3.915738246931156937e+03
3.933094143117167732e+03
3.950432387059227949e+03
3.967733412040006897e+03
3.985034396168456169e+03
4.002380844969214195e+03
4.019731882142183622e+03
4.037039380009533033e+03
4.054346252622402062e+03
4.071693272716172942e+03
4.089049770471220654e+03
4.106356767833354752e+03
4.123650934861396308e+03
4.140987620568043894e+03
4.158339535674127546e+03
4.175656025740069708e+03
4.192953551607344707e+03
4.210288299750281112e+03
4.227653535866483253e+03
4.244974203428557303e+03
4.262271326703740669e+03
4.279596144387456661e+03
4.296951545445188458e+03
4.314274990115830406e+03
4.331567443941280544e+03
4.348888389027959420e+03
4.366250963290916843e+03
4.383588236897418028e+03
4.400888319796215001e+03
4.418204438443059189e+03
4.435562742768455792e+03
4.452895330994652795e+03
4.470191153175417639e+03
4.487498387610270584e+03
4.504848707644926435e+03
4.522196772924775360e+03
4.539500557551027669e+03
4.556807812131657556e+03
4.574163235389312831e+03
4.591511991838291578e+03
4.608817591005215945e+03
4.626114763699506511e+03
4.643454650957193735e+03
4.660805229985568076e+03
4.678115164532528070e+03
4.695417435276781362e+03
4.712757837440791263e+03
4.730122099193374197e+03
4.747436711397129329e+03
4.764732561764138154e+03
4.782065096814490971e+03
4.799417716579464468e+03
4.816737152647392577e+03
4.834030374187253074e+03
4.851354840337270616e+03
4.868719905663258032e+03
4.886049027259042305e+03
4.903349913506224766e+03
4.920671373471615880e+03
4.938030385026818294e+03
4.955358017917424149e+03
4.972650071586316699e+03
4.989963990804395507e+03
5.007318175514214090e+03
5.024660347064584130e+03
5.041960673587978818e+03
5.059273204997729408e+03
5.076632212103153506e+03
5.093974832320786845e+03
5.111275748421869139e+03
5.128578300563031007e+03
5.145922012847857332e+03
5.163270088970990400e+03
5.180573918241259889e+03
5.197877672226793948e+03
5.215226655231137556e+03
5.232585519325081805e+03
5.249896684231189283e+03
5.267193852956061164e+03
5.284531515393427981e+03
5.301883137725236338e+03
5.319195441094586386e+03
5.336491624449085975e+03
5.353822087556096449e+03
5.371186336736815065e+03
5.388509363931247208e+03
5.405807201305940907e+03
5.423137127989921282e+03
5.440494499603895747e+03
5.457819277609618439e+03
5.475110037791799186e+03
5.492426679390660865e+03
5.509785699869391465e+03
5.527119587954537565e+03
5.544421244556335296e+03
5.561738361000208897e+03
5.579100720732654736e+03
5.596437025169660956e+03
5.613733343608192627e+03
5.631042346045554041e+03
5.648389403588467758e+03
5.665733407800667919e+03
5.683033690806073537e+03
5.700339435932306515e+03
5.717695487579250766e+03
5.735047506554551546e+03
5.752356298721340863e+03
5.769657444268761537e+03
5.786998365393161293e+03
5.804347702396566092e+03
5.821653145110673904e+03
5.838952878534503725e+03
5.856290263870228955e+03
5.873653499199666840e+03
5.890969794856277076e+03
5.908269056677892877e+03
5.925605480988244381e+03
5.942961765235117127e+03
5.960279669668609131e+03
5.977572005506464848e+03
5.994892636269931245e+03
6.012253729944990482e+03
6.029581191091251640e+03
6.046880815362290377e+03
6.064205255249054062e+03
6.081568014773130017e+03
6.098900791823849431e+03
6.116193580920311433e+03
6.133506437118729991e+03
6.150858889545403144e+03
6.168195846772998266e+03
6.185495662011855529e+03
6.202805978340258662e+03
6.220165399483679721e+03
6.237512350741510090e+03
6.254814739015677333e+03
6.272121528357416537e+03
6.289465933880093871e+03
6.306812997298611663e+03
6.324112955296996006e+03
6.341413245884932621e+03
6.358759242538408216e+03
6.376115979464217162e+03
6.393430925649567143e+03
6.410731615124897871e+03
6.428071855580381452e+03
6.445426274885356179e+03
6.462736762171842201e+03
6.480033335764933327e+03
6.497359424142801799e+03
6.514720348632914465e+03
6.532040581093124274e+03
6.549338786441645425e+03
6.566671581721207986e+03
6.584032904352928199e+03
6.601360308121058551e+03
6.618653106128364016e+03
6.635969308694452593e+03
6.653325341847283198e+03
6.670654602214267470e+03
6.687953991441343533e+03
6.705268530444669523e+03
6.722632121315617042e+03
6.739972754583511232e+03
6.757271999423355737e+03
6.774584145135200743e+03
6.791933623007624192e+03
6.809274694656206520e+03
6.826572539626632533e+03
6.843874661220157577e+03
6.861226573165587979e+03
6.878578877501518946e+03
6.895888299339821970e+03
6.913192691882259169e+03
6.930537954828489092e+03
6.947891328671997144e+03
6.965194956860196726e+03
6.982492341894198034e+03
6.999826903947889150e+03
7.017184396588214440e+03
7.034501561754190334e+03
7.051801367479582041e+03
7.069138409936622338e+03
7.086500339518899636e+03
7.103820495483274499e+03
7.121115924503730639e+03
7.138435824542709270e+03
7.155793853845112608e+03
7.173115704992254905e+03
7.190413116587704280e+03
7.207737568830966666e+03
7.225100438545338875e+03
7.242437378175951380e+03
7.259733870484563340e+03
7.277048621638906297e+03
7.294402932447908825e+03
7.311736607791758615e+03
7.329035147227750713e+03
7.346340567821710465e+03
7.363697735440540782e+03
7.381044567945001290e+03
7.398349238966635312e+03
7.415659707179091129e+03
7.433008805848825432e+03
7.450357579825960784e+03
7.467656823031921704e+03
7.484954763916866796e+03
7.502297499838264230e+03
7.519650683473876597e+03
7.536964680951559785e+03
7.554264776600031837e+03
7.571607947845639501e+03
7.588967841186267833e+03
7.606280200290359971e+03
7.623577532737643196e+03
7.640904198558257121e+03
7.658260973226142596e+03
7.675578418474956379e+03
7.692874807769989275e+03
7.710204271908060946e+03
7.727568121491582133e+03
7.744898533323676020e+03
7.762195094840724778e+03
7.779513202399632064e+03
7.796871175493448391e+03
7.814196854668056403e+03
7.831493204231031996e+03
7.848805791210553252e+03
7.866164861928464234e+03
7.883506642952237598e+03
7.900808775348411473e+03
7.918121463159041014e+03
7.935476057200495234e+03
7.952818201919239073e+03
7.970117340800610691e+03
7.987416692494300150e+03
8.004765096332574103e+03
8.022113063719089041e+03
8.039420623235466337e+03
8.056727405356542477e+03
8.074073832298614434e+03
8.091431780331645314e+03
8.108737550764790285e+03
8.126035573538703829e+03
8.143370905020570717e+03
8.160723564101766897e+03
8.178038470699077152e+03
8.195333821047854144e+03
8.212669572746304766e+03
8.230033799257946157e+03
8.247356565596481232e+03
8.264655771528130572e+03
8.281979400360236468e+03
8.299337511108153194e+03
8.316656533280432996e+03
8.333950537079301284e+03
8.351271131521736606e+03
8.368631105919424954e+03
8.385969506984452892e+03
8.403267232260623132e+03
8.420585083112346183e+03
8.437944805151448236e+03
8.455278884546867630e+03
8.472576930781069677e+03
8.489881019999067576e+03
8.507232699998221506e+03
8.524576279360306216e+03
8.541881031614302628e+03
8.559189998736363123e+03
8.576543230262279394e+03
8.593896452110217069e+03
8.611199513029547234e+03
8.628497627419415949e+03
8.645840110169225227e+03
8.663188112329382420e+03
8.680498599077982362e+03
8.697797513126995909e+03
8.715138285614557390e+03
8.732500588228693232e+03
8.749817246606460685e+03
8.767116159580500607e+03
8.784447114232434615e+03
8.801803029225558930e+03
8.819119633735361276e+03
8.836411335671336928e+03
8.853737917206528437e+03
8.871099799406983948e+03
8.888429693065561878e+03
8.905730040210359221e+03
8.923051637718950587e+03
8.940413687997128363e+03
8.957739487539984111e+03
8.975034793481281667e+03
8.992346459569249419e+03
9.009699678138335003e+03
9.027040160350832593e+03
9.044339043524889348e+03
9.061652720340129235e+03
9.079012265343921172e+03
9.096357753976761160e+03
9.113659586033776577e+03
9.130960509382375676e+03
9.148307093936735328e+03
9.165650574968472938e+03
9.182955879874916718e+03
9.200259592794434866e+03
9.217604622021455725e+03
9.234966216929829898e+03
9.252274969718746434e+03
9.269575082461095008e+03
9.286914905165369419e+03
9.304266575787389229e+03
9.321579086578880379e+03
9.338871694596877205e+03
9.356203003772836382e+03
9.373563852808511001e+03
9.390889052427641218e+03
9.408188919253827407e+03
9.425516890537339350e+03
9.442879334372923040e+03
9.460200843162183446e+03
9.477493055637489306e+03
9.494811879536573542e+03
9.512166864912651363e+03
9.529501241099758772e+03
9.546799836589609185e+03
9.564117862635723213e+03
9.581480345626288909e+03
9.598818707730551978e+03
9.616118386957714392e+03
9.633425364699756756e+03
9.650774716334955883e+03
9.668115988208544877e+03
9.685415241929664262e+03
9.702722221918178548e+03
9.720076346076748450e+03
9.737430430773767512e+03
9.754738328945903049e+03
9.772039892518696433e+03
9.789384352613742521e+03
9.806731428219223744e+03
9.824039284186368604e+03
9.841335822662760620e+03
9.858671813934543025e+03
9.876034310991526581e+03
9.893350259616658150e+03
9.910650613577026888e+03
9.927987998899101513e+03
9.945346526182825983e+03
9.962664679792131210e+03
9.979955139017103647e+03
9.997278627366789806e+03
1.001463593771581509e+04
1.003196500219222798e+04
1.004926446880168987e+04
1.006658601554595225e+04
1.008395278658660936e+04
1.010128327497840655e+04
1.011857905701728123e+04
1.013589332119537721e+04
1.015324405634275172e+04
1.017058087897210316e+04
1.018787735263993090e+04
1.020518818933973671e+04
1.022254631716484437e+04
1.023989543895077259e+04
1.025719966272891543e+04
1.027450427402047717e+04
1.029185309528879770e+04
1.030919726118076323e+04
1.032649858142871199e+04
1.034380017738347669e+04
1.036114181175547674e+04
1.037850004413893839e+04
1.039581190866263205e+04
1.041311423160929189e+04
1.043045645098363457e+04
1.044781126283729100e+04
1.046512448813609080e+04
1.048241750557368505e+04
1.049974525293302213e+04
1.051710418854709496e+04
1.053442407045650179e+04
1.055172289413120598e+04
1.056905444250061191e+04
1.058641838184436347e+04
1.060374467653724423e+04
1.062103769777227899e+04
1.063835701373274787e+04
1.065571069888436614e+04
1.067304217606102247e+04
1.069033842955172440e+04
1.070765208928516404e+04
1.072501627160650969e+04
1.074235625222870112e+04
1.075965730983813046e+04
1.077696940387384529e+04
1.079432002323070083e+04
1.081166090375091153e+04
1.082895675975161794e+04
1.084626092970405443e+04
1.086361023593930440e+04
1.088096329959474679e+04
1.089827274483797555e+04
1.091557556514067983e+04
1.093292491194736431e+04
1.095027582032841565e+04
1.096758270419503606e+04
1.098488045313047405e+04
1.100221195802265720e+04
1.101956955255223511e+04
1.103688365576829528e+04
1.105418415555775937e+04
1.107152166418418346e+04
1.108888460643115832e+04
1.110620606719342322e+04
1.112349904483361388e+04
1.114082303737401526e+04
1.115817861505521068e+04
1.117550161107505846e+04
1.119279889962609741e+04
1.121011932480249561e+04
1.122748453167740809e+04
1.124481867617372700e+04
1.126211761305735490e+04
1.127943534432737215e+04
1.129678862269237288e+04
1.131412435427148557e+04
1.133141872246808998e+04
1.134872518215110176e+04
1.136608124117981788e+04
1.138342799762180584e+04
1.140073300401714914e+04
1.141804275652887736e+04
1.143539389718791790e+04
1.145274231576678721e+04
1.147004225362562283e+04
1.148734293211432669e+04
1.150468214019681909e+04
1.152203652970476833e+04
1.153934755834657335e+04
1.155664699576642306e+04
1.157399208463746618e+04
1.159135109697385451e+04
1.160866703449369197e+04
1.162596351368230171e+04
1.164328996947021369e+04
1.166064649281129823e+04
1.167796175651181693e+04
1.169525880551052433e+04
1.171258720494589579e+04
1.172995184900369532e+04
1.174728245503897961e+04
1.176457773804892349e+04
1.178190035167686437e+04
1.179925627289640943e+04
1.181658482846988045e+04
1.183388005402609269e+04
1.185118931040226016e+04
1.186854938370641321e+04
1.188588827324265003e+04
1.190319208534497375e+04
1.192050560729460267e+04
1.193786081898396333e+04
1.195520477144523829e+04
1.197250061771299079e+04
1.198980346755968822e+04
1.200714998636156452e+04
1.202449754578424836e+04
1.204180481098411656e+04
1.205910838617020272e+04
1.207645816844637375e+04
1.209381425734605727e+04
1.211112348535992351e+04
1.212842328652535070e+04
1.214575626517112505e+04
1.216311086431871081e+04
1.218042104724866658e+04
1.219771767864781032e+04
1.221505331951299559e+04
1.223241686773513720e+04
1.224974060974303575e+04
1.226703824959838676e+04
1.228436461787751614e+04
1.230172317218264834e+04
1.231904291325110535e+04
1.233633823932826090e+04
1.235365480551267319e+04
1.237101597801702883e+04
1.238835137444379143e+04
1.240565026341767043e+04
1.242297010769601911e+04
1.244032886908830915e+04
1.245766668487712741e+04
1.247496272504169065e+04
1.249226650742735364e+04
1.250961867010258720e+04
1.252695979410316977e+04
1.254426511405085330e+04
1.256157397691221922e+04
1.257892679556475923e+04
1.259628069863576820e+04
1.261358325713397971e+04
1.263088546078318905e+04
1.264822615968653190e+04
1.266557599061627479e+04
1.268288412062464340e+04
1.270018051002359061e+04
1.271752343456112430e+04
1.273488339564744820e+04
1.275220289532176139e+04
1.276950288706302672e+04
1.278683344264901098e+04
1.280419143491609793e+04
1.282150423052090991e+04
1.283879888405773636e+04
1.285612416595680588e+04
1.287348473422186362e+04
1.289081457852512904e+04
1.290811293937322262e+04
1.292543783451340278e+04
1.294279912460144442e+04
1.296012853115189500e+04
1.297742434907777351e+04
1.299473324575015977e+04
1.301208890887336020e+04
1.302942551408497275e+04
1.304672629658370715e+04
1.306403935497987914e+04
1.308139742820141328e+04
1.309874479977810188e+04
1.311604529021166854e+04
1.313334830865166441e+04
1.315069555357964964e+04
1.316803892491431907e+04
1.318534456539573512e+04
1.320264476790181652e+04
1.321999089051839474e+04
1.323734996776008484e+04
1.325466115244528919e+04
1.327196341420027602e+04
1.328930099449293630e+04
1.330665608342674386e+04
1.332396621901903018e+04
1.334125838677142019e+04
1.335859072238219051e+04
1.337595045189051052e+04
1.339327534451339307e+04
1.341057500755450747e+04
1.342790261817689316e+04
1.344526642488043763e+04
1.346258693545893038e+04
1.347988260275128778e+04
1.349719901614368064e+04
1.351455461501411446e+04
1.353188690602030329e+04
1.354918362712466478e+04
1.356650382072940556e+04
1.358386500797615190e+04
1.360120691851602533e+04
1.361850581039384997e+04
1.363581160968540462e+04
1.365316348666883277e+04
1.367050072445425576e+04
1.368780218008260090e+04
1.370510816841063570e+04
1.372245933369089835e+04
1.373981448887971965e+04
1.375712053181290321e+04
1.377442518333719272e+04
1.379177034489958896e+04
1.380911969790368312e+04
1.382642692126330439e+04
1.384372072492713596e+04
1.386105903845549619e+04
1.387841706379519565e+04
1.389573592588808970e+04
1.391303625882131746e+04
1.393037161727177954e+04
1.394773376231715883e+04
1.396504927386813506e+04
1.398234195329553404e+04
1.399966598453041843e+04
1.401702143820796118e+04
1.403434970284690644e+04
1.405164681562893020e+04
1.406896917831399332e+04
1.408633486831133268e+04
1.410366694245870349e+04
1.412096565032354920e+04
1.413827747482668929e+04
1.415563087774406813e+04
1.417296467019730517e+04
1.419026107588253581e+04
1.420757285079774010e+04
1.422492924894853422e+04
1.424227911060585393e+04
1.425958305569955337e+04
1.427688868878880021e+04
1.429423964102470563e+04
1.431158209530118984e+04
1.432888627363972773e+04
1.434618478769040303e+04
1.436352590881294964e+04
1.438088279341672751e+04
1.439819344423971597e+04
1.441549782704529935e+04
1.443284004114858544e+04
1.445019825740489978e+04
1.446751003673865853e+04
1.448480179668993878e+04
1.450213257307458116e+04
1.451948712916547811e+04
1.453680919818588882e+04
1.455410610542710128e+04
1.457143433277919939e+04
1.458880134981104311e+04
1.460612648563735638e+04
1.462342294829611274e+04
1.464074278377194241e+04
1.465809700416608757e+04
1.467542626026222206e+04
1.469271989438433593e+04
1.471003556784273314e+04
1.472739598177092921e+04
1.474473974143701162e+04
1.476204075301684679e+04
1.477935139913658713e+04
1.479670633810061190e+04
1.481404458716280715e+04
1.483134260033412647e+04
1.484864640445468467e+04
1.486599273133604038e+04
1.488334513551959208e+04
1.490065298802059624e+04
1.491795716999362048e+04
1.493530685291590453e+04
1.495265944915536966e+04
1.496996896034490783e+04
1.498726370921923080e+04
1.500459811278660527e+04
1.502195283759795166e+04
1.503926663950422517e+04
1.505656703405437111e+04
1.507390322903189372e+04
1.509126820761467025e+04
1.510858882342338620e+04
1.512588326315839367e+04
1.514320975399406962e+04
1.516056298101743960e+04
1.517788786641149636e+04
1.519518126853931244e+04
1.521250009281161692e+04
1.522986592236447541e+04
1.524719970214232671e+04
1.526450098840743703e+04
1.528181799237499581e+04
1.529917419875920314e+04
1.531650791283909348e+04
1.533380138713293854e+04
1.535111055511725135e+04
1.536846222794025016e+04
1.538581040254057734e+04
1.540311371971610060e+04
1.542042129897776977e+04
1.543777674068449051e+04
1.545512398437988668e+04
1.547242754653533848e+04
1.548972715158400570e+04
1.550706532693675035e+04
1.552441789950932070e+04
1.554172619900475547e+04
1.555902810691130435e+04
1.557637091294563288e+04
1.559373331455475818e+04
1.561104871898239253e+04
1.562834363840157675e+04
1.564567535133628007e+04
1.566302949773096771e+04
1.568034666625684622e+04
1.569764242384671161e+04
1.571496766196111457e+04
1.573233246296776997e+04
1.574966131428164772e+04
1.576695924559644482e+04
1.578428260726599183e+04
1.580163889397452658e+04
1.581896926581512162e+04
1.583626105164432556e+04
1.585357268190253671e+04
1.587093032557429069e+04
1.588826949628012517e+04
1.590557242966227568e+04
1.592288621702979799e+04
1.594024394126075640e+04
1.595758622583678880e+04
1.597488412832190807e+04
1.599218914832703013e+04
1.600953259882400744e+04
1.602688183684422802e+04
1.604418587289525749e+04
1.606148746120840951e+04
1.607883950804719643e+04
1.609619492197620457e+04
1.611350715182869499e+04
1.613080581637339856e+04
1.614814076807316451e+04
1.616549390954664523e+04
1.618280352927881177e+04
1.620010160803845611e+04
1.621743343719631230e+04
1.623479863625289181e+04
1.625212082669538722e+04
1.626941821747033282e+04
1.628674918754758801e+04
1.630410625802449249e+04
1.632142925442606793e+04
1.633872190531294837e+04
1.635603681349114413e+04
1.637339754355638979e+04
1.639073055827030839e+04
1.640803193657585871e+04
1.642535028115011664e+04
1.644271114986941393e+04
1.646004950008148080e+04
1.647734372321301635e+04
1.649465212225101641e+04
1.651200190986783855e+04
1.652934394064848311e+04
1.654664672904135659e+04
1.656395384941251905e+04
1.658130842748043506e+04
1.659866071645612828e+04
1.661596682758927636e+04
1.663326988712805178e+04
1.665060912843728875e+04
1.666796040871347577e+04
1.668526443824390299e+04
1.670256235336195095e+04
1.671990401813848439e+04
1.673726407540197397e+04
1.675458267252645237e+04
1.677188224683312365e+04
1.678921592546753527e+04
1.680657299090792731e+04
1.682388772840689853e+04
1.684118328693850344e+04
1.685850455169583074e+04
1.687586619527879157e+04
1.689319298103213805e+04
1.691049053649103735e+04
1.692781822693313006e+04
1.694517855633576619e+04
1.696251159849521719e+04
1.697980506785873513e+04
1.699711514655597421e+04
1.701446982132275298e+04
1.703180448256584350e+04
1.704910618222767152e+04
1.706641654264294630e+04
1.708377637374667393e+04
1.710112335776306281e+04
1.711842387990410498e+04
1.713573167005871801e+04
1.715307722930803720e+04
1.717042299535064376e+04
1.718772448633779641e+04
1.720502315696399819e+04
1.722237043550098679e+04
1.723972622655431041e+04
1.725704097589331650e+04
1.727434184180284501e+04
1.729168092830957175e+04
1.730903741986057139e+04
1.732634546293775566e+04
