0.000000000000000000e+00
1.715417407515061043e+01
3.427275928254699977e+01
5.140682157188219037e+01
6.853646613454637304e+01
8.573501226703342581e+01
1.029126047753036346e+02
1.200933317840375310e+02
1.372485513151625867e+02
1.543862401595051779e+02
1.715257352339047827e+02
1.887241499575191028e+02
2.059390257201516761e+02
2.230910989267175069e+02
2.402519249792331948e+02
2.574022493595874721e+02
2.746169208433267386e+02
2.917661526576696929e+02
3.089011881413112519e+02
3.260749258230044916e+02
3.432181532419275527e+02
3.603766122263253919e+02
3.775618518288285372e+02
3.948042841681302093e+02
4.119497739169669330e+02
4.290989855702517843e+02
4.462279254569513114e+02
4.634220380900420082e+02
4.805988861571127018e+02
4.977656417312931580e+02
5.149442587870291845e+02
5.320873454098556294e+02
5.492314579358256879e+02
5.664121460806086361e+02
5.836414083911547550e+02
6.007864172668050742e+02
6.179273616333207428e+02
6.350662954237459417e+02
6.522572622973984835e+02
6.694311355421787084e+02
6.865853222515847847e+02
7.037755448413536215e+02
7.209249945961548747e+02
7.380819436453977005e+02
7.552429491001382758e+02
7.724499642835094164e+02
7.896316485053616816e+02
8.067705670061684486e+02
8.238930612571793972e+02
8.410248249048918296e+02
8.582172342684621071e+02
8.754008940924131821e+02
8.926105481538213553e+02
9.097910223335102273e+02
9.269794395144663213e+02
9.441896226290160712e+02
9.614604700248878544e+02
9.787672017638030866e+02
9.959862069171256280e+02
1.013257603604318319e+03
1.030502875095167155e+03
1.047798140094100290e+03
1.065132897246014863e+03
1.082536031899827094e+03
1.099910390685757193e+03
1.117301043457312289e+03
1.134704713837921645e+03
1.152035935502954317e+03
1.169397741005302805e+03
1.186848741685646701e+03
1.204085121824203725e+03
1.221310618704353374e+03
1.238521664260673333e+03
1.255727173980090356e+03
1.272933570975026669e+03
1.290140910164224124e+03
1.307335229422152452e+03
1.324551599867899313e+03
1.341779796868260291e+03
1.358970253991491518e+03
1.376142552752710799e+03
1.393375120562717711e+03
1.410581833619693953e+03
1.427825379261020544e+03
1.445237413293834834e+03
1.462630001099899346e+03
1.479939968197080816e+03
1.497262586531581746e+03
1.514612531587613830e+03
1.532049634688907190e+03
1.549378649035735634e+03
1.566612640577743605e+03
1.583863585155332657e+03
1.601331111817705505e+03
1.618710171304547657e+03
1.636128104667384378e+03
1.653497981355166303e+03
1.670993479651480811e+03
1.688374247004178869e+03
1.705764772501712741e+03
1.723129536679254898e+03
1.740575705799975594e+03
1.757974569003245961e+03
1.775391560247028792e+03
1.792738123755954803e+03
1.810211099833910794e+03
1.827638349873775951e+03
1.845063512720891140e+03
1.862410754473034103e+03
1.879829367113598437e+03
1.897230112545824795e+03
1.914671637434168133e+03
1.932041503929404143e+03
1.949440662384199413e+03
1.966764568120072909e+03
1.984075163517911506e+03
2.001305244486941319e+03
2.018588111880779479e+03
2.035923477615008096e+03
2.053387798695264792e+03
2.070678073768138347e+03
2.087883682748685260e+03
2.105085588296265996e+03
2.122352573167240280e+03
2.139490626753881770e+03
2.156631066953362733e+03
2.173764180923691129e+03
2.190958061615848692e+03
2.208125834333814510e+03
2.225287784753315009e+03
2.242457910948226981e+03
2.259590090202594638e+03
2.276742034575735488e+03
2.293925802654344807e+03
2.311166161315148202e+03
2.328324734566465850e+03
2.345481512823959292e+03
2.362603203026620577e+03
2.379763267524048842e+03
2.396891886950895696e+03
2.414098835463610158e+03
2.431303603799670782e+03
2.448456237065801361e+03
2.465619279227571496e+03
2.482786109045736339e+03
2.499982975072983209e+03
2.517144584956233302e+03
2.534278958378380594e+03
2.551417455283658910e+03
2.568590095882143032e+03
2.585765079007890563e+03
2.602952722997029923e+03
2.620161265711691158e+03
2.637284043492187266e+03
2.654418446419535940e+03
2.671542578787148159e+03
2.688871261507077634e+03
2.706017016817860622e+03
2.723184754247247838e+03
2.740355464464712895e+03
2.757594303550571567e+03
2.774767594538929188e+03
2.791923606980592922e+03
2.809050622413783458e+03
2.826229009376262184e+03
2.843392421600655325e+03
2.860562270528111185e+03
2.877763657862644322e+03
2.894953185690937062e+03
2.912161382444454830e+03
2.929365172169083053e+03
2.946579280973684945e+03
2.963806594691646751e+03
2.981016727528231968e+03
2.998242494022448227e+03
3.015524820010755320e+03
3.032753092129030847e+03
3.049986550631104819e+03
3.067230709363668211e+03
3.084482518392604106e+03
3.101706390681135417e+03
3.118971688030951555e+03
3.136147097568161371e+03
3.153489761339510096e+03
3.170652427186857039e+03
3.187840820566833827e+03
3.205088373850034259e+03
3.222282352148516566e+03
3.239467558903436839e+03
3.256727568118907584e+03
3.274120644442220510e+03
3.291473758135780372e+03
3.308770764550049535e+03
3.326130443223456950e+03
3.343415245692788631e+03
3.360714543255379795e+03
3.378110807282190763e+03
3.395339096543138112e+03
3.412578964906584588e+03
3.429814819850344065e+03
3.447115299168619003e+03
3.464413914915712667e+03
3.481812402508581727e+03
3.499144866395891768e+03
3.516467978233946269e+03
3.533827473319414821e+03
3.551106985538262052e+03
3.568401263232213751e+03
3.585815635997418212e+03
3.603057449552104117e+03
3.620353699077018518e+03
3.637745495226806725e+03
3.655002472441045029e+03
3.672325658948003365e+03
3.689670567142941309e+03
3.706916356185615768e+03
3.724321151180447487e+03
3.741645084987892005e+03
3.758877229870904557e+03
3.776231341807211720e+03
3.793631906590168910e+03
3.810971181451689517e+03
3.828217632230990603e+03
3.845465246511820169e+03
3.862871096214548288e+03
3.880227320316856549e+03
3.897483757946646165e+03
3.914871693591232088e+03
3.932256694492990391e+03
3.949466381634073514e+03
3.966744093322471599e+03
3.984147396451581244e+03
4.001426173041567381e+03
4.018786374210008034e+03
4.036100535732384742e+03
4.053382643874947007e+03
4.070812205727553646e+03
4.088100677000545147e+03
4.105350567577329457e+03
4.122633516783113919e+03
4.140036804357651818e+03
4.157384457894611842e+03
4.174660925276974922e+03
4.191980194051130638e+03
4.209358237880342131e+03
4.226633980660444649e+03
4.243919977902470237e+03
4.261265398421576720e+03
4.278604384567475790e+03
4.295929099276453599e+03
4.313239881427703040e+03
4.330522433599519900e+03
4.347936257284242856e+03
4.365213114707470595e+03
4.382502117349443324e+03
4.399811227358093674e+03
4.417203478004926183e+03
4.434529286555852195e+03
4.451748799497490836e+03
4.469028441198972359e+03
4.486347755265851447e+03
4.503754281567335056e+03
4.521115106004999689e+03
4.538377992333938892e+03
4.555726429039537834e+03
4.573076564335900912e+03
4.590447115668596780e+03
4.607720185453816157e+03
4.624912245243100188e+03
4.642273990318630240e+03
4.659479850027350039e+03
4.676716750352838062e+03
4.693968539712117490e+03
4.711226223871074581e+03
4.728545594967039506e+03
4.745856401955921683e+03
4.763305469886397987e+03
4.780569530509343167e+03
4.797839601986541311e+03
4.815206225325740888e+03
4.832592177664705559e+03
4.849981091026556896e+03
4.867403600232766621e+03
4.884734643050094746e+03
4.902012980654774765e+03
4.919227645031754946e+03
4.936574763478647583e+03
4.953901615016163305e+03
4.971299345731122230e+03
4.988578011453451836e+03
5.005880888880041311e+03
5.023257605872793647e+03
5.040556139427843846e+03
5.057921695022865606e+03
5.075196552967589014e+03
5.092546859351514286e+03
5.109882155143643104e+03
5.127145980401563975e+03
5.144496411588199408e+03
5.161868682251435530e+03
5.179187072545013507e+03
5.196515087854893864e+03
5.213717687719965397e+03
5.230952588401914909e+03
5.248202250501580238e+03
5.265617231142389755e+03
5.282883886146717487e+03
5.300155774768850279e+03
5.317497423293954853e+03
5.334893023946650828e+03
5.352270140238291788e+03
5.369528929835415511e+03
5.386761418680398492e+03
5.404167253506551788e+03
5.421469338670895013e+03
5.438785960111902568e+03
5.456102938129685754e+03
5.473410712310933377e+03
5.490722398271500424e+03
5.508095146087878675e+03
5.525341236086049321e+03
5.542615936461625097e+03
5.560045147611401262e+03
5.577344853500214413e+03
5.594681899554974734e+03
5.612026203207331491e+03
5.629288392406283492e+03
5.646699140622627965e+03
5.663976745795151146e+03
5.681189947485996527e+03
5.698567334850895350e+03
5.715964079418761685e+03
5.733220506350007781e+03
5.750571421404255489e+03
5.767975964810454570e+03
5.785237855111128738e+03
5.802492630768187155e+03
5.819852236322954923e+03
5.837152582720231294e+03
5.854543524386224817e+03
5.871810790832483690e+03
5.889108704461405978e+03
5.906452460630836867e+03
5.923751142862680354e+03
5.941115904601196235e+03
5.958464999976565196e+03
5.975747838131182107e+03
5.993034311240913667e+03
6.010408156573026645e+03
6.027664487220610681e+03
6.045060677339883114e+03
6.062323695927520021e+03
6.079541222128304980e+03
6.096730542117953519e+03
6.113941654877318797e+03
6.131133960298993770e+03
6.148370889898546011e+03
6.165659952658344992e+03
6.182987026664353834e+03
6.200190225620477577e+03
6.217492089012253928e+03
6.234855187629256761e+03
6.252246360409926638e+03
6.269624567515811577e+03
6.286949549007505993e+03
6.304344461276488801e+03
6.321672867526038317e+03
6.338889268368600824e+03
6.356157974643320813e+03
6.373335808382953473e+03
6.390491016277528615e+03
6.407767950617822862e+03
6.424945768228897578e+03
6.442114687678667906e+03
6.459260987555371685e+03
6.476477079811454132e+03
6.493670410008799081e+03
6.510876799446736186e+03
6.528045202283701656e+03
6.545292474112213313e+03
6.562560196440375876e+03
6.579854358743787998e+03
6.597304764039114161e+03
6.614652476588458740e+03
6.631892443997624468e+03
6.649150144937091682e+03
6.666574630886880186e+03
6.683977927800307043e+03
6.701395895896877846e+03
6.718745251158313295e+03
6.736192557589775788e+03
6.753616571665179436e+03
6.771071351999744365e+03
6.788403334601151073e+03
6.805783858627533846e+03
6.823219640884574801e+03
6.840602973455543179e+03
6.857998641256102928e+03
6.875395706310680907e+03
6.892828575077448477e+03
6.910321385142437066e+03
6.927673029189692897e+03
6.945084973547174741e+03
6.962457679261931844e+03
6.979936845781808188e+03
6.997313095046216404e+03
7.014712549304906133e+03
7.032080580343316797e+03
7.049514719516990226e+03
7.066864311123979860e+03
7.084059714640274251e+03
7.101303503794602875e+03
7.118546664598241478e+03
7.135703143710603399e+03
7.152873697802187962e+03
7.170074890990225867e+03
7.187244848389585968e+03
7.204402065567210229e+03
7.221535117876147524e+03
7.238673710830530581e+03
7.255846189701890580e+03
7.273021641963832735e+03
7.290210053841174158e+03
7.307420009540280262e+03
7.324543462755051223e+03
7.341676892190403123e+03
7.358792251019167452e+03
7.376025106044147833e+03
7.393237542987772031e+03
7.410383284123729027e+03
7.427539739538979120e+03
7.444745998184090240e+03
7.461987512624824376e+03
7.479190272147054202e+03
7.496390734979411718e+03
7.513695156885106371e+03
7.530899824657507452e+03
7.548129944745225657e+03
7.565362539844216371e+03
7.582534971569917616e+03
7.599708937901536046e+03
7.616915464361805789e+03
7.634136825010455141e+03
7.651327293523701883e+03
7.668542801317691556e+03
7.685753057589403397e+03
7.702925625838611268e+03
7.720057439491761215e+03
7.737175609265492312e+03
7.754292185464855720e+03
7.771445497070963029e+03
7.788575780510587720e+03
7.805725142488977326e+03
7.822924845237101181e+03
7.840095208546853428e+03
7.857318962903587817e+03
7.874546122690578159e+03
7.891867574262993003e+03
7.909315050520307523e+03
7.926604490470348537e+03
7.943822301076859731e+03
7.961156179558767690e+03
7.978442558177062892e+03
7.995696043790778276e+03
8.012950354907912697e+03
8.030335952500254280e+03
8.047747932146275161e+03
8.065006419678460588e+03
8.082226475988361926e+03
8.099565796181612313e+03
8.117026856554752158e+03
8.134371128099676753e+03
8.151729216321155945e+03
8.169136705409269780e+03
8.186527724472865884e+03
8.203983624591604894e+03
8.221306390459816612e+03
8.238652275783000732e+03
8.256113140017674596e+03
8.273464435272055198e+03
8.290847963943304421e+03
8.308209519079475285e+03
8.325574482038362476e+03
8.342946691201745125e+03
8.360359711441815307e+03
8.377667907763319818e+03
8.394997500603714798e+03
8.412232907643288854e+03
8.429589995093954713e+03
8.446895355512722745e+03
8.464163897305708815e+03
8.481571981787208642e+03
8.498879018810992420e+03
8.516129847770484048e+03
8.533534173021766037e+03
8.550836836570655578e+03
8.568114104807920739e+03
8.585461961857110509e+03
8.602762681898977462e+03
8.620178123744391996e+03
8.637418086101899462e+03
8.654632106382137863e+03
8.671851412942054594e+03
8.689132165989885834e+03
8.706480544925092545e+03
8.723811503655162596e+03
8.741214331273033167e+03
8.758492331393754284e+03
8.775707473877511802e+03
8.792925582194720846e+03
8.810206910890825384e+03
8.827605343221850489e+03
8.845005742936184106e+03
8.862249709583695221e+03
8.879504641135283237e+03
8.896840410145101487e+03
8.914281206569001370e+03
8.931542931238862366e+03
8.948840686889103381e+03
8.966223516027901496e+03
8.983491811132727889e+03
9.000823055588116404e+03
9.018150220768759027e+03
9.035383881491354259e+03
9.052780504418924465e+03
9.070132279597513843e+03
9.087395128207244852e+03
9.104787555385159067e+03
9.122170632093913810e+03
9.139414112946058594e+03
9.156737069733051612e+03
9.174085736324619575e+03
9.191331013783852541e+03
9.208677319715647172e+03
9.226063040198812814e+03
9.243376593767605300e+03
9.260733919883063209e+03
9.277886182127915163e+03
9.295067932049643787e+03
9.312367836410347081e+03
9.329575947560098939e+03
9.346775316510025732e+03
9.363973867564382090e+03
9.381185556338059541e+03
9.398346099545073230e+03
9.415530341425061124e+03
9.432644112184902042e+03
9.449779035479605227e+03
9.466933120265235630e+03
9.484106786233245657e+03
9.501280069380263740e+03
9.518446865125713884e+03
9.535692710920156969e+03
9.553014293668653409e+03
9.570355286348727532e+03
9.587803738707874800e+03
9.605028418151174264e+03
9.622312472639898260e+03
9.639621391374384984e+03
9.657009690407645394e+03
9.674378457901824731e+03
9.691632923142125946e+03
9.708924416927407947e+03
9.726271450998443470e+03
9.743657886544664507e+03
9.760902040899221902e+03
9.778191828888804594e+03
9.795590899980961694e+03
9.812875669168864988e+03
9.830240561023158079e+03
9.847564069601390656e+03
9.864810708138254995e+03
9.882237224865490134e+03
9.899530865563494444e+03
9.916752460126197548e+03
9.934092724295049265e+03
9.951521090615964567e+03
9.968837306762256048e+03
9.986053145112933635e+03
1.000327282765109885e+04
1.002052524340623495e+04
1.003786083575504927e+04
1.005524651793912926e+04
1.007261531684319743e+04
1.008993263130977539e+04
1.010722598798462423e+04
1.012441881991484843e+04
1.014160056361859461e+04
1.015886093583261027e+04
1.017603901601661892e+04
1.019322410316103196e+04
1.021056388810767749e+04
1.022799717343005432e+04
1.024531698462959139e+04
1.026258599050506382e+04
1.027977925137960483e+04
1.029715008640530687e+04
1.031444224268804646e+04
1.033174374732957767e+04
1.034898459188035304e+04
1.036626946832085014e+04
1.038353019067079367e+04
1.040073293207199822e+04
1.041798917431741938e+04
1.043525278913932016e+04
1.045258495233205394e+04
1.046989781476936150e+04
1.048713758003943985e+04
1.050454583999829993e+04
1.052190210010754708e+04
1.053913102702980177e+04
1.055644909802509574e+04
1.057379580739567973e+04
1.059122644273089645e+04
1.060849532679490949e+04
1.062568585227285439e+04
1.064289835483772913e+04
1.066014928532354315e+04
1.067732726162010840e+04
1.069449064201840520e+04
1.071184930411156711e+04
1.072917506604692062e+04
1.074657003983567847e+04
1.076389867684257115e+04
1.078117899045870581e+04
1.079855388727053287e+04
1.081581590733896519e+04
1.083314911156950438e+04
1.085046324970661408e+04
1.086776845377125937e+04
1.088509287874694928e+04
1.090240872289591061e+04
1.091974279477084201e+04
1.093711294455171628e+04
1.095436855268293402e+04
1.097173256414504613e+04
1.098902996221623835e+04
1.100641581554262302e+04
1.102367385223064412e+04
1.104091596015779942e+04
1.105816109245628104e+04
1.107545881982827996e+04
1.109282096305540108e+04
1.111009716577707150e+04
1.112736908482448052e+04
1.114479803966085819e+04
1.116206637524278631e+04
1.117935923501581965e+04
1.119675980603009339e+04
1.121411622032849300e+04
1.123128575018554329e+04
1.124844883257091169e+04
1.126569851166024091e+04
1.128290960796341096e+04
1.130012194935082880e+04
1.131741905823539491e+04
1.133479949238092013e+04
1.135210656365924297e+04
1.136941254820351423e+04
1.138676633323631722e+04
1.140405206519785497e+04
1.142143759836603203e+04
1.143871979934077535e+04
1.145603136779586748e+04
1.147339381861924812e+04
1.149060256681963801e+04
1.150779121852453682e+04
1.152504778215643091e+04
1.154235528233764671e+04
1.155972331669581763e+04
1.157704063036718435e+04
1.159439945291493314e+04
1.161180073070310027e+04
1.162918243035578780e+04
1.164655407260054380e+04
1.166394964972881644e+04
1.168133612192883811e+04
1.169877130640945325e+04
1.171612221741748181e+04
1.173346396169524269e+04
1.175086797651472079e+04
1.176815610493886925e+04
1.178545217822114500e+04
1.180281406357962805e+04
1.182008349633087528e+04
1.183729857248628105e+04
1.185453264425013367e+04
1.187177508987789042e+04
1.188895004661880557e+04
1.190613873681379482e+04
1.192341372742474050e+04
1.194057640750815153e+04
1.195772723612570735e+04
1.197493074989276465e+04
1.199217608201644907e+04
1.200932340868072060e+04
1.202647015324334279e+04
1.204362874401799127e+04
1.206078959188207955e+04
1.207797844391603030e+04
1.209519124450833988e+04
1.211237439122598880e+04
1.212954295382768760e+04
1.214676032221441710e+04
1.216397357712162011e+04
1.218115788327072005e+04
1.219830550092616431e+04
1.221544254621949949e+04
1.223260628594079026e+04
1.224973878009876535e+04
1.226690305182038719e+04
1.228411188678695908e+04
1.230148298864192293e+04
1.231876835866243346e+04
1.233601261888070803e+04
1.235325419793906985e+04
1.237066828077801983e+04
1.238799633667719536e+04
1.240527031785265353e+04
1.242261769409121916e+04
1.244001998098656077e+04
1.245728231082533239e+04
1.247459971483289883e+04
1.249192806320294767e+04
1.250918617614242248e+04
1.252646703993317351e+04
1.254370203092965130e+04
1.256092767135533722e+04
1.257832993681622247e+04
1.259570664345731348e+04
1.261294184490794214e+04
1.263025582957678489e+04
1.264769317220223820e+04
1.266494481046164765e+04
1.268227563201784506e+04
1.269962696209534079e+04
1.271689469480567641e+04
1.273426598453233782e+04
1.275156702200256768e+04
1.276885649303920218e+04
1.278617312984489035e+04
1.280359913054583740e+04
1.282086824706560583e+04
1.283806619206144387e+04
1.285528730664613613e+04
1.287251627314858342e+04
1.288966863275516880e+04
1.290682011840613995e+04
1.292397049834137761e+04
1.294115059093622767e+04
1.295832189254310651e+04
1.297550492899759774e+04
1.299266572847616771e+04
1.300984336857501330e+04
1.302695349516215902e+04
1.304412710535480073e+04
1.306129681143879134e+04
1.307844996010709656e+04
1.309564751431062723e+04
1.311280659031059986e+04
1.313003876549070264e+04
1.314726664648843143e+04
1.316443515041674618e+04
1.318161478970468670e+04
1.319883972694760996e+04
1.321607882869365130e+04
1.323328228630142803e+04
1.325059072167390514e+04
1.326780161666268032e+04
1.328498966026741618e+04
1.330220955546417463e+04
1.331939203839027687e+04
1.333661292181028148e+04
1.335383406955441205e+04
1.337122229269663512e+04
1.338852294322054149e+04
1.340586114790752617e+04
1.342315298569527840e+04
1.344049911950034584e+04
1.345789781291697000e+04
1.347514892686642997e+04
1.349244865365259466e+04
1.350979799771274338e+04
1.352706099420080864e+04
1.354433862383630913e+04
1.356156484411114798e+04
1.357881764136518541e+04
1.359623247436436213e+04
1.361348552558510710e+04
1.363075128364694319e+04
1.364793452433669518e+04
1.366531361375040433e+04
1.368268870861501819e+04
1.369995763400279429e+04
1.371728085226161420e+04
1.373467732093022460e+04
1.375198523137806114e+04
1.376925722966642934e+04
1.378652569508637316e+04
1.380392544656351674e+04
1.382117364221490243e+04
1.383842323606552054e+04
1.385559799397038296e+04
1.387285002504742442e+04
1.389006127159346943e+04
1.390722052853012792e+04
1.392437159320088358e+04
1.394163359521691746e+04
1.395882214434790512e+04
1.397597828163785016e+04
1.399312522255547810e+04
1.401034261569164300e+04
1.402754518977054613e+04
1.404472445510091165e+04
1.406188708118388604e+04
1.407910959517441370e+04
1.409633192514855364e+04
1.411358631628564035e+04
1.413097611800326558e+04
1.414827464226594384e+04
1.416562712725581514e+04
1.418291710224302733e+04
1.420021337223453884e+04
1.421759597694448894e+04
1.423490666095012239e+04
1.425218499195591357e+04
1.426953910599489609e+04
1.428691521935467608e+04
1.430419084703271801e+04
1.432146491234975292e+04
1.433881989666229856e+04
1.435614794066507966e+04
1.437347770482589112e+04
1.439080280162987401e+04
1.440810117521537541e+04
1.442546608056973491e+04
1.444279193485180622e+04
1.446006940019958893e+04
1.447731409843589245e+04
1.449471063536407746e+04
1.451206673762711034e+04
1.452936119963009151e+04
1.454669091952174131e+04
1.456395434342603949e+04
1.458134922482346519e+04
1.459865312765104318e+04
1.461595038553503946e+04
1.463324629556506261e+04
1.465057944219280034e+04
1.466795592780029619e+04
1.468526614051718752e+04
1.470248638421551368e+04
1.471989166296897019e+04
1.473722158602366471e+04
1.475446525457579264e+04
1.477186236499912047e+04
1.478925382778945277e+04
1.480648647993492159e+04
1.482374654514225404e+04
1.484117666714112420e+04
1.485849733603921777e+04
1.487575181099265683e+04
1.489305167311666810e+04
1.491043922660861608e+04
1.492774394186742029e+04
1.494512928744079181e+04
1.496242324142425787e+04
1.497962787212116382e+04
1.499703166721627713e+04
1.501437997605191413e+04
1.503159888559943647e+04
1.504887591437843366e+04
1.506608782728556071e+04
1.508325109216810051e+04
1.510041993573420223e+04
1.511770160877392118e+04
1.513490568924665422e+04
1.515223806100929141e+04
1.516953353565786892e+04
1.518686840795626995e+04
1.520422496860701358e+04
1.522157574637906328e+04
1.523879898962270818e+04
1.525611170953008877e+04
1.527356264106294475e+04
1.529088093118282995e+04
1.530818384345508821e+04
1.532542400612949132e+04
1.534279092546344327e+04
1.536018297684431309e+04
1.537746814078162060e+04
1.539468448543932209e+04
1.541203593894339065e+04
1.542943261164702744e+04
1.544676368244632613e+04
1.546403153915919211e+04
1.548133645482032807e+04
1.549873259130207953e+04
1.551596020618826515e+04
1.553323192258110066e+04
1.555064294273896485e+04
1.556793642172865657e+04
1.558529261348105501e+04
1.560262972650899246e+04
1.561990005556967662e+04
1.563722089382124250e+04
1.565454085792694423e+04
1.567189765905828244e+04
1.568918586408156625e+04
1.570656052540627752e+04
1.572385788907604183e+04
1.574115031089301374e+04
1.575854022985104166e+04
1.577579186835488872e+04
1.579311232132462283e+04
1.581041534893782227e+04
1.582777759357504146e+04
1.584512901468802374e+04
1.586244294234327936e+04
1.587972635407997950e+04
1.589698765243260277e+04
1.591440970105897213e+04
1.593165897660563132e+04
1.594892683636908623e+04
1.596622632821619118e+04
1.598344872898680478e+04
1.600072695583797213e+04
1.601802743134231059e+04
1.603525864005650874e+04
1.605255187967800885e+04
1.606981620918934277e+04
1.608702452053180241e+04
1.610426713709366595e+04
1.612150471281677164e+04
1.613875092053947810e+04
1.615592848352319379e+04
1.617307564231366268e+04
1.619034230022212796e+04
1.620750304179219529e+04
1.622465602848864546e+04
1.624179770645092867e+04
1.625899651079206888e+04
1.627616699989840527e+04
1.629333298417226433e+04
1.631051016523697763e+04
1.632764993940896238e+04
1.634479737710083282e+04
1.636196407712238579e+04
1.637914767378448050e+04
1.639633408760993188e+04
1.641350309866788302e+04
1.643065676743656877e+04
1.644787875090550369e+04
1.646504189449960541e+04
1.648216661811727681e+04
1.649933896223993725e+04
1.651648844955349341e+04
1.653367209989399271e+04
1.655086993570431150e+04
1.656803986643113240e+04
1.658519692151703930e+04
1.660232627390523703e+04
1.661946654369937824e+04
1.663666083785082810e+04
1.665385761056897172e+04
1.667106490225486777e+04
1.668826895645998593e+04
1.670553125817494583e+04
1.672284903672934888e+04
1.674017222504332312e+04
1.675747131173705202e+04
1.677487388889872818e+04
1.679212392275058664e+04
1.680939123625251887e+04
1.682673415335870232e+04
1.684409153550190240e+04
1.686149451060115825e+04
1.687876657365542633e+04
1.689599375047903231e+04
1.691344545180557179e+04
1.693078266515592259e+04
1.694808492216758168e+04
1.696533880672804298e+04
1.698276384180132300e+04
1.700005091071779316e+04
1.701728548582706571e+04
1.703466986741659639e+04
1.705196041765735936e+04
1.706921999699086518e+04
1.708649729055702483e+04
1.710368922794833634e+04
1.712108260346364114e+04
1.713844424386666651e+04
1.715570936362810971e+04
1.717303818874325589e+04
1.719044353332772880e+04
1.720773736798149912e+04
1.722500441226694966e+04
1.724234018310435567e+04
1.725965978670206096e+04
1.727696677877705224e+04
