0.000000000000000000e+00
1.740509224614020667e+01
3.469913746552505529e+01
5.197788336329877978e+01
6.936660106907403645e+01
8.678370985328665199e+01
1.040971553563881855e+02
1.213648141379245828e+02
1.387341892534933265e+02
1.561586161987941068e+02
1.734931752542644858e+02
1.907555047547059246e+02
2.081037990909060795e+02
2.255300077897328492e+02
2.428860790830560745e+02
2.601498070880371074e+02
2.774764832683023883e+02
2.948987472270400758e+02
3.122755018159843985e+02
3.295467979494578685e+02
3.468526461304773534e+02
3.642659110988303155e+02
3.816611593696335376e+02
3.989449852791173043e+02
4.162326117646521197e+02
4.336322856184128796e+02
4.510425058384799968e+02
4.683431280178723455e+02
4.856170035959069082e+02
5.029990607853023903e+02
5.204195141365877362e+02
5.377403042635811516e+02
5.550057029034213656e+02
5.723673930875230553e+02
5.897929699371029528e+02
6.071355201699093413e+02
6.243979086342428673e+02
6.417379595543852702e+02
6.591634167499768182e+02
6.765275044957571708e+02
6.937929896603607176e+02
7.111117402804213725e+02
7.285314135012271208e+02
7.459153795149253483e+02
7.631903747123342328e+02
7.804894899415739928e+02
7.978981321506576023e+02
8.152991896080468450e+02
8.325889786856647561e+02
8.498712039467668546e+02
8.672646228015391898e+02
8.846790753304316013e+02
9.019871574492028685e+02
9.192568897817682227e+02
9.366317817154417753e+02
9.540548922987857168e+02
9.713835250619565613e+02
9.886467879203473785e+02
1.006000832547366031e+03
1.023427013046553384e+03
1.040777338826774667e+03
1.058040464290447744e+03
1.075372645408795051e+03
1.092796448495283585e+03
1.110168018823144394e+03
1.127436712970921235e+03
1.144747660791192629e+03
1.162163938213273696e+03
1.179554745219623101e+03
1.196834439594830201e+03
1.214126684425770236e+03
1.231530349826221936e+03
1.248936967280806130e+03
1.266232759169965902e+03
1.283510135497555666e+03
1.300896999899140610e+03
1.318315089833808543e+03
1.335630594527114454e+03
1.352897588923267449e+03
1.370264783782851737e+03
1.387689603985071244e+03
1.405026461642622735e+03
1.422288662651298637e+03
1.439634633755865707e+03
1.457060727034399179e+03
1.474419079531618536e+03
1.491683151136360493e+03
1.509007635843850039e+03
1.526429230336787668e+03
1.543808014155958972e+03
1.561080320185664959e+03
1.578384263432756143e+03
1.595796256876563348e+03
1.613193166432462249e+03
1.630478685928927462e+03
1.647764675990275919e+03
1.665162655758829260e+03
1.682574149521136860e+03
1.699876815258603528e+03
1.717149395868931151e+03
1.734529508244365388e+03
1.751950801951152698e+03
1.769273727198132519e+03
1.786538496573431757e+03
1.803898047797300933e+03
1.821323843597956511e+03
1.838668575171300745e+03
1.855931160923491461e+03
1.873268946323810724e+03
1.890694015973089790e+03
1.908060267759158478e+03
1.925326541079423805e+03
1.942643037241228740e+03
1.960061849284306390e+03
1.977447810345401649e+03
1.994723987277048082e+03
2.012021178319324008e+03
2.029428463875203306e+03
2.046831116975482928e+03
2.064122558068753278e+03
2.081403412842236776e+03
2.098794993874205829e+03
2.116210512249318072e+03
2.133520718707640299e+03
2.150789556621284646e+03
2.168162309545047265e+03
2.185585992390116644e+03
2.202916941602897168e+03
2.220179743895759202e+03
2.237531572362892803e+03
2.254957813362321758e+03
2.272310367201804183e+03
2.289573704954545065e+03
2.306903735218499605e+03
2.324326959915159023e+03
2.341700563049533230e+03
2.358970278610597234e+03
2.376279178472725107e+03
2.393694323893683759e+03
2.411086912024082267e+03
2.428368174368191831e+03
2.445658546552098869e+03
2.463060702120264978e+03
2.480468784973851143e+03
2.497766402186862251e+03
2.515042397943799187e+03
2.532427395172694105e+03
2.549846438680072424e+03
2.567163997486812150e+03
2.584430367195951476e+03
2.601795393375768072e+03
2.619220546255620775e+03
2.636559662487293735e+03
2.653821862929679810e+03
2.671165502524918338e+03
2.688591404227519888e+03
2.705952028479786350e+03
2.723216556206264613e+03
2.740538814708263999e+03
2.757959695608098627e+03
2.775340513350683068e+03
2.792613840424844966e+03
2.809915898878423832e+03
2.827326594996954100e+03
2.844725142158734343e+03
2.862012350722366136e+03
2.879296804116439489e+03
2.896693027825913305e+03
2.914105722386534126e+03
2.931410491070727403e+03
2.948681864781395234e+03
2.966059978231695823e+03
2.983482042613802150e+03
3.000807160389077126e+03
3.018071308701043563e+03
3.035428718281361853e+03
3.052854693838882667e+03
3.070201603486354543e+03
3.087464405651659035e+03
3.104799969351122400e+03
3.122224581445485455e+03
3.139592945879251602e+03
3.156860114195670121e+03
3.174174389623246952e+03
3.191592267611087664e+03
3.208980173673030095e+03
3.226257640164098120e+03
3.243552888705071837e+03
3.260958786273085934e+03
3.278363016053920092e+03
3.295656125632598560e+03
3.312935627983713857e+03
3.330325364134662777e+03
3.347741911892938788e+03
3.365054213426579281e+03
3.382322271650223684e+03
3.399692850289133276e+03
3.417117024643751392e+03
3.434450298192500668e+03
3.451712763339421144e+03
3.469062326916004167e+03
3.486488562906093648e+03
3.503843375109691806e+03
3.521106953592415266e+03
3.538434831231361386e+03
3.555857441734361601e+03
3.573233070868322102e+03
3.590503811760563622e+03
3.607810734016998140e+03
3.625224678223568844e+03
3.642618987803522941e+03
3.659901890462158917e+03
3.677190469405634758e+03
3.694591045153601044e+03
3.712000522100325725e+03
3.729300049727170517e+03
3.746574675575848232e+03
3.763957788066901685e+03
3.781377747360672402e+03
3.798697375554682367e+03
3.815963125322447013e+03
3.833326000132974968e+03
3.850751432630701856e+03
3.868092765970283835e+03
3.885355068989374558e+03
3.902696390746944417e+03
3.920122024083019824e+03
3.937484887274889843e+03
3.954749999996736733e+03
3.972070006042376008e+03
3.989490122125143898e+03
4.006872968769530416e+03
4.024147353955529525e+03
4.041447524496738879e+03
4.058856901770612239e+03
4.076257063177885357e+03
4.093545938276039124e+03
4.110828943116316623e+03
4.128223368072965968e+03
4.145637203516845148e+03
4.162944102553500670e+03
4.180214389152828517e+03
4.197590444402845606e+03
4.215013200360011069e+03
4.232340566209843018e+03
4.249604130692427134e+03
4.266959384081441385e+03
4.284385498519392968e+03
4.301734598313714741e+03
4.318997614966770925e+03
4.336330996108781619e+03
4.353755098765615003e+03
4.371125531066561962e+03
4.388393669107504138e+03
4.405705784828388460e+03
4.423122652319226290e+03
4.440512440395837984e+03
4.457791311667945592e+03
4.475084623954773633e+03
4.492489097090598989e+03
4.509894870598136549e+03
4.527189689621483012e+03
4.544467830622344991e+03
4.561855718163376878e+03
4.579273262015658474e+03
4.596587628521918305e+03
4.613854991354077356e+03
4.631223392055711884e+03
4.648647995186905973e+03
4.665983581481876172e+03
4.683245843710796180e+03
4.700593103514650466e+03
4.718019263856604994e+03
4.735376349687569927e+03
4.752640224953784127e+03
4.769965929014562789e+03
4.787387893812531729e+03
4.804765548053161183e+03
4.822037298037759683e+03
4.839342296472297676e+03
4.856754993212209229e+03
4.874150979465299315e+03
4.891435565187270186e+03
4.908722454040458615e+03
4.926121377346149529e+03
4.943532167614383070e+03
4.960833693299073275e+03
4.978106988148113487e+03
4.995488182367885202e+03
5.012909010982632026e+03
5.030230745659500826e+03
5.047495871112281748e+03
5.064856606669776738e+03
5.082282278946297993e+03
5.099625802037839094e+03
5.116888280110706546e+03
5.134227316327154767e+03
5.151652603971323515e+03
5.169017658015627603e+03
5.186283482392695078e+03
5.203601229037732992e+03
5.221020522307637293e+03
5.238405375298873878e+03
5.255680888688566483e+03
5.272979155132785309e+03
5.290387192375970699e+03
5.307788955637447543e+03
5.325079482037589514e+03
5.342361097612350022e+03
5.359753696229152411e+03
5.377168620042853036e+03
5.394477650048453143e+03
5.411746975331858266e+03
5.429120919352426426e+03
5.446544286669678513e+03
5.463873945252631529e+03
5.481136995445362118e+03
5.498490058011790097e+03
5.515916265884343375e+03
5.533267576030094460e+03
5.550530801360349869e+03
5.567862027260109244e+03
5.585285573000743170e+03
5.602658044357774997e+03
5.619927198161461092e+03
5.637237229477723304e+03
5.654653007304656057e+03
5.672044608771711864e+03
5.689324993482141508e+03
5.706616403673955574e+03
5.724019401266838031e+03
5.741426670778203516e+03
5.758723265833060395e+03
5.776000035163218854e+03
5.793386067538785937e+03
5.810804578124847467e+03
5.828120996059997196e+03
5.845387716743040983e+03
5.862753944804171624e+03
5.880178912012535875e+03
5.897516775914333266e+03
5.914778968279884793e+03
5.932123905444352204e+03
5.949549916602844860e+03
5.966909276678661627e+03
5.984173542700535108e+03
6.001497044715184529e+03
6.018918322782950781e+03
6.036298005867563916e+03
6.053570767024973065e+03
6.070873877454430840e+03
6.088285293336952236e+03
6.105682925841825636e+03
6.122969200363548225e+03
6.140254502993185270e+03
6.157651705700824095e+03
6.175063733410304849e+03
6.192367328010962410e+03
6.209639363857140779e+03
6.227018593749255160e+03
6.244440231788503297e+03
6.261764122186028544e+03
6.279028619872748095e+03
6.296387221617077557e+03
6.313813095908933064e+03
6.331158791679080423e+03
6.348421479675921546e+03
6.365758275226529804e+03
6.383183144638787780e+03
6.400550335830290351e+03
6.417816997404208450e+03
6.435132505408401812e+03
6.452550906531640067e+03
6.469937732584487094e+03
6.487214471422064889e+03
6.504510806195479745e+03
6.521917475386156184e+03
6.539320825107109158e+03
6.556613006189442785e+03
6.573893265799598339e+03
6.591284025958038910e+03
6.608699999103522714e+03
6.626011139170504975e+03
6.643279623361482663e+03
6.660651412782133775e+03
6.678075316335392927e+03
6.695407291717758199e+03
6.712669935009863366e+03
6.730020764344660165e+03
6.747447004289351753e+03
6.764800553000699438e+03
6.782063998304331108e+03
6.799393077853746036e+03
6.816816030827529175e+03
6.834190527554121218e+03
6.851460703603064758e+03
6.868768721611573710e+03
6.886183336155854704e+03
6.903576687201411914e+03
6.920858670465151590e+03
6.938148242505885719e+03
6.955549702932935361e+03
6.972958407209247525e+03
6.990256860505162877e+03
7.007532252397741104e+03
7.024916415486542974e+03
7.042335860813092950e+03
7.059654331401549825e+03
7.076920431862881742e+03
7.094284502844503550e+03
7.111709780799157670e+03
7.129049880819665304e+03
7.146312123091938702e+03
7.163654735090760369e+03
7.181080521363859589e+03
7.198442137831341824e+03
7.215706912251440372e+03
7.233028179576162074e+03
7.250448722719533180e+03
7.267830433262595761e+03
7.285104224805654667e+03
7.302405454356382506e+03
7.319815567269241001e+03
7.337214823874988724e+03
7.354502773809696009e+03
7.371786582796503353e+03
7.389182013191380975e+03
7.406595212771982915e+03
7.423900920401682924e+03
7.441171804588002487e+03
7.458549013811960322e+03
7.475971388494976964e+03
7.493297491716780314e+03
7.510561382348198094e+03
7.527917840155684644e+03
7.545343878149278680e+03
7.562691751270501300e+03
7.579954654366295472e+03
7.597289250904323126e+03
7.614713637937352360e+03
7.632082915988099558e+03
7.649350511411466869e+03
7.666663826338785839e+03
7.684081262003575830e+03
7.701470002629865121e+03
7.718748079806852729e+03
7.736042476296070163e+03
7.753447746651658235e+03
7.770852656697790735e+03
7.788146515050639209e+03
7.805425423616428816e+03
7.822814341547899858e+03
7.840231326466842802e+03
7.857544542784382429e+03
7.874812290248368299e+03
7.892181905594592536e+03
7.909606272562010417e+03
7.926940568711228480e+03
7.944202933230326380e+03
7.961551483348202964e+03
7.978977687755093939e+03
7.996333498246202907e+03
8.013597203714125499e+03
8.030924127129368571e+03
8.048346451869916564e+03
8.065722970264871947e+03
8.082994160708057279e+03
8.100300230689738783e+03
8.117713625806674827e+03
8.135108674724180673e+03
8.152392318942529528e+03
8.169680145583482954e+03
8.187079997939803434e+03
8.204490058541958206e+03
8.221790458231156663e+03
8.239064495677670493e+03
8.256446765599075661e+03
8.273867108555081359e+03
8.291187659485196491e+03
8.308453140794255887e+03
8.325815070082726379e+03
8.343240607245978026e+03
8.360582906070645549e+03
8.377845286581556138e+03
8.395185597910311117e+03
8.412611082672625344e+03
8.429974915081014842e+03
8.447240331949980828e+03
8.464559343424072722e+03
8.481979098651601817e+03
8.499362828312376223e+03
8.516637705092591204e+03
8.533937042673071119e+03
8.551345827965404169e+03
8.568746690664585913e+03
8.586036297046312029e+03
8.603318689119769260e+03
8.620712308799593302e+03
8.638126622280926313e+03
8.655434463501682330e+03
8.672704316764775285e+03
8.690079446460211329e+03
8.707502477247371644e+03
8.724830849493990172e+03
8.742094182437924246e+03
8.759448475014443829e+03
8.776874633136501870e+03
8.794224701564426141e+03
8.811487815644588409e+03
8.828820245404205707e+03
8.846244101336764288e+03
8.863615430837162421e+03
8.880884017494045111e+03
8.898195208379660471e+03
8.915611600796284620e+03
8.933002190449784393e+03
8.950281717483587272e+03
8.967574187698995956e+03
8.984978014107733543e+03
9.002384448211758354e+03
9.019680042199452146e+03
9.036957586519696633e+03
9.054344656100634893e+03
9.071762623005524802e+03
9.089077893604224300e+03
9.106344975331441674e+03
9.123712414463050663e+03
9.141137178322369437e+03
9.158473770326214435e+03
9.175735990715395019e+03
9.193082230206999157e+03
9.210508329974076332e+03
9.227866414528107271e+03
9.245130453606419906e+03
9.262455195974500384e+03
9.279876858625728346e+03
9.297255401818354585e+03
9.314527601389936535e+03
9.331831769753192930e+03
9.349243903233062156e+03
9.366640611473903846e+03
9.383925943447062309e+03
9.401212126101989270e+03
9.418610295991751627e+03
9.436021634549510054e+03
9.453324063350490178e+03
9.470596799731243664e+03
9.487977134397973714e+03
9.505398322541894231e+03
9.522720997598102258e+03
9.539985851916972024e+03
9.557345649008650071e+03
9.574771409416214738e+03
9.592115885213073852e+03
9.609378457270253421e+03
9.626716504648680711e+03
9.644141609884027275e+03
9.661507607346677105e+03
9.678773793174595994e+03
9.696090553555361112e+03
9.713509459656375839e+03
9.730895181666472126e+03
9.748171224111647462e+03
9.765468646924313362e+03
9.782876082418231817e+03
9.800278538519072754e+03
9.817569791364425328e+03
9.834850813949560688e+03
9.852242602567934227e+03
9.869657987904516631e+03
9.886967949129688350e+03
9.904236896368078305e+03
9.921609896078527527e+03
9.939033503809525428e+03
9.956364177887062397e+03
9.973627040963476247e+03
9.990979128188348113e+03
1.000840535343656666e+04
1.002575764140703541e+04
1.004302096690290637e+04
1.006035125180800242e+04
1.007777453476513620e+04
1.009514789249851310e+04
1.011241749823097780e+04
1.012972663957528493e+04
1.014714190988307018e+04
1.016453428188709222e+04
1.018181536171494008e+04
1.019910595685449880e+04
1.021650828479537813e+04
1.023391618842086245e+04
1.025121359026206483e+04
1.026848975933399015e+04
1.028587497097837331e+04
1.030329389258109768e+04
1.032061120941050831e+04
1.033787766204464606e+04
1.035524294070033284e+04
1.037266804556696661e+04
1.039000689483180940e+04
1.040726910216387478e+04
1.042461301739010014e+04
1.044203893480462284e+04
1.045939928625443281e+04
1.047666376486296940e+04
1.049398629125182561e+04
1.051140724804307501e+04
1.052878781698070816e+04
1.054606102982575976e+04
1.056336331655731556e+04
1.058077415849242425e+04
1.059817250138371128e+04
1.061545951538365443e+04
1.063274415529228463e+04
1.065014058238155121e+04
1.066755312716025946e+04
1.068485764773948358e+04
1.070212916908946499e+04
1.071950751793779637e+04
1.073692948370652084e+04
1.075425433654972221e+04
1.077151856782687537e+04
1.078887623218916997e+04
1.080630217659832306e+04
1.082364882263158870e+04
1.084091160852189205e+04
1.085824743627942917e+04
1.087567209702114997e+04
1.089304020627288264e+04
1.091030727249722986e+04
1.092762181466892071e+04
1.094503979988770880e+04
1.096242746892549621e+04
1.097970478297713635e+04
1.099700027004308322e+04
1.101440632820607425e+04
1.103181036099309858e+04
1.104910327314739334e+04
1.106638294441003927e+04
1.108377289589446445e+04
1.110118931121130481e+04
1.111850136388552710e+04
1.113576951989127156e+04
1.115314035813666123e+04
1.117056447021356507e+04
1.118789746401241064e+04
1.120515997377365602e+04
1.122250981024031171e+04
1.123993603895694469e+04
1.125729057462836499e+04
1.127455413158771626e+04
1.129188226844777455e+04
1.130930494678417381e+04
1.132668032569391289e+04
1.134395095172096990e+04
1.136125811214572241e+04
1.137867219508609560e+04
1.139606629080724815e+04
1.141334900154437673e+04
1.143063779964699461e+04
1.144803856102941427e+04
1.146544786443073826e+04
1.148274716051017458e+04
1.150002195889516588e+04
1.151740529522868383e+04
1.153482513664952057e+04
1.155214451446790918e+04
1.156941034958368255e+04
1.158677348032894952e+04
1.160419887131886026e+04
1.162153993592638653e+04
1.163880223448668403e+04
1.165614383565057142e+04
1.167356949229976635e+04
1.169093208153831074e+04
1.170819712426888873e+04
1.172551740853309093e+04
1.174293761004812586e+04
1.176032020394239225e+04
1.177759446472173659e+04
1.179489487076559817e+04
1.181230440155145334e+04
1.182970435886700579e+04
1.184699303715020869e+04
1.186427622265585887e+04
1.188167086187429231e+04
1.189908455050668272e+04
1.191639119189873418e+04
1.193366161413963891e+04
1.195103791931034721e+04
1.196846058435990017e+04
1.198578767437609895e+04
1.200305131807265207e+04
1.202040683367150268e+04
1.203783292445765983e+04
1.205518175344962765e+04
1.207244475359807257e+04
1.208977839937945828e+04
1.210720255636026741e+04
1.212457273028514828e+04
1.214184075690234386e+04
1.215915313676801816e+04
1.217657012274738190e+04
1.219395967738253967e+04
1.221123837520880988e+04
1.222853193246675801e+04
1.224593657460333998e+04
1.226334215416178267e+04
1.228063676472317457e+04
1.229791508192138281e+04
1.231530319066360607e+04
1.233272060382067684e+04
1.235003472161844184e+04
1.236730217617059316e+04
1.238467084062534923e+04
1.240209538383116706e+04
1.241943068642153958e+04
1.243669297687304788e+04
1.245404051993811299e+04
1.247146668409666017e+04
1.248882348566939254e+04
1.250608733029003815e+04
1.252341330535915040e+04
1.254083534166209211e+04
1.255821274050201828e+04
1.257548437718507739e+04
1.259278961368132877e+04
1.261020245975195212e+04
1.262759823398141452e+04
1.264488261811862321e+04
1.266216971643831675e+04
1.267956883970745002e+04
1.269697946411905650e+04
1.271428074102517166e+04
1.273155420585395768e+04
1.274893563317498774e+04
1.276635634704508630e+04
1.278367782040566453e+04
1.280094303289064555e+04
1.281830402910701014e+04
1.283572966357519908e+04
1.285307291405026808e+04
1.287033537762519700e+04
1.288767469428074401e+04
1.290510001857274983e+04
1.292246480030183375e+04
1.293973054197848251e+04
1.295704856926612592e+04
1.297446795751367972e+04
1.299185255731283178e+04
1.300912793263309322e+04
1.302642644185328390e+04
1.304383463733783356e+04
1.306123619503685768e+04
1.307852652263842901e+04
1.309580831833989760e+04
1.311320113714259060e+04
1.313061591975406918e+04
1.314792468987736174e+04
1.316519413761488249e+04
1.318256834043285562e+04
1.319999162530301328e+04
1.321732099734092299e+04
1.323458411834357321e+04
1.325193745302102980e+04
1.326936364184522972e+04
1.328671467374148597e+04
1.330397788327209855e+04
1.332130937617622840e+04
1.333873298335591971e+04
1.335610519666295477e+04
1.337337423136744110e+04
1.339068452154284387e+04
1.340810042912476092e+04
1.342549180102991522e+04
1.344277199804358133e+04
1.346006364860872964e+04
1.347746682530534599e+04
1.349487390227660762e+04
1.351217027640268680e+04
1.352944722603786431e+04
1.354683348534549805e+04
1.356425186836092689e+04
1.358156803251551173e+04
1.359883484323525045e+04
1.361620133676766272e+04
1.363362625098438730e+04
1.365096383296552631e+04
1.366822603866123245e+04
1.368557126382558636e+04
1.370299728711224452e+04
1.372035636056186922e+04
1.373762058067629187e+04
1.375494436209814921e+04
1.377236571854710564e+04
1.378974514077730782e+04
1.380701778326711610e+04
1.382432113276858217e+04
1.384173270252305520e+04
1.385913012181019621e+04
1.387641619181417082e+04
1.389370169369064024e+04
1.391109910808387940e+04
1.392851097749514884e+04
1.394581431320496267e+04
1.396308651135979380e+04
1.398046598505445218e+04
1.399788751474837773e+04
1.401521113270838759e+04
1.403247571936235909e+04
1.404983458616364078e+04
1.406726042933300960e+04
1.408460585003577944e+04
1.410186852016844568e+04
1.411920559507122380e+04
1.413663051172328414e+04
1.415399743256520378e+04
1.417126399466342264e+04
1.418857978547259700e+04
1.420599829369017789e+04
1.422338486676527464e+04
1.424066145398155641e+04
1.425795803908374546e+04
1.427536487410729205e+04
1.429276801582786356e+04
1.431005999134427111e+04
1.432734042848254285e+04
1.434473141462906278e+04
1.436214724853359075e+04
1.437945812579178528e+04
1.439672671951546363e+04
1.441409877792335465e+04
1.443152260729608315e+04
1.444885429284891143e+04
1.446611699160361241e+04
1.448346810302878293e+04
1.450089433197981452e+04
1.451824759343745973e+04
1.453551102115020149e+04
1.455284037434206584e+04
1.457026339468799779e+04
1.458763762974039128e+04
1.460490768486141314e+04
1.462221595899476961e+04
1.463963071609629878e+04
1.465702384165075455e+04
1.467430562492130412e+04
1.469159543157714688e+04
1.470899708194771301e+04
1.472640559857213702e+04
1.474370381717780219e+04
1.476097939229069380e+04
1.477836378724420138e+04
1.479578310813477947e+04
1.481310131965801702e+04
1.483036750944791675e+04
1.484773184881048837e+04
1.486515707823023331e+04
1.488249689598827717e+04
1.489975913804840457e+04
1.491710204383042947e+04
1.493452785341569688e+04
1.495188918125137934e+04
1.496915389339711510e+04
1.498647544873920924e+04
1.500389607781071390e+04
1.502127752572846475e+04
1.503855119326919521e+04
1.505585266697872612e+04
1.507326293505491049e+04
1.509066197864013884e+04
1.510794972475738177e+04
1.512523372595447654e+04
1.514262937552688891e+04
1.516004242051769324e+04
1.517734786248533783e+04
1.519461889521795820e+04
1.521199635925673647e+04
1.522941863308109532e+04
1.524674445295001533e+04
1.526400843000604800e+04
1.528136516085835319e+04
1.529879116878157220e+04
1.531613876098869878e+04
1.533340164741519766e+04
1.535073652251525164e+04
1.536816096484364607e+04
1.538552997477565987e+04
1.540279745556439957e+04
1.542011105050134574e+04
1.543752860401621001e+04
1.545491709711980548e+04
1.547219500323052125e+04
1.548948965082359791e+04
1.550689509297023505e+04
1.552429979642697799e+04
1.554159344316405804e+04
1.555887253226995381e+04
1.557626167968013033e+04
1.559367852591475639e+04
1.561099147983860894e+04
1.562825932692183051e+04
1.564562921825548256e+04
1.566305351830674408e+04
1.568038751794709242e+04
1.569764992111659740e+04
1.571499876523986677e+04
1.573242496824418777e+04
1.574978048627603130e+04
1.576704416578698329e+04
1.578437136753412778e+04
1.580179376538917131e+04
1.581917001832645110e+04
1.583644108938145291e+04
1.585374741021846057e+04
1.587116095607195166e+04
1.588855578190772576e+04
1.590583921716280020e+04
1.592312726853773711e+04
1.594052732354669570e+04
1.595793720346644477e+04
1.597523735268920791e+04
1.599251157049048015e+04
1.600989407957604089e+04
1.602731430135276969e+04
1.604463458328732122e+04
1.606190015544591188e+04
1.607926235642245956e+04
1.609668785233611743e+04
1.611402986794583376e+04
1.613129223752957660e+04
1.614863284283159919e+04
1.616605835983987527e+04
1.618342190477496843e+04
1.620068723915663213e+04
1.621800654434726130e+04
1.623542639527292158e+04
1.625280985952968513e+04
1.627008460025189197e+04
1.628738418920922413e+04
1.630479313821528012e+04
1.632219378658471760e+04
1.633948318643714629e+04
1.635676576759453019e+04
1.637415961523493570e+04
1.639157377943360189e+04
1.640888134661125514e+04
1.642615133548562881e+04
1.644352673236034752e+04
1.646094966965372078e+04
1.647827774312828114e+04
1.649554115477446976e+04
1.651289572768272046e+04
1.653032186111327610e+04
1.654767164067435806e+04
1.656493473822099622e+04
1.658226744855921424e+04
1.659969136530827018e+04
1.661706242404069781e+04
1.663433088915429107e+04
1.665164235511100560e+04
1.666905887793398142e+04
1.668644922327322274e+04
1.670372856112016598e+04
1.672102128864575934e+04
1.673842529829169507e+04
1.675583152610464458e+04
1.677312689434288404e+04
1.679040462522810412e+04
1.680779192930999125e+04
1.682520975921954232e+04
1.684252476416918944e+04
1.685979194078075670e+04
1.687715966157206276e+04
1.689458436616478139e+04
1.691192065918067237e+04
1.692918290186466766e+04
1.694652944200231286e+04
1.696395554826810258e+04
1.698131333159395945e+04
1.699857733231309248e+04
1.701590236352793727e+04
1.703332410551932844e+04
1.705070237504761099e+04
1.706797445084101855e+04
1.708527886956453222e+04
1.710269116136825687e+04
1.712008764527369931e+04
1.713737276249583374e+04
1.715465916214612662e+04
1.717205755106384458e+04
1.718946871696264134e+04
1.720677087880483305e+04
1.722404379067387708e+04
1.724142437705011616e+04
1.725884544549108978e+04
1.727616783985723305e+04
1.729343278794713842e+04
1.731079286186365425e+04
1.732821858454402900e+04
1.734556277304517789e+04
