0.000000000000000000e+00
1.742581139782812727e+01
3.474293555971112823e+01
5.203414418624297610e+01
6.943646197600999415e+01
8.684749910543941098e+01
1.041841111885378837e+02
1.215070448618625392e+02
1.388730248953530690e+02
1.562889208002108603e+02
1.736621051578300694e+02
1.909496406451753501e+02
2.082889049925386189e+02
2.257313004840887061e+02
2.430902504278548975e+02
2.604066768399083003e+02
2.777565936839539518e+02
2.951474259085197218e+02
3.125581900003967348e+02
3.298784839006972902e+02
3.471697380318732939e+02
3.645867119799181637e+02
3.819913682515625055e+02
3.993144954063014325e+02
4.166382668368721625e+02
4.340167778436602930e+02
4.514291028828902199e+02
4.687919568779744282e+02
4.860868732846679450e+02
5.034304487689266807e+02
5.208779680574259601e+02
5.382263790640803336e+02
5.555319242851381887e+02
5.728930918933189105e+02
5.902892409047354931e+02
6.076879129545832257e+02
6.250089888947291001e+02
6.423072945367971442e+02
6.597327801970409382e+02
6.771351654287500423e+02
6.944447286950456828e+02
7.117692771715389881e+02
7.291599092213529048e+02
7.465666177578603993e+02
7.639215204348748784e+02
7.812231193749021259e+02
7.985773868576295627e+02
8.160211137791056899e+02
8.333647653305146150e+02
8.506590958737724577e+02
8.680317364105887918e+02
8.854320353167270241e+02
9.028169904547328315e+02
9.201413016299609353e+02
9.374486043340288006e+02
9.548787176015492832e+02
9.722765457841187526e+02
9.895747497211639256e+02
1.006902333274736293e+03
1.024303758252863645e+03
1.041703953220197491e+03
1.059049207852887776e+03
1.076360735415178169e+03
1.093727192226638635e+03
1.111162159196208904e+03
1.128503985422261394e+03
1.145787161726346767e+03
1.163172210694744308e+03
1.180576483856314553e+03
1.197948096702239582e+03
1.215273568682146333e+03
1.232594961974100670e+03
1.250026645785144865e+03
1.267416830688483969e+03
1.284707596586081308e+03
1.302036606504699193e+03
1.319449043558919584e+03
1.336841915950615203e+03
1.354177664627015702e+03
1.371500510798650339e+03
1.388875049699388910e+03
1.406303315214787744e+03
1.423641796063664970e+03
1.440919770634264751e+03
1.458314117502398858e+03
1.475723741730909751e+03
1.493081729771065739e+03
1.510406818790375382e+03
1.527745344222242920e+03
1.545170183849789282e+03
1.562557106402672389e+03
1.579841782156695899e+03
1.597176035054418207e+03
1.614593996544893798e+03
1.631980980782185497e+03
1.649306289486376954e+03
1.666639324604353988e+03
1.684024373157177706e+03
1.701440610485327625e+03
1.718780795608035532e+03
1.736055670405376986e+03
1.753461262874673594e+03
1.770872141355303484e+03
1.788214371551181557e+03
1.805540210541860233e+03
1.822894087919491085e+03
1.840313626675768774e+03
1.857692553537751337e+03
1.874977553621110019e+03
1.892317931011960354e+03
1.909742354130170952e+03
1.927123209679002230e+03
1.944435106633807209e+03
1.961779148008689845e+03
1.979173235426604606e+03
1.996578512341264286e+03
2.013916489140246540e+03
2.031194984752418122e+03
2.048607664073799242e+03
2.066020870069299235e+03
2.083346485923670571e+03
2.100671418502592132e+03
2.118039570917069796e+03
2.135454833266847345e+03
2.152826724785872102e+03
2.170116032174522843e+03
2.187462394864756334e+03
2.204892948842232272e+03
2.222265766657485528e+03
2.239565589642510076e+03
2.256919304460194780e+03
2.274320477099171057e+03
2.291714883579496018e+03
2.309049102221119938e+03
2.326339955241637654e+03
2.343751407883708453e+03
2.361168919129778260e+03
2.378476773725251405e+03
2.395803318203301842e+03
2.413182753715494528e+03
2.430592186361006043e+03
2.447957250002735691e+03
2.465251848893823080e+03
2.482609571524988951e+03
2.500038965418088992e+03
2.517406270792652322e+03
2.534694320529610195e+03
2.552057933174539812e+03
2.569465634867641711e+03
2.586847896192524331e+03
2.604180731038938575e+03
2.621485350909481895e+03
2.638898596059286319e+03
2.656313772972693187e+03
2.673608054882267425e+03
2.690935574089500733e+03
2.708327972936566312e+03
2.725731883886164724e+03
2.743086212199403235e+03
2.760391555081480874e+03
2.777757869085820857e+03
2.795187135303058312e+03
2.812545937311796479e+03
2.829826149578317654e+03
2.847196526691017425e+03
2.864611696932415725e+03
2.881981308065064241e+03
2.899311417227215770e+03
2.916633861197567967e+03
2.934043939343287548e+03
2.951458789423775215e+03
2.968743861121511145e+03
2.986071685523390897e+03
3.003475407058389465e+03
3.020874708454277425e+03
3.038217884141463401e+03
3.055533860622606426e+03
3.072908013072473295e+03
3.090331831462635364e+03
3.107684718431837609e+03
3.124962034180612136e+03
3.142337208579710023e+03
3.159760107483826687e+03
3.177114867384383615e+03
3.194444666469094045e+03
3.211784910024333385e+03
3.229191490112963038e+03
3.246601690428157781e+03
3.263883910900092815e+03
3.281213832564633776e+03
3.298626709404939902e+03
3.316021773734055387e+03
3.333350466201832205e+03
3.350677816243632151e+03
3.368061519789728663e+03
3.385475698540127723e+03
3.402825088023319950e+03
3.420102194864995454e+03
3.437482734574171445e+03
3.454912388721498701e+03
3.472252056838115095e+03
3.489577072394250536e+03
3.506932789622184373e+03
3.524339169664747260e+03
3.541737497217554846e+03
3.559024153973676221e+03
3.576353375247744680e+03
3.593778070472516902e+03
3.611164257748139789e+03
3.628480308217192032e+03
3.645815964648427780e+03
3.663208778190767589e+03
3.680616374651804108e+03
3.697958484607114315e+03
3.715244125898972015e+03
3.732626073320861906e+03
3.750064434616742801e+03
3.767386862831124290e+03
3.784709141481146617e+03
3.802078207427993675e+03
3.819481835207980112e+03
3.836869686821300093e+03
3.854161277383879678e+03
3.871494127519824360e+03
3.888924373947505956e+03
3.906303109897977265e+03
3.923608074401431168e+03
3.940950166091954088e+03
3.958351601717236917e+03
3.975749954775848892e+03
3.993086756013471131e+03
4.010384390431986503e+03
4.027770957159246336e+03
4.045209944709109095e+03
4.062518280227922332e+03
4.079839021306005634e+03
4.097220616958064056e+03
4.114621229404268888e+03
4.131997033763511354e+03
4.149296565639684559e+03
4.166636007594253897e+03
4.184071317003380500e+03
4.201439850955375732e+03
4.218734739939392966e+03
4.236084954560304141e+03
4.253493612620748536e+03
4.270881956610800444e+03
4.288213854546541370e+03
4.305524230279411313e+03
4.322917417852437211e+03
4.340349976461037841e+03
4.357650754763059012e+03
4.374966453445430489e+03
4.392361908149990995e+03
4.409760863095149034e+03
4.427124558443236310e+03
4.444433639610648243e+03
4.461779033584783974e+03
4.479220335165940014e+03
4.496576614799563686e+03
4.513865687630044704e+03
4.531221207470880472e+03
4.548638432382454994e+03
4.566015057270936268e+03
4.583342941537195657e+03
4.600667977878824786e+03
4.618063391250792847e+03
4.635489356498504094e+03
4.652783411861239074e+03
4.670096623043427826e+03
4.687503914009558684e+03
4.704898467703377719e+03
4.722250218690039219e+03
4.739567750729391264e+03
4.756923915999752353e+03
4.774361686389798706e+03
4.791713147596878116e+03
4.808997058043183642e+03
4.826360563955990074e+03
4.843783389836063179e+03
4.861148711944268143e+03
4.878474084504457096e+03
4.895812401605247942e+03
4.913213034270916978e+03
4.930625054391612139e+03
4.947920460276822268e+03
4.965229595142130165e+03
4.982652149001273756e+03
5.000039973165943593e+03
5.017378021938596248e+03
5.034705508165687206e+03
5.052072740503553177e+03
5.069504239328190124e+03
5.086850626066734549e+03
5.104133004909824194e+03
5.121503469771419987e+03
5.138932629138883385e+03
5.156284862547128796e+03
5.173604224642435838e+03
5.190957423966389797e+03
5.208360353609212325e+03
5.225759633938341722e+03
5.243059401094045825e+03
5.260366487374950339e+03
5.277802034738964721e+03
5.295184185758249441e+03
5.312509115594169998e+03
5.329842791645082798e+03
5.347220520188087903e+03
5.364642783335239073e+03
5.381985720152662907e+03
5.399270566278614751e+03
5.416647212051289898e+03
5.434079298915828986e+03
5.451418067618926216e+03
5.468732553823032504e+03
5.486099183890513814e+03
5.503502391086562056e+03
5.520890619560414052e+03
5.538195703672028685e+03
5.555507742695283014e+03
5.572949588995259546e+03
5.590327807300485802e+03
5.607638073616253678e+03
5.624979243712818061e+03
5.642367501210157570e+03
5.659777312451241414e+03
5.677117579380119423e+03
5.694406819086880205e+03
5.711795807753141162e+03
5.729222047999725874e+03
5.746552241928354306e+03
5.763860627581007975e+03
5.781240782434575522e+03
5.798644324909567331e+03
5.816019849520218486e+03
5.833332588103455237e+03
5.850650066606884138e+03
5.868098377791968232e+03
5.885469841520913178e+03
5.902766775949327894e+03
5.920114878180917003e+03
5.937512910840550830e+03
5.954911970689268855e+03
5.972247748781448536e+03
5.989547667610280769e+03
6.006943441048784734e+03
6.024366974692232361e+03
6.041687839371785230e+03
6.058990683310740678e+03
6.076383524408236553e+03
6.093785698391935512e+03
6.111150103968912845e+03
6.128467161979766388e+03
6.145796373837801184e+03
6.163240527355954328e+03
6.180609025792994544e+03
6.197893178065420216e+03
6.215249592123984257e+03
6.232654417847672448e+03
6.250042909705978673e+03
6.267375849208870932e+03
6.284686537743847111e+03
6.302089614217365124e+03
6.319508828970660034e+03
6.336824008945963215e+03
6.354124170397697526e+03
6.371528238740863344e+03
6.388930336596779853e+03
6.406281022576080431e+03
6.423604235235545275e+03
6.440949962656975913e+03
6.458384474153510382e+03
6.475752832922265952e+03
6.493026059847374199e+03
6.510392706192868900e+03
6.527804246370675173e+03
6.545181621344469932e+03
6.562509635950127631e+03
6.579836610976930388e+03
6.597243267774589185e+03
6.614653103229034969e+03
6.631968534669883411e+03
6.649263211762241554e+03
6.666680115493317317e+03
6.684079813205148639e+03
6.701415203397178630e+03
6.718745388543198715e+03
6.736104693105375190e+03
6.753531217110486978e+03
6.770897339671068039e+03
6.788168862546648597e+03
6.805539711033135973e+03
6.822961942519728836e+03
6.840325616750200425e+03
6.857645366840439237e+03
6.874989915731981455e+03
6.892396580155382253e+03
6.909796827574475174e+03
6.927112417911983357e+03
6.944409287156397113e+03
6.961831462685075167e+03
6.979234075184531321e+03
6.996551690873142434e+03
7.013886152160809615e+03
7.031260277274390319e+03
7.048674966939357546e+03
7.066040054421309833e+03
7.083315427304193690e+03
7.100690851637764354e+03
7.118119318993210982e+03
7.135472601020410366e+03
7.152782591650111499e+03
7.170141301268752613e+03
7.187548010607079959e+03
7.204935743426755835e+03
7.222254976435729986e+03
7.239558706976309622e+03
7.256982288518274800e+03
7.274387085485799616e+03
7.291686305722558245e+03
7.309025740150540514e+03
7.326412526976464505e+03
7.343817421051587189e+03
7.361176024875237090e+03
7.378462137776699819e+03
7.395842959587438600e+03
7.413273842989363402e+03
7.430618932289090480e+03
7.447917335379461292e+03
7.465288530151870873e+03
7.482698872530525477e+03
7.500073429854782262e+03
7.517396102012642586e+03
7.534710406626834811e+03
7.552134301685633545e+03
7.569539052899554918e+03
7.586823070056658253e+03
7.604165576307354058e+03
7.621564566841978376e+03
7.638960798597285248e+03
7.656309995146695655e+03
7.673611357891513762e+03
7.690992783123107074e+03
7.708424832565207907e+03
7.725760582614320811e+03
7.743052748035404875e+03
7.760431580780397780e+03
7.777846683784413472e+03
7.795208143760590247e+03
7.812531931098435962e+03
7.829864962957696662e+03
7.847282225734666099e+03
7.864690419332581769e+03
7.881964342021707125e+03
7.899309748997276984e+03
7.916719924149363578e+03
7.934108043964543867e+03
7.951446906465100255e+03
7.968763816813447193e+03
7.986151403649504573e+03
8.003572776074563080e+03
8.020905850926974381e+03
8.038192548876377259e+03
8.055579785807006374e+03
8.072998710714704430e+03
8.090344349650267759e+03
8.107671142835925821e+03
8.125021128492135176e+03
8.142433695402185549e+03
8.159834661883112858e+03
8.177107898985221254e+03
8.194454170098728355e+03
8.211875600124252742e+03
8.229255221538292972e+03
8.246581364485044105e+03
8.263913341960860635e+03
8.281305754118366167e+03
8.298718463722208980e+03
8.316050307960013015e+03
8.333336311307979486e+03
8.350730759236426820e+03
8.368156747389297379e+03
8.385484873352326758e+03
8.402811715918622212e+03
8.420177111955707005e+03
8.437585984642761105e+03
8.454974585007848873e+03
8.472254969718396751e+03
8.489598239192480833e+03
8.507031799153059183e+03
8.524402252678984951e+03
8.541716229182282405e+03
8.559058419912924364e+03
8.576457100325693318e+03
8.593861206858848163e+03
8.611191497057734523e+03
8.628485652225641388e+03
8.645880675616292137e+03
8.663315511964206962e+03
8.680623732924934302e+03
8.697951073573636677e+03
8.715330140059666519e+03
8.732732551751041683e+03
8.750110941372937305e+03
8.767400642805107054e+03
8.784747066016536337e+03
8.802184100508249685e+03
8.819548424251457618e+03
8.836849967688543984e+03
8.854201704331977453e+03
8.871607979919934223e+03
8.888998561279428031e+03
8.906328787743605062e+03
8.923634300426272603e+03
8.941033373915028278e+03
8.958468083766032578e+03
8.975764999707147581e+03
8.993089732194688622e+03
9.010482670284609412e+03
9.027879763334378367e+03
9.045245433489157222e+03
9.062549119448392958e+03
9.079899316888077010e+03
9.097339033613563515e+03
9.114694218690936395e+03
9.131984630501025094e+03
9.149344547621572929e+03
9.166759282904731663e+03
9.184136780548091338e+03
9.201464897153291531e+03
9.218786611411756894e+03
9.236186563106766698e+03
9.253615360398136545e+03
9.270906593422143487e+03
9.288224889687908217e+03
9.305631766842310753e+03
9.323024840938553098e+03
9.340377992364283273e+03
9.357693406753514864e+03
9.375051050896243396e+03
9.392490712775994325e+03
9.409840154729494316e+03
9.427125278291128780e+03
9.444489358190254279e+03
9.461915451797589412e+03
9.479277123049690999e+03
9.496603546371610719e+03
9.513941971369165913e+03
9.531340431406802963e+03
9.548759853516996372e+03
9.566049800309150669e+03
9.583364629730194793e+03
9.600782901656672038e+03
9.618173093021152454e+03
9.635511856505407195e+03
9.652837425051013270e+03
9.670206813817527291e+03
9.687636181608277184e+03
9.704985467410322599e+03
9.722268347635124883e+03
9.739638396937036305e+03
9.757072724113884760e+03
9.774420279982603461e+03
9.791742024192853933e+03
9.809095961992803495e+03
9.826495471406524302e+03
9.843899348621474928e+03
9.861197438261266143e+03
9.878507347575816311e+03
9.895940514315030669e+03
9.913325057129128254e+03
9.930647698515786033e+03
9.947981363541495739e+03
9.965362787902917262e+03
9.982781264932589693e+03
1.000012704351283719e+04
1.001741463747590569e+04
1.003478745723321845e+04
1.005222853904387375e+04
1.006956275711516355e+04
1.008687716549915422e+04
1.010424617242732347e+04
1.012164569314429536e+04
1.013903662722577610e+04
1.015634241790069063e+04
1.017365340181553620e+04
1.019109820357697208e+04
1.020847782665528212e+04
1.022578556443703928e+04
1.024312412574891277e+04
1.026051750024642024e+04
1.027792324634975012e+04
1.029526624932083541e+04
1.031256359338335460e+04
1.032993944169376118e+04
1.034738018100790759e+04
1.036470390368342487e+04
1.038201074135538147e+04
1.039939269348991547e+04
1.041679191883805106e+04
1.043416988221260181e+04
1.045148411176959780e+04
1.046880355321940078e+04
1.048624888981645199e+04
1.050362737586867661e+04
1.052092100947964354e+04
1.053826497876004578e+04
1.055566888162596661e+04
1.057306331418293848e+04
1.059040125942410668e+04
1.060771021334948455e+04
1.062509579068043786e+04
1.064252644980996774e+04
1.065984699248984180e+04
1.067714359801729370e+04
1.069454101279256065e+04
1.071193963786962195e+04
1.072930386865947730e+04
1.074662610772172775e+04
1.076395549073298389e+04
1.078139972318599575e+04
1.079877202969265818e+04
1.081605700803310174e+04
1.083340451385525739e+04
1.085082024131451726e+04
1.086820399761818226e+04
1.088553385559891103e+04
1.090285859341355717e+04
1.092024872692604185e+04
1.093767279114411576e+04
1.095499226852646098e+04
1.097228116912715996e+04
1.098969123399301679e+04
1.100709222530692568e+04
1.102444213664510971e+04
1.104176741307692282e+04
1.105911384882386301e+04
1.107654754575504376e+04
1.109391818730252635e+04
1.111119795210682787e+04
1.112854884293315263e+04
1.114597333877285200e+04
1.116334609803815511e+04
1.118066869084357131e+04
1.119800795980157091e+04
1.121540137186218271e+04
1.123281442458255151e+04
1.125013731441537311e+04
1.126742415218437236e+04
1.128484575349553234e+04
1.130224889310655999e+04
1.131958202612608875e+04
1.133691077014798793e+04
1.135427420803779205e+04
1.137169525629883719e+04
1.138906288116052747e+04
1.140634466250311743e+04
1.142370064870630085e+04
1.144113021270440913e+04
1.145849521370127150e+04
1.147580489384440443e+04
1.149315873388143882e+04
1.151055659257618026e+04
1.152795536959441961e+04
1.154528307591655539e+04
1.156257024761356661e+04
1.158000111872440721e+04
1.159740302302609416e+04
1.161471911509889469e+04
1.163204902061930625e+04
1.164942711246316867e+04
1.166683998618779697e+04
1.168420005651998144e+04
1.170149051267403047e+04
1.171884987428005115e+04
1.173628690263097451e+04
1.175364290319549400e+04
1.177094001950783968e+04
1.178830631557619745e+04
1.180570896572730089e+04
1.182309604743961245e+04
1.184042450521736464e+04
1.185772274796402417e+04
1.187515112115148077e+04
1.189255591987697335e+04
1.190985432526655859e+04
1.192718600637146301e+04
1.194457588189400303e+04
1.196198195490048602e+04
1.197933521088871566e+04
1.199663570641014849e+04
1.201400377908167866e+04
1.203143820585612775e+04
1.204879195339465332e+04
1.206607671364879934e+04
1.208345395580510376e+04
1.210086202872492140e+04
1.211823529893749401e+04
1.213556484459850617e+04
1.215288061733042741e+04
1.217030310684860524e+04
1.218770835105258448e+04
1.220499542959373503e+04
1.222232829433593724e+04
1.223972976208119144e+04
1.225712879865754803e+04
1.227447114843194504e+04
1.229178604100469965e+04
1.230916164475391997e+04
1.232658871739232382e+04
1.234394240422005896e+04
1.236121642379846708e+04
1.237860633025817515e+04
1.239602013438800532e+04
1.241337871619928046e+04
1.243070765271702476e+04
1.244804160379337009e+04
1.246545923486492393e+04
1.248285906673034697e+04
1.250014494495427243e+04
1.251747426185071163e+04
1.253488947988647124e+04
1.255228403905287996e+04
1.256961174764114912e+04
1.258694165410987989e+04
1.260432363858443932e+04
1.262174024042116434e+04
1.263909160477926343e+04
1.265636438665780588e+04
1.267375728041006732e+04
1.269118140281987871e+04
1.270852245363610564e+04
1.272584861539049962e+04
1.274320059312988815e+04
1.276061126374342166e+04
1.277800578105905879e+04
1.279529455034882994e+04
1.281262491982379288e+04
1.283004882172703583e+04
1.284744127933781056e+04
1.286475106168133061e+04
1.288209121700163814e+04
1.289948292675488119e+04
1.291688679813336967e+04
1.293423693274218385e+04
1.295151569890275459e+04
1.296890767919447899e+04
1.298633847474568574e+04
1.300366242157921079e+04
1.302098519523313735e+04
1.303835123013802513e+04
1.305575943129616462e+04
1.307314316099659482e+04
1.309043949858626911e+04
1.310777542427517983e+04
1.312520311061794928e+04
1.314259251765184854e+04
1.315988566249175892e+04
1.317723436370681884e+04
1.319463567493785376e+04
1.321202851533443027e+04
1.322937324923973574e+04
1.324666625844738155e+04
1.326405916164971859e+04
1.328149366178646596e+04
1.329880510796719318e+04
1.331612222791372915e+04
1.333350267581557637e+04
1.335090935519082632e+04
1.336827998513781495e+04
1.338558680497874229e+04
1.340292830428966045e+04
1.342035811972852753e+04
1.343774094722998780e+04
1.345502318107297833e+04
1.347237523676387354e+04
1.348978770564652768e+04
1.350716962311780117e+04
1.352450798908773868e+04
1.354181916170593468e+04
1.355920906073545848e+04
1.357664660839403950e+04
1.359394836080613823e+04
1.361126110018026884e+04
1.362865261363272293e+04
1.364606061511834923e+04
1.366341657220924753e+04
1.368073173734489501e+04
1.369808534734966088e+04
1.371550843490752595e+04
1.373288862763220095e+04
1.375016351130346084e+04
1.376751823479455561e+04
1.378494205469428562e+04
1.380231088950312915e+04
1.381964468160245087e+04
1.383697231325645407e+04
1.385436364337182022e+04
1.387179178363993378e+04
1.388909242188514145e+04
1.390640127453826062e+04
1.392380576310263859e+04
1.394121401637896633e+04
1.395855291722042602e+04
1.397587618304462012e+04
1.399324278215464801e+04
1.401065956527729577e+04
1.402803235478057468e+04
1.404530748913855678e+04
1.406266330245837889e+04
1.408009944736331454e+04
1.409745434385866793e+04
1.411478005294750437e+04
1.413212413872499565e+04
1.414951896231590945e+04
1.416693495899324444e+04
1.418423857171880081e+04
1.420154368428431917e+04
1.421895751322420256e+04
1.423636349493275702e+04
1.425368727187078730e+04
1.427101430377771248e+04
1.428839335147579186e+04
1.430580508647759234e+04
1.432316780241776723e+04
1.434045149367554041e+04
1.435780611250687070e+04
1.437525422378566873e+04
1.439259331140715585e+04
1.440991206353418602e+04
1.442726910532027978e+04
1.444466513106342973e+04
1.446206993611173311e+04
1.447937580315288869e+04
1.449668478772575691e+04
1.451410364533731627e+04
1.453150624238636374e+04
1.454881576874456005e+04
1.456614594566977939e+04
1.458353635915140330e+04
1.460094106637766163e+04
1.461829647638557435e+04
1.463558852804148046e+04
1.465295038523100811e+04
1.467040084476243283e+04
1.468773155815350583e+04
1.470504196249040615e+04
1.472241085512425707e+04
1.473981076199161907e+04
1.475720074594809375e+04
1.477451291020943427e+04
1.479182829764132657e+04
1.480925657296384998e+04
1.482665083349937595e+04
1.484394873419854412e+04
1.486128162110490121e+04
1.487868460920136204e+04
1.489608046578214635e+04
1.491342760622300739e+04
1.493073322988780274e+04
1.494809912112070378e+04
1.496554754545114884e+04
1.498287097669749528e+04
1.500017119334161544e+04
1.501755235021508088e+04
1.503495482847843959e+04
1.505233103238972581e+04
1.506964715065029304e+04
1.508697236041540600e+04
1.510440570069907335e+04
1.512179177062018061e+04
1.513908251915993060e+04
1.515641665981792721e+04
1.517383223941804135e+04
1.519121993944072165e+04
1.520855937242177606e+04
1.522587786050257091e+04
1.524325004802853437e+04
1.526069131511614614e+04
1.527801085187006174e+04
1.529530372064846597e+04
1.531269576590650831e+04
1.533010046112020245e+04
1.534746210993643763e+04
1.536478286664365078e+04
1.538212266624044059e+04
1.539955217891542270e+04
1.541693441559010716e+04
1.543421982881895929e+04
1.545155717198401544e+04
1.546898288199123999e+04
1.548636148806979327e+04
1.550369213168979695e+04
1.552102406848557621e+04
1.553840514319767317e+04
1.555583130021554098e+04
1.557315416089587598e+04
1.559043872066899712e+04
1.560784536067601221e+04
1.562524927834545088e+04
1.564259668810272706e+04
1.565992074260015943e+04
1.567727355229430032e+04
1.569469939548701950e+04
1.571207286183862743e+04
1.572935964838151631e+04
1.574669822808593744e+04
1.576413363738278349e+04
1.578150175193258474e+04
1.579882088728320377e+04
1.581616571704328089e+04
1.583355467541059261e+04
1.585096889758475663e+04
1.586829257506901013e+04
1.588557659596030135e+04
1.590299414372636784e+04
1.592039831847472124e+04
1.593773066766283591e+04
1.595505566367139545e+04
1.597242373221043999e+04
1.598984236572617192e+04
1.600720943367951986e+04
1.602449859610028943e+04
1.604184291547469184e+04
1.605928095513866356e+04
1.607664116383580040e+04
1.609394924605863889e+04
1.611130517227068776e+04
1.612869988558521800e+04
1.614610128653963693e+04
1.616342816769642741e+04
1.618071713344982163e+04
1.619814362480777527e+04
1.621554841500138537e+04
1.623286439872507435e+04
1.625019066269679388e+04
1.626757137945972136e+04
1.628498316112552311e+04
1.630234243485928891e+04
1.631963817009366903e+04
1.633699352675380942e+04
1.635442944378112406e+04
1.637178437105177727e+04
1.638907875175153458e+04
1.640644697166918559e+04
1.642384684743287653e+04
1.644123475857949961e+04
1.645856362397617340e+04
1.647586097722558770e+04
1.649329272911822045e+04
1.651069237448674539e+04
1.652799454912260990e+04
1.654532202627444713e+04
1.656271557657959056e+04
1.658012103250965811e+04
1.659747081593794792e+04
1.661477635715359793e+04
1.663213991474083741e+04
1.664957586305223231e+04
1.666692529996316443e+04
1.668420987364229586e+04
1.670158812951356231e+04
1.671899462704819598e+04
1.673636991272778687e+04
1.675369770929545484e+04
1.677101249858877782e+04
1.678843933879290853e+04
1.680583956640498218e+04
1.682312976410377814e+04
1.684045965318136587e+04
1.685786316829152202e+04
1.687526242193219514e+04
1.689260362457871815e+04
1.690991949375965123e+04
1.692729277179254495e+04
1.694472034578716193e+04
1.696207044342923837e+04
1.697934609761408865e+04
1.699673557705869825e+04
1.701414678285336413e+04
1.703150789680363960e+04
1.704883584008410980e+04
1.706616843062893895e+04
1.708358922468786477e+04
1.710098478248528045e+04
1.711827026303211096e+04
1.713560195517106331e+04
1.715301439483930153e+04
1.717040812405065662e+04
1.718773667452455993e+04
1.720506545422711497e+04
1.722244784954095667e+04
1.723986477571772411e+04
1.725721362439696895e+04
1.727448503863151927e+04
1.729188560027607309e+04
1.730930185476018596e+04
1.732664698547933222e+04
1.734397299993777415e+04
1.736132246282996493e+04
