0.000000000000000000e+00
1.739956740785872569e+01
3.470242737843295089e+01
5.199425010355113841e+01
6.937924151389222516e+01
8.678088313703457857e+01
1.041113065304751615e+02
1.214039939242366870e+02
1.387639262350305103e+02
1.561816217381339129e+02
1.735162367423562841e+02
1.907995846820072643e+02
2.081517809840246400e+02
2.255599903608193983e+02
2.429240139724740004e+02
2.602119552438031747e+02
2.775351362009211584e+02
2.949486443183462825e+02
3.123199213831258021e+02
3.296149093197258821e+02
3.469349997924661011e+02
3.643308532154691193e+02
3.817254476943047621e+02
3.990270565552068547e+02
4.163198679859064555e+02
4.337100170893311315e+02
4.511087947714302686e+02
4.684322119019275306e+02
4.857291570296505938e+02
5.030959042943551367e+02
5.205111864159194965e+02
5.378406591320429015e+02
5.551214859296187569e+02
5.724784096467147947e+02
5.898870367325155257e+02
6.072451670373588968e+02
6.245347818647903750e+02
6.418649131940144343e+02
6.592809698432063215e+02
6.766461879527576002e+02
6.939348982636302026e+02
7.112592745820280697e+02
7.286591963425795484e+02
7.460489228541969169e+02
7.633489470389438338e+02
7.806458405757053924e+02
7.980408774473728499e+02
8.154371119582717711e+02
8.327518674035022741e+02
8.500523163903562818e+02
8.674267043905365426e+02
8.848384381521073010e+02
9.021645142477918853e+02
9.194435110433374803e+02
9.368059800004255067e+02
9.542153806257382485e+02
9.715659159378803906e+02
9.888567677514171237e+02
1.006194804127862653e+03
1.023612012398552224e+03
1.040971363828942231e+03
1.058254545481151354e+03
1.075583106141407370e+03
1.092986552082589014e+03
1.110370622186758737e+03
1.127669623950953337e+03
1.144972273010043409e+03
1.162372934756552695e+03
1.179764845487177354e+03
1.197071270542649017e+03
1.214374141696945344e+03
1.231754739846990105e+03
1.249162840345366476e+03
1.266485341355558830e+03
1.283766000613711640e+03
1.301133972378410363e+03
1.318543285102204209e+03
1.335885464046789366e+03
1.353177000570382461e+03
1.370523922041929382e+03
1.387940272528049718e+03
1.405295386003302383e+03
1.422574447126673931e+03
1.439908025371699296e+03
1.457314648348526362e+03
1.474692662835852843e+03
1.491991093689958689e+03
1.509301597457848402e+03
1.526706158542219555e+03
1.544093122551241777e+03
1.561391945838627407e+03
1.578696797420341227e+03
1.596083164497961207e+03
1.613487442806984745e+03
1.630807294316415891e+03
1.648092026234439345e+03
1.665465698974703855e+03
1.682874137283606160e+03
1.700207458536895729e+03
1.717498972478201267e+03
1.734854096194533213e+03
1.752269233212921790e+03
1.769620055773271361e+03
1.786897375071419447e+03
1.804234974788940235e+03
1.821644057764748140e+03
1.839014948774566619e+03
1.856310945313126467e+03
1.873630646014146805e+03
1.891037781494938372e+03
1.908420511349248500e+03
1.925713016921693452e+03
1.943020357327575994e+03
1.960411400951352334e+03
1.977811217574162129e+03
1.995127392709894366e+03
2.012417306794071465e+03
2.029797558816955643e+03
2.047203134370568932e+03
2.064528411735297595e+03
2.081819788012860045e+03
2.099181685909943553e+03
2.116594691534144658e+03
2.133941070122008568e+03
2.151220191987304133e+03
2.168563284237566677e+03
2.185974158611185430e+03
2.203337609019203683e+03
2.220630707053256174e+03
2.237958359953331637e+03
2.255367251653206040e+03
2.272745301970187029e+03
2.290034356040387138e+03
2.307344439469869940e+03
2.324739945216658271e+03
2.342135016670823461e+03
2.359447227174614909e+03
2.376744472196120114e+03
2.394129916138379485e+03
2.411533241212335270e+03
2.428850697779554139e+03
2.446141690354365892e+03
2.463509447733178604e+03
2.480920732652813058e+03
2.498262866712197138e+03
2.515544496311628791e+03
2.532893925909171230e+03
2.550305688763581202e+03
2.567661571836817075e+03
2.584950996735886292e+03
2.602285753682673203e+03
2.619696023473373316e+03
2.637069655524650898e+03
2.654357166037823390e+03
2.671670821170319869e+03
2.689069809576520129e+03
2.706459857450051004e+03
2.723766872865525329e+03
2.741071345617229781e+03
2.758461501799911275e+03
2.775861661931424351e+03
2.793173429941670292e+03
2.810463833932697526e+03
2.827836317699761821e+03
2.845246290785637939e+03
2.862583335400250689e+03
2.879869676228861863e+03
2.897225331691108295e+03
2.914637453109719900e+03
2.931985984120407011e+03
2.949271560779091033e+03
2.966612524091976411e+03
2.984023715268514025e+03
3.001392958858276870e+03
3.018680780417681490e+03
3.035999778501227411e+03
3.053401798942607456e+03
3.070787416660360577e+03
3.088087868829667968e+03
3.105398056422325681e+03
3.122792893660401205e+03
3.140189400620853121e+03
3.157497134752347847e+03
3.174788243784273618e+03
3.192165278033977302e+03
3.209574011083483583e+03
3.226904638819249158e+03
3.244195058750546195e+03
3.261557205199667806e+03
3.278968780822298868e+03
3.296310497923673211e+03
3.313592971316169496e+03
3.330938582995533579e+03
3.348350782805377094e+03
3.365714461563662553e+03
3.383003011457763023e+03
3.400328109010532899e+03
3.417733875368708141e+03
3.435112965320381591e+03
3.452406884870717477e+03
3.469721982669499084e+03
3.487121011957101473e+03
3.504513959088291813e+03
3.521818450636685156e+03
3.539112673777017335e+03
3.556493837051328228e+03
3.573900400612553312e+03
3.591222647301995039e+03
3.608517082530091102e+03
3.625887175126091279e+03
3.643297412640288712e+03
3.660633409525218667e+03
3.677913861476629791e+03
3.695263752611731434e+03
3.712677374972438429e+03
3.730034864143202867e+03
3.747324530339358716e+03
3.764656950773285644e+03
3.782065628341840238e+03
3.799438438754285926e+03
3.816726667962906504e+03
3.834046066560827057e+03
3.851448968864620838e+03
3.868837491778843741e+03
3.886140033348050110e+03
3.903439265099561453e+03
3.920826327343901085e+03
3.938229604112343623e+03
3.955543961320842755e+03
3.972840957051394071e+03
3.990217226329526056e+03
4.007625238644176534e+03
4.024955841745154885e+03
4.042236818871044306e+03
4.059591032967776755e+03
4.077006617916493269e+03
4.094356169945964666e+03
4.111646277605803334e+03
4.128987216955265467e+03
4.146397268521159276e+03
4.163764087324002503e+03
4.181047178402161080e+03
4.198369343361237043e+03
4.215776386915185867e+03
4.233159101815058420e+03
4.250460046559346665e+03
4.267765633105917004e+03
4.285157723262390391e+03
4.302556838792727831e+03
4.319863381728966488e+03
4.337162384112669315e+03
4.354545303262311791e+03
4.371950427429808769e+03
4.389276989488727850e+03
4.406560121605479253e+03
4.423919548436812875e+03
4.441335444798314711e+03
4.458677067034586798e+03
4.475967004821648516e+03
4.493316163874400445e+03
4.510727124049377380e+03
4.528087576535013795e+03
4.545368595492011082e+03
4.562694183513965072e+03
4.580105180643507992e+03
4.597481623801169917e+03
4.614780950310809203e+03
4.632094757378043141e+03
4.649490812342228310e+03
4.666885792547758683e+03
4.684185281467772256e+03
4.701485652580979149e+03
4.718874340803396990e+03
4.736275765658470846e+03
4.753598575167798117e+03
4.770886417525412071e+03
4.788251317028636549e+03
4.805665821614857123e+03
4.822999186966662819e+03
4.840288620068919045e+03
4.857645539548022498e+03
4.875055981661312217e+03
4.892411222862500836e+03
4.909692732474464719e+03
4.927021862627369956e+03
4.944435687224175126e+03
4.961805331847633170e+03
4.979101846559782643e+03
4.996423328811111787e+03
5.013823033460948864e+03
5.031211545405420111e+03
5.048506587229721845e+03
5.065807791847264525e+03
5.083202055572301106e+03
5.100599660497594414e+03
5.117918539334775232e+03
5.135212877292924532e+03
5.152583726472186754e+03
5.169996377009881144e+03
5.187321982373415267e+03
5.204609918577310964e+03
5.221973109193799246e+03
5.239382192870407380e+03
5.256732724363340822e+03
5.274015564704032840e+03
5.291349929829410939e+03
5.308765954649843479e+03
5.326128756904550755e+03
5.343421633882067908e+03
5.360750657814594888e+03
5.378153801799831854e+03
5.395536982666919357e+03
5.412829649646641883e+03
5.430132594217984661e+03
5.447531174020858089e+03
5.464924625651225142e+03
5.482239239964732405e+03
5.499539280848415729e+03
5.516916849891869788e+03
5.534325870705079069e+03
5.551645812081455006e+03
5.568931644121406862e+03
5.586300743551893902e+03
5.603708822463679098e+03
5.621055024734519975e+03
5.638341734230340080e+03
5.655681287587133738e+03
5.673099111939236536e+03
5.690454616959148552e+03
5.707743210198460474e+03
5.725078931583976555e+03
5.742483834827921783e+03
5.759862182378703437e+03
5.777154106876732840e+03
5.794459712875728655e+03
5.811862293605373452e+03
5.829251378573433612e+03
5.846559989272755047e+03
5.863866172976860980e+03
5.881249229882681902e+03
5.898654313770350200e+03
5.915969802797255397e+03
5.933254169093235760e+03
5.950628373524464223e+03
5.968035581977928814e+03
5.985376183011345347e+03
6.002666181113581843e+03
6.020012934277323438e+03
6.037430130878670752e+03
6.054779413589595606e+03
6.072062869122507436e+03
6.089404072635370540e+03
6.106810971604564656e+03
6.124184293257303580e+03
6.141477067596502820e+03
6.158786910849315973e+03
6.176193896798836249e+03
6.193577943358429366e+03
6.210879926266150505e+03
6.228191416663057680e+03
6.245579611683168878e+03
6.262981005566380190e+03
6.280293038481356234e+03
6.297577976159442187e+03
6.314957355456192090e+03
6.332363949151369525e+03
6.349697479815940824e+03
6.366990536360421174e+03
6.384345189395080524e+03
6.401761021757300114e+03
6.419105594457543702e+03
6.436384234583311809e+03
6.453730409380374113e+03
6.471139145523105981e+03
6.488507137018511457e+03
6.505799932828140300e+03
6.523116779436203615e+03
6.540526543371616754e+03
6.557905929401305912e+03
6.575199894631328789e+03
6.592515622968097887e+03
6.609908972737401200e+03
6.627305766929614038e+03
6.644615772417105291e+03
6.661902516549323991e+03
6.679287282230279743e+03
6.696691314471712758e+03
6.714016583908133725e+03
6.731312450263387291e+03
6.748675237388528330e+03
6.766089471203435096e+03
6.783429101018311485e+03
6.800705159180941337e+03
6.818056179171690928e+03
6.835466788845493284e+03
6.852827904925272378e+03
6.870120835150710263e+03
6.887446095424629675e+03
6.904857725374657093e+03
6.922232502871715042e+03
6.939519359926440302e+03
6.956838908844035359e+03
6.974237114987131463e+03
6.991629163184005847e+03
7.008937270325288409e+03
7.026228881456175259e+03
7.043618534807489596e+03
7.061020775388971742e+03
7.078337159761704243e+03
7.095635284485658303e+03
7.113005812037222313e+03
7.130417030634643197e+03
7.147752742964612480e+03
7.165028353331556900e+03
7.182384229102965037e+03
7.199796120853140565e+03
7.217149507227881259e+03
7.234442468052575350e+03
7.251776362101618361e+03
7.269189363617266281e+03
7.286558553506856697e+03
7.303840403839400096e+03
7.321163020248947760e+03
7.338565091101772850e+03
7.355951703989951056e+03
7.373257221246747577e+03
7.390556623314649187e+03
7.407950329877878175e+03
7.425349802182487110e+03
7.442656738888417749e+03
7.459956571477228863e+03
7.477333836699561289e+03
7.494741752055325378e+03
7.512073837678106429e+03
7.529352116247406229e+03
7.546712942380439017e+03
7.564125844178806801e+03
7.581470534722726370e+03
7.598762812927740924e+03
7.616105537144643677e+03
7.633518290172937668e+03
7.650883244020156781e+03
7.668161203405606102e+03
7.685488238838292091e+03
7.702893888034315751e+03
7.720274315220222888e+03
7.737577584073869730e+03
7.754884856441196462e+03
7.772282603105508315e+03
7.789677879176077113e+03
7.806978057394042480e+03
7.824278857800349215e+03
7.841661689793522783e+03
7.859066365598093398e+03
7.876394336423400091e+03
7.893676871292995202e+03
7.911042809970279450e+03
7.928455956685072124e+03
7.945791375220128430e+03
7.963082665819571048e+03
7.980433711042630421e+03
7.997845337691897839e+03
8.015205622985801710e+03
8.032483311282559953e+03
8.049814440150992596e+03
8.067223277425705419e+03
8.084596610271859390e+03
8.101896411609133793e+03
8.119212245964608883e+03
8.136612954186630304e+03
8.154004238869254550e+03
8.171298837765105418e+03
8.188601623689155531e+03
8.205989576475303693e+03
8.223390626400212568e+03
8.240714326530727703e+03
8.258003410246532439e+03
8.275375235797044297e+03
8.292786972182891986e+03
8.310115235031928023e+03
8.327404929494105090e+03
8.344762181602674900e+03
8.362173280390323271e+03
8.379528860240496215e+03
8.396809212236035819e+03
8.414144685570207002e+03
8.431556819203075065e+03
8.448923116626838237e+03
8.466218723651913024e+03
8.483542497304275457e+03
8.500945537557206990e+03
8.518332647161429122e+03
8.535624270646094374e+03
8.552928955019509885e+03
8.570320770514746982e+03
8.587717731519458539e+03
8.605036042765881575e+03
8.622331841327482834e+03
8.639709034442001212e+03
8.657118875423284408e+03
8.674439464065879292e+03
8.691727483792945350e+03
8.709090019664627107e+03
8.726500605777086093e+03
8.743851288892416051e+03
8.761134624483935113e+03
8.778476114746074018e+03
8.795889518243060593e+03
8.813248779912179089e+03
8.830539003029234664e+03
8.847868713838923213e+03
8.865274412352979198e+03
8.882656524456942861e+03
8.899947403401927659e+03
8.917254826997808777e+03
8.934651280095236871e+03
8.952043588867398284e+03
8.969355812200545188e+03
8.986657785540119221e+03
9.004040392584764049e+03
9.021447526635198301e+03
9.038763040153638940e+03
9.056050481231748563e+03
9.073417551367665510e+03
9.090827261282411200e+03
9.108171656929074743e+03
9.125458462282296750e+03
9.142806168505529058e+03
9.160221351349387987e+03
9.177573453438555589e+03
9.194859471195064543e+03
9.212194143519845966e+03
9.229601644898517407e+03
9.246978784225972049e+03
9.264269571543431084e+03
9.281581679259203156e+03
9.298982468797928959e+03
9.316370746551650882e+03
9.333675112962955609e+03
9.350981308740636450e+03
9.368369519064737688e+03
9.385773023836301945e+03
9.403085119013681833e+03
9.420372786553270998e+03
9.437745075292510592e+03
9.455153859231200840e+03
9.472491173411915952e+03
9.489781101580105314e+03
9.507135824451652297e+03
9.524551482393984770e+03
9.541896725121423515e+03
9.559179361318303563e+03
9.576518584606095828e+03
9.593928641382170099e+03
9.611299895907684913e+03
9.628590973625960032e+03
9.645909289744922717e+03
9.663314833636275580e+03
9.680697142885910580e+03
9.697994663388688423e+03
9.715304778904079285e+03
9.732698251035955764e+03
9.750097794528639497e+03
9.767407283135700709e+03
9.784697353711504547e+03
9.802075448265826708e+03
9.819482695672912087e+03
9.836811266594024346e+03
9.854103548191347727e+03
9.871466055162851262e+03
9.888880109127401738e+03
9.906220597634051956e+03
9.923501010781317746e+03
9.940844824510164472e+03
9.958256348495586280e+03
9.975621011828618066e+03
9.992912354782018156e+03
1.001023799989175677e+04
1.002764718834017549e+04
1.004502298350108686e+04
1.006231487117361758e+04
1.007962758107271839e+04
1.009702558764150490e+04
1.011442040160698525e+04
1.013172743060467656e+04
1.014902203783834375e+04
1.016640603727656344e+04
1.018381019554047816e+04
1.020113077256109318e+04
1.021842468649226066e+04
1.023579452647230210e+04
1.025320678846467490e+04
1.027054276350143846e+04
1.028782357847203093e+04
1.030517207747065186e+04
1.032258560425686301e+04
1.033994245268878331e+04
1.035723314153333558e+04
1.037456764317983834e+04
1.039197885320720525e+04
1.040934924493013750e+04
1.042663633691017822e+04
1.044395226884676958e+04
1.046135428717242394e+04
1.047874400560782306e+04
1.049604896614977406e+04
1.051335021555772983e+04
1.053074025229064500e+04
1.054814008298732915e+04
1.056545296669750678e+04
1.058274738820046878e+04
1.060012373857705461e+04
1.061753329804730856e+04
1.063486535032511892e+04
1.065214844267209446e+04
1.066950265840183056e+04
1.068691659549204633e+04
1.070426557935146775e+04
1.072155482103623581e+04
1.073889716004628644e+04
1.075630898754891678e+04
1.077367389684968657e+04
1.079095915127656190e+04
1.080827796438282166e+04
1.082568428844782829e+04
1.084306769117473414e+04
1.086036975569259084e+04
1.087767893202905179e+04
1.089507341346696558e+04
1.091246910621395000e+04
1.092977574591037410e+04
1.094707026152978324e+04
1.096445247916102744e+04
1.098185877802848700e+04
1.099918671226314109e+04
1.101647348335337301e+04
1.103383421264796925e+04
1.105124682848363591e+04
1.106858848299521924e+04
1.108587504568277109e+04
1.110322466297738356e+04
1.112063684516464127e+04
1.113799689747060256e+04
1.115528167372458483e+04
1.117260488143777184e+04
1.119001395212734133e+04
1.120739129946779940e+04
1.122468948649650338e+04
1.124200598593422546e+04
1.125940446040463576e+04
1.127679489756954717e+04
1.129409718291853096e+04
1.131139247074831474e+04
1.132877945332958552e+04
1.134618280239691012e+04
1.136350648136398377e+04
1.138079897535417695e+04
1.139816593921876301e+04
1.141557691921541118e+04
1.143291130685373719e+04
1.145019513453060790e+04
1.146755140941817081e+04
1.148496310041791003e+04
1.150231901427886078e+04
1.151960478839049574e+04
1.153693416797943792e+04
1.155434476441742481e+04
1.157171631746729872e+04
1.158900902091299213e+04
1.160633185139733905e+04
1.162373438919955152e+04
1.164112034482232775e+04
1.165841979459840331e+04
1.167571699826482291e+04
1.169310812008236644e+04
1.171050817301394636e+04
1.172782601962415720e+04
1.174512350669730768e+04
1.176249777969896240e+04
1.177990611302569596e+04
1.179723533205144849e+04
1.181451705256527202e+04
1.183187843377287572e+04
1.184928982854801507e+04
1.186664030271054253e+04
1.188392811165903368e+04
1.190126402296396191e+04
1.191867687140141970e+04
1.193604189833093733e+04
1.195332858390680849e+04
1.197065784725370759e+04
1.198806293304205974e+04
1.200544460826306022e+04
1.202274209032496947e+04
1.204004323928973463e+04
1.205743836758004181e+04
1.207483571021194621e+04
1.209214606036172700e+04
1.210944856837299812e+04
1.212682952143117291e+04
1.214423458531868891e+04
1.216155929292228211e+04
1.217883962673513088e+04
1.219620555692584458e+04
1.221361742030134519e+04
1.223096165812490835e+04
1.224825228155469449e+04
1.226559607110631987e+04
1.228300921069739707e+04
1.230036834413049291e+04
1.231764967623555640e+04
1.233498371852111813e+04
1.235239158201541431e+04
1.236976841472536216e+04
1.238706518933046209e+04
1.240437205378828003e+04
1.242177121838608582e+04
1.243916419208216757e+04
1.245646652162024111e+04
1.247377308964997064e+04
1.249115975666063787e+04
1.250856176071391201e+04
1.252588177707538125e+04
1.254316350310730377e+04
1.256053401041706093e+04
1.257794591399593992e+04
1.259528184906865863e+04
1.261257380939421273e+04
1.262992638853024073e+04
1.264733888157662659e+04
1.266469304401074623e+04
1.268196991985291243e+04
1.269930791228704038e+04
1.271671822247376440e+04
1.273408912767648144e+04
1.275138527763667662e+04
1.276869986772302946e+04
1.278610248351345581e+04
1.280349089604763503e+04
1.282078523858837616e+04
1.283809506258382316e+04
1.285548759268687718e+04
1.287288591231609462e+04
1.289020230910712780e+04
1.290748743256278067e+04
1.292486303969346773e+04
1.294227424966427498e+04
1.295960161397063348e+04
1.297689528935915223e+04
1.299425616237205395e+04
1.301166734490680210e+04
1.302901572385622057e+04
1.304629141055173750e+04
1.306363265882716951e+04
1.308104638850705305e+04
1.309841002761358322e+04
1.311570507041873316e+04
1.313302854945809304e+04
1.315043343820167138e+04
1.316781756483990466e+04
1.318510478175521712e+04
1.320241745633475693e+04
1.321981514575230176e+04
1.323720862555987514e+04
1.325452205884606883e+04
1.327181325992493839e+04
1.328919349375451748e+04
1.330660291523465276e+04
1.332392109756255013e+04
1.334121564218363710e+04
1.335858387666557064e+04
1.337599319645038668e+04
1.339333672674972695e+04
1.341061318092299916e+04
1.342795925267339408e+04
1.344537532218827255e+04
1.346273132137587527e+04
1.348002509056082636e+04
1.349735740825067660e+04
1.351476461859512710e+04
1.353214263022173327e+04
1.354942590225133608e+04
1.356674068220809932e+04
1.358414284329596921e+04
1.360153108033825265e+04
1.361884136087961997e+04
1.363614047225336435e+04
1.365352504136793686e+04
1.367093209648680931e+04
1.368824158839688971e+04
1.370553744329696929e+04
1.372291233665925938e+04
1.374031884558371894e+04
1.375765838157979124e+04
1.377493834260477161e+04
1.379228917943873785e+04
1.380970624453735581e+04
1.382705362444772618e+04
1.384434520674369196e+04
1.386168569612399551e+04
1.387909354832501049e+04
1.389646633448536886e+04
1.391374788740793156e+04
1.393106542402646301e+04
1.394847164127800897e+04
1.396585398388088470e+04
1.398316080192693153e+04
1.400046804391582009e+04
1.401785744040392456e+04
1.403526009253757366e+04
1.405256396915752339e+04
1.406985924338907353e+04
1.408723976550573752e+04
1.410464340389944118e+04
1.412197809742235950e+04
1.413926361342489508e+04
1.415661916551888862e+04
1.417403713025551770e+04
1.419137607205576569e+04
1.420866582252779699e+04
1.422601359402856178e+04
1.424342134457934662e+04
1.426078917498259761e+04
1.427807132688949605e+04
1.429539276783812966e+04
1.431280261137282105e+04
1.433017884951035194e+04
1.434748079112278356e+04
1.436479538741476426e+04
1.438218881422981212e+04
1.439958676063180610e+04
1.441688645788358917e+04
1.443418208721351584e+04
1.445156740562055347e+04
1.446896858187128601e+04
1.448629778010652990e+04
1.450358850055876974e+04
1.452095039034030924e+04
1.453836753561323349e+04
1.455569972606126794e+04
1.457298605309590494e+04
1.459033995065070485e+04
1.460774849486157837e+04
1.462511091412020323e+04
1.464239536068035704e+04
1.465972088747394810e+04
1.467713437109951337e+04
1.469450354253549085e+04
1.471180084611747588e+04
1.472912197567164549e+04
1.474651877706896630e+04
1.476391262429909330e+04
1.478120976352105936e+04
1.479850667759587850e+04
1.481589667771241875e+04
1.483329482542726873e+04
1.485061804635581211e+04
1.486791349117210120e+04
1.488528230727272603e+04
1.490269735218220376e+04
1.492002358174688925e+04
1.493730741217456307e+04
1.495466628357047011e+04
1.497207470165296036e+04
1.498943152370505777e+04
1.500671815301652168e+04
1.502404997393015219e+04
1.504146607278948613e+04
1.505882927504116560e+04
1.507612029927221374e+04
1.509344605937004781e+04
1.511084662242702143e+04
1.512823555195195877e+04
1.514553208630101653e+04
1.516283120730804512e+04
1.518022724448013469e+04
1.519762153529179341e+04
1.521493763612972907e+04
1.523223830533841101e+04
1.524961326126932181e+04
1.526702519880619366e+04
1.528434685270100272e+04
1.530162928235851541e+04
1.531899297936118637e+04
1.533640196920399649e+04
1.535375199638735103e+04
1.537104081015812881e+04
1.538837998920532664e+04
1.540579733295497135e+04
1.542315445928925692e+04
1.544043966528428791e+04
1.545777020309099862e+04
1.547517423491179215e+04
1.549255761930420340e+04
1.550985365661628384e+04
1.552715754381903025e+04
1.554455862981680548e+04
1.556194885818935109e+04
1.557925690035019215e+04
1.559656071274697752e+04
1.561394210414745976e+04
1.563135032584923101e+04
1.564866892834523787e+04
1.566595107510022353e+04
1.568332084307988043e+04
1.570072943910304457e+04
1.571807191151193547e+04
1.573536253287467844e+04
1.575270952148810102e+04
1.577012767025659377e+04
1.578747864131134520e+04
1.580476005964472279e+04
1.582209490265839668e+04
1.583950153307042274e+04
1.585687836651912221e+04
1.587417406933503116e+04
1.589148523164227663e+04
1.590889054839132586e+04
1.592627628835316136e+04
1.594357646900116742e+04
1.596088358010289812e+04
1.597827095675463352e+04
1.599567521720343211e+04
1.601299136635574905e+04
1.603027600379399337e+04
1.604765174609823589e+04
1.606505868623007700e+04
1.608239302008257800e+04
1.609968510604591211e+04
1.611704039800511782e+04
1.613445677764793800e+04
1.615180384383586716e+04
1.616908239178056101e+04
1.618642207226787104e+04
1.620383092158922227e+04
1.622120148965007320e+04
1.623849601667845491e+04
1.625581506361560423e+04
1.627322398222335141e+04
1.629060416040969722e+04
1.630789774313171438e+04
1.632520674842726476e+04
1.634259958665000886e+04
1.635999904480050100e+04
1.637731254197639646e+04
1.639460252090254289e+04
1.641198373806327800e+04
1.642938884148096258e+04
1.644671421971780364e+04
1.646400632628072344e+04
1.648136948846188170e+04
1.649878320838021318e+04
1.651612624564036014e+04
1.653340451088464761e+04
1.655074954996612723e+04
1.656816053482821735e+04
1.658552370066858566e+04
1.660281632096816611e+04
1.662014370878921909e+04
1.663755456286799381e+04
1.665493007771384873e+04
1.667221846100342373e+04
1.668953043376411733e+04
1.670692695425241618e+04
1.672432155618193065e+04
1.674163136349061460e+04
1.675892759532246782e+04
1.677631526277898593e+04
1.679371695908345282e+04
1.681103478450866533e+04
1.682832685159433095e+04
1.684569627131618472e+04
1.686310773493210218e+04
1.688044633880016409e+04
1.689772709212998961e+04
1.691507772223123902e+04
1.693248969826267421e+04
1.694984462966263527e+04
1.696713469008032553e+04
1.698447041836544668e+04
1.700188190276132082e+04
1.701925254449298518e+04
1.703653821656722357e+04
1.705385409388860717e+04
1.707125439359855955e+04
1.708864371521088833e+04
1.710594974768800967e+04
1.712325326799002505e+04
1.714064548548144376e+04
1.715804377762005970e+04
1.717535478825030077e+04
1.719264727679874341e+04
1.721002226694827914e+04
1.722743184715316602e+04
1.724476643320614676e+04
1.726205120651682955e+04
1.727940854518924243e+04
1.729682006528911370e+04
1.731416760118027014e+04
1.733145453508217179e+04
1.734879730517446296e+04
