0.000000000000000000e+00
1.735801603012987826e+01
3.466660805128709910e+01
5.197113475456352205e+01
6.932324400011050614e+01
8.667659687463856244e+01
1.039826732516999925e+02
1.212787005579139361e+02
1.386078815453092830e+02
1.559698532938222968e+02
1.732864650727007927e+02
1.905896989483314314e+02
2.079268214073690615e+02
2.252929748295262584e+02
2.426181269314972155e+02
2.599064319229013904e+02
2.772292520319122673e+02
2.945837938945348924e+02
3.119121123063628147e+02
3.292116464002220937e+02
3.465319614486484170e+02
3.639015220686547991e+02
3.812369915325679131e+02
3.985371534814380539e+02
4.158555854508824723e+02
4.332029334662759084e+02
4.505425677031498140e+02
4.678326123707024635e+02
4.851441383427595611e+02
5.025023212922081939e+02
5.198544897761147467e+02
5.371630204063824294e+02
5.544678763396667591e+02
5.718223933751421555e+02
5.891634170938209536e+02
6.064680251864815546e+02
6.237679294864437907e+02
6.411055464931184815e+02
6.584687638677710311e+02
6.757833240287948229e+02
6.930846126673234266e+02
7.104289957370813227e+02
7.277892841433372269e+02
7.451043202890509747e+02
7.623949060156071482e+02
7.797209868329161964e+02
7.970784770392061773e+02
8.144030924620624319e+02
8.317048921229027201e+02
8.490340526521174525e+02
8.664012306453621477e+02
8.837323974201258352e+02
9.010272112312432000e+02
9.183407978401151013e+02
9.356970306769773060e+02
9.530289797625657684e+02
9.703291533708118095e+02
9.876414471262671668e+02
1.005007650971504063e+03
1.022351357261972908e+03
1.039653854925408723e+03
1.056968401141848972e+03
1.074312209573261271e+03
1.091657862639920040e+03
1.108954759273447053e+03
1.126255344958230353e+03
1.143607229080272418e+03
1.160965151834311200e+03
1.178279051201050606e+03
1.195580555471591651e+03
1.212927055323100376e+03
1.230280260202130876e+03
1.247584618546647107e+03
1.264887025491812437e+03
1.282213952408039404e+03
1.299577659735536145e+03
1.316898405881999679e+03
1.334197486561615960e+03
1.351535014553717247e+03
1.368897142240987932e+03
1.386224518450831056e+03
1.403513108932272644e+03
1.420830955126766185e+03
1.438189554278982541e+03
1.455518252502154610e+03
1.472820081508529711e+03
1.490141183842951250e+03
1.507506957567071822e+03
1.524846631834350774e+03
1.542142428013878771e+03
1.559454929228139690e+03
1.576804169182283204e+03
1.594146660960767576e+03
1.611446238863250073e+03
1.628752204930146490e+03
1.646112164146103169e+03
1.663464090503667194e+03
1.680771095443793683e+03
1.698078687507539144e+03
1.715423629487491780e+03
1.732770813152332266e+03
1.750075826173603673e+03
1.767373684280314819e+03
1.784716757374745157e+03
1.802078131347070439e+03
1.819398184934022083e+03
1.836697407441301493e+03
1.854035854068170011e+03
1.871397404822354019e+03
1.888707049933991129e+03
1.906004488756326737e+03
1.923328691544062849e+03
1.940691279096171456e+03
1.958018804156298984e+03
1.975316426055417651e+03
1.992647044579931389e+03
2.010009760589432517e+03
2.027343990558539417e+03
2.044638276388991017e+03
2.061943329245727000e+03
2.079304673909266512e+03
2.096639588703642403e+03
2.113942822555878138e+03
2.131257004198006143e+03
2.148618818735299101e+03
2.165967014380752971e+03
2.183263950261957234e+03
2.200574365798148847e+03
2.217917281316967092e+03
2.235265994138268070e+03
2.252570942760316939e+03
2.269871043250589082e+03
2.287223204513075416e+03
2.304582185397997819e+03
2.321894601870159022e+03
2.339197413761925418e+03
2.356536676273301964e+03
2.373891501392853570e+03
2.391197266655032763e+03
2.408495925764079402e+03
2.425831180110609239e+03
2.443194117093667955e+03
2.460521516525584957e+03
2.477819436669124116e+03
2.495149683127694061e+03
2.512511747507983728e+03
2.529834430201777650e+03
2.547127244022132800e+03
2.564446163271760270e+03
2.581807829264625980e+03
2.599143375441298303e+03
2.616442516466445795e+03
2.633765723850528957e+03
2.651126376376279950e+03
2.668465915148813110e+03
2.685765240693112901e+03
2.703065724949700780e+03
2.720419424383505429e+03
2.737763424746811324e+03
2.755069391934834130e+03
2.772378533265327405e+03
2.789733896427710533e+03
2.807089473211396580e+03
2.824391546492743146e+03
2.841694076861939266e+03
2.859037551045603323e+03
2.876384425826508505e+03
2.893697916210886433e+03
2.910994049190897385e+03
2.928338350225494651e+03
2.945702999269688917e+03
2.963020902980402298e+03
2.980321869825865178e+03
2.997650758389756447e+03
3.015013057466298960e+03
3.032321788085627304e+03
3.049617481230411613e+03
3.066946882915880451e+03
3.084310393912064683e+03
3.101645966323861103e+03
3.118943540379578735e+03
3.136265955636806211e+03
3.153627753734470389e+03
3.170957165214664656e+03
3.188254141319216615e+03
3.205560670228634081e+03
3.222919848508001451e+03
3.240263300978429925e+03
3.257564934203405755e+03
3.274881316838829662e+03
3.292239186920694010e+03
3.309585901818171351e+03
3.326885278281513365e+03
3.344186735398370729e+03
3.361530529572924479e+03
3.378880691952136658e+03
3.396190934278926761e+03
3.413495602201651309e+03
3.430843341052331198e+03
3.448206058012882750e+03
3.465515910465660454e+03
3.482812669705002463e+03
3.500151139664251332e+03
3.517501848525199421e+03
3.534819620878775822e+03
3.552113350943842761e+03
3.569448825756893712e+03
3.586816194813143738e+03
3.604141649293304454e+03
3.621442261819757732e+03
3.638764918655724614e+03
3.656124263339274876e+03
3.673446017528712218e+03
3.690736594037737632e+03
3.708060128161292141e+03
3.725421648820958580e+03
3.742764450664356445e+03
3.760064108849404874e+03
3.777380033846692186e+03
3.794742020212967873e+03
3.812073663866425704e+03
3.829377735624995694e+03
3.846677462885178556e+03
3.864029118955739250e+03
3.881380144044301232e+03
3.898685057417035750e+03
3.915996218260030219e+03
3.933349585670031047e+03
3.950704777042936257e+03
3.968006646749475294e+03
3.985301900566678341e+03
4.002642556593546033e+03
4.019991738560282101e+03
4.037309426656755932e+03
4.054610431127357515e+03
4.071949755164448106e+03
4.089317602836314109e+03
4.106633228857204813e+03
4.123931725883974650e+03
4.141258629681831735e+03
4.158615969329504878e+03
4.175934556012693065e+03
4.193230223785021735e+03
4.210556628497840393e+03
4.227924059500233852e+03
4.245258230539184297e+03
4.262559961392011246e+03
4.279879022824263302e+03
4.297234261606175096e+03
4.314565719126363547e+03
4.331857692884653261e+03
4.349170730489464404e+03
4.366528320048180831e+03
4.383877998152264809e+03
4.401181024379487098e+03
4.418491479173092557e+03
4.435850916251085437e+03
4.453191327462254776e+03
4.470494767664772553e+03
4.487796185051516659e+03
4.505134124492647970e+03
4.522491811502302880e+03
4.539800880427655102e+03
4.557107700657575151e+03
4.574454752978854231e+03
4.591815581238164668e+03
4.609128849118704238e+03
4.626417183898059193e+03
4.643753979275166785e+03
4.661103723654225178e+03
4.678427556369591912e+03
4.695726414046792343e+03
4.713057030646241401e+03
4.730427217571546862e+03
4.747751559386761983e+03
4.765050560198395942e+03
4.782372692254644790e+03
4.799727541872711299e+03
4.817055770874580048e+03
4.834346589166464582e+03
4.851666932761228963e+03
4.869032003314083340e+03
4.886374123713521840e+03
4.903678030343458886e+03
4.920989875298038896e+03
4.938347218490153864e+03
4.955681722601709225e+03
4.972980670982398806e+03
4.990284223213435325e+03
5.007635172865409913e+03
5.024990428161366253e+03
5.042297860585273156e+03
5.059603442263201941e+03
5.076956610982380880e+03
5.094309409806832264e+03
5.111613898229790721e+03
5.128911347300738271e+03
5.146243791906914339e+03
5.163602807832543476e+03
5.180916443727966907e+03
5.198219877691187321e+03
5.215559662984720489e+03
5.232924965542781138e+03
5.250247398100130340e+03
5.267537719433376878e+03
5.284862447622918808e+03
5.302219471638707546e+03
5.319544603322052353e+03
5.336843564898362274e+03
5.354165664377214853e+03
5.371535946043321019e+03
5.388868837022698244e+03
5.406167170030519628e+03
5.423488555515079497e+03
5.440836119339337529e+03
5.458177021276738742e+03
5.475467763036664110e+03
5.492777826432513393e+03
5.510137853158299549e+03
5.527487501233118564e+03
5.544795330202936384e+03
5.562102038431583424e+03
5.579456750727264989e+03
5.596797249663716684e+03
5.614099497060184149e+03
5.631402927057404668e+03
5.648742762601663344e+03
5.666103301530387398e+03
5.683416225925269828e+03
5.700717879513439584e+03
5.718064458104085134e+03
5.735422429726526389e+03
5.752737506881712761e+03
5.770028109358554502e+03
5.787357976670405151e+03
5.804716068272492521e+03
5.822035722199332668e+03
5.839337249801238613e+03
5.856668882831509109e+03
5.874035700515717508e+03
5.891364304586382787e+03
5.908658997320421804e+03
5.925974778050423993e+03
5.943331955825312434e+03
5.960663024259391022e+03
5.977962807638744380e+03
5.995276913119422716e+03
6.012643943518712149e+03
6.029985642401843506e+03
6.047286619031576265e+03
6.064601423786747546e+03
6.081948683567239641e+03
6.099292097168094188e+03
6.116590298954695754e+03
6.133892404411456482e+03
6.151245291517017904e+03
6.168601024121413502e+03
6.185913574963544306e+03
6.203216488790462790e+03
6.220563564193556886e+03
6.237917478487023800e+03
6.255218135253391665e+03
6.272520987150368455e+03
6.289853969026818959e+03
6.307216124013264562e+03
6.324535524224089386e+03
6.341834203558134504e+03
6.359173994738859619e+03
6.376535342532049981e+03
6.393860289801883482e+03
6.411151008598593762e+03
6.428468667522094620e+03
6.445830161814312305e+03
6.463157104768923091e+03
6.480458751493335512e+03
6.497782512804986254e+03
6.515148297193867620e+03
6.532485856130389038e+03
6.549779715245806074e+03
6.567094668089246625e+03
6.584443882672212567e+03
6.601785612591147583e+03
6.619087726310975995e+03
6.636394812197535430e+03
6.653756199823504176e+03
6.671106378973014216e+03
6.688410978075933599e+03
6.705718832496650066e+03
6.723065863246743902e+03
6.740411645631806095e+03
6.757715138579858831e+03
6.775015417679094753e+03
6.792361867599955076e+03
6.809721804317367059e+03
6.827040144056360987e+03
6.844340450150717515e+03
6.861679251817802651e+03
6.879039021108499583e+03
6.896347991518747222e+03
6.913643520318586525e+03
6.930971923791794325e+03
6.948335601587481506e+03
6.965662661278986889e+03
6.982960025332450641e+03
7.000291924677705538e+03
7.017653864509802588e+03
7.034984470303224953e+03
7.052281087493434825e+03
7.069586449220658324e+03
7.086948595975351964e+03
7.104283725452221006e+03
7.121586328649457755e+03
7.138903789395450985e+03
7.156265581890203975e+03
7.173611164951747924e+03
7.190906404822522745e+03
7.208215793407047386e+03
7.225562194567624829e+03
7.242907265202096823e+03
7.260214014566773585e+03
7.277515875057718404e+03
7.294870055310942917e+03
7.312228186012648621e+03
7.329537273619431289e+03
7.346840782770459555e+03
7.364179924405696511e+03
7.381535493804640282e+03
7.398838816263305489e+03
7.416138000824577830e+03
7.433476792349796597e+03
7.450839838806912667e+03
7.468165582973870187e+03
7.485463755316512106e+03
7.502794022062833392e+03
7.520153486093564425e+03
7.537474329753011261e+03
7.554767253636498936e+03
7.572087291209670184e+03
7.589449608155829992e+03
7.606784672044967920e+03
7.624083123317273930e+03
7.641407514213148715e+03
7.658768474765348401e+03
7.676104648902981353e+03
7.693403089565407754e+03
7.710707077173845391e+03
7.728060648035307167e+03
7.745404342582478421e+03
7.762708916358158604e+03
7.780020717837189295e+03
7.797377151864811822e+03
7.814730624855868882e+03
7.832031788076976227e+03
7.849331468543716255e+03
7.866678466520246729e+03
7.884022936908378142e+03
7.901336044791489257e+03
7.918633528402471711e+03
7.935979685444108327e+03
7.953343566659232238e+03
7.970658760985388653e+03
7.987960673545968348e+03
8.005290290310755154e+03
8.022651235803103191e+03
8.039959804186320071e+03
8.057253576854222047e+03
8.074585679272709967e+03
8.091949781842486118e+03
8.109283152026824609e+03
8.126580985497712390e+03
8.143904799861502397e+03
8.161267736642856107e+03
8.178592532713042601e+03
8.195891013786216718e+03
8.213198569584563302e+03
8.230558561063309753e+03
8.247900982343646319e+03
8.265201490401726915e+03
8.282519254094329881e+03
8.299878588302028220e+03
8.317222838921499715e+03
8.334519547248397430e+03
8.351822586270825923e+03
8.369168469265063322e+03
8.386516325918360963e+03
8.403825924180589936e+03
8.421132274708394107e+03
8.438481691771703481e+03
8.455843110569665441e+03
8.473151867913189562e+03
8.490448517521283065e+03
8.507787429044998134e+03
8.525138784376145850e+03
8.542453854217601474e+03
8.559748751995335624e+03
8.577086302440211512e+03
8.594453537410588979e+03
8.611776479765565455e+03
8.629077347115948214e+03
8.646402772361365351e+03
8.663759777176579519e+03
8.681081243787117273e+03
8.698370385350695869e+03
8.715695699405170672e+03
8.733057953582074333e+03
8.750398435114006134e+03
8.767698159232368198e+03
8.785015663780008254e+03
8.802379758917244544e+03
8.819707415721613870e+03
8.837010346497847422e+03
8.854313611371724619e+03
8.871664614469078515e+03
8.889014973094544985e+03
8.906317990415147506e+03
8.923630228055750194e+03
8.940985862235016612e+03
8.958339254811482533e+03
8.975641600720406132e+03
8.992935799043778388e+03
9.010279880862588470e+03
9.027626731557347739e+03
9.044942649023523700e+03
9.062244819527073560e+03
9.079586220916833554e+03
9.096953196473143180e+03
9.114267778022280254e+03
9.131566601155001990e+03
9.148894869344065228e+03
9.166251599066858034e+03
9.183568581667695980e+03
9.200863391416643935e+03
9.218191378505605826e+03
9.235559308898413292e+03
9.252890673576033805e+03
9.270192275999033882e+03
9.287513773156479147e+03
9.304869916650855885e+03
9.322199348898851895e+03
9.339491852934832423e+03
9.356805154562200187e+03
9.374164370709750074e+03
9.391511901782412679e+03
9.408814679420889661e+03
9.426126292171189561e+03
9.443487069768167203e+03
9.460826904173001822e+03
9.478127440507079882e+03
9.495432281052282633e+03
9.512771873433754081e+03
9.530126994169664613e+03
9.547434279006231009e+03
9.564741801113686961e+03
9.582091357976056315e+03
9.599450168404022406e+03
9.616763754726604020e+03
9.634052229237302527e+03
9.651390407478063935e+03
9.668741727305032327e+03
9.686062177227111533e+03
9.703361718307638512e+03
9.720694693981820819e+03
9.738064535208723100e+03
9.755386785453549237e+03
9.772684387675129983e+03
9.790010429558988108e+03
9.807363691924052546e+03
9.824692932768011815e+03
9.841982801421559998e+03
9.859303024560842459e+03
9.876669327122137474e+03
9.894008856347056280e+03
9.911312231694322691e+03
9.928625476492274174e+03
9.945984627876558079e+03
9.963316210551607583e+03
9.980615237796131623e+03
9.997921654282770760e+03
1.001527486356364534e+04
1.003262844466109345e+04
1.004993533092195867e+04
1.006724142811163438e+04
1.008459541568750865e+04
1.010194663562769347e+04
1.011925027527974453e+04
1.013654870248487714e+04
1.015388546891456281e+04
1.017124389818871350e+04
1.018855624791195442e+04
1.020585980255515460e+04
1.022320212738692680e+04
1.024056520568782798e+04
1.025788574394334864e+04
1.027517791645045145e+04
1.029250149506936577e+04
1.030986059391254639e+04
1.032718426374606315e+04
1.034448299631391274e+04
1.036180716771494190e+04
1.037917733301116459e+04
1.039650797178803987e+04
1.041380481574430451e+04
1.043112835371915207e+04
1.044847635106753478e+04
1.046581536137139301e+04
1.048310786521085902e+04
1.050041966478108407e+04
1.051778206571827104e+04
1.053512903701408868e+04
1.055243577887912943e+04
1.056974414137780877e+04
1.058709825678374546e+04
1.060443969013368223e+04
1.062173714189864222e+04
1.063904395209082759e+04
1.065638731198054302e+04
1.067374588612473599e+04
1.069105843988834022e+04
1.070836017974776405e+04
1.072570791425692369e+04
1.074306354407679464e+04
1.076037816100946475e+04
1.077766957706803078e+04
1.079500047740322043e+04
1.081236272713229118e+04
1.082968165096413213e+04
1.084698321191967625e+04
1.086431770935330860e+04
1.088168269369085647e+04
1.089900917354840203e+04
1.091630338800165191e+04
1.093362061405052555e+04
1.095097765793128747e+04
1.096830935237229278e+04
1.098560939972747656e+04
1.100292630031102453e+04
1.102029366398798447e+04
1.103763346155107683e+04
1.105493193400188284e+04
1.107224701979594101e+04
1.108959675080253146e+04
1.110693682048226219e+04
1.112423735746451894e+04
1.114154213102360336e+04
1.115889930014224592e+04
1.117625275068030896e+04
1.119356327795212201e+04
1.121086729450124585e+04
1.122821167237962800e+04
1.124556617509337229e+04
1.126286437707831283e+04
1.128016636011372611e+04
1.129750418763346352e+04
1.131486710181274611e+04
1.133218679805915235e+04
1.134948482158690786e+04
1.136682491280297654e+04
1.138418409990626969e+04
1.140150504728372107e+04
1.141879885497561372e+04
1.143611483704476086e+04
1.145347990190538621e+04
1.147080690710788258e+04
1.148810800261566692e+04
1.150543476744639338e+04
1.152279917805029254e+04
1.154013348353054971e+04
1.155742458291457842e+04
1.157474096494454716e+04
1.159209115764717899e+04
1.160943131593565704e+04
1.162673387810055283e+04
1.164404381194430243e+04
1.166140641128317657e+04
1.167875508862246716e+04
1.169605640712714739e+04
1.171336437547787500e+04
1.173071152117073871e+04
1.174805720714290146e+04
1.176535915369822578e+04
1.178266109949616293e+04
1.180001095413247822e+04
1.181737000464412267e+04
1.183468654864301971e+04
1.185198751073294625e+04
1.186932525180061202e+04
1.188668220771375127e+04
1.190399133907422765e+04
1.192128527032547936e+04
1.193861777581780552e+04
1.195598213460354418e+04
1.197330908150552568e+04
1.199060622815440001e+04
1.200793887221527984e+04
1.202530045566039917e+04
1.204262390396616684e+04
1.205992202051071763e+04
1.207722925846351609e+04
1.209459201952101648e+04
1.211192656992241245e+04
1.212922798101641820e+04
1.214654820823454065e+04
1.216391055921595034e+04
1.218125512674759375e+04
1.219854765879721890e+04
1.221585516895892033e+04
1.223320608665252075e+04
1.225054722645121365e+04
1.226785457158451209e+04
1.228515829814440440e+04
1.230251417107616908e+04
1.231987137874925429e+04
1.233717771892805467e+04
1.235448240800904023e+04
1.237181917659208193e+04
1.238917503771676820e+04
1.240647639962874382e+04
1.242377548167923669e+04
1.244111805680642283e+04
1.245848107895509747e+04
1.247580464267614661e+04
1.249310340920142698e+04
1.251043686167726628e+04
1.252779384525828573e+04
1.254511165361168605e+04
1.256240565414407683e+04
1.257972707306377561e+04
1.259709070273135694e+04
1.261442479402259596e+04
1.263172275192415873e+04
1.264904844740915360e+04
1.266640954025959945e+04
1.268374168216406542e+04
1.270103823558053773e+04
1.271834442012246291e+04
1.273569711903843745e+04
1.275303961844177684e+04
1.277034292597823878e+04
1.278765662381088987e+04
1.280501472206913240e+04
1.282236811437088727e+04
1.283966897645585595e+04
1.285696690941716770e+04
1.287431593257746317e+04
1.289165873103520426e+04
1.290897145075109802e+04
1.292626999779175821e+04
1.294361825874800707e+04
1.296098137732369651e+04
1.297829428905686837e+04
1.299559842691669292e+04
1.301292877370392671e+04
1.303028593801155694e+04
1.304759543117185603e+04
1.306488671949995842e+04
1.308222300281713251e+04
1.309958767683043698e+04
1.311691875977932432e+04
1.313421728307696685e+04
1.315154344222720465e+04
1.316890700011197987e+04
1.318622656448648195e+04
1.320352458675881098e+04
1.322083417234552689e+04
1.323819540132868860e+04
1.325553654352158628e+04
1.327283564208207463e+04
1.329015486167844574e+04
1.330751609380145237e+04
1.332486112392015275e+04
1.334215622816181713e+04
1.335945828486086975e+04
1.337680607756933387e+04
1.339415119042132756e+04
1.341146029470223402e+04
1.342876857687012125e+04
1.344611988614557413e+04
1.346347999696787883e+04
1.348078843910672367e+04
1.349808556520617640e+04
1.351542368015430839e+04
1.353277483994432441e+04
1.355008714751696425e+04
1.356738500693168680e+04
1.358472462145896134e+04
1.360209154976751779e+04
1.361941205011100828e+04
1.363671376106117896e+04
1.365404361139434695e+04
1.367139840864688085e+04
1.368871935630783264e+04
1.370600741990570532e+04
1.372333391166584261e+04
1.374069713442231841e+04
1.375803555674055315e+04
1.377533570226177289e+04
1.379265470991884104e+04
1.381002060343332232e+04
1.382734537932475723e+04
1.384464553753322252e+04
1.386195241370433359e+04
1.387930264738520782e+04
1.389665180356610290e+04
1.391395349733777402e+04
1.393126667111382267e+04
1.394862426536293424e+04
1.396597535341101866e+04
1.398327892108898232e+04
1.400057190416192316e+04
1.401791829474588667e+04
1.403526366506010345e+04
1.405257766214551521e+04
1.406988135412154043e+04
1.408722492042122030e+04
1.410459072346450012e+04
1.412190361838692297e+04
1.413920285554567272e+04
1.415653316953445028e+04
1.417388837156062073e+04
1.419120527359196603e+04
1.420849911085546591e+04
1.422582829193406724e+04
1.424319651650677042e+04
1.426052533817123003e+04
1.427782671435853990e+04
1.429515014155652716e+04
1.431250747671037607e+04
1.432983430885341295e+04
1.434712808616452457e+04
1.436444258496393013e+04
1.438180300279052244e+04
1.439914836548967287e+04
1.441645127988510285e+04
1.443376407496030879e+04
1.445112558363910648e+04
1.446846496379885139e+04
1.448576216258174463e+04
1.450306917008212258e+04
1.452041174475592925e+04
1.453776458949001608e+04
1.455506999122552588e+04
1.457237826160175609e+04
1.458973005727307827e+04
1.460708694521707730e+04
1.462440021242373041e+04
1.464169007052440429e+04
1.465902773898776832e+04
1.467638109399530003e+04
1.469369805471123618e+04
1.471099871683971287e+04
1.472833373237017258e+04
1.474570298616583023e+04
1.476302326504027224e+04
1.478031971099381190e+04
1.479764943362490885e+04
1.481500011106168677e+04
1.483232979787577642e+04
1.484962039073766027e+04
1.486694069232006950e+04
1.488430793716543849e+04
1.490164462446150719e+04
1.491894740105192250e+04
1.493626285658211600e+04
1.495362273397854733e+04
1.497095216604240704e+04
1.498824932709524728e+04
1.500555899695287917e+04
1.502291344537322402e+04
1.504026511352424313e+04
1.505757118333253675e+04
1.507487819398330976e+04
1.509223346732504069e+04
1.510958288839576562e+04
1.512688609852492846e+04
1.514418411666508473e+04
1.516152454064287667e+04
1.517888158369199664e+04
1.519619222673356126e+04
1.521349610224724347e+04
1.523084106173105465e+04
1.524820268267477513e+04
1.526552098961025331e+04
1.528281479224871327e+04
1.530013910952086735e+04
1.531749890429622974e+04
1.533482102482681694e+04
1.535212070677375232e+04
1.536944751393169281e+04
1.538681743920468944e+04
1.540414610532914048e+04
1.542144181736436440e+04
1.543876616858599846e+04
1.545611555687846703e+04
1.547345143350251601e+04
1.549074568802497015e+04
1.550805834922963004e+04
1.552542246546287424e+04
1.554276678075954987e+04
1.556007212164381417e+04
1.557738229408271582e+04
1.559473596415329303e+04
1.561207842649582926e+04
1.562937227686040387e+04
1.564668106137406357e+04
1.566402841902046930e+04
1.568138582155774384e+04
1.569869759506383525e+04
1.571599935716710934e+04
1.573334818040141181e+04
1.575070097750078276e+04
1.576801441641164638e+04
1.578530718248471021e+04
1.580263881115812364e+04
1.582000139970359123e+04
1.583731900610004595e+04
1.585462066420473457e+04
1.587195754734391812e+04
1.588932145575335926e+04
1.590664554502924329e+04
1.592393919941347849e+04
1.594125943236756211e+04
1.595861532203564639e+04
1.597594600656707553e+04
1.599324630553307361e+04
1.601056555982716782e+04
1.602793334496604439e+04
1.604527127854769242e+04
1.606256809612821235e+04
1.607988351114622310e+04
1.609723590867951862e+04
1.611457329806746566e+04
1.613187334137473590e+04
1.614917959806256476e+04
1.616653877373283649e+04
1.618389013050819267e+04
1.620119941989750805e+04
1.621850502060747021e+04
1.623584960081203462e+04
1.625320313570845610e+04
1.627050045586519082e+04
1.628780130256418852e+04
1.630514256935994490e+04
1.632250463163429959e+04
1.633982311666965688e+04
1.635712163958961355e+04
1.637446326837671222e+04
1.639182066238823245e+04
1.640913776296926153e+04
1.642643432558653876e+04
1.644375106296815284e+04
1.646111671502628087e+04
1.647844194244155369e+04
1.649574240688646751e+04
1.651307201393708237e+04
1.653043660542436555e+04
1.654776924201450311e+04
1.656505886835461934e+04
1.658237634066492683e+04
1.659972793639299925e+04
1.661706505736524923e+04
1.663436742361204961e+04
1.665167925359076253e+04
1.666904274831410657e+04
1.668639005622898912e+04
1.670369002891789569e+04
1.672099927909017788e+04
1.673834676553050667e+04
1.675569211071280733e+04
1.677299180310618613e+04
1.679029516391287689e+04
1.680764725435878063e+04
1.682500481977367963e+04
1.684231970508629092e+04
1.685962187931930748e+04
1.687696171071397839e+04
1.689431613236150224e+04
1.691162565044147777e+04
1.692891909916510849e+04
1.694625435403427400e+04
1.696361789461263470e+04
1.698094311964587541e+04
1.699824054501349019e+04
1.701557511850761148e+04
1.703293759794765720e+04
1.705025724764882762e+04
1.706755573862676829e+04
1.708486688208991109e+04
1.710222871065709114e+04
1.711956186734166113e+04
1.713686228189647591e+04
1.715418487528793048e+04
1.717154817713961893e+04
1.718889157894504024e+04
1.720618422331861075e+04
1.722349008420894097e+04
1.724084386032509428e+04
1.725818121758556299e+04
1.727548799717109796e+04
1.729279356229836048e+04
1.731015117014183488e+04
1.732750682645325651e+04
