0.000000000000000000e+00
1.741166698284391856e+01
3.476633723827323053e+01
5.212289074529391542e+01
6.948164394151839929e+01
8.691219248161547739e+01
1.042740411198641226e+02
1.216176290310068993e+02
1.389510712162794732e+02
1.563813963625445354e+02
1.737260587374295255e+02
1.910386391944941522e+02
2.084127497008598198e+02
2.258111466936409784e+02
2.431819071258407234e+02
2.605088299888115557e+02
2.778604816712463048e+02
2.952568238556402775e+02
3.126823989306169551e+02
3.300471948524346999e+02
3.473540643907423942e+02
3.646708609943433999e+02
3.819906987143932611e+02
3.992983009255322600e+02
4.166541191147841232e+02
4.340577901166658421e+02
4.514259287405866417e+02
4.687500928874970896e+02
4.859967703252788169e+02
5.032934831147483692e+02
5.206451999358162084e+02
5.380375230715553698e+02
5.553855832021118886e+02
5.727483679302838482e+02
5.899977419433109844e+02
6.071779389444343451e+02
6.244166632257856691e+02
6.417602592927989917e+02
6.592205725015053304e+02
6.765480604156308573e+02
6.937960999482395437e+02
7.109834992856983718e+02
7.281925037820059288e+02
7.455315619032890027e+02
7.628842415725371211e+02
7.802757972987410540e+02
7.976110300453824493e+02
8.148933599635818155e+02
8.320063933583086282e+02
8.492859930138569098e+02
8.665293202392028888e+02
8.838810942755242195e+02
9.012338500683249549e+02
9.186175995146763853e+02
9.359384779899312434e+02
9.532117424186772041e+02
9.703145035859806740e+02
9.875336521850599638e+02
1.004851517428760417e+03
1.022211142659620236e+03
1.039559610139408051e+03
1.056930719670559938e+03
1.074277318001678168e+03
1.091550480000948482e+03
1.108658775955360625e+03
1.125910104870847135e+03
1.143241299598048045e+03
1.160652593854679708e+03
1.178007143631339204e+03
1.195291555097098353e+03
1.212459680130802553e+03
1.229766122658091263e+03
1.247124047721639954e+03
1.264469830092169104e+03
1.281648449254351135e+03
1.298956833125334697e+03
1.316323638642584683e+03
1.333586828529473223e+03
1.350804353076523284e+03
1.368213868472475042e+03
1.385476506817608424e+03
1.402650118794371338e+03
1.420078656972338649e+03
1.437393493084423881e+03
1.454581697285803330e+03
1.471885840806832448e+03
1.489258260756558229e+03
1.506538478768047753e+03
1.523729744166157161e+03
1.541068421922423340e+03
1.558446517883481192e+03
1.575754524608136990e+03
1.592903519529332698e+03
1.610202624946174637e+03
1.627643006622613029e+03
1.644990921101984441e+03
1.662279944422057270e+03
1.679487498771316268e+03
1.696662546617714497e+03
1.713962243970520149e+03
1.731304095557163691e+03
1.748653088358734294e+03
1.766028060236973261e+03
1.783335534020913201e+03
1.800508518766484485e+03
1.817731797867494151e+03
1.834974195296510061e+03
1.852345555867522307e+03
1.869728192589796436e+03
1.887081375887136346e+03
1.904295589831636335e+03
1.921536021941126364e+03
1.938758215415488849e+03
1.956097783769820126e+03
1.973515539995026529e+03
1.990879753558714128e+03
2.008214777209287149e+03
2.025556791411207996e+03
2.042951744372516259e+03
2.060346490718214227e+03
2.077712485101498260e+03
2.095054198087149871e+03
2.112406783049838396e+03
2.129825846964115044e+03
2.147051445254925511e+03
2.164195119082417932e+03
2.181429076647785223e+03
2.198761278084433798e+03
2.216149087773381325e+03
2.233498861806097011e+03
2.250870097506691764e+03
2.268257462758537713e+03
2.285648091387533896e+03
2.303016434987015145e+03
2.320362613251462790e+03
2.337710557203045482e+03
2.355093182963753861e+03
2.372461511857920414e+03
2.389804908326423174e+03
2.407132609818009314e+03
2.424407073940461487e+03
2.441559462472167070e+03
2.458797820549011703e+03
2.476171880926792255e+03
2.493596219524115895e+03
2.510961420622042169e+03
2.528302266843104917e+03
2.545658638657569099e+03
2.563063337716063870e+03
2.580438834138728453e+03
2.597773435053536105e+03
2.615111354588181712e+03
2.632530891208275534e+03
2.649916308538770863e+03
2.667096117531152231e+03
2.684257832343880182e+03
2.701637313807621013e+03
2.719082570655855307e+03
2.736296922229707889e+03
2.753462426256148319e+03
2.770836161029681989e+03
2.788195577876545940e+03
2.805378527031276462e+03
2.822711635013164141e+03
2.840066613481285458e+03
2.857273005257344721e+03
2.874621384563698484e+03
2.891923290200266820e+03
2.909122757240246301e+03
2.926523415638641382e+03
2.943858000869016905e+03
2.961098553872834145e+03
2.978275427395952647e+03
2.995604861357332084e+03
3.012964212184986536e+03
3.030333458103524208e+03
3.047712417371002175e+03
3.065100690387590475e+03
3.082482705556548353e+03
3.099831592960699709e+03
3.117189931092435017e+03
3.134569095517554160e+03
3.151993202596944684e+03
3.169311927431708682e+03
3.186496659518440538e+03
3.203776874312974542e+03
3.221156087574245248e+03
3.238463538331539439e+03
3.255621736231153591e+03
3.272962303576049635e+03
3.290359392692231722e+03
3.307530564820681320e+03
3.324834833571082527e+03
3.342245564236340215e+03
3.359439036426193979e+03
3.376653470496436967e+03
3.394047030029055350e+03
3.411443031254627385e+03
3.428649096950773128e+03
3.445817304601318938e+03
3.463095928844855734e+03
3.480458893253152382e+03
3.497903484927521731e+03
3.515203204529893355e+03
3.532366134663890080e+03
3.549643932217883957e+03
3.567000283647465039e+03
3.584330983237119199e+03
3.601545627522956693e+03
3.618820193376240240e+03
3.636237038781480805e+03
3.653464206637367170e+03
3.670679607544450846e+03
3.688088107454208512e+03
3.705347748080720976e+03
3.722559402459684861e+03
3.739929141280808835e+03
3.757255038357316153e+03
3.774444055939646205e+03
3.791775738541105966e+03
3.809118422015168107e+03
3.826372802215194497e+03
3.843703978908557474e+03
3.861006965400795252e+03
3.878209655008235131e+03
3.895546068052864939e+03
3.912925770366758115e+03
3.930085494498701337e+03
3.947417120859087845e+03
3.964830498469349550e+03
3.982045693727323851e+03
3.999223085832940342e+03
4.016560368833351731e+03
4.033962426834397320e+03
4.051351960881934247e+03
4.068656478048925237e+03
4.085875343789647104e+03
4.103109040623827241e+03
4.120282309703801729e+03
4.137596276848843445e+03
4.154962308446635689e+03
4.172372162285175364e+03
4.189676480270140019e+03
4.206863333216676438e+03
4.224042271472367247e+03
4.241373396404087543e+03
4.258849117807607399e+03
4.276128771150567445e+03
4.293270146589856267e+03
4.310514190359405802e+03
4.327841716549836747e+03
4.345205762040392983e+03
4.362558030483430230e+03
4.379965561363566849e+03
4.397369791627826089e+03
4.414739622565832178e+03
4.432075608815206579e+03
4.449449482132765297e+03
4.466866033161574705e+03
4.484260664416319742e+03
4.501591699151143075e+03
4.518844392442237222e+03
4.536067722158531978e+03
4.553286183470714604e+03
4.570494641764676999e+03
4.587784919089190225e+03
4.605131417821361538e+03
4.622496956663982928e+03
4.639846367350388391e+03
4.657218225292241186e+03
4.674600193976953960e+03
4.692015896128822533e+03
4.709365411412672984e+03
4.726702055992394889e+03
4.744085501905025922e+03
4.761542462227728720e+03
4.778891065118931692e+03
4.796212739509629500e+03
4.813578987200011397e+03
4.831042763803437992e+03
4.848390909280224150e+03
4.865681648556610526e+03
4.882888214694090493e+03
4.900077924331918439e+03
4.917431797571521201e+03
4.934795179063524301e+03
4.952150696586717459e+03
4.969346810670072955e+03
4.986556888455423177e+03
5.003813627853442085e+03
5.021157045907779320e+03
5.038636253486698479e+03
5.055977271782872776e+03
5.073277478782409162e+03
5.090632807433044036e+03
5.108066798439554987e+03
5.125440084397421742e+03
5.142771362344383306e+03
5.160132535079137597e+03
5.177533142395690447e+03
5.194922032479929840e+03
5.212287516633763516e+03
5.229609861939195980e+03
5.246970697376492353e+03
5.264373218506727426e+03
5.281736018478419282e+03
5.299073971663572593e+03
5.316399759283965068e+03
5.333826894641391846e+03
5.351173585146289952e+03
5.368482781004165190e+03
5.385845467406114949e+03
5.403254330285064498e+03
5.420624686786568418e+03
5.437954954858196288e+03
5.455312408058180154e+03
5.472673498363821636e+03
5.490079676567176648e+03
5.507422592186874681e+03
5.524780997133417259e+03
5.542169932033126315e+03
5.559607366646832816e+03
5.576977280494847946e+03
5.594222468960122569e+03
5.611510571606906524e+03
5.628832455804208621e+03
5.646007664351251151e+03
5.663160322943960637e+03
5.680457156188062072e+03
5.697771464431640197e+03
5.715090895960693160e+03
5.732450075554100295e+03
5.749845228149208197e+03
5.767139316973013592e+03
5.784321886101506607e+03
5.801517497837845440e+03
5.818816641930341575e+03
5.836257276800797626e+03
5.853644261259823907e+03
5.870927811830932114e+03
5.888275817805013503e+03
5.905706583091876382e+03
5.923096007435142383e+03
5.940427268621571784e+03
5.957780532447663973e+03
5.975202051653558556e+03
5.992582210335210220e+03
6.009917610046322807e+03
6.027280776847215748e+03
6.044665083939431497e+03
6.062065585438653216e+03
6.079428369530734017e+03
6.096777845793838424e+03
6.114117368920453373e+03
6.131535988150568301e+03
6.148896253090365462e+03
6.166255581267846537e+03
6.183619795898161101e+03
6.201060887964798894e+03
6.218427170282513543e+03
6.235659290325061193e+03
6.252861018695744860e+03
6.270058448463433706e+03
6.287374535492068389e+03
6.304735427695143699e+03
6.322091668096934882e+03
6.339275577273579074e+03
6.356562945474935077e+03
6.373916211709360141e+03
6.391252499407706637e+03
6.408428068645287567e+03
6.425770414042921402e+03
6.443135648319816028e+03
6.460395542841063616e+03
6.477588643006678467e+03
6.494981617356354036e+03
6.512335459961268498e+03
6.529544022945087818e+03
6.546771638758660629e+03
6.564184775649371659e+03
6.581517935906327693e+03
6.598690301417938826e+03
6.615943661844958115e+03
6.633356914956713808e+03
6.650709691010806637e+03
6.668036361785389090e+03
6.685389450672608291e+03
6.702812367037418880e+03
6.720181969187438881e+03
6.737441136033514340e+03
6.754606308199621708e+03
6.771950194233339062e+03
6.789331852717176844e+03
6.806606884672070919e+03
6.823784605377933985e+03
6.841159891378966677e+03
6.858521125177929207e+03
6.875692680903492146e+03
6.893016165482493307e+03
6.910386185746836418e+03
6.927597500666086489e+03
6.944869091344544358e+03
6.962231320605133988e+03
6.979518158830991524e+03
6.996756772201109015e+03
7.014102519682975981e+03
7.031439214517589789e+03
7.048728344993588507e+03
7.065873945736318092e+03
7.083158706768672346e+03
7.100566535674230181e+03
7.117989431904945377e+03
7.135357745940358654e+03
7.152680418932063731e+03
7.170049938093683522e+03
7.187440619121913187e+03
7.204812130614169291e+03
7.222169942512312446e+03
7.239511895723691850e+03
7.256916872158218212e+03
7.274321295620409728e+03
7.291674258219518379e+03
7.308994463163631735e+03
7.326404641937989254e+03
7.343829724421499122e+03
7.361179225514875725e+03
7.378502514071806218e+03
7.395885965323458549e+03
7.413312272467985167e+03
7.430692862920583138e+03
7.448028250926607143e+03
7.465390596335195369e+03
7.482798283372390870e+03
7.500199027569989994e+03
7.517527262306717603e+03
7.534864133709967064e+03
7.552237569366731805e+03
7.569604184774970236e+03
7.586973888205515323e+03
7.604346019470999636e+03
7.621702441918199838e+03
7.638944266831663299e+03
7.656086546090959018e+03
7.673253029571077604e+03
7.690528236146368727e+03
7.707804080668357528e+03
7.725216890372672424e+03
7.742472748979445896e+03
7.759832405168535843e+03
7.777083369898215096e+03
7.794314861288629800e+03
7.811463639574574700e+03
7.828687526605815947e+03
7.845933684455734692e+03
7.863143766072020298e+03
7.880298933942949589e+03
7.897609724954201738e+03
7.914940744695539252e+03
7.932352149047163039e+03
7.949769301714621179e+03
7.967075002118630437e+03
7.984566966319600397e+03
8.001927879197657603e+03
8.019250365361776858e+03
8.036552067133628043e+03
8.053805429675649066e+03
8.071021235243251795e+03
8.088173903063938269e+03
8.105373580493483132e+03
8.122621260181349498e+03
8.139848456465828349e+03
8.156975061336901490e+03
8.174238940426866975e+03
8.191509032962717356e+03
8.208683350731032988e+03
8.225824817221444391e+03
8.243112683430181278e+03
8.260357897855174087e+03
8.277514518571835652e+03
8.294718533657302032e+03
8.311993098572351300e+03
8.329231821667850454e+03
8.346572538435613751e+03
8.363969328023975322e+03
8.381384081954425710e+03
8.398712304526678054e+03
8.416040152896857762e+03
8.433389295823457360e+03
8.450794167196821945e+03
8.468197902188525404e+03
8.485541295315930256e+03
8.502859025865189324e+03
8.520237995189316280e+03
8.537635599286630168e+03
8.555009719092575324e+03
8.572336093266723765e+03
8.589708481928184483e+03
8.607130035247360865e+03
8.624513447767491016e+03
8.641821320636265227e+03
8.659182098414579741e+03
8.676591178720891548e+03
8.693934358573040299e+03
8.711285317345033036e+03
8.728627162762648368e+03
8.746013132997612047e+03
8.763398753976178341e+03
8.780736455867698169e+03
8.798060762489951230e+03
8.815438534901240928e+03
8.832859456047079220e+03
8.850195299739028997e+03
8.867524868500311641e+03
8.884914078799905838e+03
8.902343109424078648e+03
8.919719489604223781e+03
8.937071020309322193e+03
8.954434525282485993e+03
8.971860142278384956e+03
8.989240456826009904e+03
9.006560560575951968e+03
9.023909647299555218e+03
9.041313213100907888e+03
9.058666972473867645e+03
9.076030315346844873e+03
9.093363789109098434e+03
9.110741538393545852e+03
9.128145804212330404e+03
9.145491972223648190e+03
9.162810322438330331e+03
9.180181271068660863e+03
9.197609769621296437e+03
9.214962900189057109e+03
9.232293632970999170e+03
9.249672047189014847e+03
9.267104886671280838e+03
9.284427956092669774e+03
9.301734840172000986e+03
9.319109556618757779e+03
9.336542622264329111e+03
9.353918961484143438e+03
9.371276217794063996e+03
9.388616086061909300e+03
9.406006240857977900e+03
9.423390082299381902e+03
9.440757846465523471e+03
9.458089329606882529e+03
9.475456067557617644e+03
9.492892526351522974e+03
9.510261174119637872e+03
9.527580729275921840e+03
9.544945488282461156e+03
9.562379357003184850e+03
9.579739471452201542e+03
9.597072875172272688e+03
9.614449108072058152e+03
9.631849561662642373e+03
9.649169936290832993e+03
9.666401641686516086e+03
9.683607844118145294e+03
9.700830035680337460e+03
9.718133233310280048e+03
9.735481155463376126e+03
9.752854477318192949e+03
9.770190856253200764e+03
9.787507108195295586e+03
9.804646984552276990e+03
9.821835754336963873e+03
9.839154553651074821e+03
9.856564420113625602e+03
9.873923410148792755e+03
9.891215216120697733e+03
9.908434780535690152e+03
9.925656803522029804e+03
9.942967323598753865e+03
9.960337291682182695e+03
9.977681402209494991e+03
9.994911531239402393e+03
1.001209550915676300e+04
1.002932157611815637e+04
1.004659382617634401e+04
1.006388043023017417e+04
1.008097610888688723e+04
1.009819719052852815e+04
1.011547547671484608e+04
1.013273144164915720e+04
1.014990223045886887e+04
1.016714628067186277e+04
1.018445650787129489e+04
1.020168318877193997e+04
1.021885811152115275e+04
1.023610875987487634e+04
1.025339066965450365e+04
1.027074233415721937e+04
1.028792588905716912e+04
1.030547954279235273e+04
1.032302715534523304e+04
1.034048754769900188e+04
1.035772126151873817e+04
1.037507125368931338e+04
1.039261387034568361e+04
1.041012918076110873e+04
1.042731740534319761e+04
1.044469915858575769e+04
1.046211007737623004e+04
1.047943380069536943e+04
1.049687344506806039e+04
1.051419623550386677e+04
1.053155961862632103e+04
1.054886975187540156e+04
1.056626054258737349e+04
1.058368164698102191e+04
1.060101560774833342e+04
1.061847682839462141e+04
1.063583813737945820e+04
1.065316495070366000e+04
1.067040070056472905e+04
1.068784118001217212e+04
1.070523416177195941e+04
1.072276266364421463e+04
1.073993665268928453e+04
1.075733997615255430e+04
1.077493346603063037e+04
1.079224881836372515e+04
1.080945519106111897e+04
1.082693503762620094e+04
1.084450281620534224e+04
1.086204167112310461e+04
1.087937647416142681e+04
1.089673001838596247e+04
1.091407549857882805e+04
1.093144927130978431e+04
1.094878405720574301e+04
1.096612238471855380e+04
1.098344155739622875e+04
1.100083332848371174e+04
1.101835826198785071e+04
1.103559363591140936e+04
1.105292979593343625e+04
1.107044654683527915e+04
1.108777521065539258e+04
1.110503945290771480e+04
1.112245854928165136e+04
1.113997031415008314e+04
1.115723464760746356e+04
1.117462912480090745e+04
1.119219671269162973e+04
1.120963575622361532e+04
1.122715490813826909e+04
1.124442724004086995e+04
1.126184207806017002e+04
1.127922660572459245e+04
1.129661890445782228e+04
1.131399819300683521e+04
1.133137382009785506e+04
1.134872709491663045e+04
1.136615116686851979e+04
1.138348874287306899e+04
1.140084472184971673e+04
1.141812388680882214e+04
1.143563088713273828e+04
1.145302739786534221e+04
1.147027814354714792e+04
1.148777491694012861e+04
1.150514586616197084e+04
1.152261777668717150e+04
1.154000704888266773e+04
1.155727437413776352e+04
1.157468324096562719e+04
1.159215793760159431e+04
1.160952239285453288e+04
1.162695424837108658e+04
1.164424955554790176e+04
1.166169408830770408e+04
1.167904823734528691e+04
1.169635835488900739e+04
1.171371062294966396e+04
1.173114817046518510e+04
1.174865685036224750e+04
1.176600777767018735e+04
1.178339299408616716e+04
1.180075765109906024e+04
1.181825447180257834e+04
1.183557950718035136e+04
1.185296256984414140e+04
1.187039286596151942e+04
1.188772227221781941e+04
1.190515136209964658e+04
1.192255054430638847e+04
1.193992828474343332e+04
1.195725385589503276e+04
1.197468642607182665e+04
1.199205553869606229e+04
1.200928196749295603e+04
1.202676825581002049e+04
1.204415377099369289e+04
1.206158530574267934e+04
1.207896618284901342e+04
1.209625678201309711e+04
1.211377187559643789e+04
1.213114399885517741e+04
1.214853299131423955e+04
1.216596762799793942e+04
1.218327918344173304e+04
1.220072142874305064e+04
1.221812413662349536e+04
1.223550397572551083e+04
1.225281495065138006e+04
1.227025877901652711e+04
1.228766137051085934e+04
1.230495227958743271e+04
1.232222489832231804e+04
1.233962730140852727e+04
1.235707672551706855e+04
1.237444459806862869e+04
1.239178779063960974e+04
1.240914833269652445e+04
1.242654631803698067e+04
1.244405496617610697e+04
1.246125710614911986e+04
1.247873751461213214e+04
1.249614509107908088e+04
1.251363430778632937e+04
1.253080583244837908e+04
1.254822893473391559e+04
1.256572201650784700e+04
1.258308472401467952e+04
1.260037138855199555e+04
1.261789114381382387e+04
1.263532816266463124e+04
1.265273091681003280e+04
1.267012402037108586e+04
1.268743345986066379e+04
1.270488129497547561e+04
1.272229398784634577e+04
1.273956081903040467e+04
1.275685708859809165e+04
1.277425341147482504e+04
1.279167117189768032e+04
1.280901368906984862e+04
1.282637948161879103e+04
1.284370153638195916e+04
1.286108985921794192e+04
1.287853343215615678e+04
1.289585426663676844e+04
1.291316651227313741e+04
1.293055546847641745e+04
1.294797628605158206e+04
1.296526715216801858e+04
1.298251017952778056e+04
1.299991630119854744e+04
1.301731703862892573e+04
1.303460388523565598e+04
1.305197466050514049e+04
1.306928978883320451e+04
1.308669833279191880e+04
1.310403980306675294e+04
1.312127632738796819e+04
1.313865233087937850e+04
1.315602717963983741e+04
1.317338994322773760e+04
1.319075835765028751e+04
1.320808777355792699e+04
1.322546706965331941e+04
1.324286233501993411e+04
1.326013871585813649e+04
1.327752770907299055e+04
1.329492366431206756e+04
1.331226837056870136e+04
1.332956603480876402e+04
1.334693525922857771e+04
1.336430359350018807e+04
1.338169195521253641e+04
1.339905484079105372e+04
1.341642588592888205e+04
1.343374607900124647e+04
1.345123986835363212e+04
1.346861420941439792e+04
1.348589505473172176e+04
1.350317907601863772e+04
1.352047689396397072e+04
1.353774558472344870e+04
1.355489914690481964e+04
1.357218103809658714e+04
1.358953597852811436e+04
1.360702699021449735e+04
1.362447563393253040e+04
1.364200720234322034e+04
1.365929551628429545e+04
1.367673561295928084e+04
1.369417807955534045e+04
1.371132749198933743e+04
1.372869044275786291e+04
1.374595160643333656e+04
1.376314603159359103e+04
1.378043218585112845e+04
1.379781059765689315e+04
1.381509675791842892e+04
1.383232730849231666e+04
1.384964386835592086e+04
1.386713375013807308e+04
1.388460437924105281e+04
1.390199530365665123e+04
1.391924817714828168e+04
1.393663857841887148e+04
1.395404750715849150e+04
1.397138730172900068e+04
1.398877070893002747e+04
1.400612339434318528e+04
1.402351487469620770e+04
1.404094717064598080e+04
1.405830924386834704e+04
1.407558559223562042e+04
1.409310819780857128e+04
1.411050021096299315e+04
1.412788654129602764e+04
1.414523855790511698e+04
1.416263630412353814e+04
1.418024035202314735e+04
1.419749280374720547e+04
1.421481423662330963e+04
1.423222676899123690e+04
1.424971136092448432e+04
1.426706179307463754e+04
1.428434818265350259e+04
1.430170240801312502e+04
1.431913490700011971e+04
1.433647891224969135e+04
1.435382387474149436e+04
1.437118061225861675e+04
1.438855236028955915e+04
1.440607915677406709e+04
1.442335223265136301e+04
1.444071731781907874e+04
1.445817196375899584e+04
1.447544937225781905e+04
1.449267061117059347e+04
1.450989157628570320e+04
1.452714702526252586e+04
1.454464456193731166e+04
1.456197336290721978e+04
1.457936563680641848e+04
1.459665641818450604e+04
1.461408555820652327e+04
1.463144724335314277e+04
1.464885874983212489e+04
1.466619402881471251e+04
1.468354452207527720e+04
1.470087788468192230e+04
1.471815953740713849e+04
1.473548331034612056e+04
1.475278407184738171e+04
1.477019244330071160e+04
1.478746064357288560e+04
1.480478684690418231e+04
1.482215765592893513e+04
1.483949803958909979e+04
1.485687740459073939e+04
1.487420112492630506e+04
1.489152180843691895e+04
1.490898174399332493e+04
1.492631830115101002e+04
1.494362372264314035e+04
1.496098666929792671e+04
1.497831661264933791e+04
1.499568447738528448e+04
1.501300595809245351e+04
1.503039512184424893e+04
1.504776018814381314e+04
1.506511270436648374e+04
1.508262578777798626e+04
1.509997939573233452e+04
1.511724992321862737e+04
1.513449345644317509e+04
1.515171339875012563e+04
1.516886765777862820e+04
1.518607374715513652e+04
1.520334825812166855e+04
1.522065905049860521e+04
1.523801907255308106e+04
1.525544366244618868e+04
1.527283949697003118e+04
1.529018893472011041e+04
1.530754104154521701e+04
1.532494633551379775e+04
1.534237076394453106e+04
1.535974009580237180e+04
1.537707651817266924e+04
1.539445868557936774e+04
1.541190179741451357e+04
1.542927597671391413e+04
1.544660296999911952e+04
1.546396481091822170e+04
1.548142183867566564e+04
1.549878649203710484e+04
1.551610634968503837e+04
1.553340782260167543e+04
1.555067591961935614e+04
1.556790675874841691e+04
1.558505212859389758e+04
1.560227819506423475e+04
1.561956541091081817e+04
1.563682632310792906e+04
1.565392904571596591e+04
1.567115635862882846e+04
1.568845344797887265e+04
1.570572784708245308e+04
1.572292984174761659e+04
1.574011693389106949e+04
1.575736325598604708e+04
1.577467936704925887e+04
1.579203209374119979e+04
1.580942359147625211e+04
1.582673786983431091e+04
1.584395055478609720e+04
1.586108686493261848e+04
1.587835278851792464e+04
1.589565732240130455e+04
1.591288927808794324e+04
1.593005174430102124e+04
1.594727591795419903e+04
1.596452960359225108e+04
1.598177751306219579e+04
1.599892795171577382e+04
1.601614154935415718e+04
1.603349620375579616e+04
1.605087418105358483e+04
1.606821681655598331e+04
1.608551408412476121e+04
1.610287396834634637e+04
1.612021231083938983e+04
1.613755542380906991e+04
1.615493049885525215e+04
1.617234647188922281e+04
1.618972562179701526e+04
1.620705748796296029e+04
1.622440464407812760e+04
1.624180560024991973e+04
1.625920866476942501e+04
1.627656077150760393e+04
1.629390638260816741e+04
1.631130091353092757e+04
1.632863272429857898e+04
1.634592405894626791e+04
1.636325729593807046e+04
1.638067031898596542e+04
1.639806585837598323e+04
1.641535552200492748e+04
1.643250634883058228e+04
1.644973926008088893e+04
1.646717722747787047e+04
1.648449533234006594e+04
1.650163896712611677e+04
1.651899164004978229e+04
1.653639532483523362e+04
1.655357012862649208e+04
1.657083363761289729e+04
1.658822082552413485e+04
1.660548890184378979e+04
1.662272200996437823e+04
1.664005494622643164e+04
1.665741406683698006e+04
1.667471541268636065e+04
1.669187871411534070e+04
1.670913434816041990e+04
1.672651581836307741e+04
1.674393110073249409e+04
1.676113584936041661e+04
1.677831757251702948e+04
1.679569057259287365e+04
1.681310191748978104e+04
1.683027310030615263e+04
1.684753129646563320e+04
1.686492872568370149e+04
1.688221317143674241e+04
1.689939140685433085e+04
1.691671768208991125e+04
1.693412649405149932e+04
1.695148266841444638e+04
1.696869724952969045e+04
1.698581700786721922e+04
1.700304860641508276e+04
1.702034810603289588e+04
1.703753261070062581e+04
1.705480634948971419e+04
1.707201449891857555e+04
1.708925310497724058e+04
1.710658191308004825e+04
1.712374055544916337e+04
1.714104895359508009e+04
1.715836390453182321e+04
1.717556020030847867e+04
1.719288884097553819e+04
1.721041883070820404e+04
1.722784492544198292e+04
1.724515027115534758e+04
1.726248895937794077e+04
1.727982442714950957e+04
1.729712870580329763e+04
1.731438250604098721e+04
1.733161078718218778e+04
