0.000000000000000000e+00
1.743053332470759642e+01
3.481034784413233041e+01
5.217512680919496404e+01
6.956582778421343960e+01
8.697314302379025719e+01
1.043530133062565710e+02
1.217113058016436185e+02
1.391098040265628697e+02
1.565347035392808834e+02
1.739126326983005981e+02
1.912604139362092326e+02
2.086298962654712739e+02
2.260729659897035049e+02
2.434836174618105247e+02
2.608320083047051980e+02
2.781795622827302168e+02
2.955881268635203014e+02
3.130367916191911490e+02
3.304124479992026409e+02
3.477582406108065243e+02
3.651325093237883834e+02
3.825636009290843731e+02
3.999716472452143421e+02
4.173320277686513009e+02
4.347071895431847679e+02
4.521147858503077259e+02
4.695125738400762430e+02
4.868787085547538140e+02
5.042520257218202460e+02
5.216752785158379311e+02
5.390873738194993621e+02
5.564421538400924874e+02
5.737918410612384150e+02
5.912012480199055062e+02
6.086457450027601226e+02
6.260249001281887331e+02
6.433562387098744466e+02
6.607284044705680799e+02
6.781707570196576853e+02
6.955873123327771737e+02
7.129398097241394225e+02
7.302839210018503309e+02
7.476904751898759969e+02
7.651200667895254810e+02
7.824972566250401087e+02
7.998553475173080187e+02
8.172417030350800360e+02
8.346538775874863632e+02
8.520382270888633229e+02
8.694001389998286413e+02
8.867992616643091424e+02
9.042282917103198088e+02
9.216108553014722702e+02
9.389631095438128341e+02
9.563379963068138068e+02
9.737845666937404303e+02
9.912102935762667357e+02
1.008562700454409764e+03
1.025908832337040167e+03
1.043312387041279408e+03
1.060758538232440515e+03
1.078142041768861191e+03
1.095489612543445674e+03
1.112858982765614655e+03
1.130274367851041006e+03
1.147676436059528669e+03
1.165032042540326529e+03
1.182402283498561928e+03
1.199800885465828514e+03
1.217196193974525158e+03
1.234561210046908172e+03
1.251931247339235370e+03
1.269343624613286011e+03
1.286741642267617408e+03
1.304102813283475825e+03
1.321460147197482684e+03
1.338873818247857344e+03
1.356311183295888668e+03
1.373679969026966319e+03
1.391021253259790683e+03
1.408401042844247968e+03
1.425851743708259391e+03
1.443264407984220270e+03
1.460612186695057517e+03
1.477961965249945706e+03
1.495372157515456820e+03
1.512804623073245011e+03
1.530172661402854146e+03
1.547523292058352581e+03
1.564902728431071864e+03
1.582317763041652142e+03
1.599705303819047003e+03
1.617058839791657192e+03
1.634440104585697327e+03
1.651844353555329917e+03
1.669230125838264030e+03
1.686589070213229434e+03
1.703971186097237023e+03
1.721392097093844086e+03
1.738779350527093357e+03
1.756130758432410403e+03
1.773488482124467737e+03
1.790914613977546651e+03
1.808331203774123423e+03
1.825683181502300840e+03
1.843024947840934146e+03
1.860422726686375881e+03
1.877873118025515623e+03
1.895255883441864853e+03
1.912593639418808380e+03
1.929958395437948184e+03
1.947393594648428689e+03
1.964810123480121092e+03
1.982164732226638080e+03
1.999510683535033650e+03
2.016907206403845976e+03
2.034329184906063801e+03
2.051703081701548854e+03
2.069058862450704510e+03
2.086438857640872811e+03
2.103846876773802251e+03
2.121230591191140775e+03
2.138588447924037609e+03
2.155977723058340871e+03
2.173385740172710030e+03
2.190759178316945508e+03
2.208111533883578886e+03
2.225489689605733474e+03
2.242915002198705679e+03
2.260304662755477693e+03
2.277647458518648818e+03
2.295005305229270562e+03
2.312431156370597819e+03
2.329853896571082259e+03
2.347206764812109213e+03
2.364544327195541882e+03
2.381936724988094284e+03
2.399385515393564674e+03
2.416764896868349751e+03
2.434099712197835288e+03
2.451463474874933581e+03
2.468895965776139292e+03
2.486309272623999277e+03
2.503660405231536515e+03
2.521004809151418613e+03
2.538402704962551979e+03
2.555826227666459999e+03
2.573197396898254738e+03
2.590552000051340656e+03
2.607931011211696386e+03
2.625338067148705250e+03
2.642722988753334903e+03
2.660077727881905957e+03
2.677459224868983256e+03
2.694861619520442218e+03
2.712241607957892484e+03
2.729596811786628678e+03
2.746976395719306311e+03
2.764390249755425884e+03
2.781773833581096824e+03
2.799124144092591905e+03
2.816485686573511884e+03
2.833908920502376986e+03
2.851315756373157001e+03
2.868662247563830533e+03
2.886008943260404521e+03
2.903412808010400113e+03
2.920850767864749287e+03
2.938219376032980108e+03
2.955550401883124778e+03
2.972921184781029751e+03
2.990363065459213431e+03
3.007766089347608613e+03
3.025107630815540688e+03
3.042451673951137309e+03
3.059865123870040406e+03
3.077295398667693007e+03
3.094654808770495947e+03
3.111993327082251199e+03
3.129376782744620414e+03
3.146804401825318564e+03
3.164186415558084263e+03
3.181535075312385743e+03
3.198900300334471467e+03
3.216305949987906843e+03
3.233702772756768354e+03
3.251058724166370666e+03
3.268427140102216072e+03
3.285822451374974207e+03
3.303216023839151603e+03
3.320576188658045794e+03
3.337940967071219347e+03
3.355342603368339951e+03
3.372734834375195533e+03
3.390095592494287303e+03
3.407451922985094825e+03
3.424857678711946392e+03
3.442266094631819669e+03
3.459624146982385355e+03
3.476971170060022814e+03
3.494359944853938032e+03
3.511792988747310119e+03
3.529171142534986302e+03
3.546505467402622344e+03
3.563866670005854758e+03
3.581302115912991667e+03
3.598713113513070311e+03
3.616052740744351468e+03
3.633393782589657803e+03
3.650801337011763280e+03
3.668239190572336611e+03
3.685600902152302297e+03
3.702932224307921388e+03
3.720304922277218793e+03
3.737743067625383446e+03
3.755134346025813102e+03
3.772478339189135568e+03
3.789827233420617631e+03
3.807240333482693131e+03
3.824653623948528093e+03
3.842007284198065008e+03
3.859354406281729098e+03
3.876744981238000946e+03
3.894158293310594672e+03
3.911525243169989153e+03
3.928878291117571735e+03
3.946254797651878107e+03
3.963659270753832971e+03
3.981039122500908888e+03
3.998392054311520951e+03
4.015767350609379719e+03
4.033168684039087566e+03
4.050550425140465450e+03
4.067903864983105450e+03
4.085279124179412520e+03
4.102682343353210854e+03
4.120062771375733064e+03
4.137419538436724906e+03
4.154782883707784094e+03
4.172194056910262589e+03
4.189588476833242566e+03
4.206939480034042390e+03
4.224289354825427836e+03
4.241693968045441579e+03
4.259113347688087742e+03
4.276464370885603785e+03
4.293805533416923026e+03
4.311190214823062888e+03
4.328626680411794041e+03
4.346001425735631528e+03
4.363334086850892163e+03
4.380690569670330660e+03
4.398122351979767700e+03
4.415535270805530672e+03
4.432876048388857271e+03
4.450212530937802512e+03
4.467619019012478020e+03
4.485055488293421149e+03
4.502418003373173633e+03
4.519748960442430871e+03
4.537119980496841890e+03
4.554556865981355259e+03
4.571948209943074289e+03
4.589290935954046290e+03
4.606639414285617022e+03
4.624052473426696451e+03
4.641463555156382427e+03
4.658816458631282330e+03
4.676163675376155879e+03
4.693553841450917389e+03
4.710967120658744534e+03
4.728334940500208177e+03
4.745687431371818093e+03
4.763062824206649566e+03
4.780469397738885164e+03
4.797849904404256449e+03
4.815202493398148363e+03
4.832577358984213788e+03
4.849978357589279767e+03
4.867360895992242149e+03
4.884714963438158520e+03
4.902088546430521092e+03
4.919490446771385905e+03
4.936872372699450352e+03
4.954229060334715541e+03
4.971592574108904955e+03
4.988999086164805703e+03
5.006392010704739732e+03
5.023745469144305389e+03
5.041097371284824476e+03
5.058499170658466028e+03
5.075913323329798004e+03
5.093267742150114827e+03
5.110610013104493191e+03
5.127996068399432261e+03
5.145425522270521469e+03
5.162799733398486751e+03
5.180134480150998570e+03
5.197495493360294859e+03
5.214925714504358439e+03
5.232332303573146419e+03
5.249665397287464657e+03
5.267007875131303081e+03
5.284419489013774182e+03
5.301851600460036025e+03
5.319203547540400905e+03
5.336534957423770720e+03
5.353913465790894406e+03
5.371351376535962117e+03
5.388738375063522653e+03
5.406067131950758267e+03
5.423420719422764705e+03
5.440846338265660961e+03
5.458256643888472354e+03
5.475598910319053175e+03
5.492942405522203444e+03
5.510337865481051267e+03
5.527759235581415851e+03
5.545125692811224326e+03
5.562465915509492334e+03
5.579838817160416511e+03
5.597258464600190564e+03
5.614639545813546647e+03
5.631984267551988523e+03
5.649351534350846123e+03
5.666753038046414076e+03
5.684144195437128474e+03
5.701500004110986083e+03
5.718862784582360291e+03
5.736254091897610124e+03
5.753650024936336195e+03
5.771009237941016181e+03
5.788369289919261064e+03
5.805762812378005947e+03
5.823153176658433949e+03
5.840515823346036996e+03
5.857873490453481281e+03
5.875265360998620963e+03
5.892660505020429810e+03
5.910026655801195375e+03
5.927377680962463273e+03
5.944761196860463315e+03
5.962172089294707803e+03
5.979539495194367191e+03
5.996884123189919592e+03
6.014256427751132833e+03
6.031674731209855963e+03
6.049055819689661803e+03
6.066398746683125864e+03
6.083756112843830124e+03
6.101168140770425453e+03
6.118575291208381714e+03
6.135920897189275820e+03
6.153259943010323695e+03
6.170659010021322501e+03
6.188087589383819250e+03
6.205444593789909050e+03
6.222775416926236176e+03
6.240151909602685919e+03
6.257583457910954166e+03
6.274969905191785074e+03
6.292302467720581262e+03
6.309648385793245325e+03
6.327073151519371095e+03
6.344489676720346324e+03
6.361827443955416129e+03
6.379157791529267342e+03
6.396560285881587333e+03
6.413989563409839320e+03
6.431346742565528984e+03
6.448678626852883099e+03
6.466048081659027957e+03
6.483481358641645784e+03
6.500870435777353123e+03
6.518200618091608703e+03
6.535547752084192325e+03
6.552971785311839994e+03
6.570379398320054861e+03
6.587720578467415180e+03
6.605063961270385335e+03
6.622459331091467902e+03
6.639877453311662975e+03
6.657240879316812425e+03
6.674578609927913931e+03
6.691949544860830429e+03
6.709371297662927645e+03
6.726750161948630193e+03
6.744091039628137878e+03
6.761454163461396092e+03
6.778863328569123041e+03
6.796252724572670559e+03
6.813604622566710532e+03
6.830964292938378094e+03
6.848354512889773105e+03
6.865753917653591088e+03
6.883112522836185235e+03
6.900466848959747949e+03
6.917849485336075304e+03
6.935249992678768649e+03
6.952614652776993353e+03
6.969968201559478985e+03
6.987353766227574852e+03
7.004745893299885211e+03
7.022117608094937168e+03
7.039472814231739903e+03
7.056851648394413132e+03
7.074245331808448100e+03
7.091624401855769975e+03
7.108975468462638673e+03
7.126345338309814906e+03
7.143750891583942575e+03
7.161127905936558818e+03
7.178477382662538730e+03
7.195839833015696058e+03
7.213245483652017356e+03
7.230631665310134849e+03
7.247984368425693901e+03
7.265337629145618848e+03
7.282734214216369764e+03
7.300141237345389527e+03
7.317498964124893973e+03
7.334838219911534907e+03
7.352224186763228317e+03
7.369647871162445881e+03
7.387011493276266265e+03
7.404346839265319431e+03
7.421715329904263854e+03
7.439138224486490799e+03
7.456523456516757506e+03
7.473863076395903590e+03
7.491208795912263668e+03
7.508622321288289641e+03
7.526036494581737315e+03
7.543377444074038976e+03
7.560710140641225735e+03
7.578107532192208055e+03
7.595538693113420777e+03
7.612896546866048084e+03
7.630227791161321875e+03
7.647598262097146289e+03
7.665029052234849587e+03
7.682420463099533663e+03
7.699750344503942870e+03
7.717093081723874093e+03
7.734515408581302836e+03
7.751930776266309294e+03
7.769268305752158994e+03
7.786598382073727407e+03
7.803998877071995594e+03
7.821427164472481309e+03
7.838785061838063484e+03
7.856116853768884539e+03
7.873484399890384339e+03
7.890916687004975756e+03
7.908305072157740142e+03
7.925635182881770561e+03
7.942981537714378646e+03
7.960404482335110515e+03
7.977811596747993462e+03
7.995151709003117503e+03
8.012494425679185952e+03
8.029889872328588353e+03
8.047307216221296585e+03
8.064669567660607754e+03
8.082005895319040064e+03
8.099376532804746603e+03
8.116798196649329839e+03
8.134176165723216400e+03
8.151513979786086566e+03
8.168872135226765749e+03
8.186285598055313130e+03
8.203676222339423475e+03
8.221023299416961891e+03
8.238380065555857072e+03
8.255772197516924280e+03
8.273174094826776127e+03
8.290533140033359814e+03
8.307884731939348057e+03
8.325264136392621367e+03
8.342670373058228506e+03
8.360037123422744116e+03
8.377386442777915363e+03
8.394765728527852843e+03
8.412162471112018466e+03
8.429535644071589559e+03
8.446888192784366765e+03
8.464261033240371034e+03
8.481653423074558305e+03
8.499035172279007384e+03
8.516388995408689880e+03
8.533754804689700904e+03
8.551146819877669259e+03
8.568533685309243083e+03
8.585887840315295762e+03
8.603248785094827326e+03
8.620645325213337856e+03
8.638030418269447182e+03
8.655388992295989738e+03
8.672745375732629327e+03
8.690138433183225061e+03
8.707531023496681883e+03
8.724895794101634237e+03
8.742244983658136334e+03
8.759626768276182702e+03
8.777035337168559636e+03
8.794402596772426477e+03
8.811744927179841397e+03
8.829117500175689202e+03
8.846532194879831877e+03
8.863906859951825027e+03
8.881249454727927514e+03
8.898608688892269129e+03
8.916018485233329557e+03
8.933411664082144853e+03
8.950761144971758767e+03
8.968103267179041723e+03
8.985502244251414595e+03
9.002919454981043600e+03
9.020270148637233433e+03
9.037603825313170091e+03
9.054986596954913693e+03
9.072414311415202974e+03
9.089781297640898629e+03
9.107115309934881225e+03
9.124478190818437724e+03
9.141901221452382742e+03
9.159299755847376218e+03
9.176635650096264726e+03
9.193974010191437628e+03
9.211386876075681357e+03
9.228807649784776004e+03
9.246150010543278768e+03
9.263478673006031386e+03
9.280869052944264695e+03
9.298300826192404202e+03
9.315664602327073226e+03
9.332994920749841185e+03
9.350355024336566203e+03
9.367785202774568461e+03
9.385180242471747988e+03
9.402509045948005223e+03
9.419847841691629583e+03
9.437266935700479735e+03
9.454684090780150655e+03
9.472022497011768792e+03
9.489352044835683046e+03
9.506749075091924169e+03
9.524176457301877235e+03
9.541538659357604047e+03
9.558869779630367702e+03
9.576234139016349218e+03
9.593665549916440796e+03
9.611054733187680540e+03
9.628385584411367745e+03
9.645730954376162117e+03
9.663150711549355037e+03
9.680557208703128708e+03
9.697897523200550495e+03
9.715240230964547663e+03
9.732632840524325729e+03
9.750049122936983622e+03
9.767410359852798138e+03
9.784745802030327468e+03
9.802116279685778863e+03
9.819538439142696006e+03
9.836915705683721171e+03
9.854251690153072559e+03
9.871608805708090586e+03
9.889023238024568855e+03
9.906414333736658591e+03
9.923757028141344563e+03
9.941111679649980942e+03
9.958506246994729736e+03
9.975908391565440979e+03
9.993264231662640668e+03
1.001061211039303453e+04
1.002799099312134604e+04
1.004539926457739421e+04
1.006276598628106876e+04
1.008011071810482827e+04
1.009748184215803303e+04
1.011488877534669882e+04
1.013226387306059405e+04
1.014961187807346869e+04
1.016698256732879418e+04
1.018437651342405479e+04
1.020176221656519192e+04
1.021911663725042308e+04
1.023648069724776360e+04
1.025386830397909944e+04
1.027126092453330057e+04
1.028861837692997869e+04
1.030597545579597318e+04
1.032336701045711015e+04
1.034075621551009317e+04
1.035811558229116781e+04
1.037547045174343293e+04
1.039285729304351844e+04
1.041024682377414501e+04
1.042761481694430950e+04
1.044496646277049149e+04
1.046234507072077758e+04
1.047973946863911260e+04
1.049711412965744603e+04
1.051446292686484958e+04
1.053183159994429298e+04
1.054923492999954215e+04
1.056661169117221289e+04
1.058395984240318830e+04
1.060132158922863164e+04
1.061872350891433598e+04
1.063610662163876259e+04
1.065346001914711815e+04
1.067081251334941044e+04
1.068820681321074881e+04
1.070560264075219675e+04
1.072296304123057780e+04
1.074030652014317093e+04
1.075768925799041972e+04
1.077509994706735233e+04
1.079246364560574148e+04
1.080980285954508145e+04
1.082717401377705028e+04
1.084458873837783904e+04
1.086196257543058164e+04
1.087930374249351371e+04
1.089666149031920213e+04
1.091407026082383163e+04
1.093146190029593890e+04
1.094880993091050550e+04
1.096615234892557419e+04
1.098354941551167212e+04
1.100096224259560950e+04
1.101831340335786263e+04
1.103564701221201176e+04
1.105303041244633278e+04
1.107045293113493972e+04
1.108781520617952992e+04
1.110514822475452092e+04
1.112251379065192305e+04
1.113993456189089920e+04
1.115731779290648956e+04
1.117465591460132782e+04
1.119200127817692191e+04
1.120941191381282624e+04
1.122682062873979521e+04
1.124416095548947487e+04
1.126149315699900762e+04
1.127888980773492949e+04
1.129631370872385378e+04
1.131366441172769919e+04
1.133099334799551434e+04
1.134836962207497891e+04
1.136579780352511079e+04
1.138317010260298412e+04
1.140050115782709145e+04
1.141785339954808842e+04
1.143527540316315572e+04
1.145267542325883915e+04
1.147000785424775495e+04
1.148734222975326338e+04
1.150475229136346024e+04
1.152217154240897617e+04
1.153951164634034285e+04
1.155684039729873984e+04
1.157422894304243709e+04
1.159165868240352938e+04
1.160901872780018311e+04
1.162634637253973051e+04
1.164370849906348485e+04
1.166113657818040519e+04
1.167852347876246859e+04
1.169585027219362382e+04
1.171319092924108190e+04
1.173061181632855005e+04
1.174801846922661571e+04
1.176535083755380037e+04
1.178268035386246083e+04
1.180008156613544270e+04
1.181750599107347443e+04
1.183485033387812291e+04
1.185217581167631943e+04
1.186955731350355018e+04
1.188698664918907525e+04
1.190435390708409977e+04
1.192168188490922876e+04
1.193903662831772090e+04
1.195646485845320058e+04
1.197385843207820653e+04
1.199118704287925357e+04
1.200852334445226916e+04
1.202593934538528993e+04
1.204335419385276327e+04
1.206068952731253376e+04
1.207801914387392753e+04
1.209541497355041429e+04
1.211284055265612915e+04
1.213019514775326934e+04
1.214752415245431621e+04
1.216489219658147704e+04
1.218232173371486351e+04
1.219970182785841826e+04
1.221702913963235915e+04
1.223437485328012190e+04
1.225179913912350821e+04
1.226920045208902957e+04
1.228653074670558090e+04
1.230386745243870064e+04
1.232127439427852187e+04
1.233869089707457533e+04
1.235603538798644331e+04
1.237336779579002541e+04
1.239074936440519377e+04
1.240817437709957449e+04
1.242554063130237409e+04
1.244286817465160129e+04
1.246022691343320912e+04
1.247765403010516093e+04
1.249503895136394931e+04
1.251236831985814206e+04
1.252971232733065699e+04
1.254712647874437425e+04
1.256453040532447631e+04
1.258186571500826904e+04
1.259920160519243291e+04
1.261660002424585764e+04
1.263401539876046445e+04
1.265136542806060970e+04
1.266869862877849482e+04
1.268607400000955749e+04
1.270349780233738966e+04
1.272086764943818343e+04
1.273819774734937891e+04
1.275555317393878067e+04
1.277297591566237315e+04
1.279036491087878676e+04
1.280769575276325850e+04
1.282504066444237469e+04
1.284245163076990502e+04
1.285985512355003630e+04
1.287719624614878012e+04
1.289453676859402367e+04
1.291192646281466841e+04
1.292934129041382766e+04
1.294669913624587207e+04
1.296403303491286897e+04
1.298140240222933244e+04
1.299882378689236793e+04
1.301619660708006268e+04
1.303352925174064148e+04
1.305088396036718768e+04
1.306829797872534618e+04
1.308568832138889047e+04
1.310302288940462131e+04
1.312036871448608872e+04
1.313777394392118367e+04
1.315517622392262092e+04
1.317252123295246201e+04
1.318986340702344023e+04
1.320724855501112324e+04
1.322466236741188914e+04
1.324202305147583684e+04
1.325935959355928389e+04
1.327672685244882996e+04
1.329414432769993982e+04
1.331152037031919463e+04
1.332885474081043867e+04
1.334621128273164140e+04
1.336362320394737253e+04
1.338101267921074032e+04
1.339835276048075320e+04
1.341570367463142247e+04
1.343309983476940761e+04
1.345050109524794971e+04
1.346785261837158396e+04
1.348519533439532461e+04
1.350257491793381450e+04
1.351998641121912806e+04
1.353734871842275606e+04
1.355468821363013194e+04
1.357205496542133551e+04
1.358946451373560558e+04
1.360684107636843328e+04
1.362417797649707063e+04
1.364153561050799726e+04
1.365894231784454860e+04
1.367633070288941053e+04
1.369367294576103814e+04
1.371102475616541778e+04
1.372841743221857541e+04
1.374581749332028630e+04
1.376317006888285687e+04
1.378051464473154556e+04
1.379789267329155700e+04
1.381530184081399602e+04
1.383266535371447753e+04
1.385000535407994539e+04
1.386737315464609492e+04
1.388478176259949578e+04
1.390215772565506268e+04
1.391949718269102414e+04
1.393685569845636746e+04
1.395425772811602656e+04
1.397164531065691517e+04
1.398898916249235481e+04
1.400634138689643078e+04
1.402373246156846108e+04
1.404113192401911874e+04
1.405848508843292439e+04
1.407583123327326393e+04
1.409320855124211266e+04
1.411061583898116078e+04
1.412797993965678688e+04
1.414532029101585431e+04
1.416268879198325703e+04
1.418009583944557016e+04
1.419747123372812712e+04
1.421481198455510457e+04
1.423217292585476025e+04
1.424957320957711090e+04
1.426696016244209022e+04
1.428430528354828493e+04
1.430165706100295938e+04
1.431904652286273267e+04
1.433644571190492206e+04
1.435379831812290649e+04
1.437114491810944673e+04
1.438852216526856682e+04
1.440592795337083226e+04
1.442329207027672601e+04
1.444063282216079824e+04
1.445800167837077788e+04
1.447540776318403732e+04
1.449278304851601206e+04
1.451012439410128718e+04
1.452748538891600401e+04
1.454488472090221330e+04
1.456227119781245528e+04
1.457961633461740348e+04
1.459696841841067544e+04
1.461435739304704293e+04
1.463175621881094776e+04
1.464910902972719487e+04
1.466645630556606557e+04
1.468383355113994185e+04
1.470123875634004435e+04
1.471860301948440610e+04
1.473594395758190512e+04
1.475331316243593574e+04
1.477071902936775768e+04
1.478809418157999789e+04
1.480543622586826677e+04
1.482279829320435965e+04
1.484019683860520126e+04
1.485758319209019464e+04
1.487492863041530472e+04
1.489228148345390582e+04
1.490966979920591075e+04
1.492706827629425243e+04
1.494441962150021209e+04
1.496176662786576344e+04
1.497914388678058276e+04
1.499654868076182356e+04
1.501391292676829107e+04
1.503125380735372710e+04
1.504862259176525731e+04
1.506602812490877295e+04
1.508340307589943041e+04
1.510074446466540940e+04
1.511810539033785062e+04
1.513550458986842932e+04
1.515289126815897544e+04
1.517023645422668778e+04
1.518758861857074953e+04
1.520497756427542117e+04
1.522237617027147280e+04
1.523972811351498058e+04
1.525707476067859352e+04
1.527445203837753797e+04
1.529185727219154251e+04
1.530922129593709178e+04
1.532656168482195972e+04
1.534393036271203891e+04
1.536133590931134313e+04
1.537871095182790305e+04
1.539605170478847504e+04
1.541341099557846610e+04
1.543081112749586464e+04
1.544819803219365895e+04
1.546554228540522126e+04
1.548289300704619382e+04
1.550028314741840222e+04
1.551768194434264660e+04
1.553503408270182990e+04
1.555237972848398203e+04
1.556975652492694826e+04
1.558716326504424433e+04
1.560452628979203655e+04
1.562186588699250569e+04
1.563923379502331045e+04
1.565663990382835618e+04
1.567401554615225541e+04
1.569135497140962616e+04
1.570871314221042485e+04
1.572611505188727460e+04
1.574350270410220401e+04
1.576084545464993789e+04
1.577819538428184751e+04
1.579558706422394971e+04
1.581298620125112575e+04
1.583033683932957501e+04
1.584768044956730409e+04
1.586505829281533806e+04
1.588246699820624781e+04
1.589982701322094181e+04
1.591716516320065057e+04
1.593453244956900744e+04
1.595194122628846708e+04
1.596931727435623907e+04
1.598665373014114448e+04
1.600401072728414147e+04
1.602141625464524986e+04
1.603880385065817609e+04
1.605614370916035114e+04
1.607349248073588387e+04
1.609088711957058331e+04
1.610828746949947890e+04
1.612563466278399937e+04
1.614297586472576222e+04
1.616035696980242938e+04
1.617776842005853905e+04
1.619512672467228731e+04
1.621246323135277271e+04
1.622982952148685945e+04
1.624724304473821940e+04
1.626461753544467683e+04
1.628195013093972193e+04
1.629930615356374255e+04
1.631671544356446248e+04
1.633410377132989015e+04
1.635144121931522386e+04
1.636878660056964509e+04
1.638618580820246279e+04
1.640358759464249670e+04
1.642093237735122966e+04
1.643827004658334045e+04
1.645565430601485423e+04
1.647306653635870316e+04
1.649042273194838708e+04
1.650775698459207706e+04
1.652512423155277793e+04
1.654254246339550082e+04
1.655991245317492940e+04
1.657724365177150321e+04
1.659459985010173114e+04
1.661201321599798393e+04
1.662940187788110416e+04
1.664673579848278678e+04
1.666408075117040789e+04
1.668148381947914095e+04
1.669888536741707503e+04
1.671622617922536301e+04
1.673356332444209329e+04
1.675095160700749693e+04
1.676836551233244973e+04
1.678571766827988176e+04
1.680304924601557286e+04
1.682042150645358197e+04
1.683784263796522282e+04
1.685521011531350450e+04
1.687254032354055016e+04
1.688989503676338791e+04
1.690731333324014122e+04
1.692469986096923094e+04
1.694202887050633217e+04
1.695937306912385247e+04
1.697678127557363405e+04
1.699418337123334641e+04
1.701152117988283862e+04
1.702885585096893556e+04
1.704624911604477529e+04
1.706366491311739810e+04
1.708101439029517860e+04
1.709834269059024882e+04
1.711571775413515570e+04
1.713313962472453204e+04
1.715050416552970273e+04
1.716783163909403083e+04
1.718518780661338315e+04
1.720261148302705624e+04
1.721999276281146376e+04
1.723732053088401517e+04
1.725466552434373079e+04
1.727207851441355160e+04
1.728948007043205143e+04
1.730681296875442422e+04
1.732414802436170430e+04
1.734154612427522079e+04
1.735896025260834358e+04
1.737630505106702185e+04
