0.000000000000000000e+00
1.745022819661326352e+01
3.485873753327754798e+01
5.226500699913873405e+01
6.971816366278632415e+01
8.724017106099552166e+01
1.046756041028794471e+02
1.220804199316819592e+02
1.394909695267165546e+02
1.569850760296504291e+02
1.744870867772114593e+02
1.919071789970835198e+02
2.093170645335614211e+02
2.267820852362112021e+02
2.443017169549448226e+02
2.617500023438076369e+02
2.791582692842661118e+02
2.965888579953457906e+02
3.141050444292816906e+02
3.315955221518822782e+02
3.490084416934600995e+02
3.664178816782610966e+02
3.838978776593477278e+02
4.014175822934247435e+02
4.188561904240543754e+02
4.362566573021484828e+02
4.536897735382522114e+02
4.711836436328809441e+02
4.886611964452994243e+02
5.060793555858996342e+02
5.234883987512257590e+02
5.409464121188743775e+02
5.584630327812049018e+02
5.759107569255650105e+02
5.933185402709768823e+02
6.107498364609054988e+02
6.282658949567282889e+02
6.457549457397703918e+02
6.631648177636562878e+02
6.805726401878475826e+02
6.980362536964660194e+02
7.155584628509420781e+02
7.329943835770357055e+02
7.503993161687992597e+02
7.678110550731539661e+02
7.853077338481620018e+02
8.028059748639693680e+02
8.202258448572592897e+02
8.376359009139762293e+02
8.551008188108044124e+02
8.726199715535399264e+02
8.900682115624242670e+02
9.074764226704450039e+02
9.249067767869828458e+02
9.424223994488424978e+02
9.599138034248743452e+02
9.773268395547282807e+02
9.947363602583345710e+02
1.012216387631172665e+03
1.029735999972051786e+03
1.047173387013029242e+03
1.064574718638603599e+03
1.082007668081694646e+03
1.099506387965736849e+03
1.116984471243631333e+03
1.134398722169248231e+03
1.151807664211160727e+03
1.169284237613112509e+03
1.186806278228747715e+03
1.204243863170459917e+03
1.221653147831482102e+03
1.239090962190584378e+03
1.256609408088808777e+03
1.274090939409760495e+03
1.291503457299205138e+03
1.308918256342842142e+03
1.326402179125400380e+03
1.343914700487344589e+03
1.361353741218564892e+03
1.378761359189574705e+03
1.396213195045556631e+03
1.413727929989114728e+03
1.431199305683959210e+03
1.448622808531807095e+03
1.466050080022352176e+03
1.483528859303810350e+03
1.501022287973360562e+03
1.518460742452652767e+03
1.535860056126817881e+03
1.553311844329676660e+03
1.570812402921114426e+03
1.588279579721941900e+03
1.605690898403144274e+03
1.623114750707416988e+03
1.640594909402238500e+03
1.658092581169825507e+03
1.675533919053102636e+03
1.692954466232375125e+03
1.710407541294292741e+03
1.727904309432027731e+03
1.745375711566262908e+03
1.762802667348375508e+03
1.780240467824991811e+03
1.797712805034968824e+03
1.815195273385071687e+03
1.832640853506647545e+03
1.850069278927971027e+03
1.867525294463762066e+03
1.885007229822493173e+03
1.902476097596631007e+03
1.919921327074747524e+03
1.937361630953055283e+03
1.954828592614624768e+03
1.972306128930968271e+03
1.989762313514511789e+03
2.007202368000926754e+03
2.024645825974205763e+03
2.042117090218972635e+03
2.059589396319686784e+03
2.077034555086041109e+03
2.094481383362861834e+03
2.111937041324048550e+03
2.129414537110021683e+03
2.146883987418987545e+03
2.164327263522158773e+03
2.181769648377652175e+03
2.199231503908043578e+03
2.216714045421972514e+03
2.234172810068164836e+03
2.251600741518969699e+03
2.269041677916018671e+03
2.286520013810991259e+03
2.303994160876945898e+03
2.321438612435750201e+03
2.338867631947066457e+03
2.356336851101625143e+03
2.373838265584461624e+03
2.391298377661290033e+03
2.408716419003860210e+03
2.426153128686274613e+03
2.443646317580990399e+03
2.461141618157681933e+03
2.478567550760213635e+03
2.495981515847450282e+03
2.513447117542530577e+03
2.530965223655940008e+03
2.548425809395384022e+03
2.565829671604005853e+03
2.583259774885705156e+03
2.600770947320479536e+03
2.618264020926526428e+03
2.635675819247760046e+03
2.653082241328542295e+03
2.670541975283450483e+03
2.688064733762970718e+03
2.705511950127394812e+03
2.722913409929217778e+03
2.740344106505332093e+03
2.757855608097727782e+03
2.775346879389940113e+03
2.792759730456017678e+03
2.810166582127842048e+03
2.827638785483170977e+03
2.845162175428058163e+03
2.862604021763346282e+03
2.880009166286992240e+03
2.897436500962980972e+03
2.914953649782932189e+03
2.932440454894971936e+03
2.949852578846481720e+03
2.967265768833505263e+03
2.984734683108952140e+03
3.002257596335406561e+03
3.019695706020034777e+03
3.037101207399100076e+03
3.054540445093973631e+03
3.072049453090227871e+03
3.089512581602308728e+03
3.106923954624417092e+03
3.124329511024071508e+03
3.141799297250895506e+03
3.159306505368133003e+03
3.176752111259830599e+03
3.194152954926164057e+03
3.211583320083287617e+03
3.229094782749224578e+03
3.246587413727298554e+03
3.264000689706154844e+03
3.281408557906561782e+03
3.298882834977927814e+03
3.316406863170185716e+03
3.333848205238681203e+03
3.351255344611489818e+03
3.368694746480914546e+03
3.386211868399804189e+03
3.403691057576265393e+03
3.421102879775626207e+03
3.438518263501195179e+03
3.456006326144447939e+03
3.473513197369881709e+03
3.490944923440323691e+03
3.508352334767373122e+03
3.525787121536951418e+03
3.543299953141207880e+03
3.560774340900774405e+03
3.578185924934592549e+03
3.595601550023136042e+03
3.613094151511194468e+03
3.630602353366813077e+03
3.648032551019752646e+03
3.665439306886201393e+03
3.682891772469336502e+03
3.700418291039678934e+03
3.717882093278928551e+03
3.735289988010813431e+03
3.752709164234847776e+03
3.770212878133360391e+03
3.787715362147341239e+03
3.805138907838081195e+03
3.822545423559578012e+03
3.840018599493859256e+03
3.857536060439754237e+03
3.874992923704382520e+03
3.892406112073197619e+03
3.909839680225807570e+03
3.927340589980813547e+03
3.944828853098340915e+03
3.962262836119035455e+03
3.979691779026446966e+03
3.997157896879509281e+03
4.014652705221221368e+03
4.032116547590413575e+03
4.049556740441889815e+03
4.067004063716749442e+03
4.084476294783707090e+03
4.101954050897377783e+03
4.119413002366065484e+03
4.136873278887471315e+03
4.154328945467187623e+03
4.171802854758117064e+03
4.189279202304711362e+03
4.206733882912744775e+03
4.224173822595085767e+03
4.241638041102342868e+03
4.259154849416388970e+03
4.276640774614978000e+03
4.294056621486966833e+03
4.311477562981990559e+03
4.328965886672132910e+03
4.346480912921398158e+03
4.363916132468037176e+03
4.381327186205023281e+03
4.398787611106345139e+03
4.416318769127849009e+03
4.433776553776760011e+03
4.451184086232669870e+03
4.468611041184452915e+03
4.486127237099659396e+03
4.503626978104129194e+03
4.521047917749263434e+03
4.538467454283505504e+03
4.555952307455479968e+03
4.573468647566555774e+03
4.590910174879555598e+03
4.608318741348466574e+03
4.625777519933670192e+03
4.643297096265097935e+03
4.660781251510187758e+03
4.678239690580541719e+03
4.695711241463688566e+03
4.713179414526263827e+03
4.730659950043427671e+03
4.748133567232029236e+03
4.765583433136773237e+03
4.783028426994236725e+03
4.800507606497138113e+03
4.818029390860028798e+03
4.835501186324116134e+03
4.852910794546183752e+03
4.870342000485736207e+03
4.887856643942427581e+03
4.905350496541412213e+03
4.922762231769055688e+03
4.940179234155319136e+03
4.957662325874328417e+03
4.975185279712295596e+03
4.992620844651168227e+03
5.010028519111737296e+03
5.027471523512520434e+03
5.045001462584252295e+03
5.062471151644092970e+03
5.079883785266429186e+03
5.097302611340122894e+03
5.114804885199639102e+03
5.132311265947839274e+03
5.149736356660379897e+03
5.167144297418744827e+03
5.184624109572240741e+03
5.202139374732715623e+03
5.219598191680585842e+03
5.237014482893902823e+03
5.254451968310847406e+03
5.271953211723605818e+03
5.289452089142362638e+03
5.306917145812672970e+03
5.324383450798000922e+03
5.341857572625214743e+03
5.359339210459587775e+03
5.376823459866091071e+03
5.394276040315931823e+03
5.411707650656809165e+03
5.429165721781811044e+03
5.446685987874460807e+03
5.464175695533122052e+03
5.481592825940284456e+03
5.499013486842966813e+03
5.516510364683696025e+03
5.534023209680190121e+03
5.551449832005559074e+03
5.568858272365045195e+03
5.586326387727611291e+03
5.603865386954787937e+03
5.621320765447532722e+03
5.638729700162156405e+03
5.656167817292925065e+03
5.673689548135958830e+03
5.691173565145762041e+03
5.708588320733848377e+03
5.726015469079966351e+03
5.743515663980477257e+03
5.761022967498016442e+03
5.778485419584638294e+03
5.795944836792197748e+03
5.813415193239162363e+03
5.830889832078081781e+03
5.848371030359465294e+03
5.865832007516822159e+03
5.883284415011977217e+03
5.900743298826999307e+03
5.918249562523220447e+03
5.935754649503717701e+03
5.953189245982301145e+03
5.970602255811784744e+03
5.988076362705480278e+03
6.005601945853001780e+03
6.023049340896811373e+03
6.040455036037931677e+03
6.057901194673237114e+03
6.075436325696938184e+03
6.092914837163194534e+03
6.110326416775760663e+03
6.127751998520428970e+03
6.145262949984202351e+03
6.162765783015047418e+03
6.180194624307140657e+03
6.197609151033491798e+03
6.215093955060183362e+03
6.232608267060450089e+03
6.250080374708837553e+03
6.267534511751954597e+03
6.285005842639937327e+03
6.302487744746038516e+03
6.319974416250686772e+03
6.337449320745582554e+03
6.354892390138771589e+03
6.372339055366462162e+03
6.389831639775323310e+03
6.407349433412256985e+03
6.424792627332084521e+03
6.442204034277006940e+03
6.459664763166028024e+03
6.477194946000578057e+03
6.494658958465144678e+03
6.512066356851654746e+03
6.529493453553695872e+03
6.547016013686939914e+03
6.564516076352366326e+03
6.581934375879897743e+03
6.599351397205070498e+03
6.616846242253028322e+03
6.634363916202881228e+03
6.651814531530702880e+03
6.669241575670364909e+03
6.686703114738148543e+03
6.704202018411313475e+03
6.721690054624922595e+03
6.739157002408313019e+03
6.756619645205159941e+03
6.774083285854540918e+03
6.791584336880155206e+03
6.809086180339552811e+03
6.826524329221156222e+03
6.843945857966044969e+03
6.861418218419583354e+03
6.878948373535113205e+03
6.896404531315660279e+03
6.913811614995684977e+03
6.931253063488022235e+03
6.948784934874334795e+03
6.966269358912815733e+03
6.983679549654576476e+03
7.001101958555425881e+03
7.018607416274378920e+03
7.036118593427771884e+03
7.053546598304446889e+03
7.070964728773601564e+03
7.088445246569954179e+03
7.105960705955449157e+03
7.123430035924347976e+03
7.140881256108886191e+03
7.158354363569297675e+03
7.175828221987098004e+03
7.193312748765724791e+03
7.210784215342087919e+03
7.228246466236466404e+03
7.245694825050492000e+03
7.263186027040874251e+03
7.280699647037418799e+03
7.298149429540960227e+03
7.315562351850150662e+03
7.333018265904541295e+03
7.350550729584449073e+03
7.368016540238235393e+03
7.385424906536254639e+03
7.402851307557023574e+03
7.420373166792791380e+03
7.437874781072175210e+03
7.455293247017665635e+03
7.472708444820794284e+03
7.490200449169113199e+03
7.507722810701324306e+03
7.525169735534649590e+03
7.542593081282081585e+03
7.560054256359409919e+03
7.577562291874540279e+03
7.595049199657241843e+03
7.612511284555117527e+03
7.629974438788973202e+03
7.647443093265950665e+03
7.664944157414385700e+03
7.682436853662597059e+03
7.699879297308129026e+03
7.717303621374172508e+03
7.734780231303124310e+03
7.752307291322724268e+03
7.769765270746253009e+03
7.787172651889587542e+03
7.804613400992147035e+03
7.822144690030036145e+03
7.839629940367080053e+03
7.857041471295233350e+03
7.874459680878338986e+03
7.891963733460497679e+03
7.909476798904128373e+03
7.926908046209313397e+03
7.944324766904777789e+03
7.961801113029297994e+03
7.979319128816107877e+03
7.996788077985874224e+03
8.014236923502239733e+03
8.031704253398198489e+03
8.049181893303735706e+03
8.066664721951917272e+03
8.084136551642015547e+03
8.101600712594485231e+03
8.119051872955060389e+03
8.136542419854866239e+03
8.154054524594904251e+03
8.171507704637178904e+03
8.188921294916133775e+03
8.206375482175086290e+03
8.223905223066110921e+03
8.241375408904552387e+03
8.258783462036844867e+03
8.276211106023500179e+03
8.293731075078843787e+03
8.311233486877041287e+03
8.328652914472395423e+03
8.346066732655654050e+03
8.363556681071637286e+03
8.381081742149319325e+03
8.398527690668124706e+03
8.415946313195288894e+03
8.433404172173452025e+03
8.450917941827883624e+03
8.468403175479623314e+03
8.485863912221961073e+03
8.503326412631944550e+03
8.520800594177151652e+03
8.538298948183964967e+03
8.555784936233761982e+03
8.573231249250300607e+03
8.590659111068191123e+03
8.608137102412727472e+03
8.625662632752439094e+03
8.643123467012926994e+03
8.660531228579548042e+03
8.677972199519776041e+03
8.695503038333099539e+03
8.712987391460426807e+03
8.730400365777428306e+03
8.747815481037361678e+03
8.765319749762182255e+03
8.782837099355225291e+03
8.800268704764961512e+03
8.817683402323198607e+03
8.835158082137362726e+03
8.852677451345343798e+03
8.870145430127900909e+03
8.887591549435022898e+03
8.905059767670962174e+03
8.922546790885773589e+03
8.940031785912049600e+03
8.957502301839498614e+03
8.974966237837508743e+03
8.992416913742748875e+03
9.009908538711919391e+03
9.027421904480335797e+03
9.044873650862813520e+03
9.062287022414295279e+03
9.079739295348643282e+03
9.097268488274186893e+03
9.114737051205638636e+03
9.132145328869732111e+03
9.149573196238656237e+03
9.167093441084334700e+03
9.184596323774492703e+03
9.202016093229654871e+03
9.219430335307819405e+03
9.236919675202500002e+03
9.254442414635766909e+03
9.271887237153165188e+03
9.289307082816230832e+03
9.306773826378779631e+03
9.324284039800360915e+03
9.341769550564544261e+03
9.359230051998170893e+03
9.376691558997192260e+03
9.394163831320554891e+03
9.411661788309840631e+03
9.429160585100355092e+03
9.446605886687564634e+03
9.464030414232747717e+03
9.481508228557697294e+03
9.499038756378749895e+03
9.516493721847435154e+03
9.533900365324585437e+03
9.551341618573927917e+03
9.568872998048123918e+03
9.586357285362752009e+03
9.603767568386019775e+03
9.621189436619415574e+03
9.638699066168523132e+03
9.656210450183356443e+03
9.673643917173827504e+03
9.691065174148385267e+03
9.708548362790770625e+03
9.726060500606448841e+03
9.743531674771438702e+03
9.760984067064830015e+03
9.778453241771301691e+03
9.795934686795182643e+03
9.813433213614527631e+03
9.830920992748149729e+03
9.848362551638550940e+03
9.865800594836367964e+03
9.883298145836524782e+03
9.900816468976812757e+03
9.918253794420157647e+03
9.935661640944181272e+03
9.953123959909644327e+03
9.970661150826796074e+03
9.988121163884028647e+03
1.000552776404983524e+04
1.002296458647109830e+04
1.004048961318530201e+04
1.005798261978586743e+04
1.007540247589783394e+04
1.009283181722814697e+04
1.011032806392663406e+04
1.012783404767467437e+04
1.014529183280319194e+04
1.016274407509629964e+04
1.018021934367194808e+04
1.019770618739995189e+04
1.021520073573571790e+04
1.023267806308151739e+04
1.025012289945158409e+04
1.026757250300287342e+04
1.028508075242442283e+04
1.030258296898918343e+04
1.032000798477104763e+04
1.033742284172374275e+04
1.035490612013873579e+04
1.037243813109848088e+04
1.038988014031527564e+04
1.040728416957829177e+04
1.042473759543650885e+04
1.044227329548478519e+04
1.045974398915482379e+04
1.047715593923467895e+04
1.049458908795503521e+04
1.051209883171354886e+04
1.052959863328513893e+04
1.054704477669941662e+04
1.056449251305207872e+04
1.058197287663665702e+04
1.059946621837848215e+04
1.061694737110394090e+04
1.063442110253939609e+04
1.065187138472564948e+04
1.066933497773178169e+04
1.068684392201987612e+04
1.070433254825046606e+04
1.072175741232025575e+04
1.073918394062656080e+04
1.075668735821341761e+04
1.077420532116173854e+04
1.079163360776868649e+04
1.080904152299984162e+04
1.082651271421702768e+04
1.084404771073143274e+04
1.086149875348334717e+04
1.087890501919788221e+04
1.089634809316942483e+04
1.091387372351575505e+04
1.093136205480512945e+04
1.094879098209082804e+04
1.096623490580869111e+04
1.098372752190385108e+04
1.100122641155048950e+04
1.101869886009912807e+04
1.103615899294596602e+04
1.105361826900663254e+04
1.107109846900888442e+04
1.108860371681380275e+04
1.110607761291855059e+04
1.112350673635418207e+04
1.114094824838885143e+04
1.115846480523645005e+04
1.117596543581161313e+04
1.119338369264924950e+04
1.121079699630182586e+04
1.122828443982443059e+04
1.124581305189787963e+04
1.126324992592024500e+04
1.128065506261747942e+04
1.129811134740648777e+04
1.131564522251587914e+04
1.133311439924426122e+04
1.135052817369464537e+04
1.136796927058344227e+04
1.138547509389652623e+04
1.140297164126010102e+04
1.142041893994748534e+04
1.143787426097844946e+04
1.145535093415436495e+04
1.147284196838796925e+04
1.149032722889697106e+04
1.150779717008460284e+04
1.152524536213348620e+04
1.154270587550608980e+04
1.156021757772443743e+04
1.157770159239856730e+04
1.159512389740139042e+04
1.161254848400023184e+04
1.163005146357878039e+04
1.164756848350825021e+04
1.166499577262241473e+04
1.168240264903731259e+04
1.169987252692700713e+04
1.171740616196857991e+04
1.173485854071595713e+04
1.175226442105184469e+04
1.176970561189918953e+04
1.178723303108171967e+04
1.180471932914564059e+04
1.182214681738840409e+04
1.183958410004457255e+04
1.185707816818840365e+04
1.187457987492694883e+04
1.189204386132853324e+04
1.190950049632212540e+04
1.192696641513197210e+04
1.194445029114188219e+04
1.196194446158862047e+04
1.197942092378060261e+04
1.199685633768468324e+04
1.201430311615986466e+04
1.203181315685817390e+04
1.204931394495809764e+04
1.206673649493795892e+04
1.208415000602411965e+04
1.210163371329978509e+04
1.211916348741897855e+04
1.213660422616377764e+04
1.215400773564608062e+04
1.217145896236947920e+04
1.218899279909497454e+04
1.220646481449004386e+04
1.222387402328536882e+04
1.224130209637276857e+04
1.225881081309518777e+04
1.227631378267284163e+04
1.229374965021321623e+04
1.231117921360661785e+04
1.232865228364567884e+04
1.234615487717096221e+04
1.236362229791991922e+04
1.238106632556081240e+04
1.239853099851471052e+04
1.241600382562701634e+04
1.243349183952591738e+04
1.245096064994739572e+04
1.246841759871055910e+04
1.248586190391042328e+04
1.250334596241444524e+04
1.252084967808226065e+04
1.253830222014036917e+04
1.255572087056421879e+04
1.257317596730549485e+04
1.259069951927579132e+04
1.260817604111989567e+04
1.262558436747773521e+04
1.264300656402344612e+04
1.266051390339770842e+04
1.267802502312545766e+04
1.269544541609157022e+04
1.271284989652410513e+04
1.273032064804170659e+04
1.274785126515299089e+04
1.276530129147370280e+04
1.278270449053554694e+04
1.280014077883688151e+04
1.281765852539674961e+04
1.283514703846106568e+04
1.285256490792688601e+04
1.286998280701983094e+04
1.288747070652348702e+04
1.290498192831188862e+04
1.292242873121448429e+04
1.293985426678443400e+04
1.295731373295726007e+04
1.297481683836962475e+04
1.299229526865228036e+04
1.300975091258813154e+04
1.302720598082732613e+04
1.304468162592950284e+04
1.306216704426047545e+04
1.307965564214156620e+04
1.309711117033224218e+04
1.311455014034169835e+04
1.313202427185685156e+04
1.314954184083303517e+04
1.316700356038008249e+04
1.318441476457218778e+04
1.320185293030602588e+04
1.321937726713109441e+04
1.323686961624787546e+04
1.325428139333654508e+04
1.327169570673799899e+04
1.328919138769979691e+04
1.330671268363700074e+04
1.332414419562360490e+04
1.334154902445447442e+04
1.335900946838299933e+04
1.337653556019983262e+04
1.339400118918392400e+04
1.341141305949107846e+04
1.342884602040721802e+04
1.344634989578046225e+04
1.346384649306247957e+04
1.348128707348381431e+04
1.349871364745851315e+04
1.351618292575084888e+04
1.353367968472550638e+04
1.355114461355502317e+04
1.356858543345303224e+04
1.358604423131384283e+04
1.360351440983670545e+04
1.362099448071645929e+04
1.363846231158692353e+04
1.365591136579380691e+04
1.367336279575495792e+04
1.369084558694032967e+04
1.370833608132142035e+04
1.372579187214044214e+04
1.374322004692039445e+04
1.376067795906432184e+04
1.377818751664346382e+04
1.379566511521453140e+04
1.381308450035213536e+04
1.383050648781329983e+04
1.384800007915931201e+04
1.386551177352112973e+04
1.388294320121766941e+04
1.390034753791589537e+04
1.391780475772863792e+04
1.393533484250929541e+04
1.395279621107286221e+04
1.397019981325360277e+04
1.398762491494810456e+04
1.400513757814298697e+04
1.402263924150888488e+04
1.404005731816590196e+04
1.405746229249699354e+04
1.407493567226510277e+04
1.409246394344896544e+04
1.410991034558937463e+04
1.412731402750492998e+04
1.414475502585976938e+04
1.416227299700868753e+04
1.417975725000061357e+04
1.419717542161150777e+04
1.421459912173921111e+04
1.423208432197994443e+04
1.424958953254919106e+04
1.426704001687646814e+04
1.428446393408003132e+04
1.430192040836687738e+04
1.431941979052692477e+04
1.433689675687626914e+04
1.435434958680064301e+04
1.437180253009657281e+04
1.438927396276005129e+04
1.440675657007855989e+04
1.442422529566857702e+04
1.444168402703570064e+04
1.445912557737071620e+04
1.447659637318650857e+04
1.449409803386530075e+04
1.451156219453594531e+04
1.452898730490829985e+04
1.454642646844667252e+04
1.456393216078673504e+04
1.458142742874029136e+04
1.459885080910007309e+04
1.461626413583709655e+04
1.463374035807459586e+04
1.465126151768503769e+04
1.466870889770184658e+04
1.468611046325269126e+04
1.470354717471135154e+04
1.472106965634418884e+04
1.473855422599348094e+04
1.475596258350073367e+04
1.477337437775918079e+04
1.479086374815402087e+04
1.480838408969701231e+04
1.482581725019332953e+04
1.484321777240146002e+04
1.486066646628568196e+04
1.487819596673502383e+04
1.489566547540125430e+04
1.491307155138718736e+04
1.493049320954964242e+04
1.494799464997195173e+04
1.496550055033429089e+04
1.498292936858367102e+04
1.500034113787494061e+04
1.501780747788068766e+04
1.503532178610256960e+04
1.505278325704842609e+04
1.507020297807971474e+04
1.508764520724486647e+04
1.510513486449279662e+04
1.512262048165930537e+04
1.514006064921878351e+04
1.515749158046373668e+04
1.517496233444199243e+04
1.519244946498476565e+04
1.520991302301971155e+04
1.522735315531400920e+04
1.524480717182629633e+04
1.526227749348129691e+04
1.527975847285123746e+04
1.529722423902873197e+04
1.531467273565987489e+04
1.533212302582433404e+04
1.534960476055947947e+04
1.536709371356002885e+04
1.538455067045569376e+04
1.540197807769219071e+04
1.541943400436237425e+04
1.543694045681475836e+04
1.545441597617808293e+04
1.547183614595003382e+04
1.548926248285093970e+04
1.550675413921316795e+04
1.552426509858961072e+04
1.554169904956996106e+04
1.555910428453355053e+04
1.557656126801102073e+04
1.559409045492543555e+04
1.561155418997010202e+04
1.562895924117182949e+04
1.564638399396846216e+04
1.566389660220234873e+04
1.568140029955408863e+04
1.569881927951681428e+04
1.571622625219037945e+04
1.573370284946643369e+04
1.575123175805814390e+04
1.576867937909800821e+04
1.578608665607834700e+04
1.580353603577354079e+04
1.582105394453872941e+04
1.583853765241722431e+04
1.585597117345855804e+04
1.587341890156261798e+04
1.589090567535225273e+04
1.590839934737853400e+04
1.592587229029571790e+04
1.594332817091004654e+04
1.596078424490029829e+04
1.597826349128763832e+04
1.599576370034260981e+04
1.601323567287463447e+04
1.603066744496416140e+04
1.604810974076699495e+04
1.606561952695273067e+04
1.608311799591203999e+04
1.610054003389848003e+04
1.611795293791644144e+04
1.613543519267999000e+04
1.615296458344254097e+04
1.617040502885062597e+04
1.618780753978928624e+04
1.620525400749725668e+04
1.622278445165341691e+04
1.624025904281358453e+04
1.625766702678002184e+04
1.627508809312897756e+04
1.629259223607148670e+04
1.631010068410099302e+04
1.632753054991843237e+04
1.634494431218538375e+04
1.636241388304838983e+04
1.637992849873445084e+04
1.639739398773996436e+04
1.641482260629250595e+04
1.643227540233197942e+04
1.644976436925923917e+04
1.646725337802818103e+04
1.648471073890170373e+04
1.650216381369295414e+04
1.651962917496929003e+04
1.653711255878610245e+04
1.655460299357247641e+04
1.657206268181135238e+04
1.658950010986081907e+04
1.660695876352722189e+04
1.662446981394290196e+04
1.664194966986012878e+04
1.665937011694904140e+04
1.667679395877696152e+04
1.669429133376603204e+04
1.671180514314528409e+04
1.672923490579183272e+04
1.674664015645600739e+04
1.676410166472924175e+04
1.678163419881689333e+04
1.679909305189801307e+04
1.681649585265993301e+04
1.683392543309921894e+04
1.685144723993943626e+04
1.686894262583843374e+04
1.688635917912577497e+04
1.690377308054859895e+04
1.692126145517472469e+04
1.693877839111217691e+04
1.695622379093628479e+04
1.697364151566877990e+04
1.699110028485104704e+04
1.700860355397162130e+04
1.702608205063756031e+04
1.704352371800503897e+04
1.706097811577657922e+04
1.707844664211974668e+04
1.709593083685058082e+04
1.711340112460226374e+04
1.713085228006336547e+04
1.714830324284653761e+04
1.716577927331956016e+04
1.718326892701827455e+04
1.720073591242909970e+04
1.721816814498028907e+04
1.723561471538970363e+04
1.725311151918222822e+04
1.727060348823168897e+04
1.728803498925115855e+04
1.730545482493611780e+04
1.732292845976576064e+04
1.734045225319957899e+04
1.735790549634973286e+04
1.737531047054105511e+04
1.739274812387330894e+04
1.741027320451065316e+04
1.742776036543066584e+04
1.744516868015729051e+04
1.746258233509141428e+04
