0.000000000000000000e+00
1.743275236027453090e+01
3.476653140684766186e+01
5.198620962954623792e+01
6.917594899049616686e+01
8.657425691570995241e+01
1.039292187950405264e+02
1.211432021513735293e+02
1.383483376067527502e+02
1.557809341151815374e+02
1.730634224876960161e+02
1.902416908469643886e+02
2.075810251831875348e+02
2.249691969452159128e+02
2.421716716924408956e+02
2.593986196360898475e+02
2.767982347693319980e+02
2.941213741715303058e+02
3.113086495090537369e+02
3.285996265828440528e+02
3.460029897169009701e+02
3.632235146498708218e+02
3.804646849937049637e+02
3.978264502127466358e+02
4.151670742522669570e+02
4.323652123146098916e+02
4.496580017822333843e+02
4.670159343765167819e+02
4.843568949126625398e+02
5.015522964444431864e+02
5.187936262170155715e+02
5.361277020128070490e+02
5.535326238320657239e+02
5.708346479560457283e+02
5.880170193517506050e+02
6.052743894024774818e+02
6.226660290625102334e+02
6.400161064350224933e+02
6.572019795884543782e+02
6.744502926828079126e+02
6.918374137123166747e+02
7.091797299549127729e+02
7.263777954917979969e+02
7.436538014566567654e+02
7.610369121570449806e+02
7.782726076689621095e+02
7.955501896279477023e+02
8.129053483953892965e+02
8.301747765088556434e+02
8.474142897604763220e+02
8.648062656701526976e+02
8.821003624305733410e+02
8.992768268905078912e+02
9.166832694483626938e+02
9.339807840654706297e+02
9.511823686607442596e+02
9.684902848182479147e+02
9.858764341490705192e+02
1.003091619310155693e+03
1.020362161257715911e+03
1.037726654592071327e+03
1.054969199692968687e+03
1.072265092691966629e+03
1.089618006218398705e+03
1.106842139291434250e+03
1.124148760344412722e+03
1.141535039704490373e+03
1.158743313715396653e+03
1.175957877035933507e+03
1.193412109198146027e+03
1.210699155833858640e+03
1.227846880465688173e+03
1.245112965867308048e+03
1.262563157479338315e+03
1.279951705484224249e+03
1.297218496220466250e+03
1.314520807222580061e+03
1.331866883134672207e+03
1.349252996521882096e+03
1.366608703247746689e+03
1.383967479041528804e+03
1.401347673360943872e+03
1.418772378642096555e+03
1.436153430839280645e+03
1.453519572756965772e+03
1.470863392420029186e+03
1.488303275494490663e+03
1.505699087345164344e+03
1.522982944184591133e+03
1.540225183215934976e+03
1.557483326230516695e+03
1.574659236946120473e+03
1.591889588206192002e+03
1.609116047342831507e+03
1.626415362598153024e+03
1.643578768483196654e+03
1.660724515446030409e+03
1.677982479010582210e+03
1.695268770879776639e+03
1.712406389012013278e+03
1.729594144011306980e+03
1.746882270285068444e+03
1.764115249853821297e+03
1.781241453302012360e+03
1.798473354666893556e+03
1.815750523764395439e+03
1.832955257341178367e+03
1.850093920935860524e+03
1.867316539465424285e+03
1.884581949376282637e+03
1.901807493881231949e+03
1.919081453757919462e+03
1.936373907989359395e+03
1.953767563895046578e+03
1.971146235480329779e+03
1.988638416252560774e+03
2.005812575038686418e+03
2.023255309894421544e+03
2.040818941264878504e+03
2.058243144087121436e+03
2.075437390713983859e+03
2.092939008541952262e+03
2.110351629150706685e+03
2.127838797922175218e+03
2.145045791287423071e+03
2.162515496504659950e+03
2.179913908965069368e+03
2.197349454083088858e+03
2.214647104020791630e+03
2.231905013307360605e+03
2.249377127244864823e+03
2.266820749977281594e+03
2.284208396377515783e+03
2.301509224075558450e+03
2.318904039564578852e+03
2.336266180811733648e+03
2.353623559713336363e+03
2.370956085678901218e+03
2.388382799324586813e+03
2.405913788907085291e+03
2.423285444440310130e+03
2.440510626946126649e+03
2.457747356274702724e+03
2.475039347585086944e+03
2.492260531765479755e+03
2.509537897534707099e+03
2.526739833781547532e+03
2.543959410353983003e+03
2.561240804665576434e+03
2.578450661640871658e+03
2.595829321275583425e+03
2.613128437633032263e+03
2.630558036764256485e+03
2.647705648526759433e+03
2.665028098282401970e+03
2.682269946607895690e+03
2.699469220239755032e+03
2.716785446855888495e+03
2.734032000445365156e+03
2.751319961870653970e+03
2.768539510904913186e+03
2.785727514880090894e+03
2.803016511635761617e+03
2.820302937293436116e+03
2.837678745942818750e+03
2.854864934373963479e+03
2.872246281699375686e+03
2.889722577458791420e+03
2.907015861333366956e+03
2.924348268245739746e+03
2.941745276476043728e+03
2.959035238836380813e+03
2.976479996986555307e+03
2.993684520290129512e+03
3.010940195610784031e+03
3.028171206591047849e+03
3.045522277034798662e+03
3.062715525008275563e+03
3.080133407309216182e+03
3.097493043782207224e+03
3.114861034330613620e+03
3.132285014769617646e+03
3.149720239191836299e+03
3.167058644466422265e+03
3.184555469661667757e+03
3.201874558262495157e+03
3.219300648549417929e+03
3.236731953429136865e+03
3.254086993992157659e+03
3.271402752037496612e+03
3.288759588625165634e+03
3.306125935653531542e+03
3.323630101057427055e+03
3.341151264442296451e+03
3.358357746760918417e+03
3.375773843888888223e+03
3.393136859922175972e+03
3.410550966862671885e+03
3.427893142325539429e+03
3.445365074779804672e+03
3.462763767196983281e+03
3.480183263593147785e+03
3.497523383427500903e+03
3.514817677038439797e+03
3.532198770950330072e+03
3.549595572976400945e+03
3.567166252249693571e+03
3.584454532191712133e+03
3.601758503726851359e+03
3.619130954255343568e+03
3.636519613258148183e+03
3.653870372036295521e+03
3.671268142162858112e+03
3.688610544164931525e+03
3.706006216634463271e+03
3.723446045923260499e+03
3.740887869545012563e+03
3.758444532461749532e+03
3.775857641698687985e+03
3.793165251413427541e+03
3.810652790554909643e+03
3.828123880511141579e+03
3.845609805587354458e+03
3.863190222170813286e+03
3.880410493510283231e+03
3.897699093334068039e+03
3.915098277343559857e+03
3.932414340642177194e+03
3.949902073423209913e+03
3.967241181196532125e+03
3.984598682322925470e+03
4.002054142628603586e+03
4.019444200193950564e+03
4.036940472684823362e+03
4.054239125569273710e+03
4.071656386277105867e+03
4.089054710135411369e+03
4.106533077112656429e+03
4.123789282073373215e+03
4.141168710069920962e+03
4.158635544882416070e+03
4.175969786510357153e+03
4.193263027677724494e+03
4.210628841280084998e+03
4.228047230033819687e+03
4.245392301866156231e+03
4.262722599837469716e+03
4.280053183528378213e+03
4.297476994287204434e+03
4.315034125490576116e+03
4.332579901107154910e+03
4.350068740482555768e+03
4.367450300289734514e+03
4.384751780296613106e+03
4.401961913333360826e+03
4.419207254710949201e+03
4.436412229961967569e+03
4.453641960085704341e+03
4.470856913186858037e+03
4.488035595917621322e+03
4.505280352441430296e+03
4.522560225451349652e+03
4.539795343073245022e+03
4.556973115587769826e+03
4.574221415201851414e+03
4.591471681493247161e+03
4.608656081676128451e+03
4.625814673541353841e+03
4.643039040798348651e+03
4.660369056346147772e+03
4.677513182549877456e+03
4.694689683721924666e+03
4.712016863496221049e+03
4.729300621483711438e+03
4.746498076109869544e+03
4.763740429376826796e+03
4.781047875956475764e+03
4.798478898893838050e+03
4.815859921085807400e+03
4.833068635473060567e+03
4.850452681290318651e+03
4.867683451463410165e+03
4.884880646763650475e+03
4.902069075729958058e+03
4.919298873165313125e+03
4.936537890616549703e+03
4.953738375093075774e+03
4.970925575841967657e+03
4.988120022382876414e+03
5.005457807721109930e+03
5.022817168067884268e+03
5.040199384998931237e+03
5.057447927704555696e+03
5.074672382793658471e+03
5.091824924071574060e+03
5.109122884023859115e+03
5.126525735211508618e+03
5.143912475614248251e+03
5.161258797297610727e+03
5.178551977810999233e+03
5.195757695992235313e+03
5.213004379005005831e+03
5.230155907067388398e+03
5.247398789168939402e+03
5.264617070842959947e+03
5.281808543490246848e+03
5.299021364321899455e+03
5.316241215669328994e+03
5.333506407660390323e+03
5.350839358280127271e+03
5.367961259516452628e+03
5.385430828733593444e+03
5.402964913865497692e+03
5.420261375777776266e+03
5.437443431873540248e+03
5.454666118157108940e+03
5.471961158099915338e+03
5.489216993765243387e+03
5.506322271968371751e+03
5.523685257716826527e+03
5.540968120396630184e+03
5.558354956890539142e+03
5.575467154711926923e+03
5.592840718823815223e+03
5.610120259879563491e+03
5.627359488081641757e+03
5.644574625107803513e+03
5.661836086181952851e+03
5.679161152614124148e+03
5.696372078929893178e+03
5.713536258902531699e+03
5.730891504195516973e+03
5.748468160332404295e+03
5.765936977218712855e+03
5.783410230764413427e+03
5.800951019441848075e+03
5.818307984625927020e+03
5.835615725404648401e+03
5.852850448012977722e+03
5.870139254928379160e+03
5.887430592420932953e+03
5.904689393676590953e+03
5.921866744636989097e+03
5.939077081061444915e+03
5.956315313340106513e+03
5.973536892835814797e+03
5.990778013072143040e+03
6.007975643318285620e+03
6.025256976053129620e+03
6.042651199938947684e+03
6.060011060566451306e+03
6.077311407689641783e+03
6.094759896466155624e+03
6.112125082231698798e+03
6.129411307175900220e+03
6.146744949388557870e+03
6.164016778587385488e+03
6.181455760794257003e+03
6.198786834209944573e+03
6.216125795977693997e+03
6.233481527304535120e+03
6.250893847048548196e+03
6.268207471909721789e+03
6.285481692746513545e+03
6.302868781093784492e+03
6.320320254812799249e+03
6.337759725928792250e+03
6.355016920412697800e+03
6.372351141183874461e+03
6.389878573340273761e+03
6.407343621811004596e+03
6.424491949035612379e+03
6.441934699842617192e+03
6.459465837479930997e+03
6.477036630733345191e+03
6.494460853613325526e+03
6.511707560043538251e+03
6.529160983825500807e+03
6.546577120310154896e+03
6.563975734398492932e+03
6.581299694532341164e+03
6.598616992629133165e+03
6.616036748665924279e+03
6.633431075208217408e+03
6.650798064505890579e+03
6.668147629506574049e+03
6.685537350404772951e+03
6.702873781513133508e+03
6.720229492640759418e+03
6.737560452193839410e+03
6.754931269757688824e+03
6.772356678676456795e+03
6.789760714175525209e+03
6.807079348940419550e+03
6.824596047013523275e+03
6.842005004870276025e+03
6.859405052991538469e+03
6.876693972025492258e+03
6.894148834560648538e+03
6.911542761596067066e+03
6.928880168097019123e+03
6.946243549802466987e+03
6.963515409480412927e+03
6.980990137313396190e+03
6.998412599902587317e+03
7.015725533162692955e+03
7.033129138029089518e+03
7.050544587424539714e+03
7.068122207657337640e+03
7.085450692004820667e+03
7.102681694085764320e+03
7.119895777378751518e+03
7.137222036619492428e+03
7.154445877085405300e+03
7.171690102647303320e+03
7.188869412390516118e+03
7.206104711226067593e+03
7.223348265055710726e+03
7.240547228659030225e+03
7.257760792955466059e+03
7.275077137130117990e+03
7.292343795918270189e+03
7.309756736699115208e+03
7.327206782152226879e+03
7.344561130051246437e+03
7.361982077835795280e+03
7.379306139800187339e+03
7.396648316816790611e+03
7.414026789666378136e+03
7.431373548360450513e+03
7.448747723558952202e+03
7.466016479153062392e+03
7.483442912357484602e+03
7.500793149206760063e+03
7.518058184449224427e+03
7.535395918084387631e+03
7.552709491327310388e+03
7.570137679307328654e+03
7.587527540910125026e+03
7.604782796962298562e+03
7.622132359369959886e+03
7.639477228477230710e+03
7.656795749194607197e+03
7.674101884906598571e+03
7.691433513168730315e+03
7.708864413131575930e+03
7.726126366924302602e+03
7.743412328488311687e+03
7.760679782161631920e+03
7.778091038568078147e+03
7.795455074348365997e+03
7.812729394259065884e+03
7.830029769535859486e+03
7.847362653094754023e+03
7.864736524599495169e+03
7.881983756932182587e+03
7.899337871301631822e+03
7.916689389048867270e+03
7.934020117247212511e+03
7.951286622773255658e+03
7.968567180352059950e+03
7.985942300809667358e+03
8.003259012622712362e+03
8.020606653026577987e+03
8.037841908070971840e+03
8.055212568511793506e+03
8.072582288655392404e+03
8.089876907124797071e+03
8.107172430140723009e+03
8.124477255993593644e+03
8.141832207890791324e+03
8.159098447172171291e+03
8.176439871977837356e+03
8.193739254219806753e+03
8.211137763799568347e+03
8.228456448056702357e+03
8.245717956882159342e+03
8.263077282387685045e+03
8.280415003339556279e+03
8.297808888246481729e+03
8.315091227337916280e+03
8.332426962903060485e+03
8.349827616813043278e+03
8.367104752452381945e+03
8.384423063273354273e+03
8.401751304549339693e+03
8.419146093050014315e+03
8.436544296769181528e+03
8.453813645506505054e+03
8.471179144699712197e+03
8.488579213671002435e+03
8.505933112317034102e+03
8.523206048495068899e+03
8.540501233324328496e+03
8.557927496034038995e+03
8.575313923268811777e+03
8.592656520300834018e+03
8.609963349094861769e+03
8.627367864602558257e+03
8.644775100629305598e+03
8.662177374388864337e+03
8.679354233734449735e+03
8.696799047717940994e+03
8.714139378774572833e+03
8.731412216495702523e+03
8.748571837915887954e+03
8.765876979203454539e+03
8.783204204035615476e+03
8.800580253331070708e+03
8.817751945401303601e+03
8.835157041837595898e+03
8.852488053723869598e+03
8.869741071619555441e+03
8.886917881134058916e+03
8.904150559247025740e+03
8.921433740487434989e+03
8.938640197892878859e+03
8.955804480808867083e+03
8.973058690358928288e+03
8.990330738485756228e+03
9.007749652546033758e+03
9.024921719686921278e+03
9.042288029801213270e+03
9.059888927470568888e+03
9.077360797030629328e+03
9.094830511818134255e+03
9.112164039306440827e+03
9.129563102455766057e+03
9.146998745647335454e+03
9.164523024879013974e+03
9.181694838252713453e+03
9.199089182691266615e+03
9.216693935961226089e+03
9.234087389031934435e+03
9.251233619476190142e+03
9.268604589593451237e+03
9.285901513907076151e+03
9.303360018708830466e+03
9.320789662071259954e+03
9.338273691799598964e+03
9.355866431964512230e+03
9.373229014936874592e+03
9.390464472058358297e+03
9.407650201192074746e+03
9.424932755635372814e+03
9.442182913017564715e+03
9.459504817643881324e+03
9.476750466924848297e+03
9.494302093513793807e+03
9.511677961493602197e+03
9.529222744668230007e+03
9.546456921595479798e+03
9.563832473322985607e+03
9.581327096152006561e+03
9.598643567842045741e+03
9.616039914606937600e+03
9.633344933769909403e+03
9.650701777619284258e+03
9.668130222905776463e+03
9.685549258162373008e+03
9.702963403651760018e+03
9.720323552019161070e+03
9.737747000919509446e+03
9.755150479099787844e+03
9.772587525881566762e+03
9.789877440415599267e+03
9.807359608346723689e+03
9.824710376419203385e+03
9.842092805349051559e+03
9.859479363252923577e+03
9.876784646286156203e+03
9.894135801687141793e+03
9.911434105825610459e+03
9.928805293682009506e+03
9.946221039363441378e+03
9.963526442559352290e+03
9.980940065366452473e+03
9.998284192610986793e+03
1.001558543364994330e+04
1.003306925408911775e+04
1.005046305227653465e+04
1.006775010932695295e+04
1.008513648760600881e+04
1.010259020869431151e+04
1.011987612068516501e+04
1.013715920768767683e+04
1.015444016701665169e+04
1.017188608695590483e+04
1.018922453253522690e+04
1.020652581962056138e+04
1.022395690236555674e+04
1.024137337065997053e+04
1.025870342549688939e+04
1.027604083282726424e+04
1.029338014425475922e+04
1.031072632012133909e+04
1.032810939120747207e+04
1.034537150396329525e+04
1.036275282875116318e+04
1.038014885806644452e+04
1.039744492653122870e+04
1.041484888270133160e+04
1.043217963824151411e+04
1.044948144506867538e+04
1.046692264097607767e+04
1.048424891464631401e+04
1.050156312120679650e+04
1.051891400499394149e+04
1.053630188680657739e+04
1.055368069829847809e+04
1.057096750641766266e+04
1.058839314895161078e+04
1.060582065334438812e+04
1.062309693204981704e+04
1.064029277233808716e+04
1.065752326856385298e+04
1.067478291402447758e+04
1.069208898966818924e+04
1.070923539409676232e+04
1.072649849529960011e+04
1.074374951787505233e+04
1.076111165730903122e+04
1.077847281907495744e+04
1.079585799422579657e+04
1.081311306927285113e+04
1.083031005224015826e+04
1.084750462504750976e+04
1.086480161583289737e+04
1.088226135954884558e+04
1.089964819306107165e+04
1.091698563520881362e+04
1.093433004693456860e+04
1.095175746551204429e+04
1.096912817309227466e+04
1.098648351418024686e+04
1.100384364062744680e+04
1.102123540470943772e+04
1.103862578844165546e+04
1.105599577771060285e+04
1.107333745580010327e+04
1.109069440904166186e+04
1.110809996912269708e+04
1.112549039057809205e+04
1.114282515879408311e+04
1.116017380932057131e+04
1.117758828557806919e+04
1.119498091057419879e+04
1.121233282618202065e+04
1.122967213113788239e+04
1.124705007421360642e+04
1.126438644461480362e+04
1.128158004187604820e+04
1.129878239904126713e+04
1.131603414477109436e+04
1.133345298680095038e+04
1.135080700197177066e+04
1.136797697563291513e+04
1.138527711627643657e+04
1.140268309694968957e+04
1.141988279857000998e+04
1.143708801639674493e+04
1.145452419340194319e+04
1.147186986510686984e+04
1.148902875242571099e+04
1.150627015853150624e+04
1.152371784700758508e+04
1.154104879355555931e+04
1.155820211503267637e+04
1.157543770592039255e+04
1.159287905148970276e+04
1.161022955239328985e+04
1.162739747842157885e+04
1.164459669421586295e+04
1.166195435877999080e+04
1.167937717613846326e+04
1.169669054291263819e+04
1.171384936617345556e+04
1.173110019504325282e+04
1.174852876793425457e+04
1.176585592959937640e+04
1.178300316376928276e+04
1.180034099708373105e+04
1.181773679057464688e+04
1.183491587073137634e+04
1.185217848241683350e+04
1.186958237029171141e+04
1.188689760586944067e+04
1.190405026843576343e+04
1.192135559862415539e+04
1.193877664577960240e+04
1.195614313005077565e+04
1.197349226289906437e+04
1.199083369886109358e+04
1.200822072252019643e+04
1.202562089166605801e+04
1.204289023252069092e+04
1.206001518324192511e+04
1.207724490391326617e+04
1.209463708927821790e+04
1.211206782140608811e+04
1.212933679277888768e+04
1.214653724816023532e+04
1.216375144742425982e+04
1.218111719567792170e+04
1.219845584936901651e+04
1.221581012420463958e+04
1.223319665053406789e+04
1.225057804905774537e+04
1.226795071888634629e+04
1.228531078490203799e+04
1.230266127029329073e+04
1.231997180581183420e+04
1.233716611964468575e+04
1.235430001747441020e+04
1.237156148434708666e+04
1.238895047405972218e+04
1.240632553831146834e+04
1.242367133875728177e+04
1.244102049527679628e+04
1.245836976195451643e+04
1.247571940373121470e+04
1.249305806601756922e+04
1.251045130763421366e+04
1.252777274879760807e+04
1.254497879383956752e+04
1.256217040095992706e+04
1.257940678490879509e+04
1.259676712134745685e+04
1.261416554551799709e+04
1.263146442564030622e+04
1.264862029252980938e+04
1.266596621916108779e+04
1.268337254881255649e+04
1.270060225279414226e+04
1.271778640858322979e+04
1.273519922564760418e+04
1.275254188634860657e+04
1.276968607377648368e+04
1.278700482664875017e+04
1.280443756179277625e+04
1.282167931092847721e+04
1.283883384335969822e+04
1.285616421246104801e+04
1.287359309193925037e+04
1.289093095687991081e+04
1.290810165829154357e+04
1.292530744446422250e+04
1.294272582484027407e+04
1.296008393015735783e+04
1.297724669062885368e+04
1.299450190560538977e+04
1.301193012277490379e+04
1.302922100529140880e+04
1.304636872258963194e+04
1.306369793977098925e+04
1.308112688811931366e+04
1.309839932687444889e+04
1.311555618260395568e+04
1.313284344716447049e+04
1.315026627318249666e+04
1.316764694664743729e+04
1.318492954425766220e+04
1.320210760154488162e+04
1.321934963066731143e+04
1.323657687977967544e+04
1.325392952015439005e+04
1.327131359802986117e+04
1.328869923876225948e+04
1.330596961459594422e+04
1.332316843397128468e+04
1.334033196611866151e+04
1.335763921996584395e+04
1.337495127039161889e+04
1.339230837548772251e+04
1.340967903501900582e+04
1.342709378682247370e+04
1.344451079276149721e+04
1.346186794606175499e+04
1.347922117577816425e+04
1.349662631755091570e+04
1.351406036219603811e+04
1.353140191049364876e+04
1.354875503468887109e+04
1.356614340467695729e+04
1.358356769143466590e+04
1.360091212982099751e+04
1.361827560325124796e+04
1.363564355292370601e+04
1.365304851455827884e+04
1.367042943140304305e+04
1.368778915134284034e+04
1.370511376108139666e+04
1.372249509747767661e+04
1.373989925588039478e+04
1.375723498272919824e+04
1.377457600729077967e+04
1.379197267814799488e+04
1.380940515126607170e+04
1.382669318529828888e+04
1.384388126313056273e+04
1.386109133133390787e+04
1.387834878847950131e+04
1.389571099250929183e+04
1.391306281170470174e+04
1.393044876915388886e+04
1.394782616305192641e+04
1.396520073638152280e+04
1.398254833165419768e+04
1.399992557569986457e+04
1.401731595486166407e+04
1.403472867128136568e+04
1.405207332266567391e+04
1.406942148946371890e+04
1.408679933852364047e+04
1.410419964595466809e+04
1.412153356619221995e+04
1.413887604805926094e+04
1.415624556342572032e+04
1.417365492560293569e+04
1.419101548933713275e+04
1.420835895059702852e+04
1.422575762221090190e+04
1.424315893924700868e+04
1.426052935536597397e+04
1.427786485804738186e+04
1.429522019570850716e+04
1.431258381285465475e+04
1.432997807692464266e+04
1.434732562072856308e+04
1.436469653094413661e+04
1.438207044887107077e+04
1.439948281901036171e+04
1.441681865834110977e+04
1.443414637793289876e+04
1.445153096799120249e+04
1.446897794215045906e+04
1.448631165732676163e+04
1.450364536765695811e+04
1.452102652307305834e+04
1.453845607675506835e+04
1.455580453493007190e+04
1.457313784202396346e+04
1.459050942063713956e+04
1.460789225505967079e+04
1.462526426257134699e+04
1.464258651734891828e+04
1.465993437653144247e+04
1.467732364424721891e+04
1.469471438407518872e+04
1.471204827777273385e+04
1.472937396253854604e+04
1.474675242864588290e+04
1.476416893238083685e+04
1.478150892250765901e+04
1.479883323378830028e+04
1.481622870822562072e+04
1.483364509743534290e+04
1.485099561235185683e+04
1.486832699237862471e+04
1.488570650561749790e+04
1.490309976062438363e+04
1.492048664655079119e+04
1.493782655884178530e+04
1.495520482685249226e+04
1.497257732437960840e+04
1.498999224712213436e+04
1.500734583764592026e+04
1.502464468659350678e+04
1.504194295814898214e+04
1.505926366964395856e+04
1.507638764403733148e+04
1.509359304599256939e+04
1.511091397200865867e+04
1.512834284039723570e+04
1.514571076952379008e+04
1.516297773145486826e+04
1.518021839627265763e+04
1.519742774628982806e+04
1.521464771055288475e+04
1.523196460552259123e+04
1.524936390628623485e+04
1.526677171794137212e+04
1.528408604629538604e+04
1.530128758416273195e+04
1.531849578676493911e+04
1.533573662086551121e+04
1.535304370057678170e+04
1.537041114151850525e+04
1.538779861862883445e+04
1.540506539004967090e+04
1.542222184541204842e+04
1.543948371346341082e+04
1.545687170701951982e+04
1.547428714988923821e+04
1.549148850513499565e+04
1.550868694344046889e+04
1.552604725778103784e+04
1.554342335163103417e+04
1.556059932002763890e+04
1.557788786780745795e+04
1.559529675079188200e+04
1.561252517205436016e+04
1.562974279808737629e+04
1.564709242330752386e+04
1.566447347368194096e+04
1.568167923283452910e+04
1.569891057583483416e+04
1.571623718099665166e+04
1.573364128814247306e+04
1.575097203045419883e+04
1.576812123981242439e+04
1.578537016844953177e+04
1.580274730185687804e+04
1.582015677819136181e+04
1.583732788709993110e+04
1.585457297602391372e+04
1.587195128253870826e+04
1.588925220818881098e+04
1.590647993694847901e+04
1.592382322153403948e+04
1.594113108707500578e+04
1.595834597818465227e+04
1.597572598421195653e+04
1.599304444389021592e+04
1.601024777418330086e+04
1.602757105415887418e+04
1.604496414513100171e+04
1.606218814202951944e+04
1.607938334604473130e+04
1.609682343228143145e+04
1.611408662842994090e+04
1.613127858193038082e+04
1.614859790998028438e+04
1.616598687832075666e+04
1.618319528316814103e+04
1.620048982852924564e+04
1.621785719179658554e+04
1.623505623615469449e+04
1.625238581012787472e+04
1.626974000633223841e+04
1.628697565109530660e+04
1.630423710956304785e+04
1.632163978559046154e+04
1.633891295861734034e+04
1.635608518853038186e+04
1.637348582550180072e+04
1.639085338930761645e+04
1.640802820517127111e+04
1.642522424001180480e+04
1.644266914986167831e+04
1.646005037873867332e+04
1.647726471004763152e+04
1.649441311745230996e+04
1.651179198626113794e+04
1.652920008867287470e+04
1.654646481396847594e+04
1.656361588873014625e+04
1.658095069552150744e+04
1.659836244900395468e+04
1.661563161533497259e+04
1.663278213985470211e+04
1.665015384136989815e+04
1.666756765028474183e+04
1.668480466818020795e+04
1.670194565964450885e+04
1.671929828874061059e+04
1.673671247389611381e+04
1.675400668175662213e+04
1.677117462368353154e+04
1.678843002217385219e+04
1.680584253340635041e+04
1.682319624604194905e+04
1.684054034458291790e+04
1.685793637644492264e+04
1.687534592412262282e+04
1.689269185844076128e+04
1.691002589318706669e+04
1.692738279714858800e+04
1.694480133407421454e+04
1.696218391253376831e+04
1.697947372568419814e+04
1.699664933362337615e+04
1.701387907984051344e+04
1.703109733577912266e+04
1.704832577588396089e+04
1.706550960881799983e+04
1.708276329650660773e+04
1.709996857177034326e+04
1.711727441632590126e+04
1.713466920776599727e+04
1.715208066815366328e+04
1.716943904617002772e+04
1.718677101915478852e+04
1.720412478232913418e+04
1.722152092624203215e+04
1.723888387586218960e+04
1.725623423144346452e+04
1.727356011562474669e+04
1.729095220524959223e+04
1.730833703679265091e+04
1.732563731023674336e+04
