0.000000000000000000e+00
1.736312077634720907e+01
3.467704548996483283e+01
5.198389546856697052e+01
6.933727292307790435e+01
8.668622497204674460e+01
1.039947846866649570e+02
1.212827165862170489e+02
1.386097270084846969e+02
1.559723531407099699e+02
1.732922963552630904e+02
1.905993424733180177e+02
2.079444744361039739e+02
2.253117264303234037e+02
2.426326746197620992e+02
2.599183641409579195e+02
2.772345309056512974e+02
2.945853091906365648e+02
3.119143752280553485e+02
3.292162436109426267e+02
3.465370647771466110e+02
3.639172565148062972e+02
3.812539615998564386e+02
3.985505192137530912e+02
4.158667300184737314e+02
4.332111511438509979e+02
4.505422971036158515e+02
4.678312179113494267e+02
4.851418192834048568e+02
5.025054343504625649e+02
5.198645395619489591e+02
5.371782858576508488e+02
5.544828633512148599e+02
5.718321753378509129e+02
5.891724357005663251e+02
6.064693675933760915e+02
6.237668225074596648e+02
6.411030784162055625e+02
6.584698008918321648e+02
6.757851450852188009e+02
6.930914727109523028e+02
7.104391376787353920e+02
7.277971434896443270e+02
7.451110407776718603e+02
7.623975199939121694e+02
7.797148339120166156e+02
7.970717089884345796e+02
8.143963332620935489e+02
8.316997224200383698e+02
8.490354199613298078e+02
8.664077601395588317e+02
8.837391869478001354e+02
9.010277615117720416e+02
9.183404999540101699e+02
9.356866292013451130e+02
9.530173824631347088e+02
9.703143913053736469e+02
9.876262182512126628e+02
1.004997359823493980e+03
1.022346100850402308e+03
1.039649348446346721e+03
1.056964318927101431e+03
1.074309302031456355e+03
1.091646534537798743e+03
1.108935154447108516e+03
1.126234666414938829e+03
1.143585776245715806e+03
1.160946482539357021e+03
1.178267647898541099e+03
1.195570937793393114e+03
1.212922210695259992e+03
1.230272606085206689e+03
1.247573510942792382e+03
1.264867366301300308e+03
1.282190618605979125e+03
1.299552258400357914e+03
1.316871174698549112e+03
1.334174915073055672e+03
1.351520861453595444e+03
1.368885775311822954e+03
1.386212525695396835e+03
1.403498940811132798e+03
1.420810208392653749e+03
1.438163283905003937e+03
1.455486317580900959e+03
1.472789136436631452e+03
1.490109334093002872e+03
1.507485917407788747e+03
1.524828661076990784e+03
1.542124520623109902e+03
1.559439137278583075e+03
1.576784994128449853e+03
1.594118350373135854e+03
1.611412483395518393e+03
1.628715957339094075e+03
1.646077961733823486e+03
1.663436171289216873e+03
1.680747629514910386e+03
1.698058953975741815e+03
1.715406138499855388e+03
1.732753517254047438e+03
1.750045449815274651e+03
1.767342731435213864e+03
1.784681668966696634e+03
1.802044119311848362e+03
1.819367801708764091e+03
1.836672049073137714e+03
1.854018078276724282e+03
1.871379022837719731e+03
1.888688801995668200e+03
1.905981493291064453e+03
1.923297572120197856e+03
1.940656867438855443e+03
1.957983795058089754e+03
1.975282896087731842e+03
1.992622763196037795e+03
2.009991720400973009e+03
2.027328599480964385e+03
2.044620094204018642e+03
2.061927111854142822e+03
2.079275760182023987e+03
2.096606606049470429e+03
2.113912174730894549e+03
2.131225360310185351e+03
2.148596395338292041e+03
2.165951734535452033e+03
2.183248839137931100e+03
2.200561014626396627e+03
2.217905454248984370e+03
2.235244587564885478e+03
2.252542912557176351e+03
2.269839113684601671e+03
2.287195442803196329e+03
2.304557882275644261e+03
2.321878886888103807e+03
2.339184468858325999e+03
2.356526085837012943e+03
2.373879031673474856e+03
2.391178219425649331e+03
2.408470001467635484e+03
2.425799727564820387e+03
2.443164865777384875e+03
2.460495342613265166e+03
2.477797427740314561e+03
2.495135392997708550e+03
2.512499989303461916e+03
2.529817669664661025e+03
2.547112014908528636e+03
2.564419890939928337e+03
2.581777156550363998e+03
2.599110560086869100e+03
2.616411884511639073e+03
2.633739730291496016e+03
2.651109033644836472e+03
2.668452226736657394e+03
2.685747626361632683e+03
2.703048315474300125e+03
2.720394777727150540e+03
2.737728789508993486e+03
2.755033780087338528e+03
2.772341872491184404e+03
2.789702534782003568e+03
2.807067422192693357e+03
2.824370762421973268e+03
2.841677662773963675e+03
2.859016137712282216e+03
2.876362520638190290e+03
2.893662624718977440e+03
2.910950187000827555e+03
2.928296814157276003e+03
2.945660036604881952e+03
2.962987449972009472e+03
2.980294056689177978e+03
2.997629514949687291e+03
3.014989492310623973e+03
3.032296673491037836e+03
3.049586430404615385e+03
3.066906347285715128e+03
3.084265886462525486e+03
3.101602471795317797e+03
3.118899809436239593e+03
3.136234634508859926e+03
3.153602527246801401e+03
3.170932268695864877e+03
3.188225956257690996e+03
3.205527020138937587e+03
3.222875725818014871e+03
3.240207384610320332e+03
3.257512156211198089e+03
3.274827658285642428e+03
3.292193661337687445e+03
3.309548591899333587e+03
3.326848988018975433e+03
3.344150248976955481e+03
3.361495075580477533e+03
3.378831152170245332e+03
3.396133230659827859e+03
3.413431149864228701e+03
3.430780965586355705e+03
3.448148646110523259e+03
3.465464780962120130e+03
3.482770808818570913e+03
3.500111348210809865e+03
3.517461983421114383e+03
3.534765107388051547e+03
3.552049451665777724e+03
3.569380106579466428e+03
3.586742133875233776e+03
3.604071666153734441e+03
3.621377860068871996e+03
3.638707925590883860e+03
3.656077737276529660e+03
3.673393207342568530e+03
3.690685791216207690e+03
3.707996165177882631e+03
3.725345545856559966e+03
3.742680626787806432e+03
3.759974737619403641e+03
3.777302389145285360e+03
3.794672627337629820e+03
3.812017724078791616e+03
3.829320294507770541e+03
3.846619658064805208e+03
3.863963887221975710e+03
3.881297579495142600e+03
3.898600738991025082e+03
3.915907999754117554e+03
3.933262755947297592e+03
3.950631265853176046e+03
3.967936244160322531e+03
3.985243764610169819e+03
4.002588379762607929e+03
4.019931506958294904e+03
4.037235474007283301e+03
4.054523942976562012e+03
4.071861408445617599e+03
4.089226701014736591e+03
4.106552949036838072e+03
4.123859899408349520e+03
4.141198308987539349e+03
4.158561523177630988e+03
4.175871132068194129e+03
4.193154648731421730e+03
4.210478276452829959e+03
4.227834646440737743e+03
4.245169711785721120e+03
4.262471638631172937e+03
4.279799775174918977e+03
4.297173165640171646e+03
4.314504388329304675e+03
4.331799730005634046e+03
4.349106308452902340e+03
4.366453510339971217e+03
4.383790643397633175e+03
4.401087632587070402e+03
4.418404678585349757e+03
4.435774133286624419e+03
4.453129110127110835e+03
4.470438044204551261e+03
4.487736018390311074e+03
4.505077880994514999e+03
4.522414475774136008e+03
4.539721151629481028e+03
4.557024861198651706e+03
4.574370539597140123e+03
4.591745503275995361e+03
4.609060508710420436e+03
4.626361783803971775e+03
4.643703565149164206e+03
4.661053014696059108e+03
4.678363839558289328e+03
4.695649684486053957e+03
4.712976188803828336e+03
4.730346337412691355e+03
4.747677200756152160e+03
4.764987276587039560e+03
4.782318031182309824e+03
4.799683465108341807e+03
4.817001471630612286e+03
4.834285752436887378e+03
4.851601892600145220e+03
4.868954995461654107e+03
4.886300209754383104e+03
4.903602176492915532e+03
4.920923740689708211e+03
4.938294558854571733e+03
4.955633480931272061e+03
4.972931273101648912e+03
4.990235504344994297e+03
5.007574235247564502e+03
5.024918120197389726e+03
5.042221018469196679e+03
5.059532097157735734e+03
5.076893879690203903e+03
5.094256691839661471e+03
5.111568564540214538e+03
5.128862949586218747e+03
5.146199595891024728e+03
5.163544142859544081e+03
5.180851612821107665e+03
5.198151415718501084e+03
5.215490865143337942e+03
5.232863680340822611e+03
5.250189215995944323e+03
5.267485752342992782e+03
5.284820943708396044e+03
5.302171650501983095e+03
5.319492574938517464e+03
5.336775613846959459e+03
5.354090483362662781e+03
5.371460023231866217e+03
5.388795740711806502e+03
5.406105502735175833e+03
5.423431330358616833e+03
5.440794351905447002e+03
5.458123168708583762e+03
5.475410009925037230e+03
5.492715937283657695e+03
5.510062370538234973e+03
5.527411113831450166e+03
5.544716046309281410e+03
5.562025513693084577e+03
5.579396880289549699e+03
5.596744348191228710e+03
5.614048104109408087e+03
5.631347969231008392e+03
5.648679943934701441e+03
5.666024840001276971e+03
5.683325162952243772e+03
5.700631954450231206e+03
5.717980483537612599e+03
5.735352896189198873e+03
5.752673149291633308e+03
5.769967565637447478e+03
5.787300894502695883e+03
5.804648447018871593e+03
5.821957110569022007e+03
5.839248899533153235e+03
5.856573727331008740e+03
5.873943555687161279e+03
5.891275043432915481e+03
5.908577500389688794e+03
5.925908472024147159e+03
5.943268222647440780e+03
5.960593818881789048e+03
5.977875700200171195e+03
5.995182500332550262e+03
6.012539889679778753e+03
6.029879934257869536e+03
6.047186962091054738e+03
6.064508737516078327e+03
6.081874910008273218e+03
6.099219839461250558e+03
6.116510253968077450e+03
6.133813157633469018e+03
6.151151843116915188e+03
6.168496532942471276e+03
6.185799923991611649e+03
6.203101697467327540e+03
6.220466148022638663e+03
6.237823774457607215e+03
6.255139197099163539e+03
6.272441309170415479e+03
6.289773028142089061e+03
6.307117415261280257e+03
6.324420057399801408e+03
6.341719781059925481e+03
6.359054361800208426e+03
6.376426966881239423e+03
6.393758083444652584e+03
6.411053863161178015e+03
6.428391536760165764e+03
6.445744984361635943e+03
6.463059763016381112e+03
6.480350461483210893e+03
6.497660734095516091e+03
6.515025049706862774e+03
6.532359351873614287e+03
6.549668180590191696e+03
6.566993719621636956e+03
6.584360035787847664e+03
6.601697759773717735e+03
6.618982578185356033e+03
6.636285570526028096e+03
6.653635628107293996e+03
6.670977063200827615e+03
6.688283921885789823e+03
6.705594762643219838e+03
6.722961525382252148e+03
6.740316936013417035e+03
6.757619580368485913e+03
6.774921089761390249e+03
6.792254366676856989e+03
6.809602919905215458e+03
6.826905399202139051e+03
6.844203775803984172e+03
6.861555537157728395e+03
6.878924760700342631e+03
6.896247343327546332e+03
6.913550486334544985e+03
6.930880271181564240e+03
6.948232902553001622e+03
6.965539531809437904e+03
6.982833908168026028e+03
7.000160709374498765e+03
7.017530218320800486e+03
7.034870062489513657e+03
7.052167824053374716e+03
7.069500397314082875e+03
7.086857971984160031e+03
7.104182686346699484e+03
7.121472992034103299e+03
7.138774628908892737e+03
7.156135412694578918e+03
7.173477962253335136e+03
7.190786244422459276e+03
7.208110566225865114e+03
7.225472056241766040e+03
7.242820722065590417e+03
7.260111529890063139e+03
7.277407418292464172e+03
7.294750200141856112e+03
7.312095335926484950e+03
7.329409936260399263e+03
7.346713257311383131e+03
7.364073943109815445e+03
7.381438106692246038e+03
7.398745498973643407e+03
7.416045984163898538e+03
7.433375663832478494e+03
7.450725015474585234e+03
7.468033319818207019e+03
7.485330624127533156e+03
7.502673384563100626e+03
7.520045381821953924e+03
7.537377147282425540e+03
7.554675871772566097e+03
7.571998898746018313e+03
7.589355293483424248e+03
7.606667825980384805e+03
7.623961209160828730e+03
7.641279607434204081e+03
7.658646464914152602e+03
7.675992991639510365e+03
7.693295436457818141e+03
7.710617590452935474e+03
7.727975512395736587e+03
7.745308990987194193e+03
7.762603387759500947e+03
7.779896831350233697e+03
7.797250092978021712e+03
7.814601120584202363e+03
7.831908594239288504e+03
7.849227640359355064e+03
7.866583999807895452e+03
7.883939810819849299e+03
7.901236889897052606e+03
7.918530286008949588e+03
7.935864135997384437e+03
7.953212484616182337e+03
7.970531488637348957e+03
7.987831020256189731e+03
8.005180148121021375e+03
8.022552642533113612e+03
8.039865092481522879e+03
8.057166519277161569e+03
8.074489596531542702e+03
8.091838711205686195e+03
8.109149541480783228e+03
8.126440596043732512e+03
8.143773805675635231e+03
8.161140508190321270e+03
8.178484967137357671e+03
8.195782521508575883e+03
8.213103280415292829e+03
8.230460630062620112e+03
8.247780836103705951e+03
8.265074590426909708e+03
8.282379378962135888e+03
8.299737916247337125e+03
8.317087014107546565e+03
8.334393164755063481e+03
8.351713003376093184e+03
8.369072048183836159e+03
8.386416608503110183e+03
8.403711506868836295e+03
8.421000279149153357e+03
8.438343622442022024e+03
8.455691853713871751e+03
8.473004914427525364e+03
8.490312472057870764e+03
8.507666115018659184e+03
8.525030882118684531e+03
8.542338841987351771e+03
8.559631185616060975e+03
8.576960371890381793e+03
8.594307200977424145e+03
8.611621526081635238e+03
8.628913988329077256e+03
8.646251887138860184e+03
8.663628548395658072e+03
8.680955472126308450e+03
8.698259222037660948e+03
8.715580659749963161e+03
8.732934606946266285e+03
8.750246264535871887e+03
8.767535508300648871e+03
8.784855111027196472e+03
8.802217304149262418e+03
8.819567834541161574e+03
8.836870701519066643e+03
8.854188481073557341e+03
8.871552871506659358e+03
8.888881564047473148e+03
8.906177378695943844e+03
8.923475668938201125e+03
8.940820192093655351e+03
8.958170439571347742e+03
8.975476729976300703e+03
8.992794997277298535e+03
9.010152811826974357e+03
9.027512467329637730e+03
9.044814250449473548e+03
9.062101604200437578e+03
9.079438040704544619e+03
9.096784062384193021e+03
9.114101223735888198e+03
9.131400977669640270e+03
9.148745803810485086e+03
9.166120141328205136e+03
9.183438027173946466e+03
9.200736302088918819e+03
9.218064984535683834e+03
9.235413303851160890e+03
9.252731688818235853e+03
9.270018787867524225e+03
9.287346270667840145e+03
9.304718330089866868e+03
9.322059435706856675e+03
9.339363931138614134e+03
9.356685145123767143e+03
9.374041930477957067e+03
9.391364710905458196e+03
9.408654165557847591e+03
9.425965524185436152e+03
9.443322399604016027e+03
9.460676205791573011e+03
9.477984742404150893e+03
9.495297721699273097e+03
9.512660413878762483e+03
9.530000090791823823e+03
9.547302005254256073e+03
9.564595690345478943e+03
9.581931974174178322e+03
9.599288514664622198e+03
9.616598889645250892e+03
9.633911290078467573e+03
9.651266835094680573e+03
9.668630754215409979e+03
9.685943008101912710e+03
9.703230339908117458e+03
9.720555751899550160e+03
9.737905869605074258e+03
9.755227639996475773e+03
9.772528400831264662e+03
9.789861572957284807e+03
9.807242680704159284e+03
9.824567328183680729e+03
9.841863755512187709e+03
9.859188073180308493e+03
9.876535616716315417e+03
9.893858135973998287e+03
9.911144766938803514e+03
9.928464670449549885e+03
9.945834512838831870e+03
9.963184170395099500e+03
9.980492160057718138e+03
9.997805571760385646e+03
1.001515962990488697e+04
1.003249235455220514e+04
1.004978233616512807e+04
1.006708704251200652e+04
1.008443587695739188e+04
1.010179604247613315e+04
1.011910619363176193e+04
1.013641602655586394e+04
1.015377199025638220e+04
1.017112149789396972e+04
1.018842692986316979e+04
1.020571729127655999e+04
1.022304533009589613e+04
1.024040247488756722e+04
1.025771861651510699e+04
1.027502408861190816e+04
1.029237258960178224e+04
1.030974077687229146e+04
1.032706215395932486e+04
1.034434802863850200e+04
1.036166895165447932e+04
1.037901734576182207e+04
1.039634030307311696e+04
1.041363981275572951e+04
1.043096104926293992e+04
1.044833980783720108e+04
1.046567610384697582e+04
1.048297411366500637e+04
1.050029484147225230e+04
1.051764312838470869e+04
1.053497147897216564e+04
1.055225658758308055e+04
1.056956469009133252e+04
1.058692787432879049e+04
1.060428180233328385e+04
1.062159659191062747e+04
1.063890554418763531e+04
1.065626134152534360e+04
1.067360028260324907e+04
1.069089277373687037e+04
1.070819112955908167e+04
1.072552561257879643e+04
1.074288579175272207e+04
1.076019644680999772e+04
1.077750380240164304e+04
1.079485786446729981e+04
1.081221804994623017e+04
1.082953269392519178e+04
1.084682131208670035e+04
1.086414090894281071e+04
1.088149267702111320e+04
1.089880915801953597e+04
1.091611134296478122e+04
1.093344575876065210e+04
1.095082260218476040e+04
1.096815383597959590e+04
1.098544775772561115e+04
1.100276689804903435e+04
1.102011489772714049e+04
1.103744084096001825e+04
1.105473318505315183e+04
1.107204574472647255e+04
1.108941517776971705e+04
1.110676320252668665e+04
1.112406637934158971e+04
1.114138586797907737e+04
1.115873702366120415e+04
1.117607357957911154e+04
1.119336047822076216e+04
1.121065932747949773e+04
1.122800937431013881e+04
1.124536528771804660e+04
1.126268229726810387e+04
1.127998974854752669e+04
1.129734606793627245e+04
1.131469937263771862e+04
1.133199925630482903e+04
1.134929381124855354e+04
1.136662062234065525e+04
1.138397650794734363e+04
1.140129074590846903e+04
1.141859196448223156e+04
1.143594228738877428e+04
1.145330874723340457e+04
1.147063653117813556e+04
1.148792641066309989e+04
1.150524310632886045e+04
1.152259333572155629e+04
1.153991372173263517e+04
1.155721497482579070e+04
1.157453485529453974e+04
1.159191146945767650e+04
1.160925414584276587e+04
1.162655065512411238e+04
1.164387174485494324e+04
1.166122102875785276e+04
1.167855107441870496e+04
1.169584289871048895e+04
1.171314430006071052e+04
1.173050623691288638e+04
1.174786011532706834e+04
1.176517356728264349e+04
1.178248664627211110e+04
1.179984006376581237e+04
1.181718778730277700e+04
1.183447903919267992e+04
1.185177629054083263e+04
1.186911596202815417e+04
1.188647536551956364e+04
1.190379516971916200e+04
1.192110084096700302e+04
1.193845078646223556e+04
1.195581357304033372e+04
1.197312203332408535e+04
1.199041705126613306e+04
1.200773533880209470e+04
1.202509328761218785e+04
1.204241589108277731e+04
1.205971399256414952e+04
1.207705534975923183e+04
1.209442605804835148e+04
1.211176077841022197e+04
1.212905492455455533e+04
1.214636470357788130e+04
1.216371533024546443e+04
1.218104059779116869e+04
1.219834319372800383e+04
1.221565874749799332e+04
1.223302892279011940e+04
1.225038358060665087e+04
1.226768016763362721e+04
1.228499564681203628e+04
1.230234189574396805e+04
1.231967959258013434e+04
1.233697557488846360e+04
1.235426957312116065e+04
1.237162717494789467e+04
1.238898662701238572e+04
1.240630586592139662e+04
1.242361510314624320e+04
1.244096068561519496e+04
1.245831378728154414e+04
1.247561107209606780e+04
1.249290172821212218e+04
1.251023344969975005e+04
1.252759445282394518e+04
1.254492231377079224e+04
1.256222303315053796e+04
1.257956625028347844e+04
1.259693231272152843e+04
1.261424900570573664e+04
1.263154480584757584e+04
1.264885572507328834e+04
1.266620997880038340e+04
1.268353671702991414e+04
1.270083830808854145e+04
1.271816671580376351e+04
1.273553828084606539e+04
1.275288062714132684e+04
1.277017699660302787e+04
1.278748203740570898e+04
1.280483180609964256e+04
1.282216130819833415e+04
1.283946171181975296e+04
1.285677101791467612e+04
1.287413215389123798e+04
1.289149498201080678e+04
1.290879905084959682e+04
1.292610796624532668e+04
1.294345137432567935e+04
1.296079683988793113e+04
1.297809520735091064e+04
1.299538206713325781e+04
1.301272803333238153e+04
1.303009040867108160e+04
1.304741230235430885e+04
1.306472262591325671e+04
1.308206169030595993e+04
1.309942310353388348e+04
1.311672744861302635e+04
1.313401664418269138e+04
1.315133884135375956e+04
1.316869464284261994e+04
1.318602878090705963e+04
1.320332465750213305e+04
1.322066203024083006e+04
1.323803331258469552e+04
1.325536087958376265e+04
1.327265730516403164e+04
1.328996251181642401e+04
1.330731031188339512e+04
1.332463788424295490e+04
1.334193969960782852e+04
1.335925909789788602e+04
1.337662373161966570e+04
1.339397971155864798e+04
1.341127885113790762e+04
1.342858481421857141e+04
1.344593271254272986e+04
1.346326577586615713e+04
1.348056559272772211e+04
1.349786215665925010e+04
1.351521251122034300e+04
1.353257597736905336e+04
1.354989244464059811e+04
1.356720027333174221e+04
1.358454515550717224e+04
1.360189704241842628e+04
1.361919889332017192e+04
1.363648215435370003e+04
1.365381407520638822e+04
1.367117395241876147e+04
1.368849913855837076e+04
1.370580488304200480e+04
1.372313971819010658e+04
1.374051057026570925e+04
1.375782723197637642e+04
1.377511841794839347e+04
1.379243185695263310e+04
1.380978135347526586e+04
1.382711185686703902e+04
1.384440394828876742e+04
1.386173136709278697e+04
1.387910544256488356e+04
1.389644739716181357e+04
1.391375233717824085e+04
1.393105556001724108e+04
1.394840264913126521e+04
1.396573069160550949e+04
1.398302924807040836e+04
1.400033684308418924e+04
1.401769118110693307e+04
1.403505857740243664e+04
1.405236193231652032e+04
1.406967085687776489e+04
1.408702183105153017e+04
1.410436434630316580e+04
1.412166549225457493e+04
1.413895481716974246e+04
1.415629139032294916e+04
1.417365248774662541e+04
1.419097455847313358e+04
1.420828385287960009e+04
1.422562597228162849e+04
1.424299286846472933e+04
1.426030166206097783e+04
1.427758477176121414e+04
1.429491136918482516e+04
1.431226330589961071e+04
1.432959431760600273e+04
1.434689290362905012e+04
1.436422471436033084e+04
1.438159892565634073e+04
1.439893088589015133e+04
1.441622645013893452e+04
1.443353642150969972e+04
1.445088433836271724e+04
1.446821649639291718e+04
1.448550890275496204e+04
1.450282576669840091e+04
1.452019477365487728e+04
1.453754929241273931e+04
1.455485782814360209e+04
1.457216211743503482e+04
1.458951020921919189e+04
1.460684356285220201e+04
1.462414555669372930e+04
1.464144774079711715e+04
1.465879252506399644e+04
1.467616233998262760e+04
1.469347727492475678e+04
1.471078137077918109e+04
1.472813083781087335e+04
1.474547961190648493e+04
1.476278966823732844e+04
1.478007623336678080e+04
1.479740034137302064e+04
1.481476530018544508e+04
1.483209146709818924e+04
1.484940231809682336e+04
1.486673848597710821e+04
1.488410861776529418e+04
1.490142710729388637e+04
1.491871286023257198e+04
1.493603002831720551e+04
1.495338205219397969e+04
1.497072132168769531e+04
1.498802124105705843e+04
1.500534373051570401e+04
1.502271957227348503e+04
1.504005773703376326e+04
1.505735723599652556e+04
1.507466607928065787e+04
1.509200747702104127e+04
1.510934760356623519e+04
1.512664488712476304e+04
1.514395746244901420e+04
1.516132004933308417e+04
1.517868353626758835e+04
1.519599521113784067e+04
1.521329370785264473e+04
1.523063440651679593e+04
1.524797774704258518e+04
1.526528052775363176e+04
1.528257941122811462e+04
1.529991980007568054e+04
1.531729167008237710e+04
1.533461560339803509e+04
1.535191558231942145e+04
1.536925501953103594e+04
1.538660541653152177e+04
1.540392449059755745e+04
1.542120869585020773e+04
1.543852437352785273e+04
1.545589265512098427e+04
1.547322666103469419e+04
1.549053467645740966e+04
1.550786562569088710e+04
1.552523063369159354e+04
1.554255761521734166e+04
1.555984420175259220e+04
1.557715120182955434e+04
1.559450025695795193e+04
1.561184375620428000e+04
1.562915057089415859e+04
1.564646209862820615e+04
1.566383554028525032e+04
1.568118329987455581e+04
1.569848369062042548e+04
1.571578785311542379e+04
1.573312236733278223e+04
1.575046498263339163e+04
1.576776347306766729e+04
1.578507085093710339e+04
1.580242483281241584e+04
1.581979417249283688e+04
1.583711409943451508e+04
1.585440852021650426e+04
1.587174358152162131e+04
1.588909164280514415e+04
1.590639945697899020e+04
1.592369372176257821e+04
1.594102038576058112e+04
1.595839465044091958e+04
1.597572366242876160e+04
1.599302673510348905e+04
1.601036019963832223e+04
1.602771791002979080e+04
1.604504182732316622e+04
1.606232686763009224e+04
1.607963467050832514e+04
1.609699444300910545e+04
1.611433489267958794e+04
1.613164164557346885e+04
1.614896575952246894e+04
1.616633175909119745e+04
1.618367223825922883e+04
1.620096025468913831e+04
1.621826486282466794e+04
1.623560572145506194e+04
1.625295030764671174e+04
1.627025717121759226e+04
1.628756199545232448e+04
1.630492621971826520e+04
1.632228499745284353e+04
1.633959342721728535e+04
1.635689658709523610e+04
1.637422928132653760e+04
1.639157590867453109e+04
1.640887614050106640e+04
1.642617463149712421e+04
1.644351958302104322e+04
1.646088830942197819e+04
1.647821896969147929e+04
1.649551442631163809e+04
1.651284849580926675e+04
1.653019910370095386e+04
1.654751254169914318e+04
1.656480454853793708e+04
1.658211682230369115e+04
1.659948578320613524e+04
1.661681768905111312e+04
1.663412276514411496e+04
1.665145408804368708e+04
1.666881557600550514e+04
1.668614989195795351e+04
1.670343663708676831e+04
1.672073667379104882e+04
1.673808691471620114e+04
1.675542715718606996e+04
1.677273605361876253e+04
1.679004793482081004e+04
1.680741621831494922e+04
1.682476900825254779e+04
1.684206732048708727e+04
1.685936890825493174e+04
1.687670443643123872e+04
1.689404947286332390e+04
1.691135054741361819e+04
1.692865096066787373e+04
1.694600180999611621e+04
1.696336994439832051e+04
1.698068778457690496e+04
1.699799046904481656e+04
1.701532128090869082e+04
1.703267368997594895e+04
1.704997538532907856e+04
1.706726739647524300e+04
1.708459603084308037e+04
1.710196273076342550e+04
1.711929856354828007e+04
1.713659878509132614e+04
1.715393090932406631e+04
1.717129202753326172e+04
1.718861288914086981e+04
1.720590351595158791e+04
1.722320681228717876e+04
1.724056416330246429e+04
1.725790114850844839e+04
1.727520440596693516e+04
1.729253154386998722e+04
1.730989346205347101e+04
1.732724255378117596e+04
