0.000000000000000000e+00
1.739021891654200758e+01
3.469278908349510715e+01
5.198435100964410083e+01
6.936149993207334319e+01
8.676136650834087050e+01
1.040781601988645377e+02
1.213614403038843648e+02
1.387236323745452182e+02
1.561296039797260278e+02
1.734619115536530103e+02
1.907410486960452829e+02
2.080870663010262547e+02
2.254949146870320646e+02
2.428436006338597224e+02
2.601235423207943995e+02
2.774531604783870762e+02
2.948584073618447974e+02
3.122231889652535983e+02
3.295079703945011715e+02
3.468218630953465436e+02
3.642205273788970317e+02
3.816001207194633480e+02
3.988929169040519582e+02
4.161932088972783959e+02
4.335813343650951310e+02
4.509734817209599669e+02
4.682781481360623275e+02
4.855681460656732042e+02
5.029428236129222114e+02
5.203440516895665269e+02
5.376633131640319334e+02
5.549458961945724695e+02
5.723053602641100497e+02
5.897119601189559717e+02
6.070471409205051714e+02
6.243260548900873346e+02
6.416691993176982578e+02
6.590768780434671044e+02
6.764283671874545689e+02
6.937085650147907927e+02
7.110355698942094023e+02
7.284399106506510861e+02
7.458073195639096866e+02
7.630932662541083573e+02
7.804048812519363310e+02
7.978019678387670410e+02
8.151837411429901294e+02
8.324785718968341826e+02
8.497767456701708397e+02
8.671629291989286230e+02
8.845568867571613509e+02
9.018637267150445496e+02
9.191519661876191094e+02
9.365241892102123984e+02
9.539266922335164054e+02
9.712484620389893735e+02
9.885303866014473897e+02
1.005887087281213326e+03
1.023294201439465269e+03
1.040632106063289029e+03
1.057911093891111705e+03
1.075251380196537184e+03
1.092658839142773104e+03
1.110013139042932380e+03
1.127293797137692763e+03
1.144618041978642850e+03
1.162021430823329410e+03
1.179391436912478184e+03
1.196678508274803789e+03
1.213987886162301038e+03
1.231383249622588437e+03
1.248767232708999245e+03
1.266064138510169869e+03
1.283360376735433420e+03
1.300744446517366669e+03
1.318139984371455512e+03
1.335449253148644857e+03
1.352735862843307586e+03
1.370105642322924268e+03
1.387509210464489797e+03
1.404833543901903113e+03
1.422114665870192766e+03
1.439468607228966448e+03
1.456876023176635044e+03
1.474216637910924419e+03
1.491495882068675883e+03
1.508833404324599769e+03
1.526240563080361198e+03
1.543597632777880790e+03
1.560878987213865912e+03
1.578200500854441998e+03
1.595602791845365118e+03
1.612975410358649697e+03
1.630263654504399710e+03
1.647570787894362184e+03
1.664964400904504600e+03
1.682350579350643329e+03
1.699649464906607591e+03
1.716944016063853724e+03
1.734325789727220581e+03
1.751722839404877050e+03
1.769034668736750064e+03
1.786319867661829903e+03
1.803687208359092892e+03
1.821091812231772110e+03
1.838418773892276477e+03
1.855699140641184158e+03
1.873050375872406676e+03
1.890458067911617945e+03
1.907801426633666097e+03
1.925080963286593033e+03
1.942415700194183501e+03
1.959822252611621025e+03
1.977181964979105032e+03
1.994464307272090537e+03
2.011783106304038483e+03
2.029184277826492007e+03
2.046559411544705654e+03
2.063849035156380523e+03
2.081153858683599083e+03
2.098545600952972109e+03
2.115933907307862228e+03
2.133234708047900767e+03
2.150527716436207356e+03
2.167907127609345480e+03
2.185305657251764842e+03
2.202620114808651579e+03
2.219904167020159548e+03
2.237268849531493288e+03
2.254674187017864824e+03
2.272003869526174640e+03
2.289283488656515146e+03
2.306631983046652294e+03
2.324039790181942408e+03
2.341385953424126456e+03
2.358665791031738991e+03
2.375997852850018262e+03
2.393403799679742406e+03
2.410766118762184306e+03
2.428049667129056616e+03
2.445365875494623197e+03
2.462765823641137104e+03
2.480143320889027109e+03
2.497434448859537497e+03
2.514736904944013986e+03
2.532126764188092238e+03
2.549517143199301245e+03
2.566819901071368804e+03
2.584111328866415079e+03
2.601488272331953794e+03
2.618888256774493129e+03
2.636205202968612866e+03
2.653488422341929436e+03
2.670850410113991529e+03
2.688256436034375383e+03
2.705588900948853734e+03
2.722868044029118209e+03
2.740213872919493951e+03
2.757621668461310946e+03
2.774970545951730855e+03
2.792250526295020336e+03
2.809579956912391935e+03
2.826985108754911380e+03
2.844350029884151354e+03
2.861634904485833431e+03
2.878948600038463155e+03
2.896347142362868908e+03
2.913726865668391838e+03
2.931019793839465365e+03
2.948319920562641528e+03
2.965707875489410981e+03
2.983100132673193002e+03
3.000404924376663075e+03
3.017694741875063755e+03
3.035069227470486567e+03
3.052470521271704911e+03
3.069789940812150235e+03
3.087072466238598281e+03
3.104431722786195223e+03
3.121838367920428027e+03
3.139173681842948099e+03
3.156452622586185498e+03
3.173795560816782654e+03
3.191203237533764877e+03
3.208554910062294766e+03
3.225835118292488914e+03
3.243161942378490494e+03
3.260566258470549656e+03
3.277933882780074782e+03
3.295219908240754648e+03
3.312531333174818883e+03
3.329928297478582408e+03
3.347310203327612271e+03
3.364605136830263291e+03
3.381903131268613834e+03
3.399289154060623787e+03
3.416683197598818879e+03
3.433990204400564380e+03
3.451278324693919330e+03
3.468650402184064205e+03
3.486052988234568602e+03
3.503374875578695537e+03
3.520656763733050866e+03
3.538013294745225267e+03
3.555420393264049380e+03
3.572758471354596622e+03
3.590037443561250257e+03
3.607377557716676620e+03
3.624784999149437681e+03
3.642139467547417553e+03
3.659420102546724593e+03
3.676744276016067033e+03
3.694147559524300050e+03
3.711517717704121424e+03
3.728804845855147505e+03
3.746114076898949861e+03
3.763509367268739879e+03
3.780893478220907127e+03
3.798190536284761038e+03
3.815486667014687555e+03
3.832870598863250507e+03
3.850266210550606047e+03
3.867575622625735377e+03
3.884862127173390036e+03
3.902231728724800632e+03
3.919635433190826916e+03
3.936959934021727349e+03
3.954241018325609275e+03
3.971594814144956217e+03
3.989002258969085688e+03
4.006343031529551808e+03
4.023622302910384860e+03
4.040959666941910655e+03
4.058366740276346718e+03
4.075723946234277719e+03
4.093005394814493229e+03
4.110326726552309083e+03
4.127728940300610702e+03
4.145101698842324367e+03
4.162390023273957922e+03
4.179697052069394886e+03
4.197090545263194144e+03
4.214476816437923844e+03
4.231775857154219921e+03
4.249070338978861400e+03
4.266451963830430032e+03
4.283849120209222747e+03
4.301161129646996415e+03
4.318446302580220618e+03
4.335813415354496101e+03
4.353218012324654410e+03
4.370545117435430257e+03
4.387825419359915031e+03
4.405176486165808456e+03
4.422584183361880605e+03
4.439927713166028298e+03
4.457207352078460644e+03
4.474541938126603782e+03
4.491948476092862620e+03
4.509308343481815427e+03
4.526590750003368157e+03
4.543909389956643281e+03
4.561310498815221763e+03
4.578685849294510263e+03
4.595975492771503923e+03
4.613280182052138116e+03
4.630671823353388390e+03
4.648060276232348770e+03
4.665361199127953114e+03
4.682654114036293322e+03
4.700033413467571336e+03
4.717432061959818384e+03
4.734746579911561639e+03
4.752030682567701660e+03
4.769395221376021254e+03
4.786800594618545801e+03
4.804130456843890897e+03
4.821410076680556813e+03
4.838758422929621702e+03
4.856166269155797636e+03
4.873512586990791533e+03
4.890792456500390472e+03
4.908124319517356525e+03
4.925530211064672585e+03
4.942892701406084598e+03
4.960176355893443542e+03
4.977492355837617652e+03
4.994892245366684620e+03
5.012269843025109367e+03
5.029561062533439326e+03
5.046863341287848016e+03
5.064253076858811255e+03
5.081643569606028905e+03
5.098946443290315983e+03
5.116237804248141401e+03
5.133614589585504291e+03
5.151014637212860180e+03
5.168331747234721661e+03
5.185614902750234251e+03
5.202976720639911946e+03
5.220382797324800777e+03
5.237715490380989650e+03
5.254994606181642666e+03
5.272340193176262801e+03
5.289748018898473674e+03
5.307097076631548589e+03
5.324377071534162496e+03
5.341706332061175999e+03
5.359111458307635985e+03
5.376476587218608984e+03
5.393761521567743330e+03
5.411075150472635869e+03
5.428473556991208170e+03
5.445853427676229330e+03
5.463146485198711162e+03
5.480446470510089057e+03
5.497834345994320756e+03
5.515226779518343392e+03
5.532531689394529167e+03
5.549821439166709752e+03
5.567195783395502986e+03
5.584597169095601203e+03
5.601916757775009501e+03
5.619199236986540200e+03
5.636558330218074843e+03
5.653965009365818332e+03
5.671300520736155704e+03
5.688579483254710794e+03
5.705922241924300579e+03
5.723329884832086464e+03
5.740681745305524601e+03
5.757961971519001963e+03
5.775288534849281859e+03
5.792692745848915365e+03
5.810060496728199723e+03
5.827346635627509386e+03
5.844657959399461106e+03
5.862054801331694762e+03
5.879436845499808442e+03
5.896731965184664659e+03
5.914029884555259741e+03
5.931415788278864056e+03
5.948809986295205817e+03
5.966117167314439939e+03
5.983405176139758623e+03
6.000777068098910604e+03
6.018179730145466237e+03
6.035501843243082476e+03
6.052783663101970888e+03
6.070140025904065624e+03
6.087547155835894955e+03
6.104885439407857120e+03
6.122164435772469005e+03
6.139504345045048467e+03
6.156911782373988899e+03
6.174266454411490486e+03
6.191547202453430145e+03
6.208871132554323594e+03
6.226274335450520994e+03
6.243644717511090676e+03
6.260931936478407806e+03
6.278240992230452321e+03
6.295636161996098963e+03
6.313020449163996091e+03
6.330317663561336303e+03
6.347613692591573454e+03
6.364997410514906733e+03
6.382393136007945941e+03
6.399702743032046783e+03
6.416989143345799675e+03
6.434358605238925520e+03
6.451762336018142378e+03
6.469087023159667297e+03
6.486368122780211706e+03
6.503721711386113384e+03
6.521129190691659460e+03
6.538470177123465874e+03
6.555749474742053280e+03
6.573086596596815980e+03
6.590493673988727096e+03
6.607851062827797250e+03
6.625132526619256168e+03
6.642453676020418243e+03
6.659855803241191097e+03
6.677228744017105782e+03
6.694517120508501648e+03
6.711823874315977264e+03
6.729217286258961394e+03
6.746603764682344263e+03
6.763902948545392064e+03
6.781197310128964091e+03
6.798578756031476587e+03
6.815976012475135576e+03
6.833288198807762456e+03
6.850573213469567236e+03
6.867940159796524313e+03
6.885344802853710462e+03
6.902672111115498410e+03
6.919952363144517221e+03
6.937303229645320243e+03
6.954710954950312043e+03
6.972054626122578156e+03
6.989334273989446956e+03
7.006668632523959786e+03
7.024075198530836133e+03
7.041435241312135986e+03
7.058717740943082390e+03
7.076036169976199744e+03
7.093437196697578656e+03
7.110812604846089016e+03
7.128102305914121644e+03
7.145406787860566510e+03
7.162798238437592772e+03
7.180186807898035113e+03
7.197487856283950350e+03
7.214780681164942507e+03
7.232159774146795826e+03
7.249558526469347271e+03
7.266873308985301264e+03
7.284157235704817140e+03
7.301521565331389866e+03
7.318926972100375679e+03
7.336257015886297268e+03
7.353536600503888621e+03
7.370884775669419469e+03
7.388292612106992237e+03
7.405639063993978198e+03
7.422918898976115088e+03
7.440250639253037662e+03
7.457656481456453548e+03
7.475019130296172079e+03
7.492302867457326101e+03
7.509618745942114401e+03
7.527018574881147288e+03
7.544396297084173966e+03
7.561687627113520648e+03
7.578989789496365120e+03
7.596379408783039253e+03
7.613770019056641104e+03
7.631073027803238801e+03
7.648364299910409500e+03
7.665740947409156433e+03
7.683141092492495773e+03
7.700458368434436125e+03
7.717741499079003916e+03
7.735103139169606038e+03
7.752509247498624063e+03
7.769842170157749933e+03
7.787121223024512801e+03
7.804466676231107158e+03
7.821874462945650521e+03
7.839223692474886775e+03
7.856503696993253470e+03
7.873832788625113608e+03
7.891237843011980658e+03
7.908603129295634062e+03
7.925888159025805180e+03
7.943201621519749096e+03
7.960600001870716369e+03
7.977980009111254731e+03
7.995273208883580992e+03
8.012573044480353929e+03
8.029960796945355469e+03
8.047353324010446158e+03
8.064658399564655156e+03
8.081947952980823175e+03
8.099322119330108762e+03
8.116723589400239689e+03
8.134043353487026252e+03
8.151325789115175212e+03
8.168684755484055131e+03
8.186091494921633966e+03
8.203427211090691344e+03
8.220706180959907215e+03
8.238048760944129754e+03
8.255456387162203100e+03
8.272808439976524824e+03
8.290088713152996206e+03
8.307415160037538953e+03
8.324819294250266466e+03
8.342187247966274299e+03
8.359473414390660764e+03
8.376784573983117298e+03
8.394181302552136913e+03
8.411563513974195303e+03
8.428858768906859041e+03
8.446156519673191724e+03
8.463542301752229832e+03
8.480936542123934487e+03
8.498243868617028056e+03
8.515531789363200005e+03
8.532903523442588266e+03
8.550306249317509355e+03
8.567628564684020603e+03
8.584910365063422432e+03
8.602266468027690280e+03
8.619673629856031766e+03
8.637012065117030943e+03
8.654291083993410211e+03
8.671630813341402245e+03
8.689038171433145180e+03
8.706393052919560432e+03
8.723673878706360483e+03
8.740997612354451121e+03
8.758400769399544515e+03
8.775771316270001989e+03
8.793058609936942958e+03
8.810367528683709679e+03
8.827762561103862026e+03
8.845146985363222484e+03
8.862444340283222118e+03
8.879740275661370106e+03
8.897123889057396809e+03
8.914519720097412574e+03
8.931829505541732942e+03
8.949115847730485257e+03
8.966485167862439994e+03
8.983888962998187708e+03
9.001213805170560590e+03
9.018494788547417556e+03
9.035848184003776623e+03
9.053255667410925525e+03
9.070596830046302784e+03
9.087876149256109784e+03
9.105213044366191752e+03
9.122620080719538237e+03
9.139977613247063346e+03
9.157259169387976726e+03
9.174580139889611019e+03
9.191982201825299853e+03
9.209355335503623792e+03
9.226643827752181096e+03
9.243950501419170905e+03
9.261343692067961456e+03
9.278730273007491633e+03
9.296029583652310976e+03
9.313323831026149492e+03
9.330705123706866289e+03
9.348102462063045095e+03
9.365414823624165365e+03
9.382699834127906797e+03
9.400066602403760044e+03
9.417471328725932835e+03
9.434798766939538837e+03
9.452078964789816382e+03
9.469429661119567754e+03
9.486837407257233281e+03
9.504181324467963350e+03
9.521460958032061171e+03
9.538795175697250670e+03
9.556201694710653101e+03
9.573561907628394692e+03
9.590844483725810278e+03
9.608162749810871901e+03
9.625563694673764985e+03
9.642939299398391086e+03
9.660229205062580149e+03
9.677533594228540096e+03
9.694924935494862439e+03
9.712313653058359705e+03
9.729614848826437083e+03
9.746907575896690105e+03
9.764286465811303060e+03
9.781685353468357789e+03
9.799000368060031178e+03
9.816284208282406325e+03
9.833648328197836236e+03
9.851053795983718373e+03
9.868384044794123838e+03
9.885663564172427868e+03
9.903011573548266824e+03
9.920419411955290343e+03
9.937766181524573767e+03
9.955046069700323642e+03
9.972377594594672701e+03
9.989783393987523596e+03
1.000714623889135328e+04
1.002443007465241681e+04
1.004174576086257730e+04
1.005914543225005218e+04
1.007652337861500200e+04
1.009381482829655033e+04
1.011111676762452407e+04
1.012850623809642275e+04
1.014589700508613532e+04
1.016320013852816373e+04
1.018049129215520043e+04
1.019786773170829474e+04
1.021526796197496151e+04
1.023258542894430502e+04
1.024986852136138987e+04
1.026722994835083773e+04
1.028463609061008538e+04
1.030196915927589907e+04
1.031924828114534648e+04
1.033659348868540110e+04
1.035400124182639047e+04
1.037135069117381499e+04
1.038863071171859701e+04
1.040595960028850823e+04
1.042336458608904286e+04
1.044073009304405605e+04
1.045801516450410600e+04
1.047532845451701178e+04
1.049272667567991812e+04
1.051010685500865293e+04
1.052740019331415897e+04
1.054469987279483757e+04
1.056208748576555263e+04
1.057948014024806980e+04
1.059678541758793290e+04
1.061407495442660365e+04
1.063144896544953917e+04
1.064885054150610085e+04
1.066617048571260602e+04
1.068345289398272507e+04
1.070081158086248979e+04
1.071821824426452804e+04
1.073555413868949472e+04
1.075283306648486359e+04
1.077017542460042023e+04
1.078758303619062644e+04
1.080493528590088317e+04
1.082221558482712317e+04
1.083954178311591204e+04
1.085694584531178953e+04
1.087431397189117342e+04
1.089160020935106331e+04
1.090891122468735921e+04
1.092630784025794492e+04
1.094369020623176766e+04
1.096098560185958013e+04
1.097828324513242478e+04
1.099566886308829999e+04
1.101306322478340735e+04
1.103037071749605821e+04
1.104765851596133143e+04
1.106503009099817064e+04
1.108243290714376417e+04
1.109975536646019464e+04
1.111703715337708491e+04
1.113439313777072311e+04
1.115180031621804483e+04
1.116913893443638517e+04
1.118641797109754407e+04
1.120375749957098924e+04
1.122116485385833039e+04
1.123851996740102913e+04
1.125580079761992965e+04
1.127312430655283606e+04
1.129052737663628977e+04
1.130789809433200935e+04
1.132518546842389696e+04
1.134249424075455318e+04
1.135988915834365616e+04
1.137727374858330222e+04
1.139457116732625946e+04
1.141186695978584612e+04
1.142925036553194514e+04
1.144664629214195884e+04
1.146395624064241565e+04
1.148124248296531732e+04
1.149861165863748465e+04
1.151601553193784275e+04
1.153334056856643656e+04
1.155062150018537432e+04
1.156797472075781843e+04
1.158538221819473256e+04
1.160272356068590307e+04
1.162000290241741095e+04
1.163733963778851830e+04
1.165474665290610574e+04
1.167210444950973397e+04
1.168938601914807805e+04
1.170670678556908751e+04
1.172410876146611190e+04
1.174148206277549616e+04
1.175877064176499334e+04
1.177607712497757529e+04
1.179347019966522566e+04
1.181085694483770203e+04
1.182815634383679753e+04
1.184545048127972950e+04
1.186283160892013984e+04
1.188022905345304025e+04
1.189754162702717076e+04
1.191482659543927002e+04
1.193219322485461089e+04
1.194959797472199352e+04
1.196692565763677703e+04
1.198420580487008920e+04
1.200155631204021847e+04
1.201896404556843845e+04
1.203630809958320606e+04
1.205358773382524305e+04
1.207092175739621598e+04
1.208832819538296098e+04
1.210568857831264177e+04
1.212297123805641968e+04
1.214028932915172118e+04
1.215769016343797193e+04
1.217506589281341803e+04
1.219235585671865556e+04
1.220966008934039201e+04
1.222705131377765065e+04
1.224444015372834474e+04
1.226174147816368168e+04
1.227903410074735802e+04
1.229641287147809999e+04
1.231381175693685509e+04
1.233112690318472232e+04
1.234841075961468232e+04
1.236577469961619136e+04
1.238318021426484665e+04
1.240051065556730646e+04
1.241779011445475953e+04
1.243513792402228864e+04
1.245254576451184585e+04
1.246989260144267973e+04
1.248717243817340568e+04
1.250450380774512087e+04
1.252190955235922593e+04
1.253927254651480325e+04
1.255655644331682561e+04
1.257387200969153673e+04
1.259127160287035622e+04
1.260864968134025548e+04
1.262594126744973983e+04
1.264324308254130665e+04
1.266063243628328200e+04
1.267802332053195460e+04
1.269532655884090127e+04
1.271261765818300410e+04
1.272999402293299499e+04
1.274739432587619376e+04
1.276471198053688568e+04
1.278199501227623477e+04
1.279935627076923265e+04
1.281676243947846888e+04
1.283409567656188119e+04
1.285137478569100494e+04
1.286871983434042704e+04
1.288612760764404629e+04
1.290347723627957384e+04
1.292075726636330000e+04
1.293808599147952373e+04
1.295549089970164641e+04
1.297285648482154284e+04
1.299014169678012695e+04
1.300745489575696411e+04
1.302485302535162191e+04
1.304223333442455441e+04
1.305952680690807210e+04
1.307682637427328518e+04
1.309421387723721091e+04
1.311160667897041276e+04
1.312891200931985259e+04
1.314620137929011435e+04
1.316357523006832162e+04
1.318097689376577728e+04
1.319829698962895782e+04
1.321557937030639005e+04
1.323293790001846719e+04
1.325034464375253810e+04
1.326768075074824628e+04
1.328495969108310601e+04
1.330230185907065606e+04
1.331970945963645499e+04
1.333706188716385805e+04
1.335434223185971496e+04
1.337166832159895785e+04
1.338907234583455465e+04
1.340644064552786949e+04
1.342372694340589806e+04
1.344103780812029800e+04
1.345843430293687379e+04
1.347581680737542047e+04
1.349311233143197023e+04
1.351040980922582639e+04
1.352779528470384321e+04
1.354518979893373034e+04
1.356249740838644720e+04
1.357978509746386408e+04
1.359715651549753602e+04
1.361455938913035789e+04
1.363188200011993467e+04
1.364916372254270755e+04
1.366651948661917413e+04
1.368392665753500114e+04
1.370126546172017697e+04
1.371854451319256441e+04
1.373588388093299000e+04
1.375329123546259507e+04
1.377064650130499285e+04
1.378792736383978990e+04
1.380525072514659587e+04
1.382265375255208346e+04
1.384002462864558402e+04
1.385731207765043655e+04
1.387462071389204175e+04
1.389201551638023011e+04
1.390940025514543777e+04
1.392669779031125290e+04
1.394399345661597727e+04
1.396137673346537849e+04
1.397877275851972990e+04
1.399608286714818496e+04
1.401336900368745773e+04
1.403073795239225728e+04
1.404814189307133893e+04
1.406546710415422422e+04
1.408274800109573880e+04
1.410010104932193281e+04
1.411750856750298772e+04
1.413485010458444958e+04
1.415212948221020633e+04
1.416946606580387379e+04
1.418687304681294700e+04
1.420423100008902293e+04
1.422151264019605878e+04
1.423883321641755902e+04
1.425623513193912731e+04
1.427360859684144998e+04
1.429089731225512151e+04
1.430820370366404131e+04
1.432559668707229866e+04
1.434298355492322298e+04
1.436028308270996422e+04
1.437757712184446791e+04
1.439495808238212157e+04
1.441235561184733524e+04
1.442966831693406493e+04
1.444695311721067628e+04
1.446431955126747198e+04
1.448172436745230516e+04
1.449905221418332803e+04
1.451633231849107142e+04
1.453368265779902322e+04
1.455109037071860439e+04
1.456843464187395512e+04
1.458571432341270702e+04
1.460304819403839792e+04
1.462045460775128595e+04
1.463781515655646581e+04
1.465509789528590409e+04
1.467241580899355540e+04
1.468981661558404267e+04
1.470719257369696061e+04
1.472448264568899322e+04
1.474178673586069272e+04
1.475917783462061925e+04
1.477656681387608478e+04
1.479386826679307705e+04
1.481116081310768277e+04
1.482853939366684426e+04
1.484593842736292572e+04
1.486325371054182688e+04
1.488053751559292868e+04
1.489790128785313209e+04
1.491530684524512071e+04
1.493263747209204666e+04
1.494991690092934004e+04
1.496726449239175417e+04
1.498467231290938798e+04
1.500201933938281945e+04
1.501929923830359803e+04
1.503663040925902169e+04
1.505403609099099594e+04
1.507139928604528177e+04
1.508868325775547783e+04
1.510599863930039828e+04
1.512339812210858327e+04
1.514077636305566921e+04
1.515806806954993226e+04
1.517536972633066398e+04
1.519275895095087253e+04
1.521014995619956971e+04
1.522745339319093546e+04
1.524474431592740802e+04
1.526212046419885155e+04
1.527952091533524072e+04
1.529683873376715928e+04
1.531412172725214077e+04
1.533148279742399609e+04
1.534888900612501311e+04
1.536622247020890427e+04
1.538350154022470815e+04
1.540084633494077025e+04
1.541825412261810197e+04
1.543560391596342379e+04
1.545288395801341903e+04
1.547021250530628095e+04
1.548761735575134662e+04
1.550498319596751753e+04
1.552226847624198854e+04
1.553958144457924391e+04
1.555697945771989725e+04
1.557435991272847969e+04
1.559165351307725541e+04
1.560895293826977104e+04
1.562634031799906006e+04
1.564373320755791792e+04
1.566103866378085149e+04
1.567832791381948482e+04
1.569570158556244314e+04
1.571310331804638190e+04
1.573042357734833422e+04
1.574770592362442403e+04
1.576506430598883890e+04
1.578247107098755805e+04
1.579980732062624520e+04
1.581708617770014644e+04
1.583442816184228286e+04
1.585183574655098710e+04
1.586918836103405920e+04
1.588646873151435648e+04
1.590379466240866168e+04
1.592119861405830306e+04
1.593856704439333589e+04
1.595585345459542805e+04
1.597316415966507702e+04
1.599056056119130153e+04
1.600794318945019040e+04
1.602523883032682352e+04
1.604253620962651621e+04
1.605992155818902029e+04
1.607731612878155465e+04
1.609462395050077612e+04
1.611191150930735603e+04
1.612928276486922550e+04
1.614668569166158341e+04
1.616400840883135243e+04
1.618129007784094028e+04
1.619864568081297693e+04
1.621605289957029527e+04
1.623339187859599588e+04
1.625067094621939032e+04
1.626801013509061158e+04
1.628541744999091679e+04
1.630277290566562988e+04
1.632005375186731180e+04
1.633737695167148740e+04
1.635477985903074659e+04
1.637215091319673411e+04
1.638943843220746567e+04
1.640674692877189227e+04
1.642414161043115018e+04
1.644152639338011068e+04
1.645882406824451027e+04
1.647611965956041240e+04
1.649350282896812860e+04
1.651089894617758546e+04
1.652820922812116623e+04
1.654549526978422364e+04
1.656286408364242743e+04
1.658026812586207598e+04
1.659759348774211685e+04
1.661487429528807843e+04
1.663222716657571436e+04
1.664963470166616025e+04
1.666697638613341769e+04
1.668425577686783799e+04
1.670159220625659145e+04
1.671899911994268768e+04
1.673635723468565266e+04
1.675363894941376566e+04
1.677095936397802143e+04
1.678836121188550896e+04
1.680573480421026034e+04
1.682302352303574298e+04
1.684032980054713335e+04
1.685772270676365588e+04
1.687510969612529880e+04
1.689240933645398763e+04
1.690970327326893675e+04
1.692708410924658529e+04
1.694448174997860406e+04
1.696179458226634961e+04
1.697907933375989160e+04
1.699644563209274565e+04
1.701385049194464955e+04
1.703117847240442279e+04
1.704845853659618297e+04
1.706580871913163719e+04
1.708321648224184537e+04
1.710056088365364849e+04
1.711784063250536929e+04
1.713517434732442780e+04
1.715258070408684216e+04
1.716994140620822509e+04
1.718722421188451699e+04
1.720454196877779759e+04
1.722194268512460985e+04
1.723931870176576558e+04
1.725660882730072626e+04
1.727391270728983363e+04
1.729130370839754323e+04
1.730869281366539508e+04
1.732599436954655903e+04
1.734328680397702919e+04
