0.000000000000000000e+00
1.722693893823124611e+01
3.442948549863364605e+01
5.165024114589735404e+01
6.893052539293580594e+01
8.629631364410462879e+01
1.036431331167233054e+02
1.210295832395139684e+02
1.383119648116206406e+02
1.555942792889248949e+02
1.729567032191944236e+02
1.902982964259833238e+02
2.075518962767973221e+02
2.249169300936972036e+02
2.422256120796533878e+02
2.595993501757536706e+02
2.769183154152572683e+02
2.941742564024020226e+02
3.114835801920152676e+02
3.287954041874396580e+02
3.462028140871669848e+02
3.634825931422019494e+02
3.808468384329944456e+02
3.981590081576595139e+02
4.154139767060474924e+02
4.328260415495520874e+02
4.501117561295706651e+02
4.673512646535968997e+02
4.847365294456142237e+02
5.020497333887347509e+02
5.193208340851637104e+02
5.366520286864640639e+02
5.540437547461705208e+02
5.714570381459832333e+02
5.888754416568754095e+02
6.062599753792354704e+02
6.236464161386516025e+02
6.410303179840416306e+02
6.584234715518080066e+02
6.758357870976365120e+02
6.931737553663924700e+02
7.106196373133586803e+02
7.280261458653174031e+02
7.454855884316605170e+02
7.628049133521936938e+02
7.801337613251382663e+02
7.975961403057792722e+02
8.149615249951878013e+02
8.322582923849307690e+02
8.495635302143356284e+02
8.668501608914818917e+02
8.840922029792210424e+02
9.013760733817405253e+02
9.186481218078653228e+02
9.358997950181025089e+02
9.531355207561657608e+02
9.703796597123375705e+02
9.877542174039093652e+02
1.005046761179538862e+03
1.022313466500824688e+03
1.039597838122962457e+03
1.056835259231401324e+03
1.074123828083257877e+03
1.091351633850276585e+03
1.108585724907184385e+03
1.125881881173217153e+03
1.143314733536797576e+03
1.160661958092262239e+03
1.177874194994537675e+03
1.195158145279597647e+03
1.212574777776264000e+03
1.229985631593402559e+03
1.247267174156965893e+03
1.264490044844753356e+03
1.281816491159406951e+03
1.299221640393436246e+03
1.316516315207181833e+03
1.333777225695905145e+03
1.351205446874882909e+03
1.368475984111066964e+03
1.385761265881576946e+03
1.403124111387334551e+03
1.420417385659707861e+03
1.437695336982725621e+03
1.455059483484919383e+03
1.472396977668793397e+03
1.489642351744683310e+03
1.507077928715583766e+03
1.524397891280831118e+03
1.541627668424579042e+03
1.558967527032232738e+03
1.576384745580089202e+03
1.593583937264419546e+03
1.610873996678615185e+03
1.628207067830161350e+03
1.645655017699044492e+03
1.662990682701792593e+03
1.680222737225347373e+03
1.697487250381106378e+03
1.714739548498675049e+03
1.731974088358705558e+03
1.749280980043823547e+03
1.766588934422644343e+03
1.783915267086072163e+03
1.801289472846321132e+03
1.818699370522122990e+03
1.836040925326009756e+03
1.853538054054674831e+03
1.870871883765452367e+03
1.888155531494879142e+03
1.905376943206652413e+03
1.922696931664267595e+03
1.940061121907760025e+03
1.957443842430943732e+03
1.974772565785607640e+03
1.992122672786993007e+03
2.009435650780094420e+03
2.026725205187907704e+03
2.043936186189732098e+03
2.061277895189187348e+03
2.078646016738638082e+03
2.096001396843045768e+03
2.113225741282804847e+03
2.130518935723616323e+03
2.147952020065166835e+03
2.165239238853168899e+03
2.182544897951828716e+03
2.199914556037483635e+03
2.217229951294915281e+03
2.234493584697313054e+03
2.251812327414973424e+03
2.269203834199289759e+03
2.286466811815190340e+03
2.303790773644844194e+03
2.321188639019175753e+03
2.338522025718748409e+03
2.355929843104458087e+03
2.373339405654014627e+03
2.390675302217572607e+03
2.408013666419563378e+03
2.425437073109413177e+03
2.442807799485838586e+03
2.460073445473721222e+03
2.477302620264114012e+03
2.494610916972795167e+03
2.512053529431699644e+03
2.529335814857953665e+03
2.546610187241927179e+03
2.563987883065883580e+03
2.581247603375463314e+03
2.598574439726796300e+03
2.615948757264632150e+03
2.633332725107473379e+03
2.650771511092575565e+03
2.668163890357397577e+03
2.685519900259339920e+03
2.702901908215160802e+03
2.720271861836007702e+03
2.737436235631020736e+03
2.754642658285279140e+03
2.771963991077414903e+03
2.789342703520128907e+03
2.806637623096166863e+03
2.823931362231458934e+03
2.841292205942710098e+03
2.858580172019080237e+03
2.875949088885474339e+03
2.893259830437778874e+03
2.910571395387481971e+03
2.927805865817208542e+03
2.945250416270188907e+03
2.962575015442330368e+03
2.979891038704791754e+03
2.997149855551417204e+03
3.014409449171255801e+03
3.031646307392364179e+03
3.048873281894175307e+03
3.066231727393719666e+03
3.083647622205678999e+03
3.100946216830871890e+03
3.118211425111211156e+03
3.135531278615144402e+03
3.152931743537757029e+03
3.170162951667892685e+03
3.187367161579560161e+03
3.204594830232506865e+03
3.222010489055499420e+03
3.239345647653375636e+03
3.256646015121072196e+03
3.273901009788983174e+03
3.291086191296843936e+03
3.308392747185631379e+03
3.325763589598695944e+03
3.343084735758877287e+03
3.360434659939213816e+03
3.377730780799178319e+03
3.394962857243162944e+03
3.412345363070710846e+03
3.429689828932325781e+03
3.447014837431349861e+03
3.464313066995272493e+03
3.481663472041272144e+03
3.498936375929608857e+03
3.516363490517285754e+03
3.533657122540173987e+03
3.550904814275479566e+03
3.568214130750129698e+03
3.585540080404469336e+03
3.602917473108463128e+03
3.620250661847467200e+03
3.637461276129638463e+03
3.654775290359562405e+03
3.671990572339295795e+03
3.689256176701066124e+03
3.706485136021776270e+03
3.723730910459406005e+03
3.740983028431583080e+03
3.758172206875974553e+03
3.775520654998925693e+03
3.792678427878664479e+03
3.809849252230122602e+03
3.827107878059829545e+03
3.844263071729174044e+03
3.861397544803977326e+03
3.878511744306837500e+03
3.895662140634364732e+03
3.912835199347526213e+03
3.930025481111195404e+03
3.947213469759869440e+03
3.964410637792307170e+03
3.981601663119752629e+03
3.998779107486564953e+03
4.015999547387756138e+03
4.033233807203859214e+03
4.050462863739424847e+03
4.067724072317775608e+03
4.084895190069048112e+03
4.102118672143535150e+03
4.119390425417456754e+03
4.136602717170637334e+03
4.153877074509727208e+03
4.171067592092791529e+03
4.188289522663744719e+03
4.205504001453395176e+03
4.222819504855046034e+03
4.240262980574520043e+03
4.257569901726987155e+03
4.274809323094682441e+03
4.292167746232873469e+03
4.309591369694520836e+03
4.326815359115662432e+03
4.344086742409877843e+03
4.361489139080103087e+03
4.378776490432356695e+03
4.396144935251553761e+03
4.413420086973483194e+03
4.430687170102721211e+03
4.448015864750415858e+03
4.465453351351452511e+03
4.482709397840437305e+03
4.499985184807806945e+03
4.517379238167955009e+03
4.534624458807642441e+03
4.551866816093148373e+03
4.569037614001914335e+03
4.586208575615426525e+03
4.603379928985077640e+03
4.620527959195112999e+03
4.637679970935496385e+03
4.654859873927000081e+03
4.672042326114758907e+03
4.689268761984862977e+03
4.706501708690630949e+03
4.723894854213695908e+03
4.741198147792663804e+03
4.758452998365944040e+03
4.775841539512508461e+03
4.793125645188930321e+03
4.810466339297846389e+03
4.827773219565171530e+03
4.845119486191501892e+03
4.862365862828537502e+03
4.879722199535288382e+03
4.897059264888215694e+03
4.914323477455969623e+03
4.931698929457136728e+03
4.949023354392000329e+03
4.966395218509300321e+03
4.983695831611163158e+03
5.000907073174485049e+03
5.018242262680305430e+03
5.035553689689118983e+03
5.052849579684656419e+03
5.070221492155955275e+03
5.087539996683168283e+03
5.104857190256720060e+03
5.122193726867506484e+03
5.139649422038954071e+03
5.156905122646501695e+03
5.174167573622883538e+03
5.191527393214808399e+03
5.208832150267424367e+03
5.226056273178628544e+03
5.243264475991047220e+03
5.260483020653966378e+03
5.277744588250571724e+03
5.295165048551734799e+03
5.312413329128896294e+03
5.329673857706857234e+03
5.347057880867552740e+03
5.364469784370232446e+03
5.381742415349061048e+03
5.399015095995304364e+03
5.416325976978019753e+03
5.433749613951802530e+03
5.451024095497132294e+03
5.468260677370330086e+03
5.485628651250201074e+03
5.503047842823998508e+03
5.520293341226670236e+03
5.537612784929455302e+03
5.554976207816477654e+03
5.572223009579201971e+03
5.589580593590791977e+03
5.606871838793820643e+03
5.624165011160263020e+03
5.641583465097722183e+03
5.658885311171179637e+03
5.676138088166642774e+03
5.693496412504209729e+03
5.710788473028017506e+03
5.728160809508633065e+03
5.745463365819499813e+03
5.762757023734478935e+03
5.780191525611164252e+03
5.797459524875137504e+03
5.814702958435512301e+03
5.832077999786240980e+03
5.849390715196332167e+03
5.866694625601329790e+03
5.884057945854725403e+03
5.901339084326695229e+03
5.918632885448092566e+03
5.936061410581959535e+03
5.953318908182081941e+03
5.970637748278139043e+03
5.987935913073116353e+03
6.005348908963143003e+03
6.022659103628651792e+03
6.039923346415061133e+03
6.057215111167472060e+03
6.074622030609203648e+03
6.091874843066006179e+03
6.109140446590594365e+03
6.126512343921796855e+03
6.143937818897228681e+03
6.161176114293577484e+03
6.178389706839614519e+03
6.195612499300828858e+03
6.212894277428815258e+03
6.230181125650424292e+03
6.247384419751953828e+03
6.264710716249320285e+03
6.282064403303285872e+03
6.299468359211394272e+03
6.316757179408426964e+03
6.333951269017998129e+03
6.351328105019248142e+03
6.368700904505636572e+03
6.386061766655448082e+03
6.403329846711159007e+03
6.420595217947344281e+03
6.437996944790065754e+03
6.455328119892583345e+03
6.472646283639049216e+03
6.489901325276177886e+03
6.507219973837930411e+03
6.524591376665770440e+03
6.541909411155282214e+03
6.559247254236694062e+03
6.576601918440498594e+03
6.593876112364886467e+03
6.611082042565998563e+03
6.628335887726354485e+03
6.645553532958956566e+03
6.662706752295945080e+03
6.679842042629754360e+03
6.696979796593837818e+03
6.714122604457680609e+03
6.731285690220787728e+03
6.748408404076234547e+03
6.765541418010114285e+03
6.782663651097333059e+03
6.799759555017437378e+03
6.816908559140747457e+03
6.834035292672268042e+03
6.851112883361996865e+03
6.868286312493303740e+03
6.885437432146351057e+03
6.902601066014191019e+03
6.919688338502627630e+03
6.936823240432786406e+03
6.953990678223281066e+03
6.971105051932870992e+03
6.988226924527092706e+03
7.005388588657205219e+03
7.022515883382428001e+03
7.039599192051882710e+03
7.056747557331774260e+03
7.073877008621686400e+03
7.091004814001789782e+03
7.108153025502253513e+03
7.125323298121362313e+03
7.142623010849037200e+03
7.159766111203573018e+03
7.176908726128289345e+03
7.194043565358117121e+03
7.211215561133753909e+03
7.228338267296468075e+03
7.245542008451808215e+03
7.262730269625833898e+03
7.279883379959738704e+03
7.297035490403137374e+03
7.314296567380264605e+03
7.331496671275286644e+03
7.348708776892926835e+03
7.365905016900253031e+03
7.383126063430641807e+03
7.400363980531556990e+03
7.417582222833714695e+03
7.434839475794859027e+03
7.452007268903688782e+03
7.469289145254023424e+03
7.486470974498474789e+03
7.503633026227636947e+03
7.520779099473563292e+03
7.537940612811529718e+03
7.555047976427614230e+03
7.572229038623085216e+03
7.589387145081342169e+03
7.606518569558897070e+03
7.623603315290287355e+03
7.640771572328006187e+03
7.657887351703822787e+03
7.674998576027017407e+03
7.692114044690127230e+03
7.709229855127778137e+03
7.726360734205898552e+03
7.743467188854567212e+03
7.760586951826111545e+03
7.777750449214594482e+03
7.794916432130627072e+03
7.812033123891645118e+03
7.829199594521638573e+03
7.846339992108482875e+03
7.863440788929771770e+03
7.880558327207081675e+03
7.897719899212323071e+03
7.914958629536707122e+03
7.932184054883426143e+03
7.949395669485562394e+03
7.966680054392964848e+03
7.983898587487641635e+03
8.001102361664647105e+03
8.018338782639550118e+03
8.035556681789332288e+03
8.052741541871419031e+03
8.069924854047232657e+03
8.087123276566659115e+03
8.104262657280842177e+03
8.121389454343108810e+03
8.138495919216347829e+03
8.155663770426513111e+03
8.172858447485767101e+03
8.190055666982440016e+03
8.207259063111061550e+03
8.224430240758712898e+03
8.241562866953358025e+03
8.258679577995742875e+03
8.275796296407224872e+03
8.292973232894782996e+03
8.310160871150133971e+03
8.327295628473219040e+03
8.344451825403419207e+03
8.361582961762549530e+03
8.378719521739436459e+03
8.395863326119520934e+03
8.413097822002220710e+03
8.430327565546815094e+03
8.447466542896228930e+03
8.464605249864287543e+03
8.481748417008602701e+03
8.498928990483613234e+03
8.516083247826043589e+03
8.533266498228176715e+03
8.550436303363023399e+03
8.567608492074810783e+03
8.584820289110768499e+03
8.602035638122402815e+03
8.619208913525973912e+03
8.636431625435789101e+03
8.653654362569424848e+03
8.670942071185238092e+03
8.688311838325727877e+03
8.705658385498769348e+03
8.723038341466808561e+03
8.740388692249318410e+03
8.757768692166122491e+03
8.775109277757574091e+03
8.792507110953265510e+03
8.809848371492926162e+03
8.827233362863986258e+03
8.844628982647409430e+03
8.861994500943294042e+03
8.879308792482355784e+03
8.896683193162352836e+03
8.914052013079377502e+03
8.931437924649631896e+03
8.948799977308422967e+03
8.966229437471760320e+03
8.983597819168366186e+03
9.000822171306681412e+03
9.018064279240315955e+03
9.035381221448544238e+03
9.052856281598764326e+03
9.070213830820099247e+03
9.087591405201490488e+03
9.105007055896894599e+03
9.122474926684841193e+03
9.139827335050908005e+03
9.157091128057332753e+03
9.174271083348625325e+03
9.191484788732950619e+03
9.208736199746359489e+03
9.225920044794400383e+03
9.243104521332837976e+03
9.260388069694417936e+03
9.277530618463133578e+03
9.294673677377970307e+03
9.311794531894960528e+03
9.328952139810851804e+03
9.346151888950615103e+03
9.363345930464001867e+03
9.380543559122474107e+03
9.397770423031193786e+03
9.414972167022049689e+03
9.432196682412717564e+03
9.449381363602828060e+03
9.466663419254931796e+03
9.483850947455546702e+03
9.501012612714424904e+03
9.518310093324282207e+03
9.535496799728185579e+03
9.552680948819426703e+03
9.569952541051025037e+03
9.587159489437759476e+03
9.604376197128420245e+03
9.621580765988730491e+03
9.638792331824821304e+03
9.655951882999792360e+03
9.673149415616364422e+03
9.690352901776572253e+03
9.707571417845369069e+03
9.724736269657554658e+03
9.741909553998350020e+03
9.759052550280634023e+03
9.776215779984489927e+03
9.793348530017605299e+03
9.810546703088497452e+03
9.827712188319117558e+03
9.844903195342241816e+03
9.862048999404396454e+03
9.879206273373329168e+03
9.896380862939437066e+03
9.913545701122846367e+03
9.930755429244503830e+03
9.947960430253071536e+03
9.965184763379767901e+03
9.982415324076813704e+03
9.999635617187752359e+03
1.001687571823730104e+04
1.003405625205770775e+04
1.005138256068428745e+04
1.006853868985673944e+04
1.008568532535828854e+04
1.010288277444615051e+04
1.012017289571002766e+04
1.013737739069297459e+04
1.015464716046059766e+04
1.017187283784797910e+04
1.018908397439386317e+04
1.020629554502750398e+04
1.022363872347998404e+04
1.024105451596583407e+04
1.025837632996388129e+04
1.027557304470883719e+04
1.029279110489847153e+04
1.031004958114835972e+04
1.032721550897963789e+04
1.034447264821558565e+04
1.036169362902587091e+04
1.037892839320313942e+04
1.039614296185662897e+04
1.041340287243283456e+04
1.043056471268221139e+04
1.044775716059895785e+04
1.046488661978031087e+04
1.048203005592094269e+04
1.049925041312465692e+04
1.051642180382162769e+04
1.053359092617647912e+04
1.055072779076935694e+04
1.056787867579819067e+04
1.058501594206011578e+04
1.060219375703453079e+04
1.061941071674612976e+04
1.063678219790778530e+04
1.065405317225500039e+04
1.067125321752164746e+04
1.068851542218748727e+04
1.070583367949029343e+04
1.072303455386809947e+04
1.074029484309280815e+04
1.075753367041713318e+04
1.077484739446951426e+04
1.079229756260828253e+04
1.080958367464925323e+04
1.082681015455064698e+04
1.084416410629925304e+04
1.086151326216482994e+04
1.087885066679173360e+04
1.089612135246499747e+04
1.091344106098878183e+04
1.093086191250960474e+04
1.094811858484597906e+04
1.096534926531648307e+04
1.098275122662322974e+04
1.100013886554207056e+04
1.101738455571187296e+04
1.103468463668806726e+04
1.105204407075177005e+04
1.106939125377819801e+04
1.108668514758876336e+04
1.110393907624929489e+04
1.112132662948980214e+04
1.113862239837793459e+04
1.115600822569438424e+04
1.117333598980405804e+04
1.119068239875196741e+04
1.120789175587506907e+04
1.122521796473734867e+04
1.124259069662416005e+04
1.125991965444210109e+04
1.127715560939451643e+04
1.129440147730285753e+04
1.131159335087395266e+04
1.132879830800723903e+04
1.134608231879115556e+04
1.136327263368297645e+04
1.138053002603008281e+04
1.139782397164434587e+04
1.141509829712360806e+04
1.143245833491905069e+04
1.144978188344768569e+04
1.146703432102127772e+04
1.148437675529985063e+04
1.150171103261684038e+04
1.151906463487357360e+04
1.153633750423145830e+04
1.155364937612607901e+04
1.157104137850465122e+04
1.158829894714255715e+04
1.160560752602757566e+04
1.162297639803957645e+04
1.164028826293464590e+04
1.165763592796785815e+04
1.167491041218486862e+04
1.169213036998985990e+04
1.170935687797976425e+04
1.172655925671479417e+04
1.174374371177775902e+04
1.176099754152800961e+04
1.177830285580302370e+04
1.179561472672707532e+04
1.181303084382888483e+04
1.183031532093232272e+04
1.184761028484569761e+04
1.186493728296346671e+04
1.188230935061911441e+04
1.189967961614800515e+04
1.191686985459496282e+04
1.193415262795797025e+04
1.195153693201780334e+04
1.196888464997142000e+04
1.198622916003976570e+04
1.200349910221312530e+04
1.202083929744664056e+04
1.203813047840434774e+04
1.205550434073110227e+04
1.207278128448677671e+04
1.209004313219687901e+04
1.210745566395437345e+04
1.212483323137353000e+04
1.214207005192321958e+04
1.215932982416781670e+04
1.217674161220496353e+04
1.219407489489190993e+04
1.221135567749226902e+04
1.222862670719021298e+04
1.224603536378529861e+04
1.226342029241234923e+04
1.228067635427270579e+04
1.229790603122373068e+04
1.231524224102657536e+04
1.233269307263992960e+04
1.234998794313485450e+04
1.236721751518947713e+04
1.238459915264312804e+04
1.240198275337073574e+04
1.241919560650398125e+04
1.243647902912284735e+04
1.245388377186340949e+04
1.247116964787097095e+04
1.248854174848103139e+04
1.250589539456125567e+04
1.252317451589248230e+04
1.254041243897928143e+04
1.255776121589455579e+04
1.257512576845217336e+04
1.259241605585571233e+04
1.260972218606012575e+04
1.262709264926907781e+04
1.264440338115614941e+04
1.266170313265960431e+04
1.267899150770918823e+04
1.269642532557605773e+04
1.271373471381487616e+04
1.273104592908141603e+04
1.274830528332281392e+04
1.276568699917885533e+04
1.278295917558371548e+04
1.280019483801778188e+04
1.281741939331209869e+04
1.283464763419894734e+04
1.285185500572038836e+04
1.286907505802421110e+04
1.288629931085719727e+04
1.290363964797430162e+04
1.292095704767486677e+04
1.293828786286210016e+04
1.295572256400409970e+04
1.297307843342585693e+04
1.299034966096037897e+04
1.300758902901110196e+04
1.302489032804056842e+04
1.304232774481839806e+04
1.305959783125257673e+04
1.307692026202353554e+04
1.309422447695576557e+04
1.311163463562679681e+04
1.312892488729661272e+04
1.314615595280022899e+04
1.316343083086335537e+04
1.318086364374398727e+04
1.319821825714273473e+04
1.321554048776772834e+04
1.323279095589049939e+04
1.325014588548373649e+04
1.326754093143361206e+04
1.328487955340171175e+04
1.330228381786908722e+04
1.331969726077742598e+04
1.333709607022889759e+04
1.335446276568452595e+04
1.337176319388826960e+04
1.338898366377980710e+04
1.340631920862660263e+04
1.342364392471688188e+04
1.344102010874234838e+04
1.345831578278194138e+04
1.347570751524344087e+04
1.349298378979990957e+04
1.351024077774784382e+04
1.352766837345159365e+04
1.354493622355749903e+04
1.356220189166202181e+04
1.357951869864983746e+04
1.359692896893575380e+04
1.361429061392532640e+04
1.363145818829243217e+04
1.364862672602258135e+04
1.366598252195592431e+04
1.368340735794351349e+04
1.370075408672996855e+04
1.371814125346631590e+04
1.373553883736824355e+04
1.375302221088565966e+04
1.377038064279710125e+04
1.378775578701885570e+04
1.380515886295505152e+04
1.382261164508599177e+04
1.384003355659271801e+04
1.385744075316467206e+04
1.387481755068423990e+04
1.389224656494273040e+04
1.390961451618758656e+04
1.392683816235238737e+04
1.394408426596830395e+04
1.396146430752285960e+04
1.397890472063900597e+04
1.399621265541083631e+04
1.401351794075788712e+04
1.403082401945670972e+04
1.404817453573257080e+04
1.406532320627940499e+04
1.408248143932096173e+04
1.409962852761038812e+04
1.411691031593427397e+04
1.413408697398767436e+04
1.415125260174029609e+04
1.416844711801331505e+04
1.418574709732086376e+04
1.420297197153944580e+04
1.422020512877199872e+04
1.423742542544120079e+04
1.425460959973371064e+04
1.427175668966011290e+04
1.428889844628417632e+04
1.430606429301724347e+04
1.432319800350970399e+04
1.434037689001021317e+04
1.435753136999826165e+04
1.437469882277549186e+04
1.439185128140621600e+04
1.440903579403675394e+04
1.442624356587723014e+04
1.444338823216439778e+04
1.446055344590755703e+04
1.447776406730072813e+04
1.449493089718534247e+04
1.451208055369547583e+04
1.452917533051372811e+04
1.454637018173259639e+04
1.456355072494276646e+04
1.458073999806109896e+04
1.459790336717122773e+04
1.461508156143039014e+04
1.463222395394886553e+04
1.464937730681979519e+04
1.466650956557023892e+04
1.468367607551479341e+04
1.470085526839947852e+04
1.471808336965691342e+04
1.473525641067018296e+04
1.475260452929013263e+04
1.476978455125619075e+04
1.478705419460318080e+04
1.480430049484305346e+04
1.482159584497767355e+04
1.483899690354542872e+04
1.485622574806675220e+04
1.487350040171099317e+04
1.489091005553412106e+04
1.490818645193888733e+04
1.492555081305152635e+04
1.494288994003456901e+04
1.496016331577179153e+04
1.497750212317640762e+04
1.499481550791108020e+04
1.501210549148933933e+04
1.502948433981122798e+04
1.504672261166201861e+04
1.506393943585664601e+04
1.508117339616293611e+04
1.509853543424533382e+04
1.511596271750607048e+04
1.513328975706899655e+04
1.515061755580890713e+04
1.516796660442216489e+04
1.518530037536548116e+04
1.520266367690240259e+04
1.522000858126829917e+04
1.523725628093913838e+04
1.525464298818820134e+04
1.527199376832846247e+04
1.528926528113979475e+04
1.530652453293122016e+04
1.532372825733984428e+04
1.534106291442268957e+04
1.535844887386521623e+04
1.537579479735099812e+04
1.539326478627350298e+04
1.541062352870056202e+04
1.542796544195912611e+04
1.544539524871456160e+04
1.546287025777474264e+04
1.548033255261028535e+04
1.549772901642207216e+04
1.551513162702091176e+04
1.553254864944718429e+04
1.555005957970103918e+04
1.556752611129640172e+04
1.558493723784123176e+04
1.560233399062805256e+04
1.561980313237041992e+04
1.563726040635448589e+04
1.565466644494581124e+04
1.567209412492044430e+04
1.568951777527937520e+04
1.570699267075697207e+04
1.572443641113621561e+04
1.574187182485113590e+04
1.575930676562233566e+04
1.577679092735957965e+04
1.579424663657583005e+04
1.581168408533136426e+04
1.582913006775445865e+04
1.584659831522119566e+04
1.586407516381806454e+04
1.588152532475793669e+04
1.589897154887473516e+04
1.591642630554967400e+04
1.593390120616823697e+04
1.595137163106575099e+04
1.596882349501687531e+04
1.598627342401927308e+04
1.600373161515987522e+04
1.602121629046239104e+04
1.603867969011812784e+04
1.605611526527846945e+04
1.607355264050014375e+04
1.609102394890547839e+04
1.610850891744212277e+04
1.612595788538364286e+04
1.614337974916637540e+04
1.616082436957064601e+04
1.617830712300353480e+04
1.619577318640892554e+04
1.621320884742048474e+04
1.623063943158844995e+04
1.624811513270636351e+04
1.626560473122205076e+04
1.628305070204163530e+04
1.630047496488266006e+04
1.631792484238505313e+04
1.633543262704325025e+04
1.635290822507003941e+04
1.637032626354684362e+04
1.638774854487720950e+04
1.640523024753350910e+04
1.642273327796010926e+04
1.644016805470556574e+04
1.645756359154407983e+04
1.647500728552755754e+04
1.649250255519071652e+04
1.650997490390626626e+04
1.652739620503238984e+04
1.654482097776918454e+04
1.656230048723707296e+04
1.657981128221282779e+04
1.659725317900601658e+04
1.661466077364410739e+04
1.663210859441818684e+04
1.664962581210675125e+04
1.666709800706103124e+04
1.668450694530387045e+04
1.670192445758837130e+04
1.671941477455417044e+04
1.673692676581333944e+04
1.675435364536282214e+04
1.677175631023551614e+04
1.678920439220441040e+04
1.680672839727634710e+04
1.682419513635013573e+04
1.684160122024815064e+04
1.685901359915302237e+04
1.687648271997030679e+04
1.689399107909622762e+04
1.691142258505254722e+04
1.692882681491221956e+04
1.694627354384986393e+04
1.696379309237974667e+04
1.698126601668324292e+04
1.699867569238064243e+04
1.701609571544508435e+04
1.703359122245618710e+04
1.705110300970487151e+04
1.706852746742447198e+04
1.708593614157371121e+04
1.710338678033434553e+04
1.712091512759717443e+04
1.713837413431584719e+04
1.715578116951075936e+04
1.717320610518176909e+04
1.719072055465945959e+04
1.720821260000659822e+04
1.722563146003888687e+04
1.724304069967474788e+04
1.726051290514789434e+04
1.727803711663022113e+04
1.729547270648127596e+04
