0.000000000000000000e+00
1.721994680914848885e+01
3.437829276586424498e+01
5.155339952906362555e+01
6.881683298365750545e+01
8.604678977835948217e+01
1.032020330852944028e+02
1.204729847257748929e+02
1.377400631245652960e+02
1.549785851282874773e+02
1.721484285334313427e+02
1.893710410798141766e+02
2.066676214674916139e+02
2.239065881064332757e+02
2.413157543416094200e+02
2.588422801878809878e+02
2.764291922542753355e+02
2.938706017215340012e+02
3.111705938853726821e+02
3.284866159763411133e+02
3.458479192540822282e+02
3.632463967794141126e+02
3.806874919973558917e+02
3.979581593140682116e+02
4.153053068635941827e+02
4.326067622163674287e+02
4.500204798248339557e+02
4.673862934512004585e+02
4.847258830013782358e+02
5.021843749234021743e+02
5.194998202634558311e+02
5.368204752398155506e+02
5.542117297438735477e+02
5.716217469601242556e+02
5.890111423575490335e+02
6.064542970695810027e+02
6.236686416489692419e+02
6.411054088270763032e+02
6.586095193793232738e+02
6.758372719780402349e+02
6.931926770377970115e+02
7.106630595334220288e+02
7.281448830821905176e+02
7.454208455304931249e+02
7.627768485416079329e+02
7.801550985170727017e+02
7.975470406446173683e+02
8.149081115071853674e+02
8.322461415327827581e+02
8.495952043370136835e+02
8.669440159970345121e+02
8.843870560878992819e+02
9.017374700132320413e+02
9.191764708024450101e+02
9.365779214739816325e+02
9.540246390822047715e+02
9.713760040782085525e+02
9.887225694184216991e+02
1.006172505509036682e+03
1.023527006794356566e+03
1.040914925272106075e+03
1.058289436154952682e+03
1.075642062268560267e+03
1.092988449978792687e+03
1.110361522138613736e+03
1.127668949895819878e+03
1.145062421875555174e+03
1.162519061923174377e+03
1.179825389474433905e+03
1.197225873553305973e+03
1.214661530929640548e+03
1.232016519088087080e+03
1.249440108136723666e+03
1.266819385034236575e+03
1.284190673645513925e+03
1.301462245942971322e+03
1.318883885901251006e+03
1.336337480284284993e+03
1.353564925230362860e+03
1.370992880713049999e+03
1.388491591988214168e+03
1.405774055471808879e+03
1.423126497277833550e+03
1.440535109653693553e+03
1.457917670617078102e+03
1.475298624456384232e+03
1.492667791074630259e+03
1.509893479428754745e+03
1.527397917578336092e+03
1.544792928323140586e+03
1.562135162879677864e+03
1.579539825796755849e+03
1.596886465934845546e+03
1.614332816988890727e+03
1.631714434382501167e+03
1.649043748050086378e+03
1.666479814367993640e+03
1.683842390495265363e+03
1.701233381923763318e+03
1.718611645717764077e+03
1.735856767310851410e+03
1.753303894434140602e+03
1.770704331989467846e+03
1.788156436490391343e+03
1.805516883253057586e+03
1.822839321103648217e+03
1.840240507028803677e+03
1.857633337049544934e+03
1.875060612068613409e+03
1.892433580352355193e+03
1.909856136668675845e+03
1.927266168474211327e+03
1.944656622512160993e+03
1.962078480152518523e+03
1.979357388393942983e+03
1.996741567394209596e+03
2.013917789692138740e+03
2.031209810161285986e+03
2.048438773258017136e+03
2.065650889875148096e+03
2.082812473290124217e+03
2.100019559347554150e+03
2.117277261310100130e+03
2.134507656623595267e+03
2.151707097217452429e+03
2.168891421809201802e+03
2.186186332142216543e+03
2.203424094995697487e+03
2.220602314432277581e+03
2.237789276004741168e+03
2.255032900553318541e+03
2.272313488555194908e+03
2.289554683174923866e+03
2.306717421448564892e+03
2.323966277892549442e+03
2.341188972800961892e+03
2.358421902991581646e+03
2.375623643924947828e+03
2.392860951239531914e+03
2.410037660170472464e+03
2.427253931272717637e+03
2.444516459992970340e+03
2.461762051206451815e+03
2.478934264173740758e+03
2.496196236075856177e+03
2.513455576999303958e+03
2.530815061096844147e+03
2.548029239553281514e+03
2.565255993095836857e+03
2.582580600356114701e+03
2.600031488321296365e+03
2.617558218115649197e+03
2.634767293981916737e+03
2.652172462010253639e+03
2.669711939931874895e+03
2.687153611886640192e+03
2.704439876989335517e+03
2.721869919315552579e+03
2.739220753607935876e+03
2.756605141478557471e+03
2.773898299609685637e+03
2.791203387826002199e+03
2.808602464927124856e+03
2.825994006717005504e+03
2.843335366842098210e+03
2.860658685616473576e+03
2.878035757364563324e+03
2.895509148305608505e+03
2.912802157508476739e+03
2.930219669329044336e+03
2.947730720266315075e+03
2.965197804874248504e+03
2.982698708678881303e+03
2.999927123862788903e+03
3.017280567942338621e+03
3.034657392301457548e+03
3.052031700151566383e+03
3.069490223914327544e+03
3.086795860975515097e+03
3.104217378381800700e+03
3.121627961684150250e+03
3.139100523368347240e+03
3.156415496846173482e+03
3.173843414912021217e+03
3.191236876405023395e+03
3.208581109850329995e+03
3.225893829372887922e+03
3.243309110793979926e+03
3.260711121452717634e+03
3.278165346397500798e+03
3.295428704450680925e+03
3.312847152359873235e+03
3.330296129519685564e+03
3.347858850137540230e+03
3.365032060571903457e+03
3.382407241910732409e+03
3.399729804986711315e+03
3.417223557047663689e+03
3.434552806047608556e+03
3.451972336512477341e+03
3.469390671378326260e+03
3.486744006990055823e+03
3.504075824195147106e+03
3.521438015380691468e+03
3.538805283221206992e+03
3.556296762310109898e+03
3.573830089170992323e+03
3.591047939709585989e+03
3.608414094077718346e+03
3.625793252558012682e+03
3.643169211060247108e+03
3.660610487717045544e+03
3.677964867512932869e+03
3.695475892962080707e+03
3.712800202014580464e+03
3.730211197758239905e+03
3.747743984798241399e+03
3.765238504563304559e+03
3.782684346837445446e+03
3.800141986350122352e+03
3.817427873972391353e+03
3.834855915360521976e+03
3.852209941839920702e+03
3.869656302731928463e+03
3.887088403106557962e+03
3.904357440497137759e+03
3.921691581442521510e+03
3.939114875476459019e+03
3.956499761825764836e+03
3.973815749474026234e+03
3.991135309453258742e+03
4.008488102247334609e+03
4.025947560603300190e+03
4.043235694239686381e+03
4.060577813955329020e+03
4.078004053985896007e+03
4.095316905702979966e+03
4.112607679582377386e+03
4.129911805134282076e+03
4.147318889040085196e+03
4.164745616616537518e+03
4.182077176288084956e+03
4.199397029531731278e+03
4.216802719297253134e+03
4.234111387625308453e+03
4.251514562510055839e+03
4.268877307183216544e+03
4.286199634673471337e+03
4.303574960063677281e+03
4.320865593252575309e+03
4.338189447317362465e+03
4.355529208767049568e+03
4.372844340598090639e+03
4.390265330192433794e+03
4.407579650241695163e+03
4.424863458328612978e+03
4.442209409522959504e+03
4.459572722956577309e+03
4.476934479270572410e+03
4.494252622754432196e+03
4.511607832150852119e+03
4.529066953785478290e+03
4.546391530694487301e+03
4.563703324859754503e+03
4.581070819600136929e+03
4.598433108482784519e+03
4.615731895093799722e+03
4.633031549365387036e+03
4.650433980300418625e+03
4.667801851116921171e+03
4.685118539644890006e+03
4.702567467822051185e+03
4.719797131300585534e+03
4.737358981416748975e+03
4.754752414950777165e+03
4.772012159253297796e+03
4.789453367166626776e+03
4.806768995121581611e+03
4.824129023119917292e+03
4.841526493626663068e+03
4.858816016128590491e+03
4.876149583911666014e+03
4.893486775881854555e+03
4.910872369519379390e+03
4.928191331821362837e+03
4.945523302499690544e+03
4.962994352371222703e+03
4.980309388739431597e+03
4.997605928509632577e+03
5.014971215485477842e+03
5.032306205576648608e+03
5.049672623441974793e+03
5.066987897942552081e+03
5.084412077937981849e+03
5.101715164050921885e+03
5.119117032895041120e+03
5.136534111612865672e+03
5.153697005561003607e+03
5.171167050242485857e+03
5.188599205529790197e+03
5.205836462538485648e+03
5.223271758243835393e+03
5.240665536871318182e+03
5.257994174743902477e+03
5.275438576464787729e+03
5.292749541212659096e+03
5.310102184352926997e+03
5.327423385661437351e+03
5.344808672723042037e+03
5.362135709723527725e+03
5.379434716083072090e+03
5.396918808592303321e+03
5.414251736181469823e+03
5.431557447126948318e+03
5.448867106399372460e+03
5.466289854187803940e+03
5.483708513315382334e+03
5.501033480107496871e+03
5.518332164730803925e+03
5.535727488860355152e+03
5.553164880816789264e+03
5.570527685765780916e+03
5.587924596941036725e+03
5.605219809728617292e+03
5.622631470664677181e+03
5.639807777587542660e+03
5.657038105847406769e+03
5.674260004278075940e+03
5.691489310883927828e+03
5.708732864056675680e+03
5.725927533753163516e+03
5.743132437554632816e+03
5.760354464913554693e+03
5.777659563932440506e+03
5.795019981699488199e+03
5.812418915367134105e+03
5.829784789892226399e+03
5.847123091648563786e+03
5.864474262692954653e+03
5.881855075066909194e+03
5.899269352261096174e+03
5.916648113252791518e+03
5.933974076593101927e+03
5.951323159490793842e+03
5.968715853453782074e+03
5.986111933641662290e+03
6.003458567946832773e+03
6.020795348559498962e+03
6.038185814060600023e+03
6.055541467335177913e+03
6.072853049838006882e+03
6.090198219044989855e+03
6.107635565324828349e+03
6.125008008006179807e+03
6.142354123017490565e+03
6.159710078669315408e+03
6.177097149715940759e+03
6.194498852885155429e+03
6.211862545341506120e+03
6.229206702115474400e+03
6.246568037310380532e+03
6.263979493175060270e+03
6.281378475931383036e+03
6.298710239738769815e+03
6.316047647637385126e+03
6.333444661190320403e+03
6.350842849092236065e+03
6.368199015430453073e+03
6.385526976476119671e+03
6.402920266331200764e+03
6.420306795859180056e+03
6.437664412344307493e+03
6.454997332536970134e+03
6.472403997296707530e+03
6.489795203885914816e+03
6.507160849136694196e+03
6.524504537249302302e+03
6.541871578904781927e+03
6.559265797541438587e+03
6.576668113469778291e+03
6.594024658238293341e+03
6.611385976268969898e+03
6.628703908564959420e+03
6.645919319969577373e+03
6.663074478725500740e+03
6.680340737158010597e+03
6.697778381749272739e+03
6.715199298536857896e+03
6.732490078816150344e+03
6.749822438871007762e+03
6.767222155224924791e+03
6.784624392626130430e+03
6.801964798952561978e+03
6.819314197263315691e+03
6.836697056441358654e+03
6.854102632201707820e+03
6.871467561833576838e+03
6.888809187350912907e+03
6.906161692417530503e+03
6.923592836028530655e+03
6.940961887359349930e+03
6.958178150693067437e+03
6.975342910917297559e+03
6.992633729603112442e+03
7.010055215969370693e+03
7.027375351444702574e+03
7.044633282618729936e+03
7.061863713749626186e+03
7.079072209524181744e+03
7.096368763542738634e+03
7.113727365879538411e+03
7.131148672185083342e+03
7.148352868417275204e+03
7.165542404864995660e+03
7.182883536710251065e+03
7.200304269892738375e+03
7.217474042889708471e+03
7.234786988745905546e+03
7.252131785298945942e+03
7.269345220260840506e+03
7.286711845868790988e+03
7.304038717760106920e+03
7.321261924212565646e+03
7.338476840973395156e+03
7.355896133181498953e+03
7.373229054238376193e+03
7.390522374082382157e+03
7.407775392344778083e+03
7.424989182770247680e+03
7.442225497119701686e+03
7.459519280043157778e+03
7.476957062631279769e+03
7.494341194779552097e+03
7.511511919894543098e+03
7.528673235822332572e+03
7.546056905960555014e+03
7.563504116019322282e+03
7.580767800589268518e+03
7.597936509566950917e+03
7.615171229272027631e+03
7.632599440458427125e+03
7.649934480282357981e+03
7.667233226580874543e+03
7.684494065213963950e+03
7.701716773080199346e+03
7.718920294715093405e+03
7.736147251996216255e+03
7.753495167320785185e+03
7.770894951607051553e+03
7.788248309111790149e+03
7.805610463705182156e+03
7.822990011542425236e+03
7.840373629417141274e+03
7.857748018389341269e+03
7.875073700034721696e+03
7.892445490073288966e+03
7.909864109515761811e+03
7.927274045411388215e+03
7.944583670543004700e+03
7.961757497485432395e+03
7.979030749496703720e+03
7.996354913020100867e+03
8.013690441714121334e+03
8.030905611164794209e+03
8.048215305597143015e+03
8.065610384836327285e+03
8.082793828780620970e+03
8.100088426986018021e+03
8.117473955206056417e+03
8.134687047396420894e+03
8.151961007794920988e+03
8.169315367813029297e+03
8.186608889890263526e+03
8.203838359321378448e+03
8.221184867137149922e+03
8.238472089251135912e+03
8.255748700058751638e+03
8.273087741759783967e+03
8.290381249770187424e+03
8.307589590074545413e+03
8.324939319611887186e+03
8.342301490444520823e+03
8.359457694846412778e+03
8.376797568497895554e+03
8.394198549967850340e+03
8.411390057691141919e+03
8.428624366703501437e+03
8.445997955396596808e+03
8.463394231758373280e+03
8.480629873696201685e+03
8.497805880627964143e+03
8.515053888887443463e+03
8.532413099150382550e+03
8.549862560612218658e+03
8.567119855809214641e+03
8.584266540120268473e+03
8.601577986507496462e+03
8.619026502262066060e+03
8.636249658196966266e+03
8.653462343206043442e+03
8.670846835891352384e+03
8.688126726456348479e+03
8.705353491327059601e+03
8.722716955555297318e+03
8.740026622077548382e+03
8.757232397951707753e+03
8.774582206344895894e+03
8.791890919353878417e+03
8.809132803509104633e+03
8.826464203008814366e+03
8.843792919645153233e+03
8.860999752758063551e+03
8.878294050190232156e+03
8.895718380619204254e+03
8.912885959386590912e+03
8.930174538366925844e+03
8.947577616109980227e+03
8.964796594296552939e+03
8.982067589964182844e+03
8.999428397919120471e+03
9.016716927103107082e+03
9.033921324529259437e+03
9.051287678342083382e+03
9.068604928437316630e+03
9.085825664308757041e+03
9.103122107842473270e+03
9.120494403797190898e+03
9.137779300503929335e+03
9.154977538126830041e+03
9.172269099669591014e+03
9.189653320495510343e+03
9.207001970190583961e+03
9.224319910607471684e+03
9.241539034378718497e+03
9.258790772621639917e+03
9.275946961544210353e+03
9.293222787504164444e+03
9.310533491169539047e+03
9.327715182331263350e+03
9.344844322127668420e+03
9.362118736601561977e+03
9.379427895343969794e+03
9.396805476282987001e+03
9.414164075724047507e+03
9.431558670017169788e+03
9.448916788341175561e+03
9.466265170052443864e+03
9.483601166091917548e+03
9.500980992255317688e+03
9.518374387243125966e+03
9.535724574207473779e+03
9.553048768412627396e+03
9.570428017026646557e+03
9.587804797290067654e+03
9.605092712355930416e+03
9.622213710580570478e+03
9.639458574999000120e+03
9.656869014973162848e+03
9.674263795870650938e+03
9.691504845636427490e+03
9.708677358905293659e+03
9.725956417074950878e+03
9.743368811713738978e+03
9.760733188203794271e+03
9.778016090243687358e+03
9.795237594595088012e+03
9.812450570964449071e+03
9.829706739011031459e+03
9.847087387764146115e+03
9.864481759535963647e+03
9.881694991338827094e+03
9.898883805177414615e+03
9.916172872713166726e+03
9.933584191148092941e+03
9.950984202592237125e+03
9.968310829116409877e+03
9.985590144177036564e+03
1.000286765510774421e+04
1.002017902476244853e+04
1.003732210914892858e+04
1.005450054965547315e+04
1.007181780307883491e+04
1.008920596721412585e+04
1.010656361594166810e+04
1.012391332603965930e+04
1.014127770928974860e+04
1.015869867460771275e+04
1.017605851449754118e+04
1.019338981679040808e+04
1.021075878656738132e+04
1.022819080914187725e+04
1.024554503335965273e+04
1.026286229714472211e+04
1.028024356539344808e+04
1.029766751198896236e+04
1.031503691355933188e+04
1.033237248306575202e+04
1.034973957612562117e+04
1.036710347880994414e+04
1.038449320010236261e+04
1.040182490990681617e+04
1.041915137388203948e+04
1.043655542054086618e+04
1.045396123101689409e+04
1.047130473702978998e+04
1.048862951794601031e+04
1.050599806773200544e+04
1.052338451912343589e+04
1.054072936633084100e+04
1.055804818414380497e+04
1.057540717635160945e+04
1.059277798761653867e+04
1.061013265387263164e+04
1.062744033194602525e+04
1.064476516917962726e+04
1.066217016802069702e+04
1.067951766469025097e+04
1.069681342694340492e+04
1.071415217589366875e+04
1.073151313162202860e+04
1.074888521024457077e+04
1.076621147835337979e+04
1.078352674182506053e+04
1.080090265454963810e+04
1.081825742515904858e+04
1.083556591025616035e+04
1.085288461953317892e+04
1.087024997069781602e+04
1.088763303736187663e+04
1.090496333782753936e+04
1.092226462978271229e+04
1.093961681821336424e+04
1.095700326241271250e+04
1.097434686445491025e+04
1.099166083311874172e+04
1.100900934230302482e+04
1.102637959214586044e+04
1.104373046254429391e+04
1.106103492262924919e+04
1.107836009212998761e+04
1.109575374639440088e+04
1.111310868334755469e+04
1.113040391916770750e+04
1.114772814706621284e+04
1.116509192934721068e+04
1.118245646563549235e+04
1.119978219717795582e+04
1.121710216041717285e+04
1.123447493778857461e+04
1.125183705301135706e+04
1.126914256654241035e+04
1.128645372790829424e+04
1.130381071641329254e+04
1.132119532730586980e+04
1.133853170029414832e+04
1.135582943371015062e+04
1.137317288309984724e+04
1.139054023546268945e+04
1.140786696324486911e+04
1.142518306842495076e+04
1.144253117530435156e+04
1.145991250723553458e+04
1.147725519415554481e+04
1.149454854220254492e+04
1.151187511513430400e+04
1.152925188016003267e+04
1.154660929890846273e+04
1.156392824084355743e+04
1.158125680468542487e+04
1.159861999490101880e+04
1.161597523614678539e+04
1.163327748995175716e+04
1.165058350814559526e+04
1.166796247399673484e+04
1.168533513927544118e+04
1.170265317205278188e+04
1.171997160564418300e+04
1.173732232350909180e+04
1.175469176623012754e+04
1.177202648527509700e+04
1.178933742115224595e+04
1.180670155952894129e+04
1.182406674186446253e+04
1.184138622981438311e+04
1.185870578876016771e+04
1.187602410149576826e+04
1.189340985830583304e+04
1.191076448044287463e+04
1.192806324944656262e+04
1.194540206895058509e+04
1.196275747302229502e+04
1.198009521183664401e+04
1.199741419511115964e+04
1.201472698236346332e+04
1.203210957780599711e+04
1.204947509992209416e+04
1.206676958765918062e+04
1.208409142598665130e+04
1.210143772178007202e+04
1.211879604390560962e+04
1.213612221266146298e+04
1.215343484875638205e+04
1.217080224931582416e+04
1.218816936758552038e+04
1.220547819075811640e+04
1.222278732410978046e+04
1.224012183533830830e+04
1.225749593889574317e+04
1.227483917027181087e+04
1.229214619223657064e+04
1.230948895055240428e+04
1.232685750842722337e+04
1.234418326979767699e+04
1.236148656710422074e+04
1.237881246624893538e+04
1.239619210599988219e+04
1.241355246885858287e+04
1.243085185381449446e+04
1.244817372944145245e+04
1.246553419424113963e+04
1.248287113960001079e+04
1.250018641272852074e+04
1.251749984669415062e+04
1.253487659463890304e+04
1.255224677659468216e+04
1.256954145162112945e+04
1.258685761075356641e+04
1.260420329805774963e+04
1.262155305782977848e+04
1.263888210011388946e+04
1.265618839917283549e+04
1.267355199701904530e+04
1.269092826972988405e+04
1.270823124340879804e+04
1.272554406253138586e+04
1.274287181864824015e+04
1.276023613307856431e+04
1.277758176708061728e+04
1.279488928724681682e+04
1.281223409725272722e+04
1.282960583755433618e+04
1.284693336928949793e+04
1.286424266133622223e+04
1.288155742256532903e+04
1.289893116394046592e+04
1.291629623359867765e+04
1.293360303329010276e+04
1.295092588730447278e+04
1.296829040574481405e+04
1.298563681439913125e+04
1.300294976719002807e+04
1.302026182139535376e+04
1.303763308428178971e+04
1.305501077157922919e+04
1.307231566322093931e+04
1.308962342664866628e+04
1.310697658070132820e+04
1.312432985272949009e+04
1.314166575064938297e+04
1.315897482482685155e+04
1.317633252191605970e+04
1.319371518864074460e+04
1.321101601939947068e+04
1.322832606671693429e+04
1.324565892632024043e+04
1.326302186557051391e+04
1.328037712887580346e+04
1.329768417694310483e+04
1.331502067178883954e+04
1.333239232551820533e+04
1.334971156216901363e+04
1.336702733040753446e+04
1.338433955427943147e+04
1.340170752327726586e+04
1.341907793802002561e+04
1.343638601491946247e+04
1.345370277802201963e+04
1.347105990434241539e+04
1.348840584561318246e+04
1.350572117375215748e+04
1.352302649815658879e+04
1.354038936538276903e+04
1.355777086830029293e+04
1.357508419890380173e+04
1.359238597351706812e+04
1.360973269735056783e+04
1.362708630508868737e+04
1.364441144851889294e+04
1.366171335299101702e+04
1.367906401401458788e+04
1.369645067070085133e+04
1.371376799330619906e+04
1.373107075592295223e+04
1.374840110401890706e+04
1.376575039871514127e+04
1.378309764378331965e+04
1.380039916784044181e+04
1.381773705494684327e+04
1.383512053611954616e+04
1.385244891207896399e+04
1.386976437426795383e+04
1.388707360843332572e+04
1.390442009145911288e+04
1.392179103456983648e+04
1.393910432987178137e+04
1.395642965460516280e+04
1.397379983808160250e+04
1.399114560759337837e+04
1.400847042962110208e+04
1.402576486619214302e+04
1.404311706285951368e+04
1.406050882511828422e+04
1.407783079301144062e+04
1.409514057921657695e+04
1.411248929196623430e+04
1.412985935906811028e+04
1.414720085086112886e+04
1.416450862084465189e+04
1.418185618352579513e+04
1.419924714132285590e+04
1.421657095153260161e+04
1.423387791696096974e+04
1.425120519865218739e+04
1.426857311079726787e+04
1.428593408600103066e+04
1.430324993773436654e+04
1.432057534802840382e+04
1.433794390209323319e+04
1.435529397735565180e+04
1.437259765584958950e+04
1.438991779068562028e+04
1.440729033627282479e+04
1.442466718984187537e+04
1.444198369468993951e+04
1.445928052332620064e+04
1.447662988414820757e+04
1.449399285127240000e+04
1.451131444845401711e+04
1.452863109643181269e+04
1.454598926241707704e+04
1.456337154192119124e+04
1.458068544591639693e+04
1.459797217234765958e+04
1.461531443876513731e+04
1.463268313553073313e+04
1.465002744129680104e+04
1.466734327531521922e+04
1.468468014057124492e+04
1.470205573646104131e+04
1.471937593465432656e+04
1.473667470859140303e+04
1.475400108078239282e+04
1.477137265918067715e+04
1.478873609418778688e+04
1.480605143850658351e+04
1.482336857591273838e+04
1.484072681416667001e+04
1.485807056764817753e+04
1.487537584316842185e+04
1.489268956972285378e+04
1.491005694424858302e+04
1.492743255907775711e+04
1.494475407364290004e+04
1.496205236438868451e+04
1.497939049000590057e+04
1.499675013962992125e+04
1.501406893068404497e+04
1.503137991114876968e+04
1.504873302534891627e+04
1.506611837502911658e+04
1.508344315415517485e+04
1.510072741567628691e+04
1.511805804063424148e+04
1.513541762817270137e+04
1.515275675738816790e+04
1.517006577564853978e+04
1.518739878362487070e+04
1.520478597644508773e+04
1.522211230039086877e+04
1.523940114575332882e+04
1.525672633074272198e+04
1.527407048064111223e+04
1.529142717433947109e+04
1.530873634677693917e+04
1.532605780670556487e+04
1.534343817253587804e+04
1.536077773042973786e+04
1.537808174817558029e+04
1.539538938903321105e+04
1.541272639211546993e+04
1.543009343555105443e+04
1.544741440894764492e+04
1.546473022554408635e+04
1.548209450260139420e+04
1.549945129530066333e+04
1.551676752819918329e+04
1.553406572327315371e+04
1.555139338609897459e+04
1.556877224563200070e+04
1.558610939675490226e+04
1.560342025429009664e+04
1.562076678461665324e+04
1.563812306976252148e+04
1.565545848063683297e+04
1.567275502493258682e+04
1.569006665429891837e+04
1.570745601897551387e+04
1.572480920329920627e+04
1.574211927275722155e+04
1.575945025562911178e+04
1.577679951132913629e+04
1.579415276791544238e+04
1.581145263476041873e+04
1.582876228437978716e+04
1.584615063045719944e+04
1.586351355084808529e+04
1.588082627918182698e+04
1.589814178493548752e+04
1.591547853026278790e+04
1.593285030145546989e+04
1.595017177280958822e+04
1.596748350161811322e+04
1.598485432872512865e+04
1.600221454047357474e+04
1.601954321015993264e+04
1.603685106328044276e+04
1.605417297371991845e+04
1.607156449598240943e+04
1.608891205357839863e+04
1.610622035040776973e+04
1.612356154964501729e+04
1.614093089677917487e+04
1.615828426136018606e+04
1.617559693629575850e+04
1.619292645742711466e+04
1.621031506410455222e+04
1.622766960939228738e+04
1.624497317544076941e+04
1.626228337523618393e+04
1.627964599686867587e+04
1.629701469749126045e+04
1.631434177161132902e+04
1.633165896080780294e+04
1.634901851066259042e+04
1.636638539061471965e+04
1.638369254091288349e+04
1.640099811924782625e+04
1.641835861080346513e+04
1.643574149983145617e+04
1.645307732413290069e+04
1.647037612833810635e+04
1.648771115343736892e+04
1.650508086475150048e+04
1.652241134094866720e+04
1.653972501641000781e+04
1.655707626455372156e+04
1.657445386033410614e+04
1.659179637447228743e+04
1.660909080070753771e+04
1.662641104307155183e+04
1.664379070171428975e+04
1.666115091071785719e+04
1.667846840217327554e+04
1.669579755777423270e+04
1.671315852165505567e+04
1.673052126045059049e+04
1.674782854160181523e+04
1.676513885085007132e+04
1.678251842852393020e+04
1.679989331531594507e+04
1.681720436278596753e+04
1.683452163952032788e+04
1.685187446753899712e+04
1.686925242918336880e+04
1.688659602548970724e+04
1.690390667334457976e+04
1.692126322835010069e+04
1.693864989616425009e+04
1.695598234583216981e+04
1.697329425729925788e+04
1.699064388976737973e+04
1.700802817630393838e+04
1.702538157933576440e+04
1.704268627063605527e+04
1.706000105521213845e+04
1.707738320377504351e+04
1.709475035120985558e+04
1.711206846306386433e+04
1.712940418943911209e+04
1.714676178800588605e+04
1.716413883496937342e+04
1.718147260455656215e+04
1.719878708979218936e+04
1.721616755739937071e+04
1.723354143117633794e+04
1.725089602175455366e+04
1.726821475486034615e+04
1.728558560664482502e+04
1.730297842549710185e+04
1.732031362083315616e+04
1.733764872082312650e+04
