0.000000000000000000e+00
1.742444485095725781e+01
3.472050022351677256e+01
5.189675258496338017e+01
6.919447136835196943e+01
8.662669452882441590e+01
1.039182975483135323e+02
1.210766718573446497e+02
1.383260790956084065e+02
1.557335270236152382e+02
1.731111339549467800e+02
1.903748773497692071e+02
2.075982446450960310e+02
2.248099611114189997e+02
2.420878963073014916e+02
2.594513770366139056e+02
2.768613018081459813e+02
2.941380147204559421e+02
3.113094387868522972e+02
3.285523961692610442e+02
3.459468537427469528e+02
3.633581257486821414e+02
3.806005504531115093e+02
3.977237653489452214e+02
4.150136222920071987e+02
4.324028225425421397e+02
4.497825685778176421e+02
4.670791060610802106e+02
4.843123431183512366e+02
5.015158353332498677e+02
5.188090763382610930e+02
5.361680688552639822e+02
5.535606621797386424e+02
5.708414313288707262e+02
5.880249049879573704e+02
6.052211724189580764e+02
6.225261882936415532e+02
6.399619971056037002e+02
6.573439120658663342e+02
6.746538254957929439e+02
6.920009210834053874e+02
7.094324533294931143e+02
7.268043425821859955e+02
7.441229188669104815e+02
7.614850878291249501e+02
7.789040110085777542e+02
7.962810620386542269e+02
8.136156394703580190e+02
8.309804796161702143e+02
8.483494897568325541e+02
8.657499238284543708e+02
8.830972880644014822e+02
9.004479842010468928e+02
9.178239581346600744e+02
9.352687635904678700e+02
9.526372484687859696e+02
9.698651852494206196e+02
9.871002930690593757e+02
1.004328245409385318e+03
1.021563791480158670e+03
1.038807288546474638e+03
1.056100129491578400e+03
1.073423245093093783e+03
1.090782998478784748e+03
1.108139464742134805e+03
1.125517553237245011e+03
1.142883274332758901e+03
1.160235563814822399e+03
1.177585670923992893e+03
1.194955665730822602e+03
1.212363065068265087e+03
1.229767296683658742e+03
1.247113226935301100e+03
1.264462375045812678e+03
1.281858262988176193e+03
1.299254289735224347e+03
1.316603892411454581e+03
1.333922209085694931e+03
1.351313543181915975e+03
1.368739528014890766e+03
1.386099859884293664e+03
1.403415936028898614e+03
1.420800146276921623e+03
1.438204912415833405e+03
1.455560487559910598e+03
1.472889484197276261e+03
1.490239926528567139e+03
1.507623350917324387e+03
1.525011174553570982e+03
1.542349156868672026e+03
1.559689164397608693e+03
1.577073632933351291e+03
1.594466074034794929e+03
1.611798547683443758e+03
1.629117400378288039e+03
1.646508054228308083e+03
1.663911866754759558e+03
1.681245978005727466e+03
1.698556350023604637e+03
1.715930021808815127e+03
1.733311481570814976e+03
1.750655592931211913e+03
1.768000890614760465e+03
1.785319814740312722e+03
1.802722783198056959e+03
1.820092168957010927e+03
1.837391257132988130e+03
1.854761114124801225e+03
1.872156120491117235e+03
1.889530481711834454e+03
1.906852600190400608e+03
1.924187337163775510e+03
1.941573994624529632e+03
1.958973158678439177e+03
1.976328902400945935e+03
1.993677050931963777e+03
2.011026663712685377e+03
2.028454509591233091e+03
2.045837160437643888e+03
2.063184236735034574e+03
2.080475362447510634e+03
2.097811540840989892e+03
2.115136796460805726e+03
2.132478643609263600e+03
2.149877258288669054e+03
2.167271669007047876e+03
2.184644964774824075e+03
2.202002671320142326e+03
2.219363327164536713e+03
2.236754434189341737e+03
2.254132298063089820e+03
2.271472160712235564e+03
2.288801633157451306e+03
2.306214073649298825e+03
2.323580413831879014e+03
2.340835779205101062e+03
2.358082404041004338e+03
2.375318151112772284e+03
2.392562008748155677e+03
2.409729140943849870e+03
2.426951466646568406e+03
2.444206913138777963e+03
2.461639199328107679e+03
2.478867189483219136e+03
2.496161798569833991e+03
2.513478827678085963e+03
2.530980499621248327e+03
2.548360973553054919e+03
2.565805434068151953e+03
2.583059910606927133e+03
2.600557107953577088e+03
2.617973429653966377e+03
2.635284395380095702e+03
2.652695371802019508e+03
2.670052457509419582e+03
2.687440399980944221e+03
2.704727430325806381e+03
2.722027431232331764e+03
2.739429243601912276e+03
2.756816646993149789e+03
2.774152648495219182e+03
2.791492051230892685e+03
2.808866983178656483e+03
2.826273692324909462e+03
2.843608496620654023e+03
2.860952164959837319e+03
2.878444956087652827e+03
2.895766690303904852e+03
2.913219169956235874e+03
2.930592046886746175e+03
2.947921404987100686e+03
2.965282833982695593e+03
2.982774117967770962e+03
3.000166549658653821e+03
3.017450145486250221e+03
3.034919324516756205e+03
3.052309112681739862e+03
3.069702476659581407e+03
3.086950601485326388e+03
3.104479858661308754e+03
3.122064559146889223e+03
3.139528405040406597e+03
3.156973436681520525e+03
3.174147955739200825e+03
3.191627548138442762e+03
3.209134580168242337e+03
3.226453586950060526e+03
3.243724867663735040e+03
3.261175487648786657e+03
3.278628190189699126e+03
3.295997106494933178e+03
3.313272866113891723e+03
3.330591443353501290e+03
3.348031260007738638e+03
3.365343477526324932e+03
3.382715821358554422e+03
3.400067163561471716e+03
3.417473061119851081e+03
3.434809796311135869e+03
3.452155439108370501e+03
3.469350704803464851e+03
3.486665432114098621e+03
3.503887155374478880e+03
3.521055136718966423e+03
3.538236732383904382e+03
3.555533873940993544e+03
3.572768271679428835e+03
3.589958302832173104e+03
3.607121406311210194e+03
3.624408233325413676e+03
3.641647420181267080e+03
3.658801090044325974e+03
3.676007345069440817e+03
3.693284307563060338e+03
3.710648944444435074e+03
3.728006783060759972e+03
3.745372071683076683e+03
3.762700454907622770e+03
3.779972759316284282e+03
3.797113618425394179e+03
3.814330702453115009e+03
3.831633615580838523e+03
3.848984736579700439e+03
3.866333633565443961e+03
3.883727946781222727e+03
3.901114695222909177e+03
3.918492814867477136e+03
3.935824526607316329e+03
3.953176175343646264e+03
3.970594106587623173e+03
3.987999641455688561e+03
4.005334167882609108e+03
4.022681242265875881e+03
4.040009745212278176e+03
4.057308984325957681e+03
4.074448643409933538e+03
4.091651354111845194e+03
4.109034650366656933e+03
4.126453876111490899e+03
4.143772246861150052e+03
4.160947184834616564e+03
4.178177711549511514e+03
4.195488922538550469e+03
4.212830794374996003e+03
4.230171159445665580e+03
4.247415196068496698e+03
4.264632006525434917e+03
4.281973285201840554e+03
4.299324863584475679e+03
4.316570679306219063e+03
4.333881913537135915e+03
4.351214098231752359e+03
4.368415189074042246e+03
4.385720351474131348e+03
4.403111125127947162e+03
4.420303078749595443e+03
4.437616586870130050e+03
4.454975566635225732e+03
4.472183857625828750e+03
4.489504589099837176e+03
4.506834023464512029e+03
4.524075177995830018e+03
4.541449346101162519e+03
4.558695266438293402e+03
4.575945493348968739e+03
4.593318732103916773e+03
4.610578418023611448e+03
4.627834158062403731e+03
4.645173267713209498e+03
4.662444389078995300e+03
4.679778770808136869e+03
4.697051515481593015e+03
4.714297271556833039e+03
4.731642816553823650e+03
4.748945293682678312e+03
4.766177407203676921e+03
4.783524388004563662e+03
4.800803253712952937e+03
4.818112933238560800e+03
4.835412228141078231e+03
4.852648493626233176e+03
4.869963684780743279e+03
4.887315996155484754e+03
4.904521391206505541e+03
4.921864519587407813e+03
4.939200254354132994e+03
4.956392740212766512e+03
4.973731295320188110e+03
4.991077455157548684e+03
5.008291235446684368e+03
5.025667584221477227e+03
5.042945038632524302e+03
5.060167218483538818e+03
5.077520798540217584e+03
5.094816358678575853e+03
5.112053372538511212e+03
5.129401923496317977e+03
5.146692414288325381e+03
5.163935843302830108e+03
5.181304318239964232e+03
5.198560340402505972e+03
5.215771158824603845e+03
5.233218400406021829e+03
5.250474410118810738e+03
5.267688169751054375e+03
5.285049995458170997e+03
5.302352317729925744e+03
5.319558405218806001e+03
5.336905764811292102e+03
5.354294410125781724e+03
5.371514253560479119e+03
5.388703459919108354e+03
5.405955196745630019e+03
5.423269830454028124e+03
5.440744957092269033e+03
5.458103351715767531e+03
5.475420319107184696e+03
5.492774338995674043e+03
5.510229753977790097e+03
5.527591918683610857e+03
5.544927378062815478e+03
5.562301519659064979e+03
5.579720648735470604e+03
5.597087691923417879e+03
5.614395906615705826e+03
5.631615626740570406e+03
5.648819208149099723e+03
5.666040514943879316e+03
5.683338087539777916e+03
5.700699470944474342e+03
5.718101649699134214e+03
5.735468353542568366e+03
5.752806145062705582e+03
5.770160574219514274e+03
5.787549218853177081e+03
5.804946593298956941e+03
5.822340980716330705e+03
5.839679216141506913e+03
5.857048718545942393e+03
5.874450067770638270e+03
5.891822541206308415e+03
5.909149084213904644e+03
5.926473607523213104e+03
5.943875460932036731e+03
5.961262116234483074e+03
5.978577831634927861e+03
5.995895219017324052e+03
6.013284106541072106e+03
6.030653625964134335e+03
6.047991039610615189e+03
6.065319218185826685e+03
6.082646933918160357e+03
6.100046912650647755e+03
6.117393617827571688e+03
6.134695269389342684e+03
6.152046190652312362e+03
6.169415174925385145e+03
6.186763598547946458e+03
6.204085801930388698e+03
6.221429573788367634e+03
6.238811109548107197e+03
6.256171826991652779e+03
6.273505816609695103e+03
6.290827668307655586e+03
6.308233505173638150e+03
6.325609586859010051e+03
6.342932948468016548e+03
6.360248486760619926e+03
6.377617924360004508e+03
6.395001048154387718e+03
6.412339888351534682e+03
6.429652941450028266e+03
6.447004457691187781e+03
6.464399607833025584e+03
6.481745109850702647e+03
6.499056168837649238e+03
6.516429466873105412e+03
6.533794046669308955e+03
6.551147772587752115e+03
6.568481128492082462e+03
6.585820715999376262e+03
6.603217276629027765e+03
6.620583014976466075e+03
6.637931831688048987e+03
6.655262622528815882e+03
6.672680311716540018e+03
6.690097448413664097e+03
6.707454320635562908e+03
6.724795048760344798e+03
6.742197361784424174e+03
6.759595275170718196e+03
6.776945974484654471e+03
6.794270779107195267e+03
6.811680897521337101e+03
6.829087812361321994e+03
6.846456975909870380e+03
6.863784925012323583e+03
6.881163878921544892e+03
6.898551484238757439e+03
6.915925160182381660e+03
6.933274814070062348e+03
6.950621413853103149e+03
6.968012087060208614e+03
6.985408663111340502e+03
7.002765429546958330e+03
7.020101055837872991e+03
7.037493576491560816e+03
7.054908380003520506e+03
7.072266461353602608e+03
7.089592145986181094e+03
7.106956726676795370e+03
7.124380639832847919e+03
7.141764372091740370e+03
7.159080903341030535e+03
7.176436588586228936e+03
7.193867923292846172e+03
7.211274149282638973e+03
7.228592515416072274e+03
7.245970284958559205e+03
7.263390031219822049e+03
7.280789901785314214e+03
7.298122472524106342e+03
7.315488389295511297e+03
7.332855225538365630e+03
7.350248197471672938e+03
7.367594780873925629e+03
7.384920063201320772e+03
7.402293078094593511e+03
7.419704290228526588e+03
7.437087687836592522e+03
7.454438544381517204e+03
7.471771782362156046e+03
7.489178042966632347e+03
7.506585234070021215e+03
7.523951521697378666e+03
7.541275707596058055e+03
7.558675110549524106e+03
7.576077840798812758e+03
7.593398706269899776e+03
7.610760110029745192e+03
7.628161964648161302e+03
7.645566036091638125e+03
7.662930215237081939e+03
7.680275462211918239e+03
7.697649053518729488e+03
7.715049251114027356e+03
7.732414049124265148e+03
7.749736010747571527e+03
7.767063887295215864e+03
7.784451166199743966e+03
7.801820900106970839e+03
7.819131253962015762e+03
7.836451631095957055e+03
7.853817636429640515e+03
7.871179921786000705e+03
7.888503304163533357e+03
7.905835720187506922e+03
7.923199965865029299e+03
7.940567830340988621e+03
7.957910330605713170e+03
7.975204448691019024e+03
7.992576501730512973e+03
8.009972644022433087e+03
8.027285086165997200e+03
8.044616560822169049e+03
8.061964801125807753e+03
8.079334901947769140e+03
8.096698996824314236e+03
8.114007819600363291e+03
8.131348108149511972e+03
8.148728060122302850e+03
8.166066017982186168e+03
8.183380894996729694e+03
8.200721492480144661e+03
8.218104639728240727e+03
8.235466179551338428e+03
8.252777963427655777e+03
8.270113277253034539e+03
8.287492318291051561e+03
8.304887272357815164e+03
8.322206546431538300e+03
8.339526693082851125e+03
8.356900347567352583e+03
8.374284656206809814e+03
8.391625136931772431e+03
8.408956944862831733e+03
8.426310750927266781e+03
8.443688383313994564e+03
8.461057962571565440e+03
8.478370010303324307e+03
8.495727548955250313e+03
8.513135073729023134e+03
8.530495206642382982e+03
8.547805822960615842e+03
8.565156155161877905e+03
8.582544786920825572e+03
8.599904137029263438e+03
8.617241505986177799e+03
8.634550585935015988e+03
8.651920154210751207e+03
8.669315164543131687e+03
8.686628229899613871e+03
8.703944769784267919e+03
8.721308784137016119e+03
8.738675442341951566e+03
8.756013518782157917e+03
8.773335863876984149e+03
8.790691636140536502e+03
8.808067591249273391e+03
8.825423787467774673e+03
8.842732981080014724e+03
8.860086013946331150e+03
8.877493870389247604e+03
8.894824407145084479e+03
8.912148471863310988e+03
8.929488372237297881e+03
8.946864310270775604e+03
8.964244498990525244e+03
8.981565416104072938e+03
8.998885132732719285e+03
9.016263788777863738e+03
9.033660102261483189e+03
9.050979490753534265e+03
9.068310010193150447e+03
9.085684516494426134e+03
9.103076448559164419e+03
9.120433895093014144e+03
9.137766902360986933e+03
9.155140077914533322e+03
9.172556282284631379e+03
9.189918471782821143e+03
9.207243013263347166e+03
9.224598388078051357e+03
9.241994781670000521e+03
9.259380522841525817e+03
9.276709990694731459e+03
9.294058571236839271e+03
9.311464798233111651e+03
9.328899036797865847e+03
9.346238958957779687e+03
9.363584029346684474e+03
9.380950751569367640e+03
9.398368615571853297e+03
9.415720785285484453e+03
9.433067712276528255e+03
9.450471329647971288e+03
9.467881558550132468e+03
9.485246998084463485e+03
9.502581955608104181e+03
9.519966780743805430e+03
9.537368825745248614e+03
9.554754545047599095e+03
9.572102472633734578e+03
9.589456812478147185e+03
9.606856164600729244e+03
9.624265329914127506e+03
9.641582376022395692e+03
9.658816993105079746e+03
9.676022478321630842e+03
9.693277632346689643e+03
9.710616732146567301e+03
9.727975499053929525e+03
9.745276559228041151e+03
9.762482300025392760e+03
9.779698933002960985e+03
9.797049244102572629e+03
9.814479661618266618e+03
9.831813165879619191e+03
9.849019870750078553e+03
9.866150352655869938e+03
9.883472262494680763e+03
9.900821685946257276e+03
9.918185750397040465e+03
9.935530707534413523e+03
9.952816342148184049e+03
9.970030158039155140e+03
9.987227478103530302e+03
1.000445523897806925e+04
1.002167221593240538e+04
1.003896402421589664e+04
1.005613191761551570e+04
1.007331423716731297e+04
1.009064634432227467e+04
1.010795387794000453e+04
1.012516510392534474e+04
1.014238671078242987e+04
1.015972684310087061e+04
1.017713500134845890e+04
1.019454013190307160e+04
1.021196141040438488e+04
1.022943827331516513e+04
1.024674103249451946e+04
1.026418152211063716e+04
1.028150894539761430e+04
1.029891270649104990e+04
1.031627101794739428e+04
1.033360716673856768e+04
1.035099131793254492e+04
1.036832788812508079e+04
1.038579541652824810e+04
1.040316216077221543e+04
1.042050136253518576e+04
1.043777114652284035e+04
1.045510717142947760e+04
1.047267895071170096e+04
1.049011508747267362e+04
1.050753334229781831e+04
1.052502087261223642e+04
1.054257401342016601e+04
1.055979967759743158e+04
1.057713149445580348e+04
1.059442148467273364e+04
1.061168706886662949e+04
1.062896945872076503e+04
1.064616513921037404e+04
1.066337463631935680e+04
1.068059723152702099e+04
1.069780877312929806e+04
1.071501406832879002e+04
1.073222980355091204e+04
1.074947151054685673e+04
1.076671150038678388e+04
1.078394430930907038e+04
1.080118813794149173e+04
1.081850401215833517e+04
1.083562043575968710e+04
1.085285004147884683e+04
1.087017398682359999e+04
1.088762324907966831e+04
1.090496964818401648e+04
1.092213338021892923e+04
1.093935307365933113e+04
1.095679420948068946e+04
1.097407308958655995e+04
1.099123868164972373e+04
1.100856209779856363e+04
1.102599127715008945e+04
1.104317916914727357e+04
1.106044298334208361e+04
1.107783004031319069e+04
1.109506325432052108e+04
1.111232949443974940e+04
1.112968300363710296e+04
1.114702520287759398e+04
1.116428149300120458e+04
1.118145749289873856e+04
1.119872292368799390e+04
1.121608647014323651e+04
1.123352933951462910e+04
1.125074147664439442e+04
1.126794882309902277e+04
1.128530562078549519e+04
1.130266501821053316e+04
1.131984767009169809e+04
1.133717039408321943e+04
1.135453588643854891e+04
1.137174648363161396e+04
1.138902131451541572e+04
1.140638086194195785e+04
1.142374359158702100e+04
1.144107096968532824e+04
1.145822571383236573e+04
1.147543101466677763e+04
1.149271856084551473e+04
1.151018384426673583e+04
1.152755746392334004e+04
1.154472245184466738e+04
1.156190450025649989e+04
1.157932545173570179e+04
1.159673914711739053e+04
1.161395193026394554e+04
1.163112104455925510e+04
1.164845173832619184e+04
1.166586305617794642e+04
1.168312114681421917e+04
1.170028958229361160e+04
1.171766716062173145e+04
1.173507535740194180e+04
1.175227231088446570e+04
1.176943683614876863e+04
1.178682997617515866e+04
1.180425206116180561e+04
1.182148649675984416e+04
1.183864679276984862e+04
1.185597909455039189e+04
1.187340226484376399e+04
1.189064049690359934e+04
1.190779955993109797e+04
1.192519246446224133e+04
1.194260210825654576e+04
1.195980512979967170e+04
1.197695759908825494e+04
1.199433412317451075e+04
1.201175514415608995e+04
1.202901790193156921e+04
1.204617246110278393e+04
1.206350427281732300e+04
1.208093480187305613e+04
1.209815859042766533e+04
1.211531223847860929e+04
1.213270462140313248e+04
1.215013762634204613e+04
1.216737230154951249e+04
1.218452027237192669e+04
1.220181971472250370e+04
1.221924545964223398e+04
1.223656759525437883e+04
1.225384251389365818e+04
1.227108196305629826e+04
1.228828967228225338e+04
1.230550610925639194e+04
1.232273170293277690e+04
1.234002110705824816e+04
1.235726218703438099e+04
1.237443223447692617e+04
1.239167696765558503e+04
1.240895379418086668e+04
1.242617754768921623e+04
1.244343306278896489e+04
1.246060273239129128e+04
1.247785141515971918e+04
1.249514166699358975e+04
1.251232032244517359e+04
1.252954482541499237e+04
1.254678388454989908e+04
1.256401512152551004e+04
1.258118805394246010e+04
1.259845333228695927e+04
1.261573516496648153e+04
1.263293900914925325e+04
1.265026882574138654e+04
1.266773922617403514e+04
1.268529631918279119e+04
1.270280569872723754e+04
1.272023744808255287e+04
1.273750680672273302e+04
1.275488870256029986e+04
1.277216423623021547e+04
1.278938556015340509e+04
1.280654284671444475e+04
1.282381294092253302e+04
1.284106404848915918e+04
1.285825436909392374e+04
1.287543499406672709e+04
1.289267253322071338e+04
1.290987740416718771e+04
1.292708518701189132e+04
1.294429017795331310e+04
1.296153210335578478e+04
1.297871523843738396e+04
1.299594256454320202e+04
1.301315573835043142e+04
1.303038225376334594e+04
1.304758661644801032e+04
1.306484690223013604e+04
1.308220803769664963e+04
1.309962411449165666e+04
1.311699370941966117e+04
1.313434840744586472e+04
1.315170135345594463e+04
1.316910185165789153e+04
1.318649196593034685e+04
1.320383362258560555e+04
1.322116475213570811e+04
1.323858044205103215e+04
1.325599195690231500e+04
1.327324264053102888e+04
1.329036955703014974e+04
1.330763193774772299e+04
1.332499946617610840e+04
1.334235872527163883e+04
1.335971157879811290e+04
1.337709975039066012e+04
1.339451943940590172e+04
1.341186992156386259e+04
1.342919186629165051e+04
1.344651791275541473e+04
1.346374267450132902e+04
1.348091545673981091e+04
1.349812259784118578e+04
1.351543003592749119e+04
1.353279458670212261e+04
1.355016163209035039e+04
1.356751688010372527e+04
1.358489924934425653e+04
1.360228540187214458e+04
1.361967183679659138e+04
1.363700969173435442e+04
1.365436696641131130e+04
1.367175703395269738e+04
1.368919360754883382e+04
1.370652736363486110e+04
1.372379487389531278e+04
1.374103516631421917e+04
1.375823180714427144e+04
1.377555189814570622e+04
1.379293784977036921e+04
1.381032036109878391e+04
1.382759189021504426e+04
1.384473754633266435e+04
1.386193321465297777e+04
1.387921688935199927e+04
1.389646279284199773e+04
1.391360432012009915e+04
1.393081581404278768e+04
1.394820352551614997e+04
1.396561422672535627e+04
1.398293600554444129e+04
1.400016109482331376e+04
1.401738600712546395e+04
1.403465245884882097e+04
1.405199511787465963e+04
1.406934955434024778e+04
1.408657953887780604e+04
1.410383325890165725e+04
1.412117713779407313e+04
1.413851882853079951e+04
1.415573767426475388e+04
1.417306064049367706e+04
1.419039139357425120e+04
1.420759977620720019e+04
1.422492503620306161e+04
1.424228200539698628e+04
1.425947422252200158e+04
1.427678067761864622e+04
1.429415557929870920e+04
1.431138102770741534e+04
1.432868190662391316e+04
1.434600553640024009e+04
1.436326263819646192e+04
1.438062021984925013e+04
1.439785489695632350e+04
1.441514015539823231e+04
1.443248702160195171e+04
1.444976336662319409e+04
1.446699505591634443e+04
1.448435673544047859e+04
1.450162898798541391e+04
1.451894306811514798e+04
1.453625735797655580e+04
1.455346707870554383e+04
1.457080569130190997e+04
1.458815705967124086e+04
1.460533858832126862e+04
1.462267078769856380e+04
1.464002083125869467e+04
1.465725181186911686e+04
1.467457574890936667e+04
1.469188272065997990e+04
1.470912370911997823e+04
1.472649864396212251e+04
1.474372917101221537e+04
1.476101861892736088e+04
1.477836001242712155e+04
1.479563228634899679e+04
1.481290097754707676e+04
1.483023088956153879e+04
1.484748616141294406e+04
1.486484266821150959e+04
1.488208153468347700e+04
1.489937755456114792e+04
1.491669712548226016e+04
1.493398774764704467e+04
1.495124383685340581e+04
1.496858764581695141e+04
1.498583413237799505e+04
1.500318603672842437e+04
1.502044733703930251e+04
1.503772005593897120e+04
1.505504069584707759e+04
1.507234480294119930e+04
1.508958875010063639e+04
1.510693418866024513e+04
1.512418884137785608e+04
1.514152487669472794e+04
1.515880522183027642e+04
1.517606585724026445e+04
1.519337923549493462e+04
1.521070095458113610e+04
1.522793081410399100e+04
1.524527974334267856e+04
1.526255294945297283e+04
1.527985429141007262e+04
1.529717316129531537e+04
1.531441045032208785e+04
1.533169127019301231e+04
1.534907431654592801e+04
1.536630133537303482e+04
1.538360793478561391e+04
1.540092941836403043e+04
1.541817983421361168e+04
1.543551754578850887e+04
1.545278322188523816e+04
1.547002441432070918e+04
1.548741863856185046e+04
1.550466231699848868e+04
1.552195646145446517e+04
1.553928403366647035e+04
1.555652521405072184e+04
1.557385739771689259e+04
1.559115620672841760e+04
1.560837232523177954e+04
1.562576594388781814e+04
1.564302701421996790e+04
1.566029954246470879e+04
1.567761528755643485e+04
1.569489382091031985e+04
1.571218494279600600e+04
1.572951892982092431e+04
1.574674842622713732e+04
1.576409096424820382e+04
1.578138293055697068e+04
1.579866262986792208e+04
1.581593647544859050e+04
1.583325478638531422e+04
1.585054198737178376e+04
1.586785707630454272e+04
1.588509794316391344e+04
1.590243015607563393e+04
1.591973336879447743e+04
1.593701242201858076e+04
1.595426607187210902e+04
1.597161451707080050e+04
1.598889651927404702e+04
1.600619951219863287e+04
1.602346312971170119e+04
1.604076621334703668e+04
1.605808315046789357e+04
1.607537111936736437e+04
1.609261001898179529e+04
1.610996049469328136e+04
1.612725066122021599e+04
1.614455497965743416e+04
1.616182740572225521e+04
1.617909837360331585e+04
1.619644087273556579e+04
1.621372425971308985e+04
1.623094906282262855e+04
1.624831412597453163e+04
1.626560505168802774e+04
1.628289987272401231e+04
1.630018333914086543e+04
1.631744539230355440e+04
1.633478333614413350e+04
1.635209273454631148e+04
1.636929284506093063e+04
1.638666415318036888e+04
1.640396487198088289e+04
1.642124299449457612e+04
1.643852682771089530e+04
1.645580230603684686e+04
1.647312700415446307e+04
1.649045191427466489e+04
1.650766445267239033e+04
1.652499098041661637e+04
1.654232386960406438e+04
1.655959797192904443e+04
1.657685322491621628e+04
1.659416284779604393e+04
1.661147878028005653e+04
1.662879502067333306e+04
1.664602152287670833e+04
1.666333168445902993e+04
1.668066819249772016e+04
1.669796021745245162e+04
1.671519736398243913e+04
1.673251038900985441e+04
1.674983684317187726e+04
1.676714108459716226e+04
1.678438043280587590e+04
1.680167685140803223e+04
1.681901869673858891e+04
1.683630912569609427e+04
1.685354027230462452e+04
1.687086479587955182e+04
1.688819006489727326e+04
1.690549297633848255e+04
1.692274643448479765e+04
1.694001785930315236e+04
1.695736675033169377e+04
1.697466755214857039e+04
1.699188498356813943e+04
1.700921821642170835e+04
1.702654402512036177e+04
1.704384033008320694e+04
1.706109915237544192e+04
1.707836783007138365e+04
1.709571256777914459e+04
1.711302415098356141e+04
1.713023376515464406e+04
1.714757189780017507e+04
1.716489497588119411e+04
1.718218344512037584e+04
1.719946902684856832e+04
1.721671397339996838e+04
1.723404296364775291e+04
1.725139897351519903e+04
1.726858718777637841e+04
1.728591725650599255e+04
1.730326249907963211e+04
1.732051501542190090e+04
