0.000000000000000000e+00
1.744222038285971976e+01
3.476767560755151720e+01
5.203064451461553119e+01
6.944640506876856989e+01
8.684574711851291795e+01
1.041751859199177943e+02
1.215234364861071157e+02
1.388912885908286512e+02
1.562882453857312441e+02
1.736770401322069688e+02
1.909504738220255149e+02
2.082820668703317324e+02
2.257327333475739408e+02
2.430688239658632313e+02
2.604005824483720630e+02
2.777716008626239841e+02
2.951416507829757165e+02
3.125652426980554992e+02
3.299078972230308864e+02
3.471797609107909466e+02
3.646095409743994082e+02
3.820095537866318409e+02
3.993131029616422438e+02
4.166566125125008284e+02
4.340510687468382685e+02
4.514410711449761493e+02
4.688178779564333922e+02
4.861130937811291233e+02
5.034336911511302901e+02
5.209073365711047927e+02
5.382341876586405078e+02
5.555392095813394917e+02
5.729215977029030000e+02
5.903023223502143537e+02
6.077061981161446056e+02
6.250530789205490692e+02
6.423410238830751950e+02
6.597625667057293413e+02
6.771762516608962414e+02
6.944600070722478904e+02
7.117828825252640854e+02
7.291880202319728141e+02
7.465762287912557440e+02
7.639472782885152355e+02
7.812604804933632749e+02
7.985831265508751358e+02
8.160553806595139577e+02
8.333938443062521628e+02
8.506717725166802211e+02
8.680722566394545083e+02
8.854612334021103379e+02
9.028419278974290592e+02
9.201932724185564894e+02
9.375040183037158386e+02
9.549055619809762447e+02
9.723159737537930596e+02
9.895960343472455634e+02
1.006922812329244493e+03
1.024332898537170877e+03
1.041714295383968420e+03
1.059074445533096423e+03
1.076415912449748248e+03
1.093753239100964038e+03
1.111194686647235130e+03
1.128547356885347654e+03
1.145802410846720932e+03
1.163218096287584331e+03
1.180610946391694142e+03
1.197968110455179158e+03
1.215322433465513541e+03
1.232656266250790395e+03
1.250056535400375878e+03
1.267463810083137105e+03
1.284746685113734657e+03
1.302062215068636760e+03
1.319498490862412382e+03
1.336869817209937764e+03
1.354208453929253210e+03
1.371560898065105448e+03
1.388909078635012975e+03
1.406347605684932660e+03
1.423703484234230018e+03
1.440947521072580457e+03
1.458356259213816429e+03
1.475768108747388851e+03
1.493109289721184268e+03
1.510452007334156406e+03
1.527809181133460015e+03
1.545211268529019435e+03
1.562611473790715991e+03
1.579910560738524055e+03
1.597211296969019713e+03
1.614663908607116582e+03
1.632041936739033190e+03
1.649350443908542729e+03
1.666718384012442584e+03
1.684084375929201542e+03
1.701498305970009824e+03
1.718875274945570027e+03
1.736143328523351784e+03
1.753525983109649587e+03
1.770951141024790331e+03
1.788277771830732490e+03
1.805599964104129867e+03
1.822981704320695371e+03
1.840376140806341482e+03
1.857765539741186331e+03
1.875108579618005251e+03
1.892402181443998415e+03
1.909843343687141669e+03
1.927251683053533270e+03
1.944519794627138708e+03
1.961891410500888924e+03
1.979289321877144630e+03
1.996676457839499335e+03
2.014044693701805045e+03
2.031374926844822085e+03
2.048727260708526501e+03
2.066157170658131236e+03
2.083512806076018933e+03
2.100774313624983733e+03
2.118187601435860870e+03
2.135583812426742952e+03
2.152937110959683196e+03
2.170300144515714237e+03
2.187625996025486529e+03
2.205040774614191378e+03
2.222458130565396459e+03
2.239749455780954122e+03
2.257067782854430334e+03
2.274499548364412476e+03
2.291893929623116946e+03
2.309209017732839129e+03
2.326578938696170553e+03
2.343944483080742430e+03
2.361343870927693843e+03
2.378732831981628806e+03
2.395986722961071791e+03
2.413379786356528712e+03
2.430803944251989378e+03
2.448132032897875433e+03
2.465465354841943736e+03
2.482840194755582161e+03
2.500236600293175798e+03
2.517628755159364118e+03
2.534970340850359207e+03
2.552258058196679031e+03
2.569694500117515418e+03
2.587110549364489998e+03
2.604384367164517698e+03
2.621747944544457823e+03
2.639143224337307402e+03
2.656531486004349972e+03
2.673904885082489272e+03
2.691218091044108405e+03
2.708576203109629205e+03
2.726006088893242577e+03
2.743345865395780493e+03
2.760625282569242700e+03
2.778025857182899927e+03
2.795435435832471740e+03
2.812793367808340463e+03
2.830152107285560305e+03
2.847465466626479611e+03
2.864872001599605937e+03
2.882309369804008384e+03
2.899578362022123656e+03
2.916907170086640690e+03
2.934318854587336318e+03
2.951704163598458763e+03
2.969055440058450586e+03
2.986396510134340588e+03
3.003758321373183662e+03
3.021178347674415363e+03
3.038555107988527197e+03
3.055801559183169047e+03
3.073187036393862854e+03
3.090624572335047560e+03
3.107952386840670442e+03
3.125303396071232783e+03
3.142650863961376672e+03
3.160039441923020604e+03
3.177465105849985775e+03
3.194757320573883590e+03
3.212065130274013427e+03
3.229489206948676838e+03
3.246875830992145893e+03
3.264194116279418722e+03
3.281557043669067752e+03
3.298932539371787698e+03
3.316327925256260642e+03
3.333725558976888351e+03
3.350985161868558862e+03
3.368361057915343736e+03
3.385804158800665391e+03
3.403120273130752594e+03
3.420454084634531682e+03
3.437828111325744430e+03
3.455221001757758131e+03
3.472612107836283940e+03
3.489934501492418804e+03
3.507235353235575985e+03
3.524652369357621865e+03
3.542041668993939311e+03
3.559328887961668443e+03
3.576695697950904105e+03
3.594091347149716967e+03
3.611471177948485092e+03
3.628856606754005043e+03
3.646144994369338292e+03
3.663509340280355900e+03
3.680964746762749201e+03
3.698267419414225515e+03
3.715579238764998081e+03
3.732960942282370524e+03
3.750354499786309134e+03
3.767739393552566526e+03
3.785053435726953467e+03
3.802362293498809777e+03
3.819787045212352950e+03
3.837180363280348502e+03
3.854456606050638584e+03
3.871819580238361596e+03
3.889234269239669175e+03
3.906605977719169914e+03
3.923976192518108292e+03
3.941284041731786147e+03
3.958636870290389197e+03
3.976103356505494958e+03
3.993398336895413195e+03
4.010703699831701670e+03
4.028095532096042916e+03
4.045482955004395990e+03
4.062863279181075995e+03
4.080197431299051459e+03
4.097523569035008222e+03
4.114935735267265045e+03
4.132342664517168487e+03
4.149600147894527254e+03
4.166962416775631937e+03
4.184391309611545694e+03
4.201747756941869739e+03
4.219110788201192918e+03
4.236444604493592124e+03
4.253803643709512471e+03
4.271245572837543477e+03
4.288542323769009272e+03
4.305834408365479248e+03
4.323247767358716374e+03
4.340633636234517326e+03
4.357989072249722994e+03
4.375335043043558471e+03
4.392680858151159555e+03
4.410090275489411397e+03
4.427487076558056287e+03
4.444738684877331252e+03
4.462091220492456159e+03
4.479540956701922369e+03
4.496881560860414538e+03
4.514229573975149833e+03
4.531573403582613537e+03
4.548938327439510431e+03
4.566385034949587862e+03
4.583683260680962121e+03
4.600963703977158730e+03
4.618385155466468859e+03
4.635777753354990637e+03
4.653115284118333875e+03
4.670464633703089930e+03
4.687829442411297350e+03
4.705235189032193375e+03
4.722620938529004889e+03
4.739883148392136718e+03
4.757224311014782870e+03
4.774670614960198691e+03
4.792000094927680948e+03
4.809340590481508116e+03
4.826699806530996284e+03
4.844065494786489580e+03
4.861502404739752819e+03
4.878811738831705952e+03
4.896088407514720529e+03
4.913526560120644717e+03
4.930895042556849148e+03
4.948221499167295406e+03
4.965571591484629607e+03
4.982936775962883985e+03
5.000347474457137650e+03
5.017702841314288889e+03
5.034961945626684610e+03
5.052335362818435897e+03
5.069760946979532491e+03
5.087091955491874614e+03
5.104431469266062777e+03
5.121797876147091301e+03
5.139180504260925773e+03
5.156590645652636340e+03
5.173876886949391519e+03
5.191168270807729641e+03
5.208631422580769140e+03
5.225983327652244952e+03
5.243309336855111724e+03
5.260662368846295067e+03
5.278018493088906325e+03
5.295455069598618138e+03
5.312801276472998325e+03
5.330055491475928648e+03
5.347456251649633487e+03
5.364860404476935400e+03
5.382189404843847115e+03
5.399535353284847588e+03
5.416902672334819727e+03
5.434291788820277361e+03
5.451686340823077444e+03
5.468966173496917690e+03
5.486283853528082545e+03
5.503732532315108983e+03
5.521074511301338134e+03
5.538405104503061011e+03
5.555774045089873653e+03
5.573139703019532135e+03
5.590563659897346952e+03
5.607908554494382770e+03
5.625167910318749819e+03
5.642597753560728961e+03
5.659990915841061906e+03
5.677302276960317613e+03
5.694645426970948392e+03
5.712020737498593917e+03
5.729420033878872346e+03
5.746807424997681665e+03
5.764091804918082744e+03
5.781417502707407948e+03
5.798881353777020195e+03
5.816213810575402022e+03
5.833527660905431730e+03
5.850910427330309176e+03
5.868283656769662230e+03
5.885696304963228613e+03
5.903036647083177741e+03
5.920300366920229862e+03
5.937726855134391371e+03
5.955129887590039289e+03
5.972427819527164502e+03
5.989765062585063788e+03
6.007141191979331779e+03
6.024545697257458414e+03
6.041924962060744292e+03
6.059214584917376669e+03
6.076553871642443482e+03
6.093994402590344180e+03
6.111327464857707128e+03
6.128635493613242943e+03
6.146033070857054554e+03
6.163406300125849157e+03
6.180798193691150118e+03
6.198141124559556374e+03
6.215412743131264506e+03
6.232854501749545307e+03
6.250236097000080917e+03
6.267523282346292035e+03
6.284884763014784767e+03
6.302268230263058285e+03
6.319669019019891493e+03
6.337037385130077382e+03
6.354338713087301585e+03
6.371693725223480214e+03
6.389133091950005110e+03
6.406458310695441469e+03
6.423745931414990991e+03
6.441143320715462323e+03
6.458529895530491558e+03
6.475908334839203235e+03
6.493245757373422748e+03
6.510529465429086486e+03
6.527983456133123582e+03
6.545371917352576929e+03
6.562637836560800679e+03
6.580007040703791063e+03
6.597390947161930853e+03
6.614783056533577110e+03
6.632151809722710823e+03
6.649447885658874839e+03
6.666807517867484421e+03
6.684231385803805097e+03
6.701542371368970635e+03
6.718854501145726317e+03
6.736240185295484480e+03
6.753630223345811828e+03
6.771005377962659622e+03
6.788337377161455152e+03
6.805642657446427620e+03
6.823081286434518915e+03
6.840455158850662883e+03
6.857721858772930318e+03
6.875107732416318868e+03
6.892491690663092413e+03
6.909868620392308003e+03
6.927229408852686902e+03
6.944503510200170240e+03
6.961919480096583356e+03
6.979331335857703380e+03
6.996612512261700431e+03
7.013953460882392392e+03
7.031342447470093248e+03
7.048737901200140186e+03
7.066110438395060555e+03
7.083427419144505620e+03
7.100747187211899472e+03
7.118190492483503476e+03
7.135553541091034276e+03
7.152825113338134543e+03
7.170204916228456568e+03
7.187592569717915467e+03
7.204972619243664667e+03
7.222328931648688013e+03
7.239606890805070179e+03
7.257023660513135837e+03
7.274444741680922561e+03
7.291715997574052381e+03
7.309071450477737017e+03
7.326461006390039984e+03
7.343851424394685637e+03
7.361222181876542891e+03
7.378540862038840714e+03
7.395883567026881792e+03
7.413304226137030128e+03
7.430639127136630123e+03
7.447924767623503612e+03
7.465319296851387662e+03
7.482711606039953040e+03
7.500080591385478328e+03
7.517441582509927684e+03
7.534737654688522525e+03
7.552160692625762749e+03
7.569565963625156655e+03
7.586819516297542577e+03
7.604177556327232196e+03
7.621572921961605971e+03
7.638951186206291823e+03
7.656314989946889909e+03
7.673606346486135408e+03
7.690979707581875118e+03
7.708417292267483390e+03
7.725724281692548175e+03
7.743028636207158343e+03
7.760409873903818152e+03
7.777808351748509267e+03
7.795180486922272394e+03
7.812523512104697147e+03
7.829827029094140016e+03
7.847237184418027027e+03
7.864632405209109493e+03
7.881895079239793631e+03
7.899274549064029998e+03
7.916661928700532371e+03
7.934030545672021617e+03
7.951404523038038860e+03
7.968685994166275123e+03
7.986076331990515428e+03
8.003507756200789117e+03
8.020781147879461059e+03
8.038117304781455459e+03
8.055501818991378968e+03
8.072885757410795122e+03
8.090263594048279629e+03
8.107556474491689187e+03
8.124896293924643032e+03
8.142333540509756858e+03
8.159658243323427996e+03
8.176961267007964125e+03
8.194323682398091478e+03
8.211714473234198522e+03
8.229100024669760387e+03
8.246427402376353712e+03
8.263702766318274371e+03
8.281102653618447221e+03
8.298458109347056961e+03
8.315781870515656919e+03
8.333131145558045318e+03
8.350495177331345985e+03
8.367888923708489529e+03
8.385235016954167804e+03
8.402487180982516293e+03
8.419891159542978130e+03
8.437294352945529681e+03
8.454623353299899463e+03
8.471957064432377592e+03
8.489291431162560912e+03
8.506693865068384184e+03
8.524085237287094060e+03
8.541323954668418082e+03
8.558690668105637087e+03
8.576104847082760898e+03
8.593453714398867305e+03
8.610813326108576803e+03
8.628126784603538908e+03
8.645496106752125343e+03
8.662927988462179201e+03
8.680181798530367814e+03
8.697520948124863935e+03
8.714927881814814100e+03
8.732288989874783510e+03
8.749666573296866773e+03
8.766977626175123078e+03
8.784323201644438086e+03
8.801770587229868397e+03
8.819088537423280286e+03
8.836374426700174809e+03
8.853751635950015043e+03
8.871140554538245851e+03
8.888523077083909811e+03
8.905842334330383892e+03
8.923146092504346598e+03
8.940568000687189851e+03
8.957957501067829071e+03
8.975230353914463194e+03
8.992580552303912555e+03
9.009976268571619585e+03
9.027356152540669427e+03
9.044708452611859684e+03
9.061986925569592131e+03
9.079358235322051769e+03
9.096765570055044009e+03
9.114057079102200078e+03
9.131403458521061111e+03
9.148785037499350437e+03
9.166162325693483581e+03
9.183551765845611953e+03
9.200809734129499702e+03
9.218155136951958411e+03
9.235617570998176234e+03
9.252930259154811210e+03
9.270261531931726495e+03
9.287617489880929497e+03
9.304989688203659171e+03
9.322421558094503780e+03
9.339712964375847150e+03
9.357004341829619079e+03
9.374435102838699095e+03
9.391808496232737525e+03
9.409133268202829640e+03
9.426483504517756955e+03
9.443856731233616301e+03
9.461260629655193043e+03
9.478618854691954766e+03
9.495880503693348146e+03
9.513250972812480541e+03
9.530667712523401860e+03
9.547990556244731124e+03
9.565335900023579597e+03
9.582699961854599678e+03
9.600077878627682367e+03
9.617485422775851475e+03
9.634746864371969423e+03
9.652069306338769820e+03
9.669532175655436731e+03
9.686869036648036854e+03
9.704203137042055459e+03
9.721549737667770387e+03
9.738909513775601226e+03
9.756353484105511598e+03
9.773658955792121560e+03
9.790929166481895663e+03
9.808341976254192559e+03
9.825729193103770740e+03
9.843071280595799180e+03
9.860416757227789276e+03
9.877772568541964574e+03
9.895181070303082379e+03
9.912555874206482258e+03
9.929812759852164163e+03
9.947158178203826537e+03
9.964570161931278562e+03
9.981919388649810571e+03
9.999265234687187331e+03
1.001660538391895898e+04
1.003397865992826337e+04
1.005140611670760700e+04
1.006867441830189273e+04
1.008598307975860007e+04
1.010342895201609826e+04
1.012078291336788607e+04
1.013812939102038217e+04
1.015545863541094513e+04
1.017279289347417944e+04
1.019025409983456484e+04
1.020756055886631293e+04
1.022483358394915922e+04
1.024223735673533884e+04
1.025961525725751926e+04
1.027698796905987365e+04
1.029432196664992443e+04
1.031162872658636479e+04
1.032905912821423590e+04
1.034641202082359996e+04
1.036368107201500607e+04
1.038104336327147030e+04
1.039842644892240241e+04
1.041581189440036906e+04
1.043316061040087334e+04
1.045044316033869291e+04
1.046784815457838704e+04
1.048524589087381173e+04
1.050252556554190778e+04
1.051985717432394813e+04
1.053724073861133729e+04
1.055463386338103555e+04
1.057199908940983369e+04
1.058925852262230910e+04
1.060661869748820754e+04
1.062403887554065113e+04
1.064135507920146483e+04
1.065868984470457144e+04
1.067605579555437907e+04
1.069342976379274842e+04
1.071082774582550883e+04
1.072811401351001950e+04
1.074542167888490985e+04
1.076286647520545012e+04
1.078021159527770214e+04
1.079753879175281691e+04
1.081490246231277706e+04
1.083226128333307861e+04
1.084968302045499149e+04
1.086701051654414550e+04
1.088425902182810023e+04
1.090169717024334750e+04
1.091908029950977652e+04
1.093640813245967547e+04
1.095375078857446169e+04
1.097108908131473618e+04
1.098851586635993408e+04
1.100589498581153566e+04
1.102314111381540715e+04
1.104051783879737559e+04
1.105792544457819167e+04
1.107527710170838145e+04
1.109261927124753311e+04
1.110996449669304275e+04
1.112733497204978084e+04
1.114475542186337407e+04
1.116205782720211937e+04
1.117934398287899421e+04
1.119677118066220282e+04
1.121413859529537513e+04
1.123148037148012554e+04
1.124883824925022964e+04
1.126617895304200647e+04
1.128360881046836948e+04
1.130096642230963334e+04
1.131820626452314900e+04
1.133561708247549905e+04
1.135301487434320734e+04
1.137035837563494715e+04
1.138770110405034575e+04
1.140503176666191575e+04
1.142244174476344233e+04
1.143984109086963508e+04
1.145710807853288679e+04
1.147443937631222070e+04
1.149185609034526169e+04
1.150922753711086261e+04
1.152657389024693111e+04
1.154392412810525093e+04
1.156127129235447501e+04
1.157870470778161143e+04
1.159604446392877799e+04
1.161329741413648298e+04
1.163071192018130932e+04
1.164809946012031651e+04
1.166544512838637274e+04
1.168280025074104196e+04
1.170012733932112133e+04
1.171754943870239003e+04
1.173494455623037538e+04
1.175220270479317696e+04
1.176956468531399514e+04
1.178697946077635061e+04
1.180434700207491187e+04
1.182168128504570814e+04
1.183903723273707874e+04
1.185640384469322817e+04
1.187380942292526379e+04
1.189113161367262001e+04
1.190840035915360022e+04
1.192583329584693274e+04
1.194321796810900560e+04
1.196055152975932651e+04
1.197791378865072511e+04
1.199525322317263635e+04
1.201267825025289858e+04
1.203005975210954239e+04
1.204730490482133246e+04
1.206467365351385342e+04
1.208209050601150739e+04
1.209944345041221459e+04
1.211678168432253369e+04
1.213412285947681812e+04
1.215151307604025533e+04
1.216892396172503140e+04
1.218623510293968502e+04
1.220352186896713283e+04
1.222094233257954329e+04
1.223834147820257022e+04
1.225566218827016201e+04
1.227302529465719817e+04
1.229037852909376124e+04
1.230778347116532132e+04
1.232517797530037205e+04
1.234242758556946865e+04
1.235981215179327592e+04
1.237722139120184147e+04
1.239455743055561106e+04
1.241190228931634556e+04
1.242926138270398042e+04
1.244665630816917292e+04
1.246405769173337831e+04
1.248138911455155903e+04
1.249867255953520726e+04
1.251610074864045237e+04
1.253350798386341557e+04
1.255079842322110562e+04
1.256816581205876719e+04
1.258554131553040861e+04
1.260293130788975031e+04
1.262031425095959821e+04
1.263757960083880607e+04
1.265495743225956539e+04
1.267239146430205074e+04
1.268970768329425482e+04
1.270703490782824883e+04
1.272441303937765770e+04
1.274180872681800611e+04
1.275919643377249122e+04
1.277654100450082115e+04
1.279382392154495210e+04
1.281125155062981503e+04
1.282865943425734804e+04
1.284592816586916524e+04
1.286328745504753897e+04
1.288066719830234069e+04
1.289805316651631438e+04
1.291543075047125967e+04
1.293269759135354980e+04
1.295007397840892736e+04
1.296751586598707945e+04
1.298482107318167073e+04
1.300215056336867565e+04
1.301952936157182739e+04
1.303692537513455318e+04
1.305430877038975086e+04
1.307164414920711715e+04
1.308894868101765678e+04
1.310636141986588336e+04
1.312375666213986369e+04
1.314102815063193702e+04
1.315840270806773515e+04
1.317579272626323655e+04
1.319316600782925161e+04
1.321054726055240099e+04
1.322783157950129862e+04
1.324521278979572344e+04
1.326264737536522807e+04
1.327993290806125515e+04
1.329726176866811147e+04
1.331464624138781437e+04
1.333203457210775377e+04
1.334941202291600712e+04
1.336671458234874081e+04
1.338404053387426393e+04
1.340147934499145776e+04
1.341883194509506939e+04
1.343611727662128214e+04
1.345347981250233897e+04
1.347087779542612225e+04
1.348825976093228928e+04
1.350561357172168573e+04
1.352288986048560037e+04
1.354027533921733630e+04
1.355769075752850949e+04
1.357497275960664047e+04
1.359232850449088983e+04
1.360970262128245304e+04
1.362707803467689882e+04
1.364447188079755506e+04
1.366172817824655795e+04
1.367909287376164320e+04
1.369653293311671223e+04
1.371383457473322778e+04
1.373117101672674835e+04
1.374853174175633103e+04
1.376591335747696940e+04
1.378331939749642879e+04
1.380059176187425146e+04
1.381790416156094943e+04
1.383534016337142202e+04
1.385269374781685838e+04
1.387002648324229813e+04
1.388737678272145422e+04
1.390475220898229418e+04
1.392216171686199596e+04
1.393950780869246955e+04
1.395677010380371939e+04
1.397415664837580698e+04
1.399155460745673554e+04
1.400888171717532896e+04
1.402623046082835208e+04
1.404357960857285616e+04
1.406096433181953762e+04
1.407837519155972404e+04
1.409561604642546081e+04
1.411297906017787682e+04
1.413041495531698456e+04
1.414774362091774674e+04
1.416508702677079600e+04
1.418242328556884240e+04
1.419979259380746225e+04
1.421722715173296456e+04
1.423449029956555023e+04
1.425179840459038314e+04
1.426922175541940123e+04
1.428658679165941430e+04
1.430394421009857797e+04
1.432127491019652189e+04
1.433861241265241551e+04
1.435605541769204501e+04
1.437338665018849133e+04
1.439065080894568018e+04
1.440803274225970745e+04
1.442540759027489185e+04
1.444278043775825063e+04
1.446011667224403573e+04
1.447742019796375462e+04
1.449483414788619848e+04
1.451218982975413383e+04
1.452945916517554360e+04
1.454681921104418871e+04
1.456420591666728251e+04
1.458159833393571898e+04
1.459892026176914806e+04
1.461619063665503745e+04
1.463359618802072509e+04
1.465099428140789678e+04
1.466829753348288250e+04
1.468563769601314925e+04
1.470300793237359903e+04
1.472040171256386384e+04
1.473776144884388850e+04
1.475502030749017285e+04
1.477238286448455256e+04
1.478979278587629051e+04
1.480712134761544439e+04
1.482445659380382494e+04
1.484180640282402965e+04
1.485919242750673220e+04
1.487659593793779095e+04
1.489384888396324277e+04
1.491117295575804201e+04
1.492859624624186472e+04
1.494595111596614151e+04
1.496329895963142189e+04
1.498061779268953615e+04
1.499796884014008174e+04
1.501542096021969519e+04
1.503269143473319855e+04
1.505000298344370276e+04
1.506741508050360790e+04
1.508477788177433104e+04
1.510214526636406845e+04
1.511946269461207703e+04
1.513678066771214435e+04
1.515423864656497608e+04
1.517154774381700008e+04
1.518883658541874320e+04
1.520622590402774949e+04
1.522360482340365706e+04
1.524099550669448945e+04
1.525832347399023274e+04
1.527560432683875479e+04
1.529304880866218446e+04
1.531041786346668778e+04
1.532769913429876578e+04
1.534504712729325183e+04
1.536242196822996448e+04
1.537982306899299874e+04
1.539717847984413311e+04
1.541443930359178921e+04
1.543183207131213021e+04
1.544922507183764901e+04
1.546652977584918335e+04
1.548386948174098870e+04
1.550123395187299684e+04
1.551862500669520159e+04
1.553598611202581924e+04
1.555323055613036558e+04
1.557059923444181186e+04
1.558801306638166534e+04
1.560536061344039626e+04
1.562269770972448532e+04
1.564003945439996824e+04
1.565741835188992991e+04
1.567483538085093460e+04
1.569211175021664167e+04
1.570940840025737270e+04
1.572682583001408420e+04
1.574419223220447020e+04
1.576153829907865293e+04
1.577887187292921953e+04
1.579621384362697972e+04
1.581365597586887270e+04
1.583097042542098825e+04
1.584824012607349869e+04
1.586566290241694514e+04
1.588303435442523914e+04
1.590039351060699664e+04
1.591773009428337355e+04
1.593503034183378986e+04
1.595248304928616380e+04
1.596982907153634369e+04
1.598709239004569827e+04
1.600447210232806901e+04
1.602184593897065679e+04
1.603923710559594110e+04
1.605657924479628127e+04
1.607384764716398968e+04
1.609125094732538128e+04
1.610861429717057035e+04
1.612591217096714172e+04
1.614326810591284811e+04
1.616062475885774256e+04
1.617803002172142078e+04
1.619538393355203880e+04
1.621262374341364921e+04
1.623003117829879193e+04
1.624742561999163809e+04
1.626474799029244241e+04
1.628208179704717440e+04
1.629941521932981959e+04
1.631682256892430814e+04
1.633420833965122802e+04
1.635144619597726160e+04
1.636882246445849159e+04
1.638619911916674027e+04
1.640355465925440149e+04
1.642090150473241374e+04
1.643820152360333304e+04
1.645558784460169045e+04
1.647296472005708711e+04
1.649022179649753161e+04
1.650758066778698776e+04
1.652493746453742642e+04
1.654233534213799066e+04
1.655968351399076346e+04
1.657692092978765868e+04
1.659431232149616699e+04
1.661168050980842236e+04
1.662900332560612878e+04
1.664634972915616163e+04
1.666366506959714388e+04
1.668108083905464082e+04
1.669842329900713594e+04
1.671565969791803218e+04
1.673303307364690772e+04
1.675041192154745659e+04
1.676777572951115872e+04
1.678510274635918177e+04
1.680238100557892903e+04
1.681980563253630316e+04
1.683716534020885229e+04
1.685445172042230843e+04
1.687181727274606965e+04
1.688917277490163542e+04
1.690655228486674605e+04
1.692386421244432495e+04
1.694113657953702932e+04
1.695854846678816830e+04
1.697592073052041087e+04
1.699325589338853388e+04
1.701060157852528937e+04
1.702791899848958565e+04
1.704534221297341719e+04
1.706268248849388692e+04
1.707994774150215744e+04
1.709733912109216180e+04
1.711471818961684767e+04
1.713207724901649635e+04
1.714941806319808893e+04
1.716670081482196474e+04
1.718412880072721600e+04
1.720149966973369010e+04
1.721876599746571083e+04
1.723613213387602082e+04
1.725350752025069232e+04
1.727088669966579619e+04
1.728823836521749763e+04
1.730549000356208489e+04
1.732290079660745687e+04
1.734030334502625919e+04
1.735759598049383203e+04
