0.000000000000000000e+00
1.714257045532197665e+01
3.420378585991165465e+01
5.133921577642719569e+01
6.891205695815327203e+01
8.644884714220856381e+01
1.039560424122296070e+02
1.214943097656321243e+02
1.392675585039512214e+02
1.568817614045187838e+02
1.743660744437076460e+02
1.914556595329669619e+02
2.084482639798924879e+02
2.256748468675776280e+02
2.434217246576231446e+02
2.605277501969881087e+02
2.775119597400876046e+02
2.945550377714551473e+02
3.115454303905229381e+02
3.285098168004472541e+02
3.455555065592780011e+02
3.625728165186877163e+02
3.795240883966188790e+02
3.965676051333255714e+02
4.136893951540192802e+02
4.307948327527116703e+02
4.479344710774749956e+02
4.650569345293799302e+02
4.822872508060172549e+02
4.994294225707084252e+02
5.165501552760784989e+02
5.338563266367391407e+02
5.510478294864304871e+02
5.683061123475830527e+02
5.857871540919541076e+02
6.031966168071355696e+02
6.208464246513105991e+02
6.381410304332869146e+02
6.556137693222773350e+02
6.730228766491766237e+02
6.904619210967766776e+02
7.080842301626660173e+02
7.254775741310088506e+02
7.424892304115442130e+02
7.596471700143281396e+02
7.766831028916811874e+02
7.937973554278686379e+02
8.115755082723035230e+02
8.293978819388657939e+02
8.470207619012628584e+02
8.643370461282416954e+02
8.817525961504206862e+02
8.994780572472415088e+02
9.170127940430181752e+02
9.346348417633464578e+02
9.520072793812305463e+02
9.690202112890393664e+02
9.861516668096630838e+02
1.003164305695357712e+03
1.020120070320249170e+03
1.037151339084959091e+03
1.054212291522484747e+03
1.071168529924397262e+03
1.088121079595679248e+03
1.105288292352711096e+03
1.122442573592219787e+03
1.140154707219921420e+03
1.157273413372704454e+03
1.174370142354407562e+03
1.191391396348710259e+03
1.208425465777781938e+03
1.225862746342517084e+03
1.243522133477415764e+03
1.261344202723113085e+03
1.279061244099123996e+03
1.296813007776901031e+03
1.314542323399206225e+03
1.332088785808119383e+03
1.349366160107580527e+03
1.366392427155231417e+03
1.383389893683271112e+03
1.400450777073370773e+03
1.417637988103913358e+03
1.434958995550611235e+03
1.452394911248084099e+03
1.469845376051875974e+03
1.487421787435750275e+03
1.504894580388259101e+03
1.522692096052596298e+03
1.540312654611633207e+03
1.557752321101488405e+03
1.574883045458758943e+03
1.591896349714011194e+03
1.608924120224268790e+03
1.626006119688737726e+03
1.643064507706707900e+03
1.660067458157265264e+03
1.677103226936749707e+03
1.694202427798387134e+03
1.711238906805602710e+03
1.728334443742877738e+03
1.745538497330916925e+03
1.762622820470813167e+03
1.779775024535201510e+03
1.796811640658835358e+03
1.813865175467552262e+03
1.830829912344475815e+03
1.847814479455258606e+03
1.864822427199268986e+03
1.881834698320871894e+03
1.898757740083001181e+03
1.915786097405738474e+03
1.932821568965649021e+03
1.949755439581304017e+03
1.966779801735474393e+03
1.983906107870750930e+03
2.000922053235399517e+03
2.018263553876738342e+03
2.035863022268506938e+03
2.053433567004877659e+03
2.071152463605473258e+03
2.088511249209554080e+03
2.106263471033276801e+03
2.123803755632520733e+03
2.140988303610045477e+03
2.157962712955871211e+03
2.175318299487304557e+03
2.192710702942795706e+03
2.210037016642544586e+03
2.227505447992908557e+03
2.244958500081083002e+03
2.262165539343583077e+03
2.279238889250631928e+03
2.296181512387495786e+03
2.313270662091708346e+03
2.330524628862252939e+03
2.348008268620325907e+03
2.365263433322701076e+03
2.382367354836108461e+03
2.399926206057974468e+03
2.417433764367257936e+03
2.435176331695390218e+03
2.452461071527485728e+03
2.469612393227906068e+03
2.486651723456137915e+03
2.503646110471002885e+03
2.520639586644095289e+03
2.537713878072621355e+03
2.554794111672898907e+03
2.572092751319846684e+03
2.589392465986291427e+03
2.606765830213854315e+03
2.624263656469524904e+03
2.641348611364187491e+03
2.658526111971800674e+03
2.676401241019791087e+03
2.694262005080242488e+03
2.711912415472656448e+03
2.729352797533641024e+03
2.746761212834229809e+03
2.764282669727140274e+03
2.781672886132788335e+03
2.799074775915647479e+03
2.816489752410630899e+03
2.833945858770968698e+03
2.851286605441854135e+03
2.868947321856605413e+03
2.886024858586025857e+03
2.903150957444627238e+03
2.920432366364358586e+03
2.937436913582607303e+03
2.954723480979860597e+03
2.971912901670739302e+03
2.989238662221762752e+03
3.006277917537620851e+03
3.023254065322757015e+03
3.040293530270616429e+03
3.057349256853072347e+03
3.074563634094658482e+03
3.092027134868962548e+03
3.109238574307762065e+03
3.126228034620144172e+03
3.143257292709545254e+03
3.160382753702304399e+03
3.177642839653669398e+03
3.194786816643868406e+03
3.211973861765905440e+03
3.229427694047795740e+03
3.246756453046355546e+03
3.263804672165374541e+03
3.281419553865105627e+03
3.299007229852965793e+03
3.316296046057797867e+03
3.333413678755818182e+03
3.350684416212672659e+03
3.368483434433756884e+03
3.386369527866100725e+03
3.404264219573655282e+03
3.421849138981653141e+03
3.438950714710274042e+03
3.456035408027430549e+03
3.473066105545193750e+03
3.490006995806420491e+03
3.507081694652619262e+03
3.524329339500300193e+03
3.541811871582744061e+03
3.559035182187853934e+03
3.576225532294341974e+03
3.594067627983847160e+03
3.611938897319122589e+03
3.629735560807913316e+03
3.647486664356382335e+03
3.665224959299912371e+03
3.683028303760408562e+03
3.700379989288554498e+03
3.717510380857336713e+03
3.734910323393895851e+03
3.752363739906496903e+03
3.769559268549270200e+03
3.786952435744351988e+03
3.804524404772279922e+03
3.822004423752910043e+03
3.839591618884404852e+03
3.857167275628809875e+03
3.874741016281921020e+03
3.891738787769018472e+03
3.908877671296762855e+03
3.926141283840179312e+03
3.943856305884209178e+03
3.961460039877157215e+03
3.979072127831378566e+03
3.996814410848081479e+03
4.014382122403878384e+03
4.031572234636018493e+03
4.049262584826072271e+03
4.066583844678470086e+03
4.084216860326360802e+03
4.101622036842271882e+03
4.118601018355026099e+03
4.135600680609264600e+03
4.152631223527611837e+03
4.169656824438232434e+03
4.186647998632611234e+03
4.203751952978314876e+03
4.221348437923819802e+03
4.239158642647956185e+03
4.256969783398522850e+03
4.274661946068588804e+03
4.292251607464961126e+03
4.309919111856152085e+03
4.327848713453726305e+03
4.345661056071783605e+03
4.363007085082532285e+03
4.380724030545320602e+03
4.398240299706199949e+03
4.416044910468238413e+03
4.433635468764670804e+03
4.451317387182890343e+03
4.468881084230027227e+03
4.486506010211107423e+03
4.504404292202414581e+03
4.521532673293610060e+03
4.538676134246956281e+03
4.555849957961223481e+03
4.572902117782845380e+03
4.589887135029379351e+03
4.606925648812529289e+03
4.624240408843443220e+03
4.642048554329550825e+03
4.659785452387412079e+03
4.677571210791060366e+03
4.694847840244550753e+03
4.711973217184414352e+03
4.729005036639032369e+03
4.745940624724706140e+03
4.763056405469455058e+03
4.780274387873014348e+03
4.797673702850747759e+03
4.815413270880349955e+03
4.833181592145561808e+03
4.850962566752772545e+03
4.868208907126236227e+03
4.885198986879418953e+03
4.902196741368146832e+03
4.919233195229176999e+03
4.936329922160792194e+03
4.953365231636239514e+03
4.970476432017645493e+03
4.987905700581630299e+03
5.004962375758454073e+03
5.022303008687278634e+03
5.039703918442291979e+03
5.057431930531824037e+03
5.075234288365263637e+03
5.092653922753083862e+03
5.109619437711797218e+03
5.126725071146128357e+03
5.144303666467993025e+03
5.161536373429261403e+03
5.178785064827136921e+03
5.196544265101803830e+03
5.213813893629461745e+03
5.230910541610124710e+03
5.248195360556349442e+03
5.266001547652002955e+03
5.283895919283151670e+03
5.301478569750182942e+03
5.318516171292735635e+03
5.335510011005331762e+03
5.352584907066381675e+03
5.369556684334012971e+03
5.386508036980316319e+03
5.403567745703998298e+03
5.420599813371689379e+03
5.437537644073043339e+03
5.454566736165978909e+03
5.471591829958162634e+03
5.488531149101956544e+03
5.505547131676763456e+03
5.522528506826040029e+03
5.539498629756184528e+03
5.556482130813032200e+03
5.573478280839113722e+03
5.590513325734882528e+03
5.607448610556662970e+03
5.624468962919074329e+03
5.641513907531541918e+03
5.658564066167718920e+03
5.675570450054949106e+03
5.692625929780247134e+03
5.709676747005821198e+03
5.726689856466038691e+03
5.743806807468559782e+03
5.761245937095684894e+03
5.778534000628521426e+03
5.795937239237207905e+03
5.813774147159960194e+03
5.831514131957856080e+03
5.849449959847566788e+03
5.867016977681781100e+03
5.884641416164045950e+03
5.902213950334873516e+03
5.919803231741018863e+03
5.937488719226967078e+03
5.955103655369492117e+03
5.972673883236765505e+03
5.990342376639478971e+03
6.007955347885711490e+03
6.025531073555514013e+03
6.043232772332373315e+03
6.060867685761406392e+03
6.078406790090952200e+03
6.096068578338579755e+03
6.113749788134167829e+03
6.131332863507381262e+03
6.148949993440024627e+03
6.166552130782904896e+03
6.184106929573168600e+03
6.201758820225981253e+03
6.219376197547422635e+03
6.236972901311890382e+03
6.254568889554544512e+03
6.272206020339657698e+03
6.289757845510315747e+03
6.307474920474089231e+03
6.325051274099891089e+03
6.342625516786796652e+03
6.360257644125713341e+03
6.377858398528011094e+03
6.395483587250842902e+03
6.413093113771071330e+03
6.430632300217712327e+03
6.448298438130512295e+03
6.465948108251101985e+03
6.483716728294268250e+03
6.501276784089501234e+03
6.518880668957897797e+03
6.536466366877122709e+03
6.554029957496038151e+03
6.571746280713171473e+03
6.589305104439904426e+03
6.606942228522895675e+03
6.624535858882219145e+03
6.642151084670596902e+03
6.659749094219088875e+03
6.677411522520444123e+03
6.694961390788073913e+03
6.712562898679700993e+03
6.730356858459928844e+03
6.748217010747323002e+03
6.766102341126617830e+03
6.783841133046857976e+03
6.801386395534055737e+03
6.819017334610631224e+03
6.836874723787461335e+03
6.854501110694760428e+03
6.871570627000934110e+03
6.888509265675665119e+03
6.905769663169168780e+03
6.922871532292057964e+03
6.939925203004736431e+03
6.956885775970506074e+03
6.973973805374563199e+03
6.991377111632236847e+03
7.008730092470193995e+03
7.025785949870991317e+03
7.042860298348890865e+03
7.059883631344275273e+03
7.076894178072064278e+03
7.094016341052098142e+03
7.111400127537672233e+03
7.128708906177044810e+03
7.146076256177491814e+03
7.163518032236250292e+03
7.181059441005656481e+03
7.198330583248734001e+03
7.215563355678810694e+03
7.233209095582167720e+03
7.250908606645791224e+03
7.268508949564333307e+03
7.285567738517687758e+03
7.302531097693101401e+03
7.319965452534470387e+03
7.337820904372539189e+03
7.354981312560717924e+03
7.372171088015384157e+03
7.389400594384162105e+03
7.406574880602460325e+03
7.423766966311610304e+03
7.440953287477335834e+03
7.458188655491174359e+03
7.475349328619467997e+03
7.492592351894563762e+03
7.509703045452120932e+03
7.526741784827114316e+03
7.543866039672970146e+03
7.561524595226030215e+03
7.579213768052421074e+03
7.596746475894755349e+03
7.614413793677518697e+03
7.632118621934160728e+03
7.649857020066415316e+03
7.667360019702109639e+03
7.684682352478730536e+03
7.702351391803348633e+03
7.720117679817823955e+03
7.737522270073497566e+03
7.754848038482111406e+03
7.772635623198657413e+03
7.790223221459164051e+03
7.807724271018976651e+03
7.824755337408173546e+03
7.841796575882333855e+03
7.858835747947004165e+03
7.875948555088722060e+03
7.893233878768844988e+03
7.910790253700339235e+03
7.928435589019154577e+03
7.945622566395888498e+03
7.962605680276852581e+03
7.979952821477792895e+03
7.997034403514290716e+03
8.014325482820266188e+03
8.031315466025890601e+03
8.048653204989803271e+03
8.066064186062541921e+03
8.083455674488373006e+03
8.100699820225543590e+03
8.117838143135481005e+03
8.134856615237767983e+03
8.151798277188182510e+03
8.168901168324271566e+03
8.186479658649945122e+03
8.203962412646063967e+03
8.220993633776855859e+03
8.238007194049680038e+03
8.255102737831750346e+03
8.272239509050317793e+03
8.289892010878756992e+03
8.307472896308952841e+03
8.324781273475553462e+03
8.341818819699445157e+03
8.358760993407824571e+03
8.375860741162403428e+03
8.393245941026472792e+03
8.410757070547064359e+03
8.427923795232582052e+03
8.445224537359776150e+03
8.462309140814240891e+03
8.479368771469495186e+03
8.496419084974875659e+03
8.513555581436308785e+03
8.530951139136828715e+03
8.547957979192786297e+03
8.565404713894955421e+03
8.583168373911037634e+03
8.600749582322981951e+03
8.617812248470885606e+03
8.635322902133149910e+03
8.652686836762659368e+03
8.669990840484257205e+03
8.687709132060950651e+03
8.705011080409492934e+03
8.722083355517417658e+03
8.739146609599676594e+03
8.756217956897224212e+03
8.773232608369908121e+03
8.790278608707529202e+03
8.807351124860597338e+03
8.824400993633737016e+03
8.841500889542287041e+03
8.858869465492756717e+03
8.876242902962472726e+03
8.893249839033358512e+03
8.910291548549173967e+03
8.927470279747731183e+03
8.944492347128863912e+03
8.961455930315340083e+03
8.978486994558243168e+03
8.995550654197088079e+03
9.012496673905729040e+03
9.029495370390766766e+03
9.046514143174512355e+03
9.063515125829249882e+03
9.080481217072443542e+03
9.097516738412539780e+03
9.114526241434141411e+03
9.131507603860787640e+03
9.148535860349455106e+03
9.165554852653403941e+03
9.182539581652163179e+03
9.199509695187058242e+03
9.216531440643262613e+03
9.233532435499400890e+03
9.250457781196484575e+03
9.267507944773027702e+03
9.284531019205296616e+03
9.301484262257699811e+03
9.318476791619257710e+03
9.335660135957383318e+03
9.353020679807239503e+03
9.370026746809946417e+03
9.387614475330150526e+03
9.405389814023717918e+03
9.422992954092555010e+03
9.440100990974835440e+03
9.457240673244405116e+03
9.474464685929549887e+03
9.491534276326461622e+03
9.508735941173905303e+03
9.525787636436736648e+03
9.543048394886860478e+03
9.560086066450421640e+03
9.577043453523092467e+03
9.594569794686520254e+03
9.612147379743799320e+03
9.629199934541637049e+03
9.646161036962486833e+03
9.663636825542842416e+03
9.681486172548757168e+03
9.698904407589507173e+03
9.715858862917819351e+03
9.732948426298245977e+03
9.750636166510133990e+03
9.768082396051957403e+03
9.785242652308741526e+03
9.802467144528609424e+03
9.819649908715533456e+03
9.836865483483677963e+03
9.853861505669534381e+03
9.871151725640345830e+03
9.888635324063256121e+03
9.906241071443095279e+03
9.924038384244482586e+03
9.941782117204966198e+03
9.959529227803759568e+03
9.977230118302157280e+03
9.994861083665478873e+03
1.001241591716531912e+04
1.003006868132119416e+04
1.004769348792701203e+04
1.006533423764117833e+04
1.008298057265123498e+04
1.010062983897394042e+04
1.011821214953801609e+04
1.013587974879436842e+04
1.015354088407740164e+04
1.017120617318500081e+04
1.018883898361648244e+04
1.020640526720480011e+04
1.022410145307959101e+04
1.024178732627899808e+04
1.025954077060299460e+04
1.027733730560395634e+04
1.029508919031994083e+04
1.031282485147981424e+04
1.033049678033802411e+04
1.034821175681018940e+04
1.036578941048064371e+04
1.038342175515995223e+04
1.040101540012395344e+04
1.041861198851431982e+04
1.043628879508238242e+04
1.045395460478091263e+04
1.047160170778921383e+04
1.048917441615544158e+04
1.050684211221073201e+04
1.052449479188244004e+04
1.054228401578735975e+04
1.056009372794144656e+04
1.057772097767982996e+04
1.059525410964907678e+04
1.061299600771034602e+04
1.063083851861969379e+04
1.064835741340802633e+04
1.066531657754048138e+04
1.068236022006006897e+04
1.069975861452566460e+04
1.071711996774447289e+04
1.073409215181965192e+04
1.075113078164728722e+04
1.076823512282963202e+04
1.078530280079487420e+04
1.080237996091899004e+04
1.081962958572142634e+04
1.083726167483672907e+04
1.085501359190673611e+04
1.087278740055962953e+04
1.089041323268838460e+04
1.090756805790861472e+04
1.092459142492987667e+04
1.094154160114133265e+04
1.095866861253552997e+04
1.097651020045742007e+04
1.099404229388115346e+04
1.101134575474615485e+04
1.102874488475388716e+04
1.104622819038646776e+04
1.106378461664540009e+04
1.108095923775780102e+04
1.109863932349328570e+04
1.111609790535194043e+04
1.113324408723630586e+04
1.115029120582908217e+04
1.116724934331254190e+04
1.118425576458627438e+04
1.120137296382010754e+04
1.121840743801557073e+04
1.123539492156290362e+04
1.125243441096868992e+04
1.126940163639746243e+04
1.128640427246266336e+04
1.130339147103945288e+04
1.132040192434030905e+04
1.133734372457545396e+04
1.135434748833450431e+04
1.137142653922966201e+04
1.138834453388336624e+04
1.140529911061301937e+04
1.142235772794867808e+04
1.143939783612053907e+04
1.145631990466090429e+04
1.147337936614569480e+04
1.149057975860072474e+04
1.150780387280099239e+04
1.152513027208418134e+04
1.154285093131596841e+04
1.156006700463446941e+04
1.157702216559398585e+04
1.159396207452965973e+04
1.161115233422909296e+04
1.162858977549384144e+04
1.164594438186881962e+04
1.166342692371244993e+04
1.168093057237595349e+04
1.169849870163080595e+04
1.171591528959013885e+04
1.173298285798046163e+04
1.175000125603720880e+04
1.176716724011092992e+04
1.178428520618506809e+04
1.180177309665265057e+04
1.181948255611741843e+04
1.183733709810534492e+04
1.185461509169162673e+04
1.187162265846561058e+04
1.188859269513789695e+04
1.190581899297010750e+04
1.192328932584476024e+04
1.194072183178129126e+04
1.195784751090941791e+04
1.197505939555480290e+04
1.199235515146840589e+04
1.200935376618238843e+04
1.202642893500052924e+04
1.204369974863531752e+04
1.206091030936972857e+04
1.207800359397625834e+04
1.209519929289947686e+04
1.211232200628797364e+04
1.212924761990007391e+04
1.214621953983524872e+04
1.216330981145488840e+04
1.218031080751158515e+04
1.219728300509646215e+04
1.221431288562158625e+04
1.223136748269490272e+04
1.224831008495039714e+04
1.226529937350414184e+04
1.228234356287999617e+04
1.229933944235379386e+04
1.231628609717872314e+04
1.233332122469973001e+04
1.235035167682122665e+04
1.236728484014955393e+04
1.238431921421087827e+04
1.240138188177612028e+04
1.241833756171105415e+04
1.243534658553367080e+04
1.245249312013352028e+04
1.246977380148517841e+04
1.248708493725059452e+04
1.250452713647347628e+04
1.252217375425034334e+04
1.253964571727882321e+04
1.255740876801497507e+04
1.257515015922882230e+04
1.259291386370239343e+04
1.261041025717260891e+04
1.262810581135724715e+04
1.264540402447773704e+04
1.266233820608039787e+04
1.267943681563882456e+04
1.269711334993656237e+04
1.271440648790615705e+04
1.273147909009661635e+04
1.274872328622721034e+04
1.276614352728014092e+04
1.278314915397133154e+04
1.280021590243346509e+04
1.281775728545089078e+04
1.283531656015629051e+04
1.285305820841131936e+04
1.287038030297409750e+04
1.288753885330942649e+04
1.290475491016928936e+04
1.292178707636841318e+04
1.293901917432714617e+04
1.295608956389798914e+04
1.297329643751513868e+04
1.299094008982849300e+04
1.300865298543346580e+04
1.302614485107246946e+04
1.304376291754618796e+04
1.306120722515299349e+04
1.307854229941273661e+04
1.309595799296436962e+04
1.311378960592062504e+04
1.313131984746833405e+04
1.314853329552413379e+04
1.316612126923963297e+04
1.318351326063922897e+04
1.320068037269604611e+04
1.321770126947552853e+04
1.323471463351381317e+04
1.325177256923703317e+04
1.326885086072920058e+04
1.328583339646202148e+04
1.330290603612884661e+04
1.332003589524554263e+04
1.333704411349209113e+04
1.335404765924759158e+04
1.337124326875131737e+04
1.338864270769555333e+04
1.340591255541886494e+04
1.342298922265055808e+04
1.344045078938867300e+04
1.345795371855127451e+04
1.347506856020748637e+04
1.349229821411637749e+04
1.350938297086207058e+04
1.352645015899721875e+04
1.354342967496044730e+04
1.356043192366526637e+04
1.357748049191367681e+04
1.359459396101036327e+04
1.361183106190019134e+04
1.362929508978299600e+04
1.364725586249362823e+04
1.366501734647179546e+04
1.368216772043384117e+04
1.369912841593958001e+04
1.371634227643245322e+04
1.373382180102935490e+04
1.375119890578788545e+04
1.376894085722420095e+04
1.378643675258813346e+04
1.380393430846577940e+04
1.382131698364518161e+04
1.383854360105403066e+04
1.385557593887971598e+04
1.387285488065926256e+04
1.389001694757285077e+04
1.390706258073275603e+04
1.392417040284924769e+04
1.394178553955028474e+04
1.395898596130341139e+04
1.397594068779781446e+04
1.399334072285149523e+04
1.401120275954712997e+04
1.402877684524060169e+04
1.404634135273993888e+04
1.406389873005336449e+04
1.408167646976250035e+04
1.409933175411156117e+04
1.411668191341227066e+04
1.413386303116586532e+04
1.415088003424887756e+04
1.416840037516502343e+04
1.418591150641094100e+04
1.420305593888187650e+04
1.422020358133741684e+04
1.423776400566362281e+04
1.425556610621581603e+04
1.427311328957327714e+04
1.429037267902221356e+04
1.430773150942620850e+04
1.432529165829706835e+04
1.434291664300461707e+04
1.436033321835736206e+04
1.437764199877036663e+04
1.439481998353171730e+04
1.441188327965516146e+04
1.442881358602458749e+04
1.444582622868700128e+04
1.446290603640222980e+04
1.447986292299818524e+04
1.449679162624432865e+04
1.451389016480851933e+04
1.453092887035255990e+04
1.454800826222761316e+04
1.456510539359300674e+04
1.458214626059363218e+04
1.459917683490328636e+04
1.461615492590751091e+04
1.463352431305687060e+04
1.465106181190752250e+04
1.466858492784158079e+04
1.468593879751806890e+04
1.470363336596376757e+04
1.472093319220970261e+04
1.473839122603951910e+04
1.475574145312573819e+04
1.477309199695423740e+04
1.479026858379594705e+04
1.480726920074711779e+04
1.482423350043718165e+04
1.484125439096318587e+04
1.485829195577285464e+04
1.487523436674892582e+04
1.489225343481902746e+04
1.490925426181353396e+04
1.492621660445004818e+04
1.494320418408094338e+04
1.496021067979522923e+04
1.497723534679640215e+04
1.499417107329954160e+04
1.501130501265693783e+04
1.502890950518596946e+04
1.504637512563607015e+04
1.506370562083836376e+04
1.508075688382952467e+04
1.509832378716778112e+04
1.511571631102532228e+04
1.513319394287836440e+04
1.515045807178814357e+04
1.516768236389180674e+04
1.518489289520718739e+04
1.520186678789834514e+04
1.521915968958730627e+04
1.523622965717340412e+04
1.525333737128424582e+04
1.527033915177739618e+04
1.528737796998884187e+04
1.530441457791347784e+04
1.532144025699450503e+04
1.533859502828655968e+04
1.535590290312489378e+04
1.537305343669849390e+04
1.539000466127921027e+04
1.540734760379055660e+04
1.542503646499161732e+04
1.544284641271133660e+04
1.546061665710705711e+04
1.547767904972929136e+04
1.549472789587622719e+04
1.551177550515812072e+04
1.552870651617193107e+04
1.554572047885929351e+04
1.556273898625502989e+04
1.557968701106177105e+04
1.559668343526057652e+04
1.561369442002928554e+04
1.563071542157477779e+04
1.564765358282693524e+04
1.566469763141684598e+04
1.568180471447985292e+04
1.569905047111126260e+04
1.571635740961285046e+04
1.573388953453967224e+04
1.575165820645499116e+04
1.576886223009919013e+04
1.578579854295802579e+04
1.580296049053971001e+04
1.582084623394056507e+04
1.583841736674676031e+04
1.585602216606102593e+04
1.587356076740368007e+04
1.589120132736843334e+04
1.590890586965311013e+04
1.592663937264869128e+04
1.594421157697803392e+04
1.596178232515782292e+04
1.597939217979915702e+04
1.599694022284714447e+04
1.601463793722619084e+04
1.603235902717011777e+04
1.605013411010302298e+04
1.606784668251813127e+04
1.608552083003729422e+04
1.610306004325441245e+04
1.612073074472270491e+04
1.613841726033345185e+04
1.615591739406567285e+04
1.617359836660478504e+04
1.619130079200656292e+04
1.620890493570895342e+04
1.622646575049362218e+04
1.624413275914058977e+04
1.626175012971276556e+04
1.627933396212127263e+04
1.629699879908566436e+04
1.631455285927769910e+04
1.633211413800649825e+04
1.634974463838790871e+04
1.636734095644830813e+04
1.638501181380544585e+04
1.640269444475863202e+04
1.642025099186128500e+04
1.643785591553529230e+04
1.645554108113102848e+04
1.647321242205231101e+04
1.649077477270719828e+04
1.650840354480059978e+04
1.652608763762711169e+04
1.654372778218475651e+04
1.656153369153470703e+04
1.657871140516134619e+04
1.659566071056046349e+04
1.661273907334288742e+04
1.662976350407036807e+04
1.664672291115797634e+04
1.666374055643602333e+04
1.668076680457486873e+04
1.669775798862513693e+04
1.671472204117519141e+04
1.673186548791577661e+04
1.674895905837786995e+04
1.676641365983699143e+04
1.678411790644003850e+04
1.680166538938880694e+04
1.681955512458539670e+04
1.683696964158134506e+04
1.685434026311914204e+04
1.687206402368842828e+04
1.688926808880899625e+04
1.690639853053976549e+04
1.692333478214030765e+04
1.694029901467354284e+04
1.695742225529966163e+04
1.697447084856171568e+04
1.699141393997556224e+04
1.700844175610672755e+04
1.702547052793375406e+04
1.704244029696402140e+04
1.705943309644986948e+04
1.707650092904004850e+04
1.709354098354437883e+04
1.711048928704568971e+04
1.712752297619961973e+04
1.714458433967480232e+04
1.716164503114566469e+04
1.717888108902748718e+04
1.719599316454917789e+04
1.721297912065613491e+04
1.722995849014364649e+04
1.724706314553519042e+04
1.726419904056583619e+04
1.728162525436500437e+04
1.729936017581264969e+04
1.731717832827727034e+04
