0.000000000000000000e+00
1.735455780820626615e+01
3.465891575404980074e+01
5.195864508835705209e+01
6.930751380863040367e+01
8.666025713918283202e+01
1.039720667521540065e+02
1.212753505611280502e+02
1.386116274342371923e+02
1.559725540909802817e+02
1.732888167514259976e+02
1.905831800499055362e+02
2.079178329072100269e+02
2.252786367778336398e+02
2.425988463760080265e+02
2.598991508854547874e+02
2.772255620521727337e+02
2.945863108443479632e+02
3.119172120802434165e+02
3.292112217358321686e+02
3.465305649896583873e+02
3.638942484482943200e+02
3.812250101696256479e+02
3.985259943130457145e+02
4.158432071385059317e+02
4.331984907123805897e+02
4.505431004830190318e+02
4.678418838380829357e+02
4.851483513659591722e+02
5.025064730102751582e+02
5.198496966858537007e+02
5.371536142802927998e+02
5.544629912014463571e+02
5.718098109363190815e+02
5.891643932757668836e+02
6.064721680096656655e+02
6.237704478192702027e+02
6.411162996104606009e+02
6.584717095710109334e+02
6.757818239856866285e+02
6.930845051207080587e+02
7.104219738437933529e+02
7.277809054821595964e+02
7.451009486299030868e+02
7.623958319091819931e+02
7.797263836188387813e+02
7.970898833030580590e+02
8.144090375985032324e+02
8.317081463390707086e+02
8.490361385133513750e+02
8.663951350328043191e+02
8.837285872796114745e+02
9.010247233120776400e+02
9.183405177424326666e+02
9.357045328997216984e+02
9.530365955234532294e+02
9.703354881100123066e+02
9.876534477486793548e+02
1.005008260177032980e+03
1.022352989548014079e+03
1.039654855904930628e+03
1.056959913888700385e+03
1.074315686402401525e+03
1.091662087392962576e+03
1.108964312391988642e+03
1.126272597102496320e+03
1.143620597053354459e+03
1.160973408447387328e+03
1.178284578943862471e+03
1.195583165002793748e+03
1.212924978058437318e+03
1.230283848355353257e+03
1.247592899715170915e+03
1.264893626130357916e+03
1.282232673575468425e+03
1.299590156599155989e+03
1.316912753997326945e+03
1.334209247434101599e+03
1.351536274814943681e+03
1.368901104541841960e+03
1.386221617283706109e+03
1.403518292842252322e+03
1.420846392586401407e+03
1.438204949731803026e+03
1.455538563722826893e+03
1.472837417130142285e+03
1.490151388643138716e+03
1.507513824422001562e+03
1.524849098573639139e+03
1.542145964397367152e+03
1.559462029181588150e+03
1.576817962556779548e+03
1.594161275322336678e+03
1.611466155162988798e+03
1.628771583879589343e+03
1.646123708486485157e+03
1.663474051482762434e+03
1.680775252078082758e+03
1.698080588220722348e+03
1.715430066732033310e+03
1.732781633274791602e+03
1.750094867914592214e+03
1.767395383465779560e+03
1.784733808689015405e+03
1.802095042553993608e+03
1.819405393386109608e+03
1.836703139205684238e+03
1.854042365416662506e+03
1.871399878184137378e+03
1.888722527947512845e+03
1.906021784387875869e+03
1.923346880156756015e+03
1.940711323617791095e+03
1.958035041966173367e+03
1.975329606969570477e+03
1.992656057303031730e+03
2.010016140832513429e+03
2.027348349999978382e+03
2.044649418937764494e+03
2.061963858746083588e+03
2.079323515478224635e+03
2.096662838795561584e+03
2.113958693958991716e+03
2.131271315405534551e+03
2.148628952984208809e+03
2.165970996018863843e+03
2.183277005111507151e+03
2.200584055458670719e+03
2.217933002182625387e+03
2.235286356325500492e+03
2.252588673768719673e+03
2.269890428613462973e+03
2.287240388800056280e+03
2.304592021070802730e+03
2.321905153002311636e+03
2.339207781208307097e+03
2.356544520842676320e+03
2.373906406423000135e+03
2.391219681891886466e+03
2.408515278173920706e+03
2.425852416925381931e+03
2.443211737502222149e+03
2.460533182205977937e+03
2.477833614882203619e+03
2.495158783356966978e+03
2.512521306511814601e+03
2.529849182661125269e+03
2.547142740132180734e+03
2.564465017977476236e+03
2.581827139866974903e+03
2.599157823162085151e+03
2.616459552791568058e+03
2.633775599450014397e+03
2.651132095038954503e+03
2.668474812547129659e+03
2.685771676296466921e+03
2.703080680399570156e+03
2.720439132424285162e+03
2.737781139168248501e+03
2.755086475927901120e+03
2.772395271090426832e+03
2.789742521165651397e+03
2.807097270983294948e+03
2.824402388900233746e+03
2.841701768340241870e+03
2.859050083090734915e+03
2.876403359285498937e+03
2.893714786681126952e+03
2.911018060334671645e+03
2.928354541519213853e+03
2.945715147814132251e+03
2.963032431698503387e+03
2.980326707969323252e+03
2.997660523093111806e+03
3.015021828334378370e+03
3.032341841098977966e+03
3.049641930286812567e+03
3.066968625576527302e+03
3.084328742116626927e+03
3.101660425788103112e+03
3.118954838648932764e+03
3.136273092545395230e+03
3.153636822051419585e+03
3.170967324844853465e+03
3.188267829469467870e+03
3.205585389800997291e+03
3.222940507459432411e+03
3.240285230185808359e+03
3.257584868664835085e+03
3.274890912495777229e+03
3.292248788408863220e+03
3.309592477135352965e+03
3.326896255577555166e+03
3.344205657516479278e+03
3.361552751937431822e+03
3.378906812508216717e+03
3.396215183588731634e+03
3.413513580480362180e+03
3.430858739088947914e+03
3.448214858312871002e+03
3.465524391361547259e+03
3.482826899246422272e+03
3.500164578106981025e+03
3.517523001201652278e+03
3.534843823237922152e+03
3.552138670754630766e+03
3.569468376162136337e+03
3.586832309171988982e+03
3.604151671450065351e+03
3.621450553191533800e+03
3.638778629673194700e+03
3.656137329656387010e+03
3.673470875807949596e+03
3.690767773463111098e+03
3.708083203913942270e+03
3.725446955693422296e+03
3.742779686972170566e+03
3.760077972406425033e+03
3.777395623794242965e+03
3.794750527338994289e+03
3.812095091435600807e+03
3.829397571470301045e+03
3.846702606133891095e+03
3.864057496026735862e+03
3.881404625910945015e+03
3.898706308557414559e+03
3.916013999884869008e+03
3.933362142976031464e+03
3.950714820172249802e+03
3.968026390550161523e+03
3.985325326381049763e+03
4.002666409377521177e+03
4.020025771186396014e+03
4.037334800558999632e+03
4.054634869988020000e+03
4.071974038626541187e+03
4.089331378248372857e+03
4.106654187892676418e+03
4.123951399976194807e+03
4.141277895824083316e+03
4.158642970502385651e+03
4.175964160773271033e+03
4.193260475922186743e+03
4.210588250602019798e+03
4.227946970071106080e+03
4.245280586922342991e+03
4.262579946065915465e+03
4.279894020464271307e+03
4.297255933665386692e+03
4.314591892475107670e+03
4.331888245650346107e+03
4.349204023091527233e+03
4.366560375798116183e+03
4.383903508323182905e+03
4.401208446595926034e+03
4.418514458707168160e+03
4.435865864238010545e+03
4.453216749925280055e+03
4.470517940042007467e+03
4.487822556725754112e+03
4.505172267467764868e+03
4.522523390953047056e+03
4.539836704346351326e+03
4.557137594737820109e+03
4.574475070869913907e+03
4.591836329529001887e+03
4.609146725569553382e+03
4.626444227176399181e+03
4.643783170261869600e+03
4.661140703409320849e+03
4.678463252928948350e+03
4.695762848920538090e+03
4.713087736542283892e+03
4.730451888515168321e+03
4.747776163023048866e+03
4.765070561509392064e+03
4.782396467639653565e+03
4.799756769903890927e+03
4.817089039227803369e+03
4.834390253828267305e+03
4.851705012529200758e+03
4.869064040548024423e+03
4.886403836745408626e+03
4.903699687759260996e+03
4.921011626951902144e+03
4.938369677220072845e+03
4.955711642369844412e+03
4.973017768838317352e+03
4.990325385491396446e+03
5.007673908789910456e+03
5.025027748591713134e+03
5.042330427329936356e+03
5.059631923496423042e+03
5.076981797482859292e+03
5.094333484897377275e+03
5.111646160613983739e+03
5.128949108996008363e+03
5.146285280634032461e+03
5.163646838908623977e+03
5.180960748045224136e+03
5.198255699556815671e+03
5.215592475119643495e+03
5.232951886153653504e+03
5.250272994216156803e+03
5.267573732215751988e+03
5.284899260920527013e+03
5.302261416065368394e+03
5.319590080544386183e+03
5.336883713130852811e+03
5.354205278082117729e+03
5.371567600125278659e+03
5.388898195175064757e+03
5.406199738879050528e+03
5.423516123765649354e+03
5.440872360290548386e+03
5.458215642787930847e+03
5.475512850467214776e+03
5.492821320086557535e+03
5.510179917767958614e+03
5.527522117997528767e+03
5.544827209147320900e+03
5.562136073898349423e+03
5.579483151356892449e+03
5.596837838120058223e+03
5.614143488358926334e+03
5.631442575970660982e+03
5.648790602045632113e+03
5.666144347076515260e+03
5.683455534186798104e+03
5.700758831664707031e+03
5.718095463086016025e+03
5.735455741798268718e+03
5.752773633911268917e+03
5.770068152543488395e+03
5.787401404758283206e+03
5.804763189788139243e+03
5.822082780223725422e+03
5.839382894869683696e+03
5.856709783348050223e+03
5.874069647393757805e+03
5.891401797102082128e+03
5.908696464065218606e+03
5.926014234769811083e+03
5.943378044581147151e+03
5.960709078043534646e+03
5.978009325690109108e+03
5.995327159661859696e+03
6.012681938878595247e+03
6.030027040774812122e+03
6.047327018485047120e+03
6.064632625304878275e+03
6.081989891507830180e+03
6.099333867056567215e+03
6.116637094727968361e+03
6.133946205013011422e+03
6.151293531394881029e+03
6.168647292709350950e+03
6.185956258488351523e+03
6.203254796809412255e+03
6.220599188150543341e+03
6.237956147235605386e+03
6.255265555535333988e+03
6.272567536199452661e+03
6.289905817935003142e+03
6.307264088271918808e+03
6.324585337564229121e+03
6.341880697211565348e+03
6.359209520756276106e+03
6.376573655961807162e+03
6.393893122538541320e+03
6.411191210080259225e+03
6.428519542720985555e+03
6.445878383551145816e+03
6.463211992519911291e+03
6.480509092916478039e+03
6.497823978249474749e+03
6.515187594987241027e+03
6.532520761751893588e+03
6.549819009747339805e+03
6.567136584086855692e+03
6.584491824556344000e+03
6.601836185702134571e+03
6.619139349272543768e+03
6.636444341466394690e+03
6.653798678175818168e+03
6.671146277339166772e+03
6.688448042175054070e+03
6.705755410710620708e+03
6.723103670326996507e+03
6.740455894001063825e+03
6.757767811519901443e+03
6.775067014703394307e+03
6.792407456169337820e+03
6.809767141434145742e+03
6.827076496721809235e+03
6.844376263165302589e+03
6.861715515921901897e+03
6.879072795117232999e+03
6.896395730383001137e+03
6.913693332907010699e+03
6.931019381313722079e+03
6.948384339232294224e+03
6.965705973230611562e+03
6.983001690861985480e+03
7.000329278081055236e+03
7.017688366233265697e+03
7.035021831961563294e+03
7.052321393789927242e+03
7.069635492287603483e+03
7.086997204337183575e+03
7.104333728526815321e+03
7.121629997234505936e+03
7.138945064686628939e+03
7.156301958019057565e+03
7.173644920257527701e+03
7.190950119789926248e+03
7.208256058288901841e+03
7.225607021292805257e+03
7.242958606837786647e+03
7.260259900915254548e+03
7.277563914221070263e+03
7.294913880377436726e+03
7.312265196128523712e+03
7.329578497755675926e+03
7.346879843075455028e+03
7.364217220252922743e+03
7.381578705176267249e+03
7.398889675487564091e+03
7.416186595197386850e+03
7.433525338279325297e+03
7.450883177431454897e+03
7.468205608875313374e+03
7.485505444478029858e+03
7.502830591899430146e+03
7.520194459664310671e+03
7.537519767878005950e+03
7.554813673886306788e+03
7.572138826413214701e+03
7.589499567813825706e+03
7.606831397850051872e+03
7.624132780457141052e+03
7.641447806695073268e+03
7.658806157824268666e+03
7.676146912299303949e+03
7.693442997404466951e+03
7.710754335058403740e+03
7.728112522752760924e+03
7.745454210527479518e+03
7.762760277152090566e+03
7.780068137626245516e+03
7.797416079816468482e+03
7.814770177406124276e+03
7.832073497435434547e+03
7.849374486886738850e+03
7.866724236020785611e+03
7.884076374798563847e+03
7.901389038463446923e+03
7.918692307370862181e+03
7.936028595751004104e+03
7.953390163092970397e+03
7.970704932745415135e+03
7.987999844875708732e+03
8.005335999396293118e+03
8.022695919087582297e+03
8.040016618464269413e+03
8.057317268785242049e+03
8.074643233085763313e+03
8.092005090743970868e+03
8.109334492022626364e+03
8.126627882688912905e+03
8.143948701740053366e+03
8.161311461219593184e+03
8.178641823823441882e+03
8.195943196762149455e+03
8.213260004686584580e+03
8.230615810931663873e+03
8.247959719324317120e+03
8.265257685876249525e+03
8.282565329010902133e+03
8.299923797965597259e+03
8.317266476539549330e+03
8.334571496681970530e+03
8.351880579321594269e+03
8.369227681693238992e+03
8.386582348667623592e+03
8.403888862606201656e+03
8.421187695097434698e+03
8.438535014721561311e+03
8.455889409461977266e+03
8.473200414385630211e+03
8.490503796179700657e+03
8.507840981306510002e+03
8.525200625205830875e+03
8.542519479746864818e+03
8.559814007914239482e+03
8.577146092172708450e+03
8.594508853856044880e+03
8.611828215211853603e+03
8.629127924601501945e+03
8.646455203805076962e+03
8.663814558847212538e+03
8.681147264134760917e+03
8.698442678854135011e+03
8.715759574121258993e+03
8.733123445463610551e+03
8.750454803913009528e+03
8.767754478568438572e+03
8.785072452576589058e+03
8.802427327669352962e+03
8.819771955309755867e+03
8.837073021538124522e+03
8.854378499950204059e+03
8.871734980922119576e+03
8.889080278517596525e+03
8.906383200423029848e+03
8.923691878972502309e+03
8.941039415491501131e+03
8.958393240452529426e+03
8.975703555753954788e+03
8.993002024377736234e+03
9.010345193943547201e+03
9.027703053998166070e+03
9.045012250969914021e+03
9.062313873751529172e+03
9.079652443613056676e+03
9.097010303141094482e+03
9.114332347272693369e+03
9.131628417459338380e+03
9.148956319232074748e+03
9.166321081147170844e+03
9.183640996128706320e+03
9.200938522291779009e+03
9.218266698110772268e+03
9.235625475121356430e+03
9.252959470622570734e+03
9.270257751225992251e+03
9.287572307710592213e+03
9.304935281327645498e+03
9.322269524401581293e+03
9.339566754320503605e+03
9.356883672752606799e+03
9.374239240293831244e+03
9.391583199574646642e+03
9.408887168713319625e+03
9.426192269592536832e+03
9.443545426514941937e+03
9.460894471378236631e+03
9.478195920578262303e+03
9.495502009014155192e+03
9.512851362004281327e+03
9.530203000058549151e+03
9.547515744938482385e+03
9.564815520580106750e+03
9.582154883236178648e+03
9.599515512272730120e+03
9.616825196936051725e+03
9.634124099198914337e+03
9.651463432962475054e+03
9.668820800128714836e+03
9.686143764504864521e+03
9.703442244064182887e+03
9.720767541940900628e+03
9.738132257832177856e+03
9.755454989853988081e+03
9.772750248876411206e+03
9.790077237040753971e+03
9.807436770559308570e+03
9.824769759587501539e+03
9.842070219461715169e+03
9.859384451220710616e+03
9.876744850222230525e+03
9.894082910823710336e+03
9.911379073406857060e+03
9.928692853781469239e+03
9.946050179919484435e+03
9.963392251651963306e+03
9.980698181860941986e+03
9.998004538030983895e+03
1.001535416945929865e+04
1.003270678244659211e+04
1.005000861352981883e+04
1.006731154484620129e+04
1.008466159765248449e+04
1.010201274696595465e+04
1.011932604918725337e+04
1.013662799365347746e+04
1.015396497601396732e+04
1.017132662842267382e+04
1.018863887298223017e+04
1.020593502477643415e+04
1.022327302975266866e+04
1.024063156614725267e+04
1.025795351336414751e+04
1.027525389728228583e+04
1.029257915801500712e+04
1.030994245172649244e+04
1.032726917892978236e+04
1.034456263942984515e+04
1.036188626617737827e+04
1.037924802697051928e+04
1.039657924885510511e+04
1.041388099250926825e+04
1.043119654075695144e+04
1.044855388878220401e+04
1.046589582731772316e+04
1.048319222231881940e+04
1.050050229090041285e+04
1.051786081483514499e+04
1.053520261093344743e+04
1.055250840256000083e+04
1.056981664180302687e+04
1.058716425776314281e+04
1.060451879101083614e+04
1.062182298884683041e+04
1.063912288360887032e+04
1.065647193517174310e+04
1.067382432796207286e+04
1.069113645848395572e+04
1.070843983652351017e+04
1.072577628875627488e+04
1.074313739271635313e+04
1.076045357630276703e+04
1.077774797942026271e+04
1.079508266331096092e+04
1.081244357671923717e+04
1.082976367282857609e+04
1.084706418073580426e+04
1.086439049111644999e+04
1.088175102579942359e+04
1.089908177562313358e+04
1.091637575998204920e+04
1.093369523405446307e+04
1.095105861397218905e+04
1.096838917649807081e+04
1.098569008339602442e+04
1.100300732007993975e+04
1.102036271729609325e+04
1.103770698848301618e+04
1.105500581613872782e+04
1.107231235838522844e+04
1.108967055648486348e+04
1.110701371916635253e+04
1.112431792238208072e+04
1.114162726335967091e+04
1.115897414542017214e+04
1.117632860459871154e+04
1.119363621469593454e+04
1.121093460023548505e+04
1.122828082273726250e+04
1.124563621295575467e+04
1.126294626859499476e+04
1.128024927305415258e+04
1.129758696537444484e+04
1.131494608161513679e+04
1.133226605955472405e+04
1.134956063904803159e+04
1.136689134082737291e+04
1.138425467857198964e+04
1.140157397296291128e+04
1.141887304494336786e+04
1.143620081789016149e+04
1.145355978640444846e+04
1.147089287777307618e+04
1.148818886330957866e+04
1.150550485997012584e+04
1.152286901130145270e+04
1.154020093101380189e+04
1.155750013899333499e+04
1.157481792161711746e+04
1.159217290740648968e+04
1.160951756757366093e+04
1.162681927900160736e+04
1.164412436005506243e+04
1.166148027768852262e+04
1.167882646915211444e+04
1.169612872954129125e+04
1.171343686821558367e+04
1.173078462837178085e+04
1.174813784775514978e+04
1.176544878943555159e+04
1.178274734738326151e+04
1.180008976805388556e+04
1.181744821228729597e+04
1.183475733655251315e+04
1.185205824689376823e+04
1.186939710519889923e+04
1.188675457510011984e+04
1.190407698310309206e+04
1.192137345501031814e+04
1.193870077089064398e+04
1.195606562333440161e+04
1.197338612500126692e+04
1.199068304955093845e+04
1.200801129038486761e+04
1.202537015176159912e+04
1.204270380894155096e+04
1.206000271175785383e+04
1.207731692880123228e+04
1.209467934629121009e+04
1.211201471367138583e+04
1.212931157493059982e+04
1.214662801216493790e+04
1.216398413672840979e+04
1.218132751945019845e+04
1.219863225110365966e+04
1.221593745304654658e+04
1.223328963763923093e+04
1.225063950440465851e+04
1.226794079924577454e+04
1.228524638896154829e+04
1.230259571405058159e+04
1.231994729885833476e+04
1.233726015822928639e+04
1.235456055872724028e+04
1.237189922286832734e+04
1.238926041788879229e+04
1.240657041630758613e+04
1.242386860591548975e+04
1.244120770223464024e+04
1.245856536664651139e+04
1.247588815463575884e+04
1.249318713440600186e+04
1.251051215718603635e+04
1.252787663722404977e+04
1.254520010882758470e+04
1.256249462475510518e+04
1.257982099650501186e+04
1.259718098328984706e+04
1.261451353969183401e+04
1.263181446501657047e+04
1.264912900049981181e+04
1.266648868264820703e+04
1.268382784332458687e+04
1.270112345923376597e+04
1.271843630125138043e+04
1.273579396298080610e+04
1.275313603058800436e+04
1.277044198327358026e+04
1.278774894947018765e+04
1.280509815205745326e+04
1.282245147702261966e+04
1.283975383740921097e+04
1.285705600413177126e+04
1.287440595822409887e+04
1.289175735922703825e+04
1.290907032804173650e+04
1.292637255589319648e+04
1.294370921351379729e+04
1.296107098823571505e+04
1.297838406419621242e+04
1.299567957663945708e+04
1.301301691315494281e+04
1.303037585397008661e+04
1.304769747747116344e+04
1.306499781391161741e+04
1.308232299380314180e+04
1.309968573925410783e+04
1.311701357088204168e+04
1.313430675534759575e+04
1.315162951503482327e+04
1.316899146385751555e+04
1.318632257210140961e+04
1.320362416856888740e+04
1.322094021904575857e+04
1.323829698094779997e+04
1.325563953634550307e+04
1.327293638762165574e+04
1.329024542114312499e+04
1.330760390562993416e+04
1.332494585259774976e+04
1.334225141111694757e+04
1.335956025712490373e+04
1.337690747572438886e+04
1.339426205141845639e+04
1.341156710343525447e+04
1.342886648998054807e+04
1.344621509495845385e+04
1.346356817151737596e+04
1.348087966244064410e+04
1.349818298324499301e+04
1.351551950869808934e+04
1.353288017570368720e+04
1.355019713541821329e+04
1.356749166667381178e+04
1.358482559592931102e+04
1.360218693482700473e+04
1.361950695418350369e+04
1.363680717865456609e+04
1.365413379581454865e+04
1.367149411695942217e+04
1.368882555137976124e+04
1.370611992009499045e+04
1.372343846846530141e+04
1.374080208914663672e+04
1.375813281210837886e+04
1.377543349307632525e+04
1.379275118805267266e+04
1.381010631800816554e+04
1.382745089805330645e+04
1.384475041387312740e+04
1.386205642709435415e+04
1.387941431307777748e+04
1.389675810756669307e+04
1.391406176246225368e+04
1.393137105471494215e+04
1.394871837832241908e+04
1.396607252444707046e+04
1.398338104704077523e+04
1.400067957022891642e+04
1.401802483885822949e+04
1.403538114500536176e+04
1.405269092090521735e+04
1.406999351237741575e+04
1.408733110535025480e+04
1.410468968224079981e+04
1.412201022162246954e+04
1.413930500297316576e+04
1.415663477102143224e+04
1.417399862570687583e+04
1.419131795847718786e+04
1.420861682973902316e+04
1.422594491357984407e+04
1.424330387892252838e+04
1.426063745808368367e+04
1.427793443084023602e+04
1.429524995842595672e+04
1.431261356972406429e+04
1.432994604146057827e+04
1.434724437492298784e+04
1.436456186845418415e+04
1.438191693489978388e+04
1.439926128186376445e+04
1.441656371762490562e+04
1.443386871585308654e+04
1.445122404034880128e+04
1.446857120022422168e+04
1.448587305756926617e+04
1.450318059897267449e+04
1.452052904017575565e+04
1.453788143582170233e+04
1.455519294772087960e+04
1.457249179213979914e+04
1.458983305929437120e+04
1.460719230604779295e+04
1.462450161648647554e+04
1.464180182237845293e+04
1.465914080388893490e+04
1.467649835352226364e+04
1.469382114163157894e+04
1.471111814061077348e+04
1.472844476892111379e+04
1.474580979498776833e+04
1.476313077041400174e+04
1.478042678743956640e+04
1.479775470069332368e+04
1.481511382357783623e+04
1.483244715127893869e+04
1.484974663677082935e+04
1.486706077379705312e+04
1.488442259068098792e+04
1.490175865272376905e+04
1.491905501742689376e+04
1.493637050370594989e+04
1.495372692873232154e+04
1.497107010211292618e+04
1.498837514365295465e+04
1.500568066408543018e+04
1.502303222232949520e+04
1.504038301977041192e+04
1.505768439866958943e+04
1.507498906170629743e+04
1.509233874093413397e+04
1.510969013916860422e+04
1.512700342460183674e+04
1.514430412486827299e+04
1.516164194193778530e+04
1.517900334526425286e+04
1.519631402395067198e+04
1.521361142773063511e+04
1.523095051459940260e+04
1.524830820856430546e+04
1.526563095949247145e+04
1.528293028951298038e+04
1.530025521332407516e+04
1.531761964009905932e+04
1.533494417043066642e+04
1.535223829645353362e+04
1.536956391867467210e+04
1.538692426010441704e+04
1.540425642468255137e+04
1.542155789506161454e+04
1.543887237596847626e+04
1.545623147844323466e+04
1.547357133689333205e+04
1.549086740483876747e+04
1.550817926494659514e+04
1.552553710842072178e+04
1.554287888151401057e+04
1.556018514784172294e+04
1.557749235749230502e+04
1.559484098254295895e+04
1.561219469147409836e+04
1.562949736162615045e+04
1.564679897845842424e+04
1.566414896721233890e+04
1.568150066803775553e+04
1.569881371466644123e+04
1.571611632807775823e+04
1.573345260710049479e+04
1.575081416744922717e+04
1.576812803689395514e+04
1.578542330781534474e+04
1.580275999778080586e+04
1.582011947329662507e+04
1.583744070325983557e+04
1.585474129916346646e+04
1.587206682585948511e+04
1.588942907134032066e+04
1.590675757616010924e+04
1.592405097069437397e+04
1.594137296076865096e+04
1.595873533524973573e+04
1.597606603380658271e+04
1.599336770443402020e+04
1.601068396510711682e+04
1.602804014503895451e+04
1.604538365204855290e+04
1.606268130970866696e+04
1.607998973268251393e+04
1.609734831779045999e+04
1.611469061166546817e+04
1.613199573961223359e+04
1.614930497655747240e+04
1.616665193992384593e+04
1.618400653073026842e+04
1.620131209126851172e+04
1.621861132188211923e+04
1.623595920080962242e+04
1.625331284948093344e+04
1.627062377548324730e+04
1.628792726402338303e+04
1.630526388224650873e+04
1.632262401271225826e+04
1.633994204187629657e+04
1.635723661010203432e+04
1.637456949552542210e+04
1.639193152358596853e+04
1.640925104395381277e+04
1.642655105816372088e+04
1.644387819077404129e+04
1.646123791252398587e+04
1.647856997023713484e+04
1.649586482483634973e+04
1.651318266055403001e+04
1.653054650362065877e+04
1.654787738935837115e+04
1.656517752519397618e+04
1.658249552212615527e+04
1.659985032163721917e+04
1.661719512511325956e+04
1.663449531449228380e+04
1.665180075873649548e+04
1.666915804404372830e+04
1.668650258599584049e+04
1.670380588007806728e+04
1.672111500721210905e+04
1.673846254108184803e+04
1.675581646406490108e+04
1.677312557660991297e+04
1.679042387051011610e+04
1.680776795325645071e+04
1.682512515408484614e+04
1.684243465449526411e+04
1.685973651743940718e+04
1.687707463142357301e+04
1.689443292413689051e+04
1.691175434550623322e+04
1.692904993355811894e+04
1.694637878517456920e+04
1.696374295447477562e+04
1.698106245815102739e+04
1.699836060386647296e+04
1.701568888918928496e+04
1.703304767297668513e+04
1.705038132537157071e+04
1.706767870988460345e+04
1.708499354357627817e+04
1.710235714374811505e+04
1.711969012784105871e+04
1.713698781811781373e+04
1.715430521223983669e+04
1.717166048796409814e+04
1.718900469669818267e+04
1.720630781715387275e+04
1.722361288512849205e+04
1.724096724301577706e+04
1.725831536596431033e+04
1.727561688537800364e+04
1.729292400628783071e+04
1.731027256434545416e+04
1.732762456374384783e+04
