0.000000000000000000e+00
1.730049869080421132e+01
3.463092354182521859e+01
5.201042709594128155e+01
6.933451575940846112e+01
8.680577583546985920e+01
1.041883145408717439e+02
1.214196258018081380e+02
1.388204436275937894e+02
1.564024783869217856e+02
1.739504578986030197e+02
1.911545867242921588e+02
2.084580980767498204e+02
2.257073388563458138e+02
2.429686376306204920e+02
2.601875849988690561e+02
2.774829039381633606e+02
2.948686055510174810e+02
3.122463475618955613e+02
3.296425835695690694e+02
3.469485178360495183e+02
3.643299343589823138e+02
3.817044369909241368e+02
3.990318434236000371e+02
4.163085014810255871e+02
4.337171569220445804e+02
4.510246881639235426e+02
4.683610755660807854e+02
4.856821011511038932e+02
5.029848713548550450e+02
5.203418088656720784e+02
5.376323589495659689e+02
5.549402558137668393e+02
5.722236457615708787e+02
5.896384531303742733e+02
6.069212271968166306e+02
6.242171437979036455e+02
6.415340817941632849e+02
6.588687822277611303e+02
6.762727820689860891e+02
6.935057177561332082e+02
7.108719954813561799e+02
7.281601981621945470e+02
7.455272870961319995e+02
7.628260874086427066e+02
7.801308003879848911e+02
7.975329616193491802e+02
8.148472159643195027e+02
8.321386297020774236e+02
8.493990541407388264e+02
8.667881230557834442e+02
8.841456703484868740e+02
9.014323302098621298e+02
9.187280812535134373e+02
9.360461597169166907e+02
9.534476344950267048e+02
9.706894768177724018e+02
9.880213205966832675e+02
1.005339540090895071e+03
1.022705123383358796e+03
1.040017155064536382e+03
1.057278011739758085e+03
1.074682494912219681e+03
1.092009686973048019e+03
1.109329640382272601e+03
1.126571974281780740e+03
1.143938381375028712e+03
1.161287813499996219e+03
1.178588534506381620e+03
1.195891830084765843e+03
1.213190454177350148e+03
1.230579420940865475e+03
1.247846013163452881e+03
1.265175510541464746e+03
1.282484867132997351e+03
1.299869135031745827e+03
1.317202132176366831e+03
1.334443975490195498e+03
1.351793750184021974e+03
1.369125481657040382e+03
1.386499495483647706e+03
1.403760310748868051e+03
1.421073357409589335e+03
1.438432699631122887e+03
1.455767589594004221e+03
1.473150803830532595e+03
1.490446847594055271e+03
1.507819766979865108e+03
1.525258634194317892e+03
1.542537903659721451e+03
1.559884804517815610e+03
1.577171860864790233e+03
1.594549353430477822e+03
1.611900153982980555e+03
1.629139583850083454e+03
1.646531606698070391e+03
1.663865895445404931e+03
1.681157660864294940e+03
1.698412033379605873e+03
1.715808550388067943e+03
1.733213554082662085e+03
1.750502707281915718e+03
1.767846298567595568e+03
1.785142992313651803e+03
1.802504784192189618e+03
1.819940253099744268e+03
1.837189431224534474e+03
1.854605344307951327e+03
1.872026943617417373e+03
1.889377680867884465e+03
1.906837020876803081e+03
1.924051118353416541e+03
1.941438353580191688e+03
1.958961377292217094e+03
1.976184345596721869e+03
1.993564478659871384e+03
2.010973818541492165e+03
2.028328375911992453e+03
2.045766418354648067e+03
2.063105148255083805e+03
2.080436684462172252e+03
2.097928301058447687e+03
2.115268792290364672e+03
2.132550158928960627e+03
2.149986374162029279e+03
2.167370840442740700e+03
2.184728157708065282e+03
2.202133248077016560e+03
2.219429955632437213e+03
2.236884164611422875e+03
2.254288366782700450e+03
2.271584623582284621e+03
2.289037414630262901e+03
2.306376047151091370e+03
2.323727541963277872e+03
2.341173595648985611e+03
2.358379290001298614e+03
2.375874597641633954e+03
2.393333207894264888e+03
2.410800346075018751e+03
2.427985084965910573e+03
2.445486596910494882e+03
2.463000725261964362e+03
2.480587048961696382e+03
2.498020035999455558e+03
2.515182499722643115e+03
2.532666486480829917e+03
2.550146450127015669e+03
2.567502859390017875e+03
2.584754957813820965e+03
2.602191928250896126e+03
2.619600183452244892e+03
2.636931205916062936e+03
2.654306755100310511e+03
2.671741170476532261e+03
2.689070112935533871e+03
2.706494843161966855e+03
2.723891707984570530e+03
2.741205624068017642e+03
2.758574365768473399e+03
2.775935828303312519e+03
2.793317023224721197e+03
2.810578311663531167e+03
2.827928507571252339e+03
2.845281233105804858e+03
2.862576741071447941e+03
2.879852329151411595e+03
2.897182187363870071e+03
2.914576874786560438e+03
2.931842711953269827e+03
2.949173095995892254e+03
2.966460102896641729e+03
2.983870686194799873e+03
3.001196671217336188e+03
3.018449932529250873e+03
3.035755744301782215e+03
3.053096837176630288e+03
3.070470107880401429e+03
3.087695450847373650e+03
3.105035539303282349e+03
3.122394204119695587e+03
3.139730290501530362e+03
3.157045169917281783e+03
3.174334453486900202e+03
3.191715507298386001e+03
3.208994993132497257e+03
3.226339825505450790e+03
3.243574824658378475e+03
3.260961298993878700e+03
3.278277106000107779e+03
3.295600906245575970e+03
3.312883830354189740e+03
3.330220901612766284e+03
3.347628924149364138e+03
3.364878255316836658e+03
3.382199339242500173e+03
3.399504894386995147e+03
3.416866207754541847e+03
3.434148982822986000e+03
3.451452740321880810e+03
3.468780335244650814e+03
3.486115751460328738e+03
3.503484957122088417e+03
3.520706929703541846e+03
3.538071076601239838e+03
3.555430653962632277e+03
3.572766268761995434e+03
3.590026930318957056e+03
3.607332723045125931e+03
3.624714313316859261e+03
3.642008430355032033e+03
3.659305714306534355e+03
3.676577131843369443e+03
3.693973774768574003e+03
3.711274088817084703e+03
3.728586983618586601e+03
3.745896208420530456e+03
3.763246119104040645e+03
3.780623758850531431e+03
3.797858698822471524e+03
3.815172247261059965e+03
3.832508678880870320e+03
3.849889246587261368e+03
3.867123669316226369e+03
3.884433383650140058e+03
3.901807048916460190e+03
3.919141213193899603e+03
3.936470666852895192e+03
3.953711997849661202e+03
3.971100713956782783e+03
3.988403009029638270e+03
4.005723837736131372e+03
4.022987105121353125e+03
4.040369044891284375e+03
4.057727101862465588e+03
4.075013043088465565e+03
4.092311327160815381e+03
4.109617026389117200e+03
4.127029390994719506e+03
4.144300396984679537e+03
4.161595151053911650e+03
4.178927982329596489e+03
4.196247590687042248e+03
4.213602526142283750e+03
4.230871202815741526e+03
4.248276722835906185e+03
4.265582779052838305e+03
4.282943269429886641e+03
4.300273925241775942e+03
4.317552652775486422e+03
4.334956391026971687e+03
4.352289992947718929e+03
4.369635803554569975e+03
4.387017177145979986e+03
4.404344598368709740e+03
4.421743029654930069e+03
4.439091359471376563e+03
4.456419520404275318e+03
4.473814622695303115e+03
4.491261995715694866e+03
4.508536663097504061e+03
4.525850184204250581e+03
4.543171433510764473e+03
4.560568496463051815e+03
4.577955024323809994e+03
4.595208012788670203e+03
4.612564755386731122e+03
4.630059610316785438e+03
4.647346441058494747e+03
4.664704920460336325e+03
4.682120800863825025e+03
4.699416124100412162e+03
4.716809287699661581e+03
4.734070277786171573e+03
4.751419366410609655e+03
4.768806144923898501e+03
4.786108944445194538e+03
4.803447022248627036e+03
4.820703144877343220e+03
4.838073221447333708e+03
4.855384606746634745e+03
4.872748900221999065e+03
4.890135812429054567e+03
4.907448158830398825e+03
4.924921932565430325e+03
4.942274024047907005e+03
4.959558626318324968e+03
4.976916609781756051e+03
4.994416953660775107e+03
5.011741320385233848e+03
5.029059028421555922e+03
5.046431168600456658e+03
5.063816138383749603e+03
5.081132235482538817e+03
5.098419435713914936e+03
5.115738631614386577e+03
5.133139116861049843e+03
5.150442305166965525e+03
5.167745479788921330e+03
5.185019151771165525e+03
5.202390137181497266e+03
5.219797316238594249e+03
5.237184529338848733e+03
5.254428237938189341e+03
5.271902271584276605e+03
5.289241784044856104e+03
5.306561407289533236e+03
5.323926189573801821e+03
5.341266043289123445e+03
5.358633512459975464e+03
5.375999348067345636e+03
5.393317234233536510e+03
5.410611982660186186e+03
5.428003175684860253e+03
5.445227456229755262e+03
5.462411871706084639e+03
5.479687649987455188e+03
5.497085062719914276e+03
5.514425981589581170e+03
5.531769578136497330e+03
5.549073415242504780e+03
5.566449589991295397e+03
5.583689152462182392e+03
5.600943998508826553e+03
5.618177874924628668e+03
5.635509427041997697e+03
5.652754772777201651e+03
5.669924128034118439e+03
5.687188747976013474e+03
5.704433576677905876e+03
5.721645053433581779e+03
5.738886387887570891e+03
5.756131048254894267e+03
5.773476585470723876e+03
5.790706272923143842e+03
5.807984785107511925e+03
5.825202154292001069e+03
5.842618525994830634e+03
5.859903376368873978e+03
5.877312389238722972e+03
5.894682867744264513e+03
5.912027237311105637e+03
5.929454860816207656e+03
5.946786181656150802e+03
5.964102341884872658e+03
5.981414717471807307e+03
5.998807433608834799e+03
6.016127693804588489e+03
6.033430466301393608e+03
6.050888572279078289e+03
6.068274309851518410e+03
6.085594504547409088e+03
6.102925599787316969e+03
6.120305532690286782e+03
6.137690726297505535e+03
6.155025359064798977e+03
6.172271044914370577e+03
6.189669228507666048e+03
6.207065076761211458e+03
6.224400543890491463e+03
6.241792714709542452e+03
6.259152318867136273e+03
6.276475836660063578e+03
6.293911177855013193e+03
6.311222064072886496e+03
6.328563172496796142e+03
6.345930805568881624e+03
6.363258306333760629e+03
6.380576388947050873e+03
6.397840719372145031e+03
6.415231039712485654e+03
6.432652633452775262e+03
6.449914416925777914e+03
6.467260887832016124e+03
6.484548580889235382e+03
6.501939402823240016e+03
6.519287064946141982e+03
6.536534445474557288e+03
6.553930505532707684e+03
6.571265870148206886e+03
6.588581834128007358e+03
6.605812956935311377e+03
6.623165443088256325e+03
6.640523675985601585e+03
6.657845028219444430e+03
6.675155694946533913e+03
6.692435653444896161e+03
6.709833314656387302e+03
6.727126149441593952e+03
6.744419839590667834e+03
6.761696443053223447e+03
6.779076643747137496e+03
6.796397418075630412e+03
6.813662409107408166e+03
6.830985730075179163e+03
6.848340173912851242e+03
6.865715778871760449e+03
6.882941141214130766e+03
6.900293183518064325e+03
6.917629942097501953e+03
6.934971285511570386e+03
6.952276442793361639e+03
6.969551599617654574e+03
6.986904591956990771e+03
7.004223796244939876e+03
7.021554481542345457e+03
7.038789899307487758e+03
7.056180464121434852e+03
7.073535875453435438e+03
7.090831418254175333e+03
7.108160513052062015e+03
7.125469262072790116e+03
7.142861947414079623e+03
7.160109665851970931e+03
7.177448761289469985e+03
7.194742498985275233e+03
7.212115627584718823e+03
7.229447522154929175e+03
7.246713031340290399e+03
7.264071690547064463e+03
7.281433834388989453e+03
7.298766996838780869e+03
7.316018836856914277e+03
7.333359257897140196e+03
7.350708990214488040e+03
7.368020265354098228e+03
7.385330748628232868e+03
7.402596054427829586e+03
7.419989522812074938e+03
7.437308152089730356e+03
7.454634144533615654e+03
7.471922669517967734e+03
7.489289934367780916e+03
7.506667560846133711e+03
7.523903175237923278e+03
7.541224691708452156e+03
7.558557621833446319e+03
7.575932271525705801e+03
7.593191335787816570e+03
7.610499555177444563e+03
7.627857376838519485e+03
7.645209176485143871e+03
7.662539062614918294e+03
7.679768851249826184e+03
7.697136500094855364e+03
7.714481663354925331e+03
7.731797730028527440e+03
7.749051328522282347e+03
7.766403217060256793e+03
7.783790420802100925e+03
7.801063782491197344e+03
7.818396858594165678e+03
7.835712320472512147e+03
7.853094357320997005e+03
7.870371623621293111e+03
7.887657820678870848e+03
7.904972553136527495e+03
7.922319853856581176e+03
7.939662435631893459e+03
7.956907593205103694e+03
7.974231903295143638e+03
7.991583955247701851e+03
8.008942130747001102e+03
8.026194629311223252e+03
8.043530853109181407e+03
8.060914009152598737e+03
8.078204920884762942e+03
8.095537456713680513e+03
8.112790016159416155e+03
8.130189405190077196e+03
8.147462796513701505e+03
8.164783635660056461e+03
8.182034418361442476e+03
8.199417867453490544e+03
8.216775220684692613e+03
8.234059978564670018e+03
8.251364083638844022e+03
8.268697060808028255e+03
8.286079366511341505e+03
8.303333236992819366e+03
8.320661623067793698e+03
8.337974960928317159e+03
8.355314525139358011e+03
8.372601100199468419e+03
8.389895014837111376e+03
8.407241342021728997e+03
8.424559374917022069e+03
8.441919159686105559e+03
8.459137927629601108e+03
8.476504930757115289e+03
8.493857186202400044e+03
8.511185489012623293e+03
8.528440652917801344e+03
8.545751420885499101e+03
8.563127461238944306e+03
8.580424315513733745e+03
8.597760484122223716e+03
8.615037394621849671e+03
8.632443724737029697e+03
8.649763292944971909e+03
8.667041713241886100e+03
8.684364081496481958e+03
8.701704399864273000e+03
8.719128022462868103e+03
8.736384149985542535e+03
8.753685625338410318e+03
8.771050446124550945e+03
8.788373378131100253e+03
8.805680693941305435e+03
8.822940026343250793e+03
8.840340179695254847e+03
8.857646643179983585e+03
8.874965885757534124e+03
8.892238600122094795e+03
8.909616965693869133e+03
8.926970181132390280e+03
8.944241153718594433e+03
8.961533650953277174e+03
8.978849625999848286e+03
8.996256210292016476e+03
9.013503138866388326e+03
9.030810634967427177e+03
9.048161588288454368e+03
9.065493652335237130e+03
9.082838839858599385e+03
9.100090443189323196e+03
9.117462289608729407e+03
9.134751655004853092e+03
9.152108416181734356e+03
9.169334204926257371e+03
9.186714326970071852e+03
9.204038957106866292e+03
9.221376366496846458e+03
9.238669962093565118e+03
9.255957077935523557e+03
9.273375471166440548e+03
9.290656580069422489e+03
9.307947073577492120e+03
9.325219619073708600e+03
9.342591327455756982e+03
9.359889175528396663e+03
9.377233001181823056e+03
9.394599404348013195e+03
9.411908268411787503e+03
9.429326542031743884e+03
9.446697315453391639e+03
9.463956436180165838e+03
9.481309112003742484e+03
9.498620429004120524e+03
9.515965690429315146e+03
9.533227173233086432e+03
9.550588943279482919e+03
9.568007177028979640e+03
9.585272196669520781e+03
9.602567691213214857e+03
9.619873494985242360e+03
9.637333681145455557e+03
9.654691764499797500e+03
9.671942838305429177e+03
9.689307733520014153e+03
9.706746893656656539e+03
9.724034085446735844e+03
9.741320308639949872e+03
9.758624440244526340e+03
9.776083225452757688e+03
9.793437656753401825e+03
9.810741952982067232e+03
9.828164077973551684e+03
9.845521781181236292e+03
9.862846874262057099e+03
9.880240883998783829e+03
9.897546257595664429e+03
9.914896088799414429e+03
9.932220413443377765e+03
9.949524978413997815e+03
9.966822578402883664e+03
9.984119201150902882e+03
1.000153820777341753e+04
1.001878815079327251e+04
1.003610289098430803e+04
1.005342446127987569e+04
1.007077456147114208e+04
1.008812454776969025e+04
1.010537940587406047e+04
1.012270762133855351e+04
1.014003326448303778e+04
1.015744527669966192e+04
1.017477783791458933e+04
1.019207003515752149e+04
1.020953655289507515e+04
1.022686673478113698e+04
1.024416165800425733e+04
1.026150044818851893e+04
1.027883583639801873e+04
1.029624047036094998e+04
1.031358863332028523e+04
1.033101246293995791e+04
1.034830715648059231e+04
1.036576007187841060e+04
1.038307143253619870e+04
1.040023903562720079e+04
1.041764251526767111e+04
1.043499636027271481e+04
1.045236056344486497e+04
1.046953916396783097e+04
1.048696993057144573e+04
1.050452427736176833e+04
1.052197809854885054e+04
1.053941770944007840e+04
1.055689911964521889e+04
1.057424569617483940e+04
1.059164919441663551e+04
1.060910285023400138e+04
1.062637249556367169e+04
1.064383806059246854e+04
1.066120954095763227e+04
1.067852674189358549e+04
1.069586581283473060e+04
1.071318528968884857e+04
1.073055355695968865e+04
1.074782623601212981e+04
1.076520925868199629e+04
1.078261496103762693e+04
1.079990863886523039e+04
1.081734482160742846e+04
1.083470385325586540e+04
1.085198048557856237e+04
1.086940961513938964e+04
1.088684322550806974e+04
1.090410382632344772e+04
1.092146183080618357e+04
1.093876779595224798e+04
1.095614566833294521e+04
1.097348239804592959e+04
1.099073461927986864e+04
1.100817465799499041e+04
1.102551770801028397e+04
1.104283058022836849e+04
1.106012360337286736e+04
1.107744283092839396e+04
1.109486354161700365e+04
1.111211985973208721e+04
1.112944140553115903e+04
1.114676672261951171e+04
1.116412402414807184e+04
1.118142424732123072e+04
1.119869318523605943e+04
1.121607373681625359e+04
1.123340761045773615e+04
1.125075933113259271e+04
1.126803085510817982e+04
1.128534929146276772e+04
1.130274669456523407e+04
1.132008331260738851e+04
1.133742200836648408e+04
1.135480956901532227e+04
1.137213153467147276e+04
1.138956428317512109e+04
1.140691578406884764e+04
1.142421908469371192e+04
1.144162444596594469e+04
1.145895713659459034e+04
1.147628679149886375e+04
1.149363724139312399e+04
1.151098253558031138e+04
1.152841667439200137e+04
1.154578172892365546e+04
1.156310345412326205e+04
1.158062669832058964e+04
1.159799508305288145e+04
1.161537911013255143e+04
1.163275024538840444e+04
1.164996658730902345e+04
1.166751488713553044e+04
1.168495656349851561e+04
1.170235145574286435e+04
1.171953038979809207e+04
1.173702104139429684e+04
1.175452173761931408e+04
1.177173615727794277e+04
1.178910913340094339e+04
1.180660755494546174e+04
1.182417592716736908e+04
1.184171499888689868e+04
1.185900571591747757e+04
1.187634585238834916e+04
1.189377323721666835e+04
1.191121986871474655e+04
1.192846263112971428e+04
1.194589183181412227e+04
1.196339122725427478e+04
1.198069916479249514e+04
1.199804916190910080e+04
1.201545408594321088e+04
1.203299810328370404e+04
1.205056620001900046e+04
1.206803939189722223e+04
1.208530506762631558e+04
1.210270361949031940e+04
1.212012346407419318e+04
1.213741795179506880e+04
1.215475580647575043e+04
1.217193269833100385e+04
1.218940860496493042e+04
1.220696173196100790e+04
1.222444365489819393e+04
1.224186053853121120e+04
1.225938060082369702e+04
1.227693208198369757e+04
1.229422391873740708e+04
1.231143083181088150e+04
1.232861712646382148e+04
1.234590200205994188e+04
1.236323431160264226e+04
1.238070770559248922e+04
1.239814769099590558e+04
1.241559454551656017e+04
1.243285733963205712e+04
1.245004824849082797e+04
1.246720965163643996e+04
1.248442670367677056e+04
1.250174843766747290e+04
1.251909486889719119e+04
1.253647371678475247e+04
1.255384049003228574e+04
1.257104366509146712e+04
1.258819552742442829e+04
1.260538310671100226e+04
1.262266454475108549e+04
1.263990986138929475e+04
1.265707600838124927e+04
1.267433968197113427e+04
1.269157279777815711e+04
1.270878375620484076e+04
1.272610495925823489e+04
1.274343054054737695e+04
1.276075230936163643e+04
1.277815758063023350e+04
1.279534498114036251e+04
1.281275751234857125e+04
1.283013859195328769e+04
1.284754570774147942e+04
1.286488104115234091e+04
1.288230825152662510e+04
1.289963734931687031e+04
1.291711869641491649e+04
1.293454923803665588e+04
1.295190467717963111e+04
1.296930229311018775e+04
1.298665785380725720e+04
1.300399299212762890e+04
1.302135939084639540e+04
1.303867067520310047e+04
1.305607335323933694e+04
1.307347871803216549e+04
1.309082870616512810e+04
1.310810481316153528e+04
1.312554531738989317e+04
1.314289753722447495e+04
1.316018748360293102e+04
1.317743105429072602e+04
1.319483041028487787e+04
1.321216204151134298e+04
1.322948772904488760e+04
1.324676727805718110e+04
1.326408759321996695e+04
1.328149958625494401e+04
1.329879394136970950e+04
1.331613878570463930e+04
1.333349471896761679e+04
1.335088169509905856e+04
1.336826084412950331e+04
1.338566717638758746e+04
1.340301935549055634e+04
1.342054955594877538e+04
1.343785445287304901e+04
1.345519140777882058e+04
1.347265548225674138e+04
1.349005216406265390e+04
1.350739824512863561e+04
1.352479225674297595e+04
1.354206998452225889e+04
1.355943764712617121e+04
1.357692595660876395e+04
1.359433348605925494e+04
1.361149802876882495e+04
1.362901275939746120e+04
1.364652078294737657e+04
1.366383451202049946e+04
1.368104887842335484e+04
1.369835658952392987e+04
1.371577952263822590e+04
1.373332684959678045e+04
1.375077034567489318e+04
1.376803504070974304e+04
1.378538954625227780e+04
1.380287041084466728e+04
1.382031246914368421e+04
1.383749675472037779e+04
1.385497375762158117e+04
1.387242700028996842e+04
1.388968673133385528e+04
1.390702200650827945e+04
1.392437781467058085e+04
1.394177519308846968e+04
1.395930617593491115e+04
1.397659173298972746e+04
1.399399140709936910e+04
1.401138075718683831e+04
1.402869501075486551e+04
1.404604715379963636e+04
1.406332779044419294e+04
1.408071071487601876e+04
1.409818134605283558e+04
1.411544894940294034e+04
1.413280235962295956e+04
1.415024259601516314e+04
1.416753318747573030e+04
1.418484367358425152e+04
1.420209270008201929e+04
1.421950970325592243e+04
1.423690796491751280e+04
1.425418988448082382e+04
1.427151240523149136e+04
1.428881513208688739e+04
1.430618336776027172e+04
1.432354398844846764e+04
1.434087352828010808e+04
1.435818856248508746e+04
1.437558595679501923e+04
1.439303915882520050e+04
1.441028071015071146e+04
1.442762932655291661e+04
1.444500633143516825e+04
1.446241991663516455e+04
1.447968870496397358e+04
1.449703003816134878e+04
1.451446160043271448e+04
1.453181770369875994e+04
1.454924586573931811e+04
1.456658995032961502e+04
1.458390409436673326e+04
1.460134139537742158e+04
1.461868814267382913e+04
1.463604362942538137e+04
1.465329015215648542e+04
1.467075636107161517e+04
1.468818362013060323e+04
1.470539531689831711e+04
1.472277385106196016e+04
1.474017740045037135e+04
1.475756330466846339e+04
1.477481371169011800e+04
1.479215844326165097e+04
1.480949299215797510e+04
1.482684860298967396e+04
1.484423768224617743e+04
1.486148700293380898e+04
1.487887013513258717e+04
1.489619964932209768e+04
1.491351911153934452e+04
1.493080887008533682e+04
1.494810658917996989e+04
1.496551221656754933e+04
1.498278518793514559e+04
1.500007938184767045e+04
1.501737205143718893e+04
1.503478198439467451e+04
1.505209931608677107e+04
1.506937876091425642e+04
1.508671496432509957e+04
1.510405053560313718e+04
1.512142862703590799e+04
1.513866279722383115e+04
1.515600488328384017e+04
1.517336037040067822e+04
1.519068551342735736e+04
1.520797148628663672e+04
1.522525727215459483e+04
1.524270166324606180e+04
1.525999924106388426e+04
1.527730647379325092e+04
1.529461863821511542e+04
1.531196058682180228e+04
1.532936059292070604e+04
1.534667034346126457e+04
1.536408027091855729e+04
1.538139518672605300e+04
1.539880753057509355e+04
1.541606218422892925e+04
1.543343001888758045e+04
1.545083066480293382e+04
1.546817620660145076e+04
1.548560771455779832e+04
1.550291764413837882e+04
1.552026953718319783e+04
1.553759694875814967e+04
1.555495581547378060e+04
1.557226121387351304e+04
1.558957720429703113e+04
1.560703741934886602e+04
1.562443031452445575e+04
1.564172431847070766e+04
1.565903806264958257e+04
1.567648432161544224e+04
1.569382590624019394e+04
1.571113761473644990e+04
1.572839084964866197e+04
1.574581879739426768e+04
1.576322149032402012e+04
1.578054067231045337e+04
1.579784042014631996e+04
1.581525320213112718e+04
1.583260745724874505e+04
1.584999518031617663e+04
1.586738905797181724e+04
1.588470588541513462e+04
1.590213085157016758e+04
1.591950199516747307e+04
1.593681333690029351e+04
1.595414547940152988e+04
1.597151612690652109e+04
1.598891154535904570e+04
1.600624888617905526e+04
1.602355627196019850e+04
1.604102406484155290e+04
1.605834366383946690e+04
1.607572470849936872e+04
1.609306760704196131e+04
1.611047245511331494e+04
1.612785412763691238e+04
1.614532690161310893e+04
1.616255203301370420e+04
1.617994204147345226e+04
1.619750556869547290e+04
1.621479456634370035e+04
1.623210981963933591e+04
1.624950897680233538e+04
1.626685272191999320e+04
1.628426748801306530e+04
1.630171000549935707e+04
1.631904360866161915e+04
1.633637723619562894e+04
1.635383390031434465e+04
1.637118558674444284e+04
1.638850217167272422e+04
1.640581023267776254e+04
1.642327095207948150e+04
1.644059815404374240e+04
1.645785361231362185e+04
1.647515049607181572e+04
1.649270386705812780e+04
1.651019341517167413e+04
1.652761727150023216e+04
1.654481077563409417e+04
1.656236101915628387e+04
1.657981685372540596e+04
1.659719566796880463e+04
1.661449785703794623e+04
1.663183377854235732e+04
1.664923274638511066e+04
1.666655271663808890e+04
1.668399625633405594e+04
1.670136708328932582e+04
1.671874092917696544e+04
1.673618331352254609e+04
1.675354742093592358e+04
1.677094011605633932e+04
1.678834008781849843e+04
1.680578604674172675e+04
1.682325182300300003e+04
1.684064817529566790e+04
1.685792439470106183e+04
1.687529514892206862e+04
1.689245471134452600e+04
1.690967703075689860e+04
1.692694675519881275e+04
1.694416513094608308e+04
1.696130615270810449e+04
1.697855277174269577e+04
1.699579479247393465e+04
1.701307931154300968e+04
1.703038852149303420e+04
1.704781519136280622e+04
1.706537939932775043e+04
1.708290427245478350e+04
1.710036953143175924e+04
1.711774361738815423e+04
1.713497458976658527e+04
1.715230225965888167e+04
1.716960271310806638e+04
1.718697345594806757e+04
1.720429319689866679e+04
1.722170748745954552e+04
1.723917360815365100e+04
1.725652613931855740e+04
1.727382766102982350e+04
1.729126168817268990e+04
1.730877055773906977e+04
1.732601000922464300e+04
1.734333979313725285e+04
