0.000000000000000000e+00
1.741884402382162023e+01
3.470396089506174064e+01
5.196907607004665408e+01
6.936857578302520722e+01
8.680137285611615994e+01
1.041109507837480948e+02
1.213624187078886223e+02
1.387383485861838892e+02
1.561795430729141287e+02
1.735154688266158587e+02
1.907606532568676130e+02
2.081107344735061702e+02
2.255533780388223590e+02
2.429161733404353640e+02
2.601633348651591859e+02
2.774863685860973987e+02
2.949243966234296295e+02
3.123120094970654463e+02
3.295692507766794961e+02
3.468667507490902153e+02
3.642934558029799064e+02
3.817028503724915822e+02
3.989769140473738389e+02
4.162517474298904290e+02
4.336618436893976423e+02
4.510880119089273421e+02
4.683845999769686159e+02
4.856423053222156341e+02
5.030307655074050217e+02
5.204684993265358344e+02
5.377905036275487873e+02
5.550379268873032288e+02
5.724016855874556313e+02
5.898442561639255928e+02
6.071933276412366922e+02
6.244384046487459727e+02
6.417753639589075192e+02
6.592167116067384995e+02
6.765917660179852646e+02
6.938428846598640121e+02
7.111533885779751927e+02
7.285866071174322087e+02
7.459853052530263540e+02
7.632497802604157187e+02
7.805357581359484129e+02
7.979552124533754522e+02
8.153732529007554604e+02
8.326577213935557893e+02
8.499235673265072819e+02
8.673237140983105746e+02
8.847562862924046385e+02
9.020647105409800588e+02
9.193165434570338448e+02
9.366935045853479096e+02
9.541342926382787937e+02
9.714694201484285259e+02
9.887146331318213015e+02
1.006065581647884073e+03
1.023508480899421556e+03
1.040870177763736820e+03
1.058117242690961120e+03
1.075441405036295691e+03
1.092879547649637516e+03
1.110266422478070808e+03
1.127523064983151471e+03
1.144821308756156441e+03
1.162248672335957735e+03
1.179657264194468780e+03
1.196930821969322551e+03
1.214206481580166383e+03
1.231617203544890117e+03
1.249043024683959175e+03
1.266338520465831607e+03
1.283596770423805765e+03
1.300986186253765027e+03
1.318423454149445888e+03
1.335744718734273647e+03
1.352992315777758449e+03
1.370356922007506910e+03
1.387799620722660620e+03
1.405147580460896279e+03
1.422392761018229066e+03
1.439730773429676901e+03
1.457172175588518712e+03
1.474546434540415703e+03
1.491797055923523658e+03
1.509108419791836013e+03
1.526542155237290899e+03
1.543939928486584449e+03
1.561204039936380923e+03
1.578490820512106893e+03
1.595910771885965914e+03
1.613328350903286719e+03
1.630611853569454297e+03
1.647878378783459084e+03
1.665279313674011519e+03
1.682711383485541319e+03
1.700019137812425470e+03
1.717271203699448506e+03
1.734648989604980216e+03
1.752089713659495374e+03
1.769423696911327625e+03
1.786669212184603566e+03
1.804021110013185080e+03
1.821463970210480966e+03
1.838824891147854942e+03
1.856071574503851025e+03
1.873396627896183418e+03
1.890835116929342348e+03
1.908221155931722933e+03
1.925477524086083804e+03
1.942776654070144787e+03
1.960204464215219559e+03
1.977612440457757884e+03
1.994885111229139511e+03
2.012161545911256781e+03
2.029572905515266484e+03
2.046998099726009741e+03
2.064293005230197195e+03
2.081551615802117340e+03
2.098941854091327514e+03
2.116378909830653356e+03
2.133699064419287424e+03
2.150947119308446872e+03
2.168312652330565470e+03
2.185755169533101707e+03
2.203102347902628935e+03
2.220347232422622710e+03
2.237686193464264761e+03
2.255127754600634489e+03
2.272500975123166427e+03
2.289751511039479738e+03
2.307063705957830280e+03
2.324497803880555693e+03
2.341894926314816985e+03
2.359158277557419751e+03
2.376446002739056894e+03
2.393866505456998311e+03
2.411283408188885005e+03
2.428566356207752506e+03
2.445833315112885884e+03
2.463235033563565594e+03
2.480666740855829630e+03
2.497973402349805838e+03
2.515226115067659975e+03
2.532604690798058982e+03
2.550045175397989624e+03
2.567378426190615301e+03
2.584623775534993001e+03
2.601976659805421150e+03
2.619419558575677001e+03
2.636779413857615509e+03
2.654026172783197580e+03
2.671352079513691024e+03
2.688790822851418852e+03
2.706176040527366240e+03
2.723431718236851793e+03
2.740731820726726255e+03
2.758160043819677412e+03
2.775567246236534174e+03
2.792839457600211972e+03
2.810116377237867709e+03
2.827528463963772992e+03
2.844953234494365006e+03
2.862247055078089033e+03
2.879506436423124796e+03
2.896897472703803942e+03
2.914334157774047981e+03
2.931653566871925250e+03
2.948901567267120299e+03
2.966268061208084418e+03
2.983710525375004181e+03
3.001056658714656805e+03
3.018301822063093368e+03
3.035641687479210304e+03
3.053083400883255308e+03
3.070455868742881648e+03
3.087705863947820490e+03
3.105019134151213166e+03
3.122453567352417849e+03
3.139849837850971198e+03
3.157112831247214672e+03
3.174401180405886407e+03
3.191822302249038330e+03
3.209238673997489968e+03
3.226520645996234634e+03
3.243788494469007674e+03
3.261190849759796038e+03
3.278622077445230389e+03
3.295928041076657792e+03
3.313180840673118837e+03
3.330560390579038540e+03
3.348000719536472388e+03
3.365332960132208427e+03
3.382578721362518081e+03
3.399932366727690805e+03
3.417375302543771795e+03
3.434734366263162883e+03
3.451980590563681289e+03
3.469307568250049826e+03
3.486746556931311716e+03
3.504130877875849365e+03
3.521386336925268552e+03
3.538687097431258280e+03
3.556115865729383131e+03
3.573522403307199966e+03
3.590793774219687293e+03
3.608071700724841776e+03
3.625484315691327083e+03
3.642908513712616696e+03
3.660201680702553404e+03
3.677461268364914758e+03
3.694853133078777773e+03
3.712289516731227195e+03
3.729607880994604784e+03
3.746856446471912022e+03
3.764223764050249883e+03
3.781666161190247749e+03
3.799011355764210748e+03
3.816256203637170529e+03
3.833597102172336236e+03
3.851038910257784664e+03
3.868410406433507887e+03
3.885660273813240565e+03
3.902974367052419439e+03
3.920409224142356834e+03
3.937804734686904339e+03
3.955066908383446844e+03
3.972356273151501682e+03
3.989777890723005385e+03
4.007193591675174503e+03
4.024474913413042486e+03
4.041743160557858573e+03
4.059146351372490699e+03
4.076577134955532983e+03
4.093882093150364199e+03
4.111135578935596641e+03
4.128515902355662547e+03
4.145956015269254749e+03
4.163287275030801538e+03
4.180532852408920007e+03
4.197887610000641871e+03
4.215330481022477215e+03
4.232688576463391655e+03
4.249934899749371652e+03
4.267262691635580268e+03
4.284702012795703922e+03
4.302085459647269090e+03
4.319340276435228589e+03
4.336642141162636108e+03
4.354071249614228691e+03
4.371477089308747964e+03
4.388747834986089401e+03
4.406026358700227320e+03
4.423439796296866916e+03
4.440863458314819582e+03
4.458155738126822143e+03
4.475416114993903648e+03
4.492808689717898233e+03
4.510244822521955030e+03
4.527562257855329335e+03
4.544810817669295830e+03
4.562179139165788001e+03
4.579621332603933297e+03
4.596965672866579553e+03
4.614210712685469844e+03
4.631552443422418946e+03
4.648994478303402502e+03
4.666365063425746484e+03
4.683614483417652991e+03
4.700929617782225250e+03
4.718364655024794956e+03
4.735759446537706935e+03
4.753021164222581319e+03
4.770311135135175391e+03
4.787733445712463435e+03
4.805148413701725985e+03
4.822428978309033482e+03
4.839698028616981901e+03
4.857101895269099259e+03
4.874532310806705937e+03
4.891836307211517124e+03
4.909089980238865792e+03
4.926471310824040302e+03
4.943911055023623703e+03
4.961241459433176715e+03
4.978487402924563867e+03
4.995843018609080900e+03
5.013286073111405130e+03
5.030643148586719690e+03
5.047889202671035491e+03
5.065218088645845455e+03
5.082657540248135774e+03
5.100040209666631199e+03
5.117294613823347390e+03
5.134597196069309575e+03
5.152026954906594256e+03
5.169431962817700878e+03
5.186702083807796953e+03
5.203981469927189210e+03
5.221395405541907166e+03
5.238818553730754502e+03
5.256109881960175699e+03
5.273370616474625422e+03
5.290764080019284847e+03
5.308199724818814502e+03
5.325516327881985490e+03
5.342765337167187681e+03
5.360134481821299232e+03
5.377576753228444431e+03
5.394920038120912068e+03
5.412164989570293983e+03
5.429507805371231370e+03
5.446949821926213190e+03
5.464319610026330338e+03
5.481568719527245776e+03
5.498884609423026632e+03
5.516320236600318822e+03
5.533714058117309833e+03
5.550975262575837405e+03
5.568266269294408630e+03
5.585688981367280576e+03
5.603103469556912387e+03
5.620383160146544469e+03
5.637652777830713603e+03
5.655057435515202997e+03
5.672487300951441284e+03
5.689790578357913546e+03
5.707044777317933949e+03
5.724426793692073261e+03
5.741866498765156393e+03
5.759195793570765090e+03
5.776441798598608329e+03
5.793798428527216856e+03
5.811241281519559379e+03
5.828597519994752474e+03
5.845843417350278287e+03
5.863173089185735080e+03
5.880612913984716215e+03
5.897994591026350463e+03
5.915248679144375274e+03
5.932552309234348286e+03
5.949982373980490593e+03
5.967386763784581490e+03
5.984656039146469993e+03
6.001936056922842909e+03
6.019350773120623671e+03
6.036773282765916520e+03
6.054063913801004674e+03
6.071325275233257344e+03
6.088719508276590204e+03
6.106154915799994342e+03
6.123470389805317609e+03
6.140719673778830838e+03
6.158089800019561153e+03
6.175531791371740837e+03
6.192874195325979599e+03
6.210119056596689916e+03
6.227462727558044207e+03
6.244904966557510306e+03
6.262273667394665608e+03
6.279522609433976868e+03
6.296839551571380980e+03
6.314275346075914058e+03
6.331668439835070785e+03
6.348928899802673186e+03
6.366220658697280669e+03
6.383644037163008761e+03
6.401057741517328395e+03
6.418336826470451342e+03
6.435607146097840086e+03
6.453012534406385385e+03
6.470442047395656118e+03
6.487744164883242775e+03
6.504998861040822703e+03
6.522381864596158266e+03
6.539821176750128870e+03
6.557149631641408632e+03
6.574395736903354191e+03
6.591753277298808825e+03
6.609196271883096415e+03
6.626551469152556820e+03
6.643797380480230458e+03
6.661128159472878906e+03
6.678568100437035355e+03
6.695948973793092591e+03
6.713202459783470658e+03
6.730506934272281796e+03
6.747937513222434063e+03
6.765341113169040000e+03
6.782609964721397773e+03
6.799890779969695359e+03
6.817306085741780407e+03
6.834728105896121633e+03
6.852017783341676477e+03
6.869279788306011142e+03
6.886674827085519610e+03
6.904109842991096230e+03
6.921424578078562263e+03
6.938674012219598808e+03
6.956045020009936707e+03
6.973486964905024251e+03
6.990828260789187880e+03
7.008073346861769096e+03
7.025417973062655619e+03
7.042860310775831749e+03
7.060228168746056326e+03
7.077476563550238097e+03
7.094794406947079551e+03
7.112230603233275360e+03
7.129622877093705029e+03
7.146883041710416364e+03
7.164175630844899388e+03
7.181599519925041022e+03
7.199012608989714863e+03
7.216290732436716098e+03
7.233561860005531344e+03
7.250967988089147184e+03
7.268396961609490972e+03
7.285698417558343863e+03
7.302953410530082692e+03
7.320337271345919362e+03
7.337776424876001329e+03
7.355103790285005743e+03
7.372350280451769322e+03
7.389708754195931760e+03
7.407151666321279663e+03
7.424506032380064426e+03
7.441751519811308754e+03
7.459083251187918904e+03
7.476523408267271407e+03
7.493903397029700500e+03
7.511156749597152157e+03
7.528462124141798995e+03
7.545893116157313671e+03
7.563295993437828656e+03
7.580563937932440240e+03
7.597845600339014709e+03
7.615261536310795236e+03
7.632682884162457412e+03
7.649971833912046350e+03
7.667234264034438638e+03
7.684630145334824192e+03
7.702064799353895069e+03
7.719378392266627998e+03
7.736628436790080741e+03
7.754000353374945917e+03
7.771442094718850058e+03
7.788782479409652296e+03
7.806027306315424539e+03
7.823372987839755297e+03
7.840815401607047534e+03
7.858182299592886920e+03
7.875430755855622920e+03
7.892749540959636761e+03
7.910186081346751962e+03
7.927577538105833810e+03
7.944836905354066403e+03
7.962130435861030492e+03
7.979554857640757291e+03
7.996967235850916040e+03
8.014244773633628938e+03
8.031516418488479758e+03
8.048923288288007825e+03
8.066351841968180452e+03
8.083652243923379501e+03
8.100907897098951253e+03
8.118292634143346731e+03
8.135731467557131509e+03
8.153057970809570179e+03
8.170304408812051406e+03
8.187663860749826199e+03
8.205106768622059462e+03
8.222460039248164321e+03
8.239705748362655868e+03
8.257038379520665330e+03
8.274478762005115641e+03
8.291857922003997373e+03
8.309110622011470696e+03
8.326416962841783970e+03
8.343848401546114474e+03
8.361250481376877360e+03
8.378518015520561676e+03
8.395800386833292578e+03
8.413216967448624928e+03
8.430637828233357141e+03
8.447925828893845392e+03
8.465189046498178868e+03
8.482585730639670146e+03
8.500019962805994510e+03
8.517332807187474828e+03
8.534582891932601342e+03
8.551955751387125929e+03
8.569397408517834265e+03
8.586736840751293130e+03
8.603982019145760205e+03
8.621328552430197306e+03
8.638771068522659334e+03
8.656137058652413543e+03
8.673385043099204267e+03
8.690704803881819316e+03
8.708141592685664364e+03
8.725532225786078925e+03
8.742791338558279676e+03
8.760085593136733223e+03
8.777510557705820247e+03
8.794922307152453868e+03
8.812198949457177150e+03
8.829471448394961044e+03
8.846878936574075851e+03
8.864306943660039906e+03
8.881606550351805708e+03
8.898862426657733522e+03
8.916248011336687341e+03
8.933686594604921993e+03
8.951012041815602061e+03
8.968258884068727639e+03
8.985619237899305517e+03
9.003062123753927153e+03
9.020414472991629736e+03
9.037659859049113948e+03
9.054993519843717877e+03
9.072434061192085210e+03
9.089812264114721984e+03
9.107064683690321544e+03
9.124371778039323544e+03
9.141803712858765721e+03
9.159204996955584647e+03
9.176471760394513694e+03
9.193754951218963470e+03
9.211172139541427896e+03
9.228592332729374903e+03
9.245879543405533695e+03
9.263143229468305435e+03
9.280540764139495877e+03
9.297974604150396772e+03
9.315286420608670596e+03
9.332537051447146951e+03
9.349910760668522926e+03
9.367352204935126792e+03
9.384690616773081274e+03
9.401935583279451748e+03
9.419283229076942007e+03
9.436725746728354352e+03
9.454090821121604677e+03
9.471338704894500552e+03
9.488659361727728538e+03
9.506096613450516088e+03
9.523486306262828293e+03
9.540744736026394094e+03
9.558040078344529320e+03
9.575465516706739436e+03
9.592876567845087266e+03
9.610152515094032424e+03
9.627425583032989380e+03
9.644833894681583843e+03
9.662261371957454685e+03
9.679560103561369033e+03
9.696816663824887655e+03
9.714203079202885419e+03
9.731641438850081613e+03
9.748965901562194631e+03
9.766212695744725352e+03
9.783574125161780103e+03
9.801016879416725715e+03
9.818368278748752346e+03
9.835613702063412347e+03
9.852948241776965006e+03
9.870389096303362749e+03
9.887766351292153558e+03
9.905018328388461669e+03
9.922326594516460318e+03
9.939758838822297548e+03
9.957159332972871198e+03
9.974425417645390553e+03
9.991709349661789020e+03
1.000912726139379083e+04
1.002654682701537968e+04
1.004383319212623974e+04
1.006109766017162292e+04
1.007849582688131886e+04
1.009592935195687824e+04
1.011324016895837485e+04
1.013049102382829187e+04
1.014786572719478499e+04
1.016530694727329319e+04
1.018264439777357802e+04
1.019988959175558739e+04
1.021723810171087462e+04
1.023468086275517271e+04
1.025204493118946630e+04
1.026929244719751478e+04
1.028661424153529151e+04
1.030405166446115800e+04
1.032144063082087450e+04
1.033869859393820661e+04
1.035599459956235296e+04
1.037342064128107995e+04
1.039083083985692065e+04
1.040810610118713885e+04
1.042538007262979772e+04
1.044278896422512116e+04
1.046021604709910753e+04
1.047751378363011827e+04
1.049477074414853269e+04
1.051215814495325685e+04
1.052959603270899606e+04
1.054691957394288147e+04
1.056416672188041048e+04
1.058152902308976627e+04
1.059897190817090632e+04
1.061632222953020755e+04
1.063356747417695442e+04
1.065090320435747708e+04
1.066834406341018621e+04
1.068572047463318995e+04
1.070297199083466330e+04
1.072028100574283053e+04
1.073771378853010538e+04
1.075511343358027625e+04
1.077237896870895929e+04
1.078966390650928224e+04
1.080708228290148327e+04
1.082450129807149460e+04
1.084178680098778568e+04
1.085905172104046869e+04
1.087645081023698003e+04
1.089388385868903060e+04
1.091119371411457178e+04
1.092844504830771257e+04
1.094582067546838880e+04
1.096326189455189160e+04
1.098059829310260466e+04
1.099784350588407324e+04
1.101519315871351864e+04
1.103263586438785569e+04
1.104999898735097122e+04
1.106724629052851014e+04
1.108456891848307714e+04
1.110200680011441727e+04
1.111939479668109925e+04
1.113665227990625863e+04
1.115394937036009651e+04
1.117137593260056019e+04
1.118878556672685227e+04
1.120606001197424484e+04
1.122333460559430750e+04
1.124074437210492761e+04
1.125817077718714427e+04
1.127546774177440966e+04
1.129272527301033006e+04
1.131011341944163723e+04
1.132755119076927076e+04
1.134487363726911281e+04
1.136212102331672577e+04
1.137948434666964204e+04
1.139692703268838159e+04
1.141427646912936325e+04
1.143152166284664781e+04
1.144885820949194022e+04
1.146629933336641989e+04
1.148367477460925875e+04
1.150092611194997517e+04
1.151823616221336124e+04
1.153566928421352532e+04
1.155306816967933992e+04
1.157033297013245647e+04
1.158761865301910075e+04
1.160503773624445057e+04
1.162245604761710638e+04
1.163974087570923257e+04
1.165700646255592801e+04
1.167440634599155965e+04
1.169183896164633552e+04
1.170914781784473780e+04
1.172639955689098133e+04
1.174377606134230155e+04
1.176121693538380350e+04
1.177855245271045351e+04
1.179579765798454719e+04
1.181314817554496040e+04
1.183059092502697968e+04
1.184795306788911876e+04
1.186520027761493293e+04
1.188252393651409875e+04
1.189996198757505044e+04
1.191734914578694588e+04
1.193460598637066869e+04
1.195190392336078730e+04
1.196933096813782686e+04
1.198673980182321429e+04
1.200401360793009007e+04
1.202128894763942299e+04
1.203869937980994655e+04
1.205612534542391950e+04
1.207342120654795508e+04
1.209067930600673935e+04
1.210806839573050456e+04
1.212550581333952141e+04
1.214282738635085298e+04
1.216007488841560735e+04
1.217743916275724223e+04
1.219488184961680417e+04
1.221223024734413048e+04
1.222947544165768704e+04
1.224681303813007253e+04
1.226425435223624299e+04
1.228162886878456811e+04
1.229887964459491923e+04
1.231619070572418786e+04
1.233362422651269662e+04
1.235102234819181285e+04
1.236828672083358470e+04
1.238557320239191904e+04
1.240299292072072785e+04
1.242041066219915228e+04
1.243769445086723499e+04
1.245496080428710775e+04
1.247236146287985866e+04
1.248979367256553815e+04
1.250710178143192024e+04
1.252435379043032299e+04
1.254173125055568744e+04
1.255917203356041864e+04
1.257650649520813749e+04
1.259375202770995202e+04
1.261110357245863452e+04
1.262854639062653769e+04
1.264590755362203527e+04
1.266315435672724925e+04
1.268047893937309709e+04
1.269791730792461385e+04
1.271530361555201125e+04
1.273256016666968208e+04
1.274985898332202123e+04
1.276728659051432260e+04
1.278469475584801694e+04
1.280196763421714786e+04
1.281924383920102809e+04
1.283665490541341933e+04
1.285408024255637793e+04
1.287137539415318861e+04
1.288863378008645668e+04
1.290602362580392219e+04
1.292346078679957282e+04
1.294078127436701288e+04
1.295802926133468281e+04
1.297539446674897226e+04
1.299283697984501487e+04
1.301018441681565673e+04
1.302742934124801832e+04
1.304476800310271210e+04
1.306220947918741876e+04
1.307958306336711030e+04
1.309683375996037466e+04
1.311414574106890359e+04
1.313157967178704894e+04
1.314897699143671343e+04
1.316624048470105663e+04
1.318352784917934696e+04
1.320094816275865378e+04
1.321836520168983043e+04
1.323564834111157688e+04
1.325291511634025301e+04
1.327031653963040299e+04
1.328774838655456188e+04
1.330505537242112223e+04
1.332230798449191934e+04
1.333968635227726554e+04
1.335712683062806718e+04
1.337446030535636964e+04
1.339170564394167377e+04
1.340905820289303119e+04
1.342650108562824062e+04
1.344386125421942415e+04
1.346110808912717221e+04
1.347843375999306227e+04
1.349587239410958864e+04
1.351325780726648372e+04
1.353051361317796727e+04
1.354781341927216636e+04
1.356524148445014180e+04
1.358264888992286797e+04
1.359992125742238204e+04
1.361719803915443117e+04
1.363460985331178745e+04
1.365203473761089845e+04
1.366932890396119910e+04
1.368658810880631790e+04
1.370397892618659716e+04
1.372141566161719675e+04
1.373873522123332077e+04
1.375598318557189486e+04
1.377334928797070461e+04
1.379079176510289835e+04
1.380813813222731187e+04
1.382538332360345885e+04
1.384272296408035618e+04
1.386016458252283701e+04
1.387753720777447597e+04
1.389478725565784589e+04
1.391210029318305897e+04
1.392953461319518101e+04
1.394693110904610694e+04
1.396419416777888182e+04
1.398148235848707554e+04
1.399890332453389055e+04
1.401631977232104691e+04
1.403360197201758456e+04
1.405086964544703551e+04
1.406827182080368584e+04
1.408570317038983194e+04
1.410300924581289837e+04
1.412026201449126529e+04
1.413764128707671625e+04
1.415508162090632322e+04
1.417241413116800868e+04
1.418965987583344395e+04
1.420701333716505724e+04
1.422445625600976746e+04
1.424181547274458353e+04
1.425906186461098332e+04
1.427638858858088133e+04
1.429382747068958997e+04
1.431121203510692976e+04
1.432846752808991369e+04
1.434576812981397234e+04
1.436319679144744805e+04
1.438060344288720808e+04
1.439787492805733928e+04
1.441515266693172453e+04
1.443256513707437625e+04
1.444998946844980492e+04
1.446728279537117487e+04
1.448454239897314801e+04
1.450193404816604743e+04
1.451937043480616194e+04
1.453668904995963931e+04
1.455393743149999500e+04
1.457130451779465147e+04
1.458874692232228699e+04
1.460609229278062412e+04
1.462333720453124806e+04
1.464067786576678554e+04
1.465811958983658951e+04
1.467549137555462949e+04
1.469274122887194608e+04
1.471005503597517236e+04
1.472748983397128177e+04
1.474488545137708206e+04
1.476214781931051766e+04
1.477943697586963572e+04
1.479685845689999405e+04
1.481427429862130884e+04
1.483155574446281389e+04
1.484882386904375926e+04
1.486622692587445636e+04
1.488365772976878179e+04
1.490096293370496278e+04
1.491821629029972792e+04
1.493559635182848797e+04
1.495303646340077648e+04
1.497036786200935421e+04
1.498761345493094632e+04
1.500496802996200313e+04
1.502241084727267662e+04
1.503976911520265639e+04
1.505701543016394862e+04
1.507434297781850546e+04
1.509178219773414821e+04
1.510916578812439184e+04
1.512642077868085471e+04
1.514372248497870532e+04
1.516115149503738212e+04
1.517855740755789520e+04
1.519582824809786325e+04
1.521310666255667820e+04
1.523051996637000957e+04
1.524794360093901378e+04
1.526523603973125137e+04
1.528249637591156352e+04
1.529988882807035770e+04
1.531732494445890552e+04
1.533464249844841834e+04
1.535189108824181312e+04
1.536925927435197264e+04
1.538670148027308642e+04
1.540404594481099411e+04
1.542129092869180022e+04
1.543863247790030073e+04
1.545607448736744482e+04
1.547344519383288934e+04
1.549069472249130922e+04
1.550800972261208517e+04
1.552544472868814773e+04
1.554283960620461039e+04
1.556010136695408255e+04
1.557739121094184156e+04
1.559481340062117670e+04
1.561222843181155622e+04
1.562950910079720779e+04
1.564677804615907371e+04
1.566418171635266845e+04
1.568161215570370950e+04
1.569891624395293547e+04
1.571616995417993348e+04
1.573355110078926009e+04
1.575099090829391207e+04
1.576832140354051262e+04
1.578556728027366989e+04
1.580292270262063903e+04
1.582036564679744333e+04
1.583772286823285685e+04
1.585496900464935243e+04
1.587229773340739484e+04
1.588973712344450541e+04
1.590711990662360949e+04
1.592437441017456877e+04
1.594167688751643800e+04
1.595910646368589369e+04
1.597651151069385378e+04
1.599378169892727965e+04
1.601106100628750210e+04
1.602847487465816630e+04
1.604589808823557905e+04
1.606318954674512679e+04
1.608045025917045314e+04
1.609784362659180260e+04
1.611527932382906511e+04
1.613259595183599231e+04
1.614984494756147978e+04
1.616721399033622583e+04
1.618465619686046011e+04
1.620199954342538513e+04
1.621924452225556524e+04
1.623658725012034847e+04
1.625402930789583479e+04
1.627139905344181534e+04
1.628864828258480702e+04
1.630596411205290133e+04
1.632339965515515723e+04
1.634079367653663212e+04
1.635805497593772998e+04
1.637534589337505167e+04
1.639276855166680616e+04
1.641018296567963262e+04
1.642746271778506343e+04
1.644473230880969277e+04
1.646213685217063176e+04
1.647956675204655039e+04
1.649687011253960009e+04
1.651412433414124826e+04
1.653150632581183891e+04
1.654894593252050254e+04
1.656627535139938118e+04
1.658352138608619862e+04
1.660087786942271123e+04
1.661832071452427044e+04
1.663567695935478696e+04
1.665292290244283504e+04
1.667025251058228605e+04
1.668769220197625327e+04
1.670507404113252414e+04
1.672232817143383363e+04
1.673963165822569135e+04
1.675706170362163903e+04
1.677446602884112872e+04
1.679173542678816011e+04
1.680901543963311633e+04
1.682643004680287413e+04
1.684385263879276681e+04
1.686114327379927272e+04
1.687840462673546062e+04
1.689579881844310148e+04
1.691323420805710339e+04
1.693054982637397916e+04
1.694779908889289072e+04
1.696516910783042113e+04
1.698261105115957616e+04
1.699995343752685585e+04
1.701719828527334175e+04
1.703454195619724123e+04
1.705198414385299839e+04
1.706935300432913573e+04
1.708660201832665916e+04
1.710391889054232524e+04
1.712135470739108132e+04
1.713874786035879151e+04
1.715600842210853079e+04
1.717330015090491725e+04
1.719072339189333798e+04
1.720813709200694575e+04
1.722541617848960595e+04
1.724268652022719834e+04
1.726009185638196504e+04
1.727752132612062269e+04
1.729482357288865751e+04
1.731207819855478738e+04
1.732946111088641192e+04
1.734690047729002254e+04
