0.000000000000000000e+00
1.758391555470719325e+01
3.540643202387028055e+01
5.277629895609356936e+01
7.026079112031257523e+01
8.743770857377194261e+01
1.045181327001326395e+02
1.214579461264751217e+02
1.384924526880556073e+02
1.556154853174870425e+02
1.730002335632100881e+02
1.903876032237567415e+02
2.076496805666952810e+02
2.246907853540976987e+02
2.417317690539613864e+02
2.590358444205863861e+02
2.767948831566850458e+02
2.944031042721921949e+02
3.118456065304029607e+02
3.290205825438087004e+02
3.460796509297163084e+02
3.634640944319103255e+02
3.804794109682445651e+02
3.976696343534179050e+02
4.148201311573418479e+02
4.319063790243722565e+02
4.488796930951705235e+02
4.658760840528193512e+02
4.829929579484593205e+02
5.002362531240439694e+02
5.173835086814235638e+02
5.350551483107976765e+02
5.527467159539263548e+02
5.701625740113070151e+02
5.877959195940195514e+02
6.048709642227377117e+02
6.219761425392645151e+02
6.392761160392208240e+02
6.570828123423450506e+02
6.742229783423103981e+02
6.912675845239463115e+02
7.084240763249415522e+02
7.254869300738432685e+02
7.424893156165539949e+02
7.595649097105142573e+02
7.765306620632795784e+02
7.934944439395517293e+02
8.105090706844995339e+02
8.275470069365960626e+02
8.444666012450336439e+02
8.614744095538876536e+02
8.785231607891978456e+02
8.955021503291636691e+02
9.124737633137194734e+02
9.294953457906146923e+02
9.464520660037499056e+02
9.634535374577071707e+02
9.804328421644967193e+02
9.974682603340536389e+02
1.014411079277731005e+03
1.031446381909173851e+03
1.048493289049333498e+03
1.065484172838606810e+03
1.082470190003949256e+03
1.099454397282048376e+03
1.116460894828320761e+03
1.133424448372982624e+03
1.150413843185741825e+03
1.167423933880546883e+03
1.184415094821080174e+03
1.201375165931394122e+03
1.218415264951408517e+03
1.235420915723598455e+03
1.252339288367736799e+03
1.269384104915688113e+03
1.286428522150389199e+03
1.303386957333086457e+03
1.320398044307311466e+03
1.337579350511612574e+03
1.354802848900905246e+03
1.372090966501307776e+03
1.389256961809878248e+03
1.406459678442054837e+03
1.423779487252523268e+03
1.440888715985552153e+03
1.458016512582003543e+03
1.475312424122073480e+03
1.492331605079365318e+03
1.509418105242725233e+03
1.527317947907595453e+03
1.545087608008201187e+03
1.562281653605646852e+03
1.579472500556590148e+03
1.596682344899581722e+03
1.614136517744020693e+03
1.631207992650585538e+03
1.648171207340137926e+03
1.665197718657490896e+03
1.682301044542811496e+03
1.699277907872113701e+03
1.716673219447060546e+03
1.734310192710895080e+03
1.751643736528669251e+03
1.768945209915898886e+03
1.786587044166561782e+03
1.803972675011212687e+03
1.821860192381093384e+03
1.839461316855200039e+03
1.856885511190184616e+03
1.874188545184958230e+03
1.891683915563454775e+03
1.909570071555765253e+03
1.926997959972565241e+03
1.943990427074229274e+03
1.961577975668189310e+03
1.979014215259689763e+03
1.996460900651435850e+03
2.013688994364804785e+03
2.030915662508277364e+03
2.048441897473313475e+03
2.065945076715779578e+03
2.083324412532552742e+03
2.101069687930620148e+03
2.118516692026661076e+03
2.135990367464900373e+03
2.153239048678030940e+03
2.170952538662306779e+03
2.188253048163841413e+03
2.205478171762838883e+03
2.222800098064667509e+03
2.240439581207244373e+03
2.257726240722447983e+03
2.275199063088713501e+03
2.292975166376138077e+03
2.310653505985660559e+03
2.328402834113066547e+03
2.345799471502233700e+03
2.363098704550761795e+03
2.380179227533911217e+03
2.397198424395328402e+03
2.414176561897040756e+03
2.431218298161672465e+03
2.448311216066240377e+03
2.465559167813138629e+03
2.482824615084716243e+03
2.500146310659362371e+03
2.517298275808517246e+03
2.534371716828657554e+03
2.551400567387281626e+03
2.568512315932433921e+03
2.585451611144716935e+03
2.602389360976412718e+03
2.619511020316595022e+03
2.636558101359597458e+03
2.653612805805898006e+03
2.671070914415594416e+03
2.688540495855530935e+03
2.705641810032121612e+03
2.722643178471587362e+03
2.739655740794878511e+03
2.756996577174759295e+03
2.774507830719502635e+03
2.791482608989117580e+03
2.808591223087240451e+03
2.825612961833616282e+03
2.842589711562904995e+03
2.859644069985958140e+03
2.877097081530125706e+03
2.894284334538234816e+03
2.911400964276595914e+03
2.929055836679283857e+03
2.946537099463829691e+03
2.963866087362650433e+03
2.981480650743082151e+03
2.999223629092611191e+03
3.016989515861960626e+03
3.034634905144960157e+03
3.051761766022204483e+03
3.068927029223127647e+03
3.086097247546912513e+03
3.103497624446104055e+03
3.121105383445498774e+03
3.138132404433813463e+03
3.155471009712930936e+03
3.172649408054098785e+03
3.189984738246776033e+03
3.207039473543802160e+03
3.224145430751489585e+03
3.241205584961854584e+03
3.258213998549631469e+03
3.275222545709597398e+03
3.292362034239341483e+03
3.309700422254411933e+03
3.327433064042433671e+03
3.344460148163975646e+03
3.362202914635047819e+03
3.379678696223904808e+03
3.397284200469358439e+03
3.414376744765851072e+03
3.431384225067619809e+03
3.448588284631942315e+03
3.465748613012757687e+03
3.482920434395053235e+03
3.500093649015977462e+03
3.517188651327001935e+03
3.534169949336805985e+03
3.551125133773254674e+03
3.568292996869637136e+03
3.585440734108160086e+03
3.602513901350745982e+03
3.619543833250682383e+03
3.636646746433418230e+03
3.653573219537822297e+03
3.670524302571316639e+03
3.687610864350492648e+03
3.704629251472936630e+03
3.721531545167250442e+03
3.738579464333039141e+03
3.755624575779654606e+03
3.772531020949133563e+03
3.789540023071391715e+03
3.806634676573056367e+03
3.823598044183578622e+03
3.840518288048348950e+03
3.857639869662932597e+03
3.874724931032576933e+03
3.891668678564313723e+03
3.908659672428322665e+03
3.925738725255155259e+03
3.942719508376684644e+03
3.959785573181929067e+03
3.976955632028094442e+03
3.993971015275926675e+03
4.010909556615099063e+03
4.027942796995925164e+03
4.044990692175397271e+03
4.061905843187738355e+03
4.078917690251627391e+03
4.095941341889483283e+03
4.112902849287171193e+03
4.129879646804558433e+03
4.146874460892167917e+03
4.163897143525390675e+03
4.180827921318215886e+03
4.197846821844203077e+03
4.214892332335699393e+03
4.231868645720809582e+03
4.248847709309347920e+03
4.265860208063704704e+03
4.282871965100308444e+03
4.299810820813150713e+03
4.316918662608076374e+03
4.334260416915015412e+03
4.351540369859080783e+03
4.368917722154799776e+03
4.386563161606642097e+03
4.404115883619759188e+03
4.421497540299575121e+03
4.438771031604514064e+03
4.456539772981303031e+03
4.474188453773727815e+03
4.491934061206539809e+03
4.509699597963816814e+03
4.527122791547865745e+03
4.544902727585396860e+03
4.562112470724505329e+03
4.579305213668285433e+03
4.596962689750788741e+03
4.614708899934654255e+03
4.632390623603898348e+03
4.649914699370671769e+03
4.667911793680712435e+03
4.685614852971302753e+03
4.703240958797510757e+03
4.720794855476136036e+03
4.738329515618635924e+03
4.755853117802893394e+03
4.773404718326430157e+03
4.790558852088791355e+03
4.807955669969283917e+03
4.825606484117416585e+03
4.843396706170376092e+03
4.861251531340496513e+03
4.878584475604720865e+03
4.896086038749420368e+03
4.913900556976100233e+03
4.931401140254007260e+03
4.949214103002266711e+03
4.966798113608589119e+03
4.984196726059499269e+03
5.001328051945628431e+03
5.018419610642504267e+03
5.035449623357545534e+03
5.052651083671818924e+03
5.069956743460346843e+03
5.087018367167262113e+03
5.103987361942586176e+03
5.121005881293149287e+03
5.138067798745827531e+03
5.155015874694908234e+03
5.172069495940667366e+03
5.189247205786893574e+03
5.206547919388061928e+03
5.223726513937990603e+03
5.241253512183771818e+03
5.258857235582178873e+03
5.276593727054829287e+03
5.293873093143258302e+03
5.311114440373050456e+03
5.328386012385870345e+03
5.345723885075247381e+03
5.362752069068104902e+03
5.380260788678365316e+03
5.397842384121780924e+03
5.415386211249006010e+03
5.432964430600000924e+03
5.450391297591406328e+03
5.468094922337610114e+03
5.485581657051221555e+03
5.503048122194394637e+03
5.520637221017986121e+03
5.537978836117637911e+03
5.555751638578534767e+03
5.573510205214866801e+03
5.591185900783787474e+03
5.608455611090970706e+03
5.625467646520959534e+03
5.642477382466873678e+03
5.659650165895611281e+03
5.676977344931789048e+03
5.694001645801918130e+03
5.711444899152398648e+03
5.729135201997959484e+03
5.746209893526724045e+03
5.763204895240103724e+03
5.780279590903481221e+03
5.797317107463952198e+03
5.814251873304803667e+03
5.831259455964143854e+03
5.848434389668954282e+03
5.865515374631767372e+03
5.882483424190279948e+03
5.899532198755050558e+03
5.916520283450737224e+03
5.933474218529879181e+03
5.950470466989520901e+03
5.967525540904150148e+03
5.984447351721126324e+03
6.001416979186295066e+03
6.018484452611646702e+03
6.035479247615539862e+03
6.052419690294032989e+03
6.069436461540046366e+03
6.086478693461186595e+03
6.103418830629980221e+03
6.120500191281104890e+03
6.137699766989836462e+03
6.155186509179768109e+03
6.172779214790574770e+03
6.190410043691915234e+03
6.208103119393403176e+03
6.225810393753636163e+03
6.243506437265947170e+03
6.260956795541344036e+03
6.278303321028211940e+03
6.296091220496102324e+03
6.313381013304051521e+03
6.330700577703286399e+03
6.348184828583840499e+03
6.365325609017226270e+03
6.382774378180890380e+03
6.400244710846005546e+03
6.417779232152361146e+03
6.435013295969265528e+03
6.452731151182055328e+03
6.470054440922825052e+03
6.487541936684188840e+03
6.504891813940619613e+03
6.522631717976986693e+03
6.540001694111590041e+03
6.557122853073255101e+03
6.574115041535138516e+03
6.591160947201451563e+03
6.608226052067420824e+03
6.625231844346790240e+03
6.642249328736464122e+03
6.659277564513428842e+03
6.676281556203897708e+03
6.693258755760880376e+03
6.710284939953298817e+03
6.727317553216629676e+03
6.744276352169581514e+03
6.761266650989806294e+03
6.778279164336189751e+03
6.795284866941780820e+03
6.812228883530266103e+03
6.829251261147312107e+03
6.846275474092846707e+03
6.863169617002754421e+03
6.880224718272103928e+03
6.897264176567412505e+03
6.914224047328190863e+03
6.931201944142140746e+03
6.948340784483745665e+03
6.965569800785084226e+03
6.982726851137105768e+03
7.000328427378437482e+03
7.017846716786762045e+03
7.034937002228228266e+03
7.051910962917630968e+03
7.069246185930535830e+03
7.086902724659415981e+03
7.104702198304410558e+03
7.122232518587382401e+03
7.139860005365589132e+03
7.157251966936200915e+03
7.175069041650160216e+03
7.192261197368397916e+03
7.209209983502670184e+03
7.226208377661229861e+03
7.243225011015050768e+03
7.260235166071803178e+03
7.277160191398468669e+03
7.294178151830646129e+03
7.311220401107460020e+03
7.328124861171555494e+03
7.345175025024434944e+03
7.362220399561090744e+03
7.379201702218066202e+03
7.396275699840660309e+03
7.413799864054341924e+03
7.431449720261498442e+03
7.449162267672252710e+03
7.466618931552718095e+03
7.483719894931091403e+03
7.500847198709554505e+03
7.517831509595135685e+03
7.534804146093151758e+03
7.551833887830081949e+03
7.568856136666284328e+03
7.585821287228748588e+03
7.602829816929196568e+03
7.619884097464350816e+03
7.636859182531081387e+03
7.653850506432982002e+03
7.670950274544553395e+03
7.688028849460120000e+03
7.705031918411230436e+03
7.722081187584812142e+03
7.739125184585510397e+03
7.756093038615122168e+03
7.773077308361010182e+03
7.790178811559367205e+03
7.807174578627904339e+03
7.824083842144117625e+03
7.841102268072181687e+03
7.858172170550706142e+03
7.875050694654650215e+03
7.892087949791792198e+03
7.909123327636380054e+03
7.926085897490558636e+03
7.943057181021375982e+03
7.960178197799890768e+03
7.977189983546371877e+03
7.994100234535820164e+03
8.011147008152913259e+03
8.028191112002594309e+03
8.045094976278780450e+03
8.062107220341678840e+03
8.079188461759085840e+03
8.096144558528855669e+03
8.113074844412847597e+03
8.130174451265711468e+03
8.147214006411491027e+03
8.164263954946653030e+03
8.181694051840324391e+03
8.199325458998857357e+03
8.216876361842752885e+03
8.234307109846778985e+03
8.251553573659648464e+03
8.269158564954468602e+03
8.286478167043220310e+03
8.304038922267289308e+03
8.321500422484477895e+03
8.338774154153996278e+03
8.356147131116047603e+03
8.373630271857744447e+03
8.391127599373503472e+03
8.408444674203676186e+03
8.425775911490762155e+03
8.442987118769513472e+03
8.459960914920819050e+03
8.477154771277992040e+03
8.494319135107227339e+03
8.511461862892982026e+03
8.528815742263894208e+03
8.546226959050143705e+03
8.564016289377870635e+03
8.581974841726734667e+03
8.599464466802439347e+03
8.617146177283259021e+03
8.634242290283731563e+03
8.651613699114543124e+03
8.669246051413765599e+03
8.686636682127360473e+03
8.703595503667933372e+03
8.720675090545910280e+03
8.737928912416238745e+03
8.755607486631035499e+03
8.772697025330198812e+03
8.789845988221022708e+03
8.806852586411521770e+03
8.823897088197572884e+03
8.841400049085288629e+03
8.858968812162966060e+03
8.876369468190636326e+03
8.893951515663951795e+03
8.911704426180385781e+03
8.929449588755769582e+03
8.947057733257392101e+03
8.964882519385671912e+03
8.982198127377962010e+03
8.999344673400672036e+03
9.016666559728102584e+03
9.034079408319565118e+03
9.051760560588878434e+03
9.069526384792858153e+03
9.086886860145328683e+03
9.104701620299310889e+03
9.122324538140206641e+03
9.139467871831680895e+03
9.156630529365711482e+03
9.173821441808340751e+03
9.190975445020285406e+03
9.207926840294898284e+03
9.224886426093533373e+03
9.241981519354802003e+03
9.259000726673129975e+03
9.276037674715447793e+03
9.293535738780508836e+03
9.311149159296190192e+03
9.328700279318587491e+03
9.346044584057020984e+03
9.363689257182439178e+03
9.381368846899684286e+03
9.399118301809248806e+03
9.416684670166852811e+03
9.434291201372227079e+03
9.451886581002936509e+03
9.469457862351680888e+03
9.487196359383626259e+03
9.504896582556157227e+03
9.522626723396961097e+03
9.539926766371059784e+03
9.557363371254396043e+03
9.575018457363041307e+03
9.592603907193684790e+03
9.609995459429452239e+03
9.627216790055870661e+03
9.644881517800642541e+03
9.662443091913275566e+03
9.679974838210599046e+03
9.697292331160244430e+03
9.714416164044852849e+03
9.731641957646719675e+03
9.748895294208499763e+03
9.765881867049736684e+03
9.783269006404789252e+03
9.800584919996745157e+03
9.818045775198264892e+03
9.835368748642427818e+03
9.852635099371364049e+03
9.870352473181392270e+03
9.888136716826506017e+03
9.905903268254838622e+03
9.923579724301671376e+03
9.940718582226370927e+03
9.957921526302145139e+03
9.974976058986376302e+03
9.992274855425062924e+03
1.000939331187691278e+04
1.002643119944486170e+04
1.004337902827091057e+04
1.006049394765161560e+04
1.007833731296450242e+04
1.009578184574999796e+04
1.011326240679047260e+04
1.013065519243029848e+04
1.014839350722554082e+04
1.016616175968164498e+04
1.018379030053410315e+04
1.020117279177806995e+04
1.021863785788485620e+04
1.023622287599550327e+04
1.025391676006192938e+04
1.027161377604190420e+04
1.028890710755212058e+04
1.030594862904796537e+04
1.032303748768410514e+04
1.034009807382771942e+04
1.035713770240688609e+04
1.037440379859734821e+04
1.039149934016771294e+04
1.040850948713747857e+04
1.042596136044286322e+04
1.044339163044414636e+04
1.046065809833794810e+04
1.047782439034843992e+04
1.049510580417877281e+04
1.051234408891483690e+04
1.052960340997259846e+04
1.054686699733499336e+04
1.056387886233674726e+04
1.058093173423661210e+04
1.059797503152059835e+04
1.061497706559860671e+04
1.063207341466125763e+04
1.064938848431408405e+04
1.066698654212840847e+04
1.068467904394481957e+04
1.070211134342695004e+04
1.071932898023056623e+04
1.073639092407958742e+04
1.075333906363272945e+04
1.077033230569720399e+04
1.078739304689639903e+04
1.080436754814221422e+04
1.082129381992489834e+04
1.083834658372685226e+04
1.085539014084875089e+04
1.087232856539480781e+04
1.088936314190201665e+04
1.090662155210357741e+04
1.092357861029993182e+04
1.094052567174272190e+04
1.095759469410415659e+04
1.097462684517160596e+04
1.099161509617486081e+04
1.100864779520435332e+04
1.102601602373962669e+04
1.104315278548479910e+04
1.106010531458779224e+04
1.107714224331386686e+04
1.109422332482820093e+04
1.111122008192222711e+04
1.112821768256608630e+04
1.114525610103580948e+04
1.116224124970006596e+04
1.117922681413236933e+04
1.119625681614586028e+04
1.121331220983770254e+04
1.123028521986107990e+04
1.124731748941343540e+04
1.126437562982571399e+04
1.128131861411202408e+04
1.129829474231008680e+04
1.131536808870592358e+04
1.133236522067157421e+04
1.134930503650247374e+04
1.136635935421024988e+04
1.138342108410674882e+04
1.140034901711158636e+04
1.141735435565260377e+04
1.143446503982446666e+04
1.145147644877117636e+04
1.146852414633244916e+04
1.148577754541336799e+04
1.150334265623645115e+04
1.152083541085444813e+04
1.153799055838494860e+04
1.155546880147259435e+04
1.157302860295832397e+04
1.159019361210343777e+04
1.160713117930287262e+04
1.162425658048510013e+04
1.164144685245847359e+04
1.165864867578441772e+04
1.167569686838722373e+04
1.169281148455626681e+04
1.170999593112407820e+04
1.172718308508531845e+04
1.174461771344046065e+04
1.176219539757502025e+04
1.177978731272468758e+04
1.179708979377594551e+04
1.181437915532565239e+04
1.183156499084685493e+04
1.184919117939431453e+04
1.186640556095520515e+04
1.188371661781603689e+04
1.190103313663718654e+04
1.191832199503351876e+04
1.193571572709714383e+04
1.195346648819409893e+04
1.197122986783785382e+04
1.198902169477269854e+04
1.200699548296091416e+04
1.202454090408711272e+04
1.204166648071560849e+04
1.205869946501632512e+04
1.207573056525859647e+04
1.209275636633588510e+04
1.210976545628167514e+04
1.212709210619930673e+04
1.214440036436415357e+04
1.216177482513865834e+04
1.217881241972016687e+04
1.219582563113075594e+04
1.221291788093845753e+04
1.222987368295020860e+04
1.224696602129634266e+04
1.226428269907366121e+04
1.228166968889034433e+04
1.229863310457700754e+04
1.231568909851967328e+04
1.233273751341129173e+04
1.234975118536290029e+04
1.236671072910509611e+04
1.238379303308180715e+04
1.240111560406113858e+04
1.241838840050822546e+04
1.243588052028220773e+04
1.245334892871867123e+04
1.247084606874687051e+04
1.248834897650367566e+04
1.250603152295520704e+04
1.252379544738374898e+04
1.254162134542449712e+04
1.255952590417144893e+04
1.257734018807813663e+04
1.259509542320257970e+04
1.261287662743028341e+04
1.263017440159099351e+04
1.264754466974658499e+04
1.266502078870363766e+04
1.268263778481856025e+04
1.270001749378040222e+04
1.271737589204113283e+04
1.273457289903910350e+04
1.275157713344652802e+04
1.276854536599915446e+04
1.278567045320557554e+04
1.280267990198486950e+04
1.281962258483951882e+04
1.283666872964664071e+04
1.285372080297553475e+04
1.287071429856693248e+04
1.288777676320545106e+04
1.290549251567909232e+04
1.292291554468400864e+04
1.294061966434500391e+04
1.295800117068930194e+04
1.297515923402764747e+04
1.299232437243294407e+04
1.300950384655272319e+04
1.302648529009925187e+04
1.304364828523134565e+04
1.306073271213376211e+04
1.307768484395109590e+04
1.309467815003242140e+04
1.311187865695513756e+04
1.312914793829689370e+04
1.314637343442883139e+04
1.316351638792424274e+04
1.318070191828734460e+04
1.319769556052488770e+04
1.321465881866700511e+04
1.323174886078401505e+04
1.324876932513240899e+04
1.326569373750366867e+04
1.328275391540215605e+04
1.329983940693558907e+04
1.331679094768608775e+04
1.333376498554193677e+04
1.335097479018781451e+04
1.336843695357759134e+04
1.338583846416544111e+04
1.340304182585204398e+04
1.342059280248601499e+04
1.343826972302640024e+04
1.345592488907284132e+04
1.347354633170253510e+04
1.349110677452341770e+04
1.350875927612802298e+04
1.352639249925867261e+04
1.354396342779251790e+04
1.356156003781448817e+04
1.357921741522721641e+04
1.359675147147857751e+04
1.361446730405447852e+04
1.363206233542241171e+04
1.364960398833198269e+04
1.366729230052090315e+04
1.368495155047829758e+04
1.370253634001688442e+04
1.372012778303627056e+04
1.373778384163830196e+04
1.375522813703794600e+04
1.377272545097741931e+04
1.378988925732344978e+04
1.380698487333946287e+04
1.382446995258868083e+04
1.384165996145003373e+04
1.385874506527655831e+04
1.387569382246249006e+04
1.389270951327445800e+04
1.390984290497374604e+04
1.392719939050089670e+04
1.394442831354541704e+04
1.396151726723619504e+04
1.397859362657417660e+04
1.399558930281627909e+04
1.401258742543461631e+04
1.402962031121202381e+04
1.404661205090582916e+04
1.406356919555340210e+04
1.408059795000925988e+04
1.409763810195305268e+04
1.411456082708524082e+04
1.413157598160154521e+04
1.414861429335166395e+04
1.416560905262029701e+04
1.418258872547979627e+04
1.419961994661701829e+04
1.421659470226426856e+04
1.423356956051893030e+04
1.425058700449153548e+04
1.426761895144551454e+04
1.428461101435630735e+04
1.430162123952435286e+04
1.431888537952214392e+04
1.433614372928710509e+04
1.435320231796196458e+04
1.437030469211678792e+04
1.438741572021917091e+04
1.440441104498697314e+04
1.442136938449667650e+04
1.443844716642630920e+04
1.445547797121877011e+04
1.447241406791298505e+04
1.448948073092641789e+04
1.450659272185309601e+04
1.452357970834862135e+04
1.454054294812715671e+04
1.455758803293052188e+04
1.457462176253741200e+04
1.459173727238830361e+04
1.460896381423676758e+04
1.462610226013440843e+04
1.464314681339115486e+04
1.466011507347735460e+04
1.467723445649761561e+04
1.469425867204416318e+04
1.471128429192080148e+04
1.472840571857590476e+04
1.474583243691403550e+04
1.476292882309427659e+04
1.478009753805283981e+04
1.479729772858277647e+04
1.481471807245675518e+04
1.483231852208667260e+04
1.484967147889548505e+04
1.486709704565719585e+04
1.488452956646987695e+04
1.490213588089668883e+04
1.491969514960312881e+04
1.493696174256315135e+04
1.495409428930762806e+04
1.497132106575746730e+04
1.498844607420141983e+04
1.500555450013105292e+04
1.502310832476763971e+04
1.504106662144201800e+04
1.505884990592307440e+04
1.507660194309951839e+04
1.509433732332210820e+04
1.511212854538168358e+04
1.513009387515981871e+04
1.514776145000123870e+04
1.516533121876151381e+04
1.518302463565119069e+04
1.520080438927839896e+04
1.521853624486353692e+04
1.523623702501932348e+04
1.525397523297704720e+04
1.527175240210604352e+04
1.528948465029522413e+04
1.530723465174495323e+04
1.532493050133155339e+04
1.534261711825331622e+04
1.536040927688538432e+04
1.537817325667775367e+04
1.539580968808318175e+04
1.541346017193687112e+04
1.543135408808229113e+04
1.544901839508878584e+04
1.546655563215849179e+04
1.548425397159281420e+04
1.550202222741031437e+04
1.551980124842872101e+04
1.553752295065051112e+04
1.555520684666201851e+04
1.557296716719317919e+04
1.559071973092331609e+04
1.560839512928522163e+04
1.562610334334315485e+04
1.564371358151648019e+04
1.566133083020283084e+04
1.567899982915013970e+04
1.569660190450337541e+04
1.571420107236008334e+04
1.573190763389830499e+04
1.574956436906121598e+04
1.576714029103819485e+04
1.578480423276510191e+04
1.580251925296593618e+04
1.582021869618761048e+04
1.583783771579994755e+04
1.585541548687939940e+04
1.587303978444528366e+04
1.589067544491304943e+04
1.590827262200051700e+04
1.592593604238561966e+04
1.594351807131259193e+04
1.596106309905915259e+04
1.597872565685173140e+04
1.599626895120650443e+04
1.601391967701330941e+04
1.603162480475540724e+04
1.604940041550937167e+04
1.606713112086190449e+04
1.608483804743606743e+04
1.610244835025925568e+04
1.612002569924637646e+04
1.613768009947672545e+04
1.615527776583294872e+04
1.617288793072962289e+04
1.619057251133038517e+04
1.620821948647528188e+04
1.622574955852409585e+04
1.624336639095579449e+04
1.626094657611817820e+04
1.627856891981916124e+04
1.629621725823434645e+04
1.631401864073978140e+04
1.633177330088997405e+04
1.634943759000910359e+04
1.636705329400820483e+04
1.638466196975194907e+04
1.640231188989301882e+04
1.641990931808423920e+04
1.643755486623975958e+04
1.645521798658467742e+04
1.647280752215072789e+04
1.649040410795335993e+04
1.650798561142438848e+04
1.652562537586015969e+04
1.654319675170195842e+04
1.656089392134571972e+04
1.657843180503172698e+04
1.659600375818917746e+04
1.661363877806027085e+04
1.663123955181870406e+04
1.664895944402150781e+04
1.666662575450320583e+04
1.668425645884310870e+04
1.670182256549039084e+04
1.671948774689214406e+04
1.673718053035659977e+04
1.675479924986792685e+04
1.677233957645183182e+04
1.679004036315666963e+04
1.680770209365919436e+04
1.682549863095251931e+04
1.684316365285672509e+04
1.686054860311034281e+04
1.687771725048393637e+04
1.689549419270436192e+04
1.691309706044454651e+04
1.693078058923019125e+04
1.694805989287804914e+04
1.696517454979622562e+04
1.698232066284355096e+04
1.699971706903857921e+04
1.701710321076583568e+04
1.703441614261922223e+04
1.705183343534567393e+04
1.706944491013180595e+04
1.708722499549328131e+04
1.710498478355891712e+04
1.712239324572717669e+04
1.714014626669169957e+04
1.715776229495624284e+04
1.717540291290130699e+04
1.719247272030585009e+04
1.720951287367956320e+04
1.722688206793271092e+04
1.724466832372164936e+04
1.726185983299994041e+04
1.727891097646245908e+04
1.729599162440856890e+04
