0.000000000000000000e+00
1.739198171218733080e+01
3.468242993328432533e+01
5.198242477555670149e+01
6.936184793646019386e+01
8.666991996811653109e+01
1.040250122741964702e+02
1.212668254714637186e+02
1.386393585080548121e+02
1.559567398460022787e+02
1.732778883699211292e+02
1.905548410624706719e+02
2.078618803451603583e+02
2.252683372865565161e+02
2.425545205261802835e+02
2.598584131648690914e+02
2.771499364789995070e+02
2.945341212162024931e+02
3.118365420490017641e+02
3.291241555210909837e+02
3.464368724177091963e+02
3.637792752147229862e+02
3.811628530978056801e+02
3.983870684391079635e+02
4.157373539915176934e+02
4.330729764986045893e+02
4.504350959843976057e+02
4.677165399627668876e+02
4.849923541262728577e+02
5.023812891067555597e+02
5.196998901216534250e+02
5.369882326606355036e+02
5.542335175910382077e+02
5.716531199157390120e+02
5.889652552631208664e+02
6.062657400130843826e+02
6.235738074672945004e+02
6.409121605025936788e+02
6.582943075801981649e+02
6.755385486850072994e+02
6.928634677677462150e+02
7.101707212803079301e+02
7.275361797875780212e+02
7.447878349793668349e+02
7.621079161493080392e+02
7.794412801544849572e+02
7.968017945748950979e+02
8.141448148229400203e+02
8.313675755302167545e+02
8.487737695708392494e+02
8.660973536652604707e+02
8.834181001791544077e+02
9.006946185993696190e+02
9.180198513140510386e+02
9.353690475731573315e+02
9.526587845797675982e+02
9.699632873516386553e+02
9.872475305764374980e+02
1.004649025335256738e+03
1.021945082675253389e+03
1.039238742902517060e+03
1.056545402959465946e+03
1.073912893660713735e+03
1.091268391263567082e+03
1.108516200914309138e+03
1.125856375062006691e+03
1.143144623120530923e+03
1.160547044365175680e+03
1.177801547254473462e+03
1.195149361957947804e+03
1.212464449928694648e+03
1.229826657988285206e+03
1.247140740767437819e+03
1.264383740864871015e+03
1.281781325277923997e+03
1.299106479848627941e+03
1.316405656400411090e+03
1.333668464774942095e+03
1.351021504826232103e+03
1.368383976741377410e+03
1.385673762386631097e+03
1.402982705132836600e+03
1.420278424219500266e+03
1.437686275628289650e+03
1.454956089918302496e+03
1.472270677043329670e+03
1.489583712574660922e+03
1.506964759145576863e+03
1.524288656336898839e+03
1.541521665748648729e+03
1.558883482894351800e+03
1.576225553278136204e+03
1.593566469155948425e+03
1.610796837784057516e+03
1.628149402446053728e+03
1.645511085306306086e+03
1.662835807143553438e+03
1.680137579770942011e+03
1.697412708223368099e+03
1.714799028387826638e+03
1.732093271110805517e+03
1.749402938298419485e+03
1.766674028454579457e+03
1.784058460309797738e+03
1.801393274604490898e+03
1.818647150876458682e+03
1.835974149649566243e+03
1.853329621883345908e+03
1.870703410220126671e+03
1.887931718598526913e+03
1.905281343444665254e+03
1.922599954284790783e+03
1.939951441772393537e+03
1.957264718010578690e+03
1.974542590514856329e+03
1.991885597391245483e+03
2.009218674119105344e+03
2.026552068961575969e+03
2.043784878593395206e+03
2.061185067257521041e+03
2.078540575615209946e+03
2.095827557538941164e+03
2.113147290261137186e+03
2.130436341892464043e+03
2.147823215416921812e+03
2.165078606033815049e+03
2.182411541199775911e+03
2.199676496295691777e+03
2.217066780600082893e+03
2.234367231652781356e+03
2.251667528890013273e+03
2.268984285084611656e+03
2.286351486634321191e+03
2.303714618056955260e+03
2.320936659629544010e+03
2.338293326596340648e+03
2.355630482447885697e+03
2.372956878377108296e+03
2.390207623028647049e+03
2.407526401074762362e+03
2.424893152315297812e+03
2.442208796038064975e+03
2.459529663419336430e+03
2.476777304008558531e+03
2.494168236691894890e+03
2.511501685871553491e+03
2.528812754171525285e+03
2.546078158893225918e+03
2.563434791255225718e+03
2.580797013447545396e+03
2.598050778050498593e+03
2.615364266516924545e+03
2.632689246708734572e+03
2.650068882096146808e+03
2.667316640559218285e+03
2.684630428030274743e+03
2.701973379217700767e+03
2.719332501521610993e+03
2.736644596574758452e+03
2.753890189141071460e+03
2.771241285825909927e+03
2.788577838353581228e+03
2.805925254590135410e+03
2.823150881141406899e+03
2.840497649178385473e+03
2.857861264545438189e+03
2.875163796817564617e+03
2.892448736304650083e+03
2.909769584251968809e+03
2.927172774721456335e+03
2.944446372615891050e+03
2.961769629767883089e+03
2.979062669970125171e+03
2.996443702678766385e+03
3.013749831187364180e+03
3.031030301276026876e+03
3.048348233769230774e+03
3.065688637285733421e+03
3.083073383040530643e+03
3.100298379059372110e+03
3.117641512538465122e+03
3.135012300224312185e+03
3.152335930685814219e+03
3.169670030975791633e+03
3.186929404997766142e+03
3.204314514036955188e+03
3.221613552228953267e+03
3.238959955957993770e+03
3.256222476234504029e+03
3.273582751808777175e+03
3.290976841213855550e+03
3.308248475104334830e+03
3.325568702761182067e+03
3.342896264808878186e+03
3.360266009670191124e+03
3.377561804735071746e+03
3.394858058835659904e+03
3.412201031908964978e+03
3.429554065541246473e+03
3.446932397523534291e+03
3.464155524910148870e+03
3.481512790078758371e+03
3.498898737578760574e+03
3.516216230076189731e+03
3.533503757015537758e+03
3.550795957955569065e+03
3.568205558505441331e+03
3.585502357961666348e+03
3.602820784853016448e+03
3.620147703647212438e+03
3.637502565808867075e+03
3.654866620379831147e+03
3.672096221467343639e+03
3.689415906447518864e+03
3.706771555126667408e+03
3.724137549015676996e+03
3.741392188058593092e+03
3.758692743508311651e+03
3.776086744404119599e+03
3.793413532846543603e+03
3.810761771819535170e+03
3.828023982202655588e+03
3.845388986641518841e+03
3.862727525159546531e+03
3.880033986423622991e+03
3.897344207524040030e+03
3.914666489391193863e+03
3.932089557064080964e+03
3.949364967133817117e+03
3.966658578316496460e+03
3.984014893809653586e+03
4.001338884611390768e+03
4.018718400266687240e+03
4.035933435087971702e+03
4.053292207803568999e+03
4.070637475868416004e+03
4.088002043142204457e+03
4.105286321124507595e+03
4.122584594474816186e+03
4.140010555596220001e+03
4.157302105771914285e+03
4.174612365569364556e+03
4.191904505942163269e+03
4.209258303041694489e+03
4.226636725648260835e+03
4.243893117391206033e+03
4.261236859783018190e+03
4.278598438576082117e+03
4.295977774192019751e+03
4.313226114261574367e+03
4.330518166873944210e+03
4.347910872385598850e+03
4.365240467637516304e+03
4.382562616964578410e+03
4.399818752878203668e+03
4.417194135119716520e+03
4.434565337432236447e+03
4.451875651829883282e+03
4.469197349877602392e+03
4.486523326226474637e+03
4.503923730014325884e+03
4.521197636725576558e+03
4.538485326208685365e+03
4.555868706735909655e+03
4.573224635218022740e+03
4.590602432912945005e+03
4.607860718566403193e+03
4.625172138369938693e+03
4.642569787442587767e+03
4.659897794606942625e+03
4.677234079930636653e+03
4.694555001859183903e+03
4.711932247639919296e+03
4.729312581677892922e+03
4.746555018426308379e+03
4.763900947731064662e+03
4.781274666030537446e+03
4.798667847983699176e+03
4.815983358402672820e+03
4.833235261590630216e+03
4.850656640131721360e+03
4.867994499516610631e+03
4.885318266404918177e+03
4.902635830672303200e+03
4.919960496706474260e+03
4.937396436296663524e+03
4.954665667771179869e+03
4.971956115434992171e+03
4.989336098203314577e+03
5.006686805583085516e+03
5.024040872832736568e+03
5.041287351836961534e+03
5.058637137091790464e+03
5.076027116117676997e+03
5.093359815462314145e+03
5.110680001321602504e+03
5.127989885844384844e+03
5.145392546709754242e+03
5.162733095256862725e+03
5.179995283641620517e+03
5.197349879072541626e+03
5.214704720438312506e+03
5.232097049760742266e+03
5.249392010519135511e+03
5.266652873369545887e+03
5.284089696445453228e+03
5.301429870226504136e+03
5.318755400297809501e+03
5.336082910859151525e+03
5.353411313008598881e+03
5.370841939793395795e+03
5.388123343425964777e+03
5.405422162828055662e+03
5.422823117959723277e+03
5.440183111275027841e+03
5.457533324102451843e+03
5.474799394451209082e+03
5.492137749855628499e+03
5.509566930596209204e+03
5.526877639705882757e+03
5.544210767367554581e+03
5.561569338543277809e+03
5.578938101102428845e+03
5.596328122150241143e+03
5.613590125532380625e+03
5.630910132470713506e+03
5.648324994580176281e+03
5.665678639610226128e+03
5.683015359668179372e+03
5.700346554758318234e+03
5.717711820928792804e+03
5.735136054517903176e+03
5.752417407436248141e+03
5.769702780539414562e+03
5.787110969171296347e+03
5.804489630816752651e+03
5.821846423639701243e+03
5.839158707840735588e+03
5.856484831427567769e+03
5.873936110499602364e+03
5.891254136868892601e+03
5.908543593975755357e+03
5.925943109055670902e+03
5.943312821865379192e+03
5.960692964693611430e+03
5.978024714369443245e+03
5.995303214644418404e+03
6.012755650645968672e+03
6.030100082429062240e+03
6.047388949566770862e+03
6.064755025275280786e+03
6.082120590509615795e+03
6.099531774486633367e+03
6.116881238605055842e+03
6.134130677457825186e+03
6.151534371050393020e+03
6.168929782929893008e+03
6.186241259696593261e+03
6.203581130316384588e+03
6.220929491722220519e+03
6.238338053097922966e+03
6.255717259621060293e+03
6.272964085615099975e+03
6.290339558868573477e+03
6.307734835252287667e+03
6.325072436908794771e+03
6.342408996653159193e+03
6.359741927169372502e+03
6.377129352235344413e+03
6.394515685423809373e+03
6.411758820576937978e+03
6.429111346910468455e+03
6.446485860164832047e+03
6.463863533010458013e+03
6.481216254616185324e+03
6.498496297424656404e+03
6.515867340143980982e+03
6.533255420727571618e+03
6.550546418961446761e+03
6.567892538435586175e+03
6.585251610806053577e+03
6.602652376989357435e+03
6.620013287993288941e+03
6.637260553054502452e+03
6.654631821776032666e+03
6.672034933133302729e+03
6.689366922101149612e+03
6.706700629680922248e+03
6.724030936545768782e+03
6.741429030838185099e+03
6.758831614746198284e+03
6.776083522262392762e+03
6.793428048740543090e+03
6.810819561766542392e+03
6.828179703804851670e+03
6.845528173552782391e+03
6.862841200341741569e+03
6.880207898398541147e+03
6.897609824403849416e+03
6.914870821903094111e+03
6.932208713242822341e+03
6.949569777535447429e+03
6.966958066645607687e+03
6.984327463075337619e+03
7.001587249798602897e+03
7.018942076686207656e+03
7.036325349073245889e+03
7.053642529697286591e+03
7.070993049244916620e+03
7.088316358409107124e+03
7.105717172958312403e+03
7.123096532750950246e+03
7.140325988247013811e+03
7.157680420055539798e+03
7.175062585602754552e+03
7.192426530391170672e+03
7.209772147593839691e+03
7.227041307214869448e+03
7.244439377445308310e+03
7.261831241842930467e+03
7.279097184263044255e+03
7.296459134179824105e+03
7.313817104787847711e+03
7.331188132549765214e+03
7.348535716102367587e+03
7.365774197572924095e+03
7.383173936570980004e+03
7.400566115042465754e+03
7.417887413000312335e+03
7.435237477926992142e+03
7.452553000243749921e+03
7.469949134754763691e+03
7.487314085345497006e+03
7.504565738891573346e+03
7.521954900498681127e+03
7.539337513026954184e+03
7.556691688107101072e+03
7.574046370800593650e+03
7.591319483416496951e+03
7.608735226509835229e+03
7.626127387522225035e+03
7.643389557107246219e+03
7.660740190543096105e+03
7.678109889816631039e+03
7.695493124031112529e+03
7.712845834395007842e+03
7.730088910973589918e+03
7.747483265898035825e+03
7.764884152679351246e+03
7.782190189957084840e+03
7.799544331692448395e+03
7.816885517391774556e+03
7.834266374933753468e+03
7.851626573373385327e+03
7.868868716157605377e+03
7.886256341351129777e+03
7.903663866423120453e+03
7.921004705560733782e+03
7.938354943201634342e+03
7.955649481182201271e+03
7.973040646717558957e+03
7.990454869885120388e+03
8.007706654287158017e+03
8.025074180512741805e+03
8.042455312035239331e+03
8.059821371462894604e+03
8.077197394579568936e+03
8.094465418135870095e+03
8.111848507768460877e+03
8.129275523916872771e+03
8.146551082077573483e+03
8.163891588459960076e+03
8.181262710318495010e+03
8.198645694678954897e+03
8.216028743855284119e+03
8.233284793027198248e+03
8.250629311785314712e+03
8.268069112075170779e+03
8.285383885791121429e+03
8.302721167094492557e+03
8.320066418163201888e+03
8.337439207527009785e+03
8.354855242996763991e+03
8.372150620350901590e+03
8.389445805886396556e+03
8.406850218703306382e+03
8.424194715917028589e+03
8.441543040791842941e+03
8.458868844835798882e+03
8.476220996703352284e+03
8.493638656272276421e+03
8.510938552395145962e+03
8.528231930769363316e+03
8.545605775288850054e+03
8.562982075102316230e+03
8.580363275172650901e+03
8.597646984112416249e+03
8.614968348173555569e+03
8.632387051197165420e+03
8.649697396521722112e+03
8.667022657137362330e+03
8.684379456391105123e+03
8.701755216107965680e+03
8.719142027273679560e+03
8.736396464703384481e+03
8.753712932045207708e+03
8.771144342910203704e+03
8.788483761326304375e+03
8.805831476103858222e+03
8.823156820432172026e+03
8.840505979939813187e+03
8.857940937669560299e+03
8.875228548982848224e+03
8.892520432236555280e+03
8.909914400767636835e+03
8.927271563787955529e+03
8.944641694334108251e+03
8.961944211290225212e+03
8.979267506095235149e+03
8.996714927334429376e+03
9.014021993960062900e+03
9.031323610670273411e+03
9.048681628733973412e+03
9.066055254974968193e+03
9.083459760055506194e+03
9.100731609530301284e+03
9.118032316863016604e+03
9.135453515990047890e+03
9.152784229332335599e+03
9.170124913716406809e+03
9.187458046760204525e+03
9.204814466909243492e+03
9.222228913171304157e+03
9.239483303124949089e+03
9.256789200189714393e+03
9.274196421297048801e+03
9.291551932698730525e+03
9.308920361153312115e+03
9.326218021555214364e+03
9.343535665824203534e+03
9.360970231781762777e+03
9.378254635599561880e+03
9.395580652913331505e+03
9.412955518474802375e+03
9.430318533325955286e+03
9.447723310670384308e+03
9.464997940375347753e+03
9.482307522820410668e+03
9.499766791862773971e+03
9.517084283466836496e+03
9.534409625659383892e+03
9.551740860290854471e+03
9.569093794272228479e+03
9.586538927551859160e+03
9.603804644420677505e+03
9.621104288755348534e+03
9.638513082030527585e+03
9.655860434370279108e+03
9.673218637678459345e+03
9.690524406983566223e+03
9.707851151357985145e+03
9.725281377633440570e+03
9.742548148635574762e+03
9.759859909187329322e+03
9.777234908534948772e+03
9.794605589503116789e+03
9.811986038497605477e+03
9.829236190730123781e+03
9.846569576250771206e+03
9.863961793199499880e+03
9.881299582422050662e+03
9.898635080889074743e+03
9.915951872743647982e+03
9.933341907819514745e+03
9.950722376824694948e+03
9.967966032756648929e+03
9.985306335510995268e+03
1.000267397351391628e+04
1.002006892651039925e+04
1.003739278895203643e+04
1.005464221115691726e+04
1.007206581278688463e+04
1.008940213459148981e+04
1.010672006498967676e+04
1.012403140894613534e+04
1.014134780636469623e+04
1.015878777220428856e+04
1.017605934863047878e+04
1.019335745317605688e+04
1.021073985745070786e+04
1.022808847211334069e+04
1.024544008530837164e+04
1.026268176245648465e+04
1.028003509387497979e+04
1.029743191793117876e+04
1.031476986792994649e+04
1.033209527173230526e+04
1.034940659310977207e+04
1.036680197771264648e+04
1.038415975550691655e+04
1.040141964211663617e+04
1.041877408917043795e+04
1.043613794555491404e+04
1.045352334704061286e+04
1.047084010548240985e+04
1.048808805601401036e+04
1.050551992800615699e+04
1.052286808972367726e+04
1.054018189892412192e+04
1.055752184151761685e+04
1.057484884756619795e+04
1.059228211471051145e+04
1.060960189031447771e+04
1.062686330671137330e+04
1.064428708964030011e+04
1.066164642041457046e+04
1.067899561223177807e+04
1.069631591549570476e+04
1.071360994209286582e+04
1.073106630929579114e+04
1.074838251501403101e+04
1.076566630990443082e+04
1.078304282938556571e+04
1.080039951905871021e+04
1.081780022608261061e+04
1.083511319624661155e+04
1.085237327483306399e+04
1.086979687238611223e+04
1.088713593801537172e+04
1.090445916888966531e+04
1.092180754689019523e+04
1.093914791153195802e+04
1.095656366276127665e+04
1.097385339585430120e+04
1.099112442689259115e+04
1.100850919152691131e+04
1.102588372245784922e+04
1.104324074202854717e+04
1.106053498570424199e+04
1.107787395365913108e+04
1.109528096794772318e+04
1.111258949925499837e+04
1.112989956628354776e+04
1.114726562092607310e+04
1.116464394346797781e+04
1.118201931297887859e+04
1.119926108317236867e+04
1.121661927740645660e+04
1.123399510758828001e+04
1.125134922114470282e+04
1.126869321480855069e+04
1.128599378440281725e+04
1.130336821897155824e+04
1.132073664452919547e+04
1.133799899383111187e+04
1.135535535876733047e+04
1.137270618582218958e+04
1.139010929558300268e+04
1.140744483415149443e+04
1.142467591533147061e+04
1.144207240615675255e+04
1.145943298468867215e+04
1.147676561509634848e+04
1.149410773893260557e+04
1.151141543708292738e+04
1.152884171765203610e+04
1.154617012276482274e+04
1.156342185761443943e+04
1.158078914133740909e+04
1.159816767089191490e+04
1.161553376284219667e+04
1.163282801894414661e+04
1.165013239449863249e+04
1.166754034433092966e+04
1.168487972804130550e+04
1.170219186129500304e+04
1.171953021891972821e+04
1.173689235425768857e+04
1.175428657938303513e+04
1.177153355712575285e+04
1.178887563923040943e+04
1.180622316904103718e+04
1.182359443215341344e+04
1.184095191241496468e+04
1.185819490981970011e+04
1.187558638072690155e+04
1.189294267300458887e+04
1.191024295289119073e+04
1.192757773867262586e+04
1.194487229078973178e+04
1.196228134545283501e+04
1.197959638350830573e+04
1.199688267825768344e+04
1.201423229496537533e+04
1.203160703745850515e+04
1.204896054808874760e+04
1.206620049862168526e+04
1.208354454692309082e+04
1.210092534871537282e+04
1.211826872950663528e+04
1.213560605850260799e+04
1.215288230840027245e+04
1.217028848776197628e+04
1.218766810593368427e+04
1.220491912430163757e+04
1.222227668778541010e+04
1.223964006214899564e+04
1.225701315185534622e+04
1.227433721535507357e+04
1.229159151165698131e+04
1.230897955132827155e+04
1.232635279421835367e+04
1.234367590136294530e+04
1.236099914683455427e+04
1.237832672485260628e+04
1.239572431656216577e+04
1.241299114207538878e+04
1.243032053186733719e+04
1.244764812144135067e+04
1.246502362718931363e+04
1.248240640808593344e+04
1.249963537174158046e+04
1.251700664795986813e+04
1.253436699302310444e+04
1.255168563206449107e+04
1.256901883719387479e+04
1.258627672151743900e+04
1.260366750550182769e+04
1.262099740613488029e+04
1.263832686355867554e+04
1.265563884268204856e+04
1.267300850666712358e+04
1.269039514865240017e+04
1.270763700696449450e+04
1.272497389625077267e+04
1.274233800967868228e+04
1.275970345385446126e+04
1.277705669115224373e+04
1.279429107718293380e+04
1.281167356661104532e+04
1.282905285713732519e+04
1.284635192477064084e+04
1.286367759171404759e+04
1.288100694084900169e+04
1.289840466180136355e+04
1.291570019676387892e+04
1.293299834232233843e+04
1.295034460838491214e+04
1.296770602180294372e+04
1.298507727283721761e+04
1.300231055957274657e+04
1.301966398702371225e+04
1.303707269672936309e+04
1.305439063479679862e+04
1.307173161656356024e+04
1.308901484659523703e+04
1.310638935107960424e+04
1.312376127771739993e+04
1.314103066487846809e+04
1.315839391712710130e+04
1.317576568782648246e+04
1.319312704977738940e+04
1.321047964087523178e+04
1.322772652117854886e+04
1.324512178226747710e+04
1.326250901008320761e+04
1.327983383534278619e+04
1.329716698102743430e+04
1.331451005150315723e+04
1.333191297473449958e+04
1.334927146245733456e+04
1.336652076736356321e+04
1.338389853655963816e+04
1.340129494631970010e+04
1.341864308374852408e+04
1.343597632906017679e+04
1.345328722165413274e+04
1.347069057784824690e+04
1.348805098538878156e+04
1.350532178999686585e+04
1.352267438387423681e+04
1.354005985928446171e+04
1.355743584743439351e+04
1.357478233544717659e+04
1.359203981424125959e+04
1.360943107826359483e+04
1.362678256331704688e+04
1.364410968908650830e+04
1.366144665600960434e+04
1.367879212716004622e+04
1.369619039836831507e+04
1.371352426872452634e+04
1.373078902465267311e+04
1.374815923213751012e+04
1.376553514567290767e+04
1.378291127258305642e+04
1.380020066703571138e+04
1.381751084165495558e+04
1.383493487328173796e+04
1.385225087518588771e+04
1.386956686952373639e+04
1.388692279776662326e+04
1.390429384010402828e+04
1.392168794356062244e+04
1.393894440519218006e+04
1.395624804430777112e+04
1.397366425986410832e+04
1.399100300376018095e+04
1.400835541369200655e+04
1.402566984514683281e+04
1.404300653887634326e+04
1.406043273733490787e+04
1.407768824119287456e+04
1.409501303971565903e+04
1.411240843278061948e+04
1.412976795620266057e+04
1.414715161740625990e+04
1.416442331936412302e+04
1.418174976221272482e+04
1.419919901682609088e+04
1.421649583135787543e+04
1.423382846117672671e+04
1.425117206838146740e+04
1.426853546862605435e+04
1.428596255999508867e+04
1.430321798671619763e+04
1.432054456815777303e+04
1.433797696651269689e+04
1.435530705301446324e+04
1.437265098437973757e+04
1.438997660808756336e+04
1.440733102193143895e+04
1.442475658342678253e+04
1.444200589829252203e+04
1.445931915790568746e+04
1.447671376885141217e+04
1.449407397317842697e+04
1.451144626170387164e+04
1.452873062671288972e+04
1.454605652764903425e+04
1.456348425354846586e+04
1.458077450084856901e+04
1.459810118172843613e+04
1.461546951904948946e+04
1.463283637500017358e+04
1.465022877350884664e+04
1.466747280049854453e+04
1.468480313562353331e+04
1.470222404859587550e+04
1.471956818964592458e+04
1.473691199481086369e+04
1.475422505146428011e+04
1.477158202334981979e+04
1.478901416087911093e+04
1.480626883421075217e+04
1.482360449217424866e+04
1.484101586673024576e+04
1.485837392898553844e+04
1.487573477912132512e+04
1.489303123233347287e+04
1.491037265928810666e+04
1.492782526679274997e+04
1.494510719727588184e+04
1.496242057088240836e+04
1.497980973222977991e+04
1.499717955564201839e+04
1.501457016471970928e+04
1.503186444478047997e+04
1.504915397475963800e+04
1.506659135343172602e+04
1.508391482973858547e+04
1.510123681011692679e+04
1.511859725213551974e+04
1.513595344375030982e+04
1.515337932869593351e+04
1.517068039636542017e+04
1.518795115097295275e+04
1.520540472814734312e+04
1.522275579073349763e+04
1.524008701447799285e+04
1.525742598565949447e+04
1.527476452368540777e+04
1.529220602356551171e+04
1.530952380735174665e+04
1.532677829810982621e+04
1.534418156404699948e+04
1.536155018551759531e+04
1.537891596452431986e+04
1.539624901469494762e+04
1.541354800065231211e+04
1.543096820507783559e+04
1.544829434176159521e+04
1.546557434343373825e+04
1.548294595231798667e+04
1.550031296632427257e+04
1.551771120871441963e+04
1.553503719293362155e+04
1.555229510173407107e+04
1.556972537858883697e+04
1.558708442250613734e+04
1.560439405636840456e+04
1.562174161054073556e+04
1.563908220266947319e+04
1.565650109352036452e+04
1.567384515430408464e+04
1.569108695518132299e+04
1.570850817138922866e+04
1.572586997184992833e+04
1.574320253612253873e+04
1.576054334344604104e+04
1.577785608300210515e+04
1.579528830655772981e+04
1.581262969201253509e+04
1.582988427532788046e+04
1.584726282395277667e+04
1.586462356285970964e+04
1.588201064100263102e+04
1.589933193143789322e+04
1.591658848155877604e+04
1.593401512675498088e+04
1.595134945654926560e+04
1.596865865974601184e+04
1.598600983693436865e+04
1.600334844661119132e+04
1.602076566113256195e+04
1.603806116232623390e+04
1.605532353004445395e+04
1.607271409765776843e+04
1.609008208010539420e+04
1.610742984446459013e+04
1.612473226847627302e+04
1.614206867039977806e+04
1.615947615902442521e+04
1.617677047465583746e+04
1.619407291092677951e+04
1.621142045241869710e+04
1.622880984679890025e+04
1.624617990958566588e+04
1.626340834740288119e+04
1.628078661740131793e+04
1.629813745756541539e+04
1.631548367025503285e+04
1.633281418291060618e+04
1.635007356773797073e+04
1.636751036142879821e+04
1.638485142731102314e+04
1.640213737447831954e+04
1.641949024680777802e+04
1.643681366144424101e+04
1.645421505362454991e+04
1.647149859948991798e+04
1.648879380789748757e+04
1.650617806789835231e+04
1.652354649963094198e+04
1.654088806360658418e+04
1.655816666498866107e+04
1.657550432732590707e+04
1.659289394547900156e+04
1.661019440903378199e+04
1.662752759571145725e+04
1.664484537811922200e+04
1.666224652708745998e+04
1.667958171463532562e+04
1.669681251022614742e+04
1.671417353269614250e+04
1.673153819827768166e+04
1.674889360126350948e+04
1.676618189256032201e+04
1.678348594885987404e+04
1.680088687734041741e+04
1.681821553162169585e+04
1.683553023628893425e+04
1.685282782884303379e+04
1.687021613350274129e+04
1.688760685557781107e+04
1.690484345043453504e+04
1.692220167172282163e+04
1.693953119569355840e+04
1.695688985725186285e+04
1.697420906562625532e+04
1.699147258358366162e+04
1.700886915779312403e+04
1.702623816666854691e+04
1.704356703639043553e+04
1.706087659579845058e+04
1.707818377186328871e+04
1.709556968353488628e+04
1.711285272762184832e+04
1.713019523071013464e+04
1.714752473908518732e+04
1.716492038381898965e+04
1.718229466986119951e+04
1.719952012609531812e+04
1.721688064247326110e+04
1.723424361716954445e+04
1.725158914771350101e+04
1.726892460272333119e+04
1.728619318289059447e+04
1.730360233200882794e+04
1.732095076177273586e+04
1.733823856469307430e+04
