0.000000000000000000e+00
1.738564746171730846e+01
3.469125964361815306e+01
5.198630354650549634e+01
6.936050563895976495e+01
8.675491906910556850e+01
1.040723032391373692e+02
1.213603817642397757e+02
1.387203544515032263e+02
1.561206480795918310e+02
1.734519662215415394e+02
1.907364207699576468e+02
2.080807781512941688e+02
2.254827572152095172e+02
2.428297515259217221e+02
2.601145772337066546e+02
2.774449854569794525e+02
2.948446951164313532e+02
3.122061341732407413e+02
3.294947467550762212e+02
3.468115862704190704e+02
3.642054326760500658e+02
3.815796733744414269e+02
3.988753597745467800e+02
4.161790640216419774e+02
4.335630907928044735e+02
4.509497806975929279e+02
4.682566549447126363e+02
4.855506470689691696e+02
5.029233097351793162e+02
5.203184542880298977e+02
5.376371751320943986e+02
5.549247597155897438e+02
5.722836430372822178e+02
5.896843089532700333e+02
6.070166974396767046e+02
6.243010382055674654e+02
6.416440841138738733e+02
6.590461365631747412e+02
6.763946883861403876e+02
6.936796110782461255e+02
7.110083946679274050e+02
7.284075498635370423e+02
7.457706255563950890e+02
7.630598106395121931e+02
7.803753491820550607e+02
7.977681526821354510e+02
8.151437567435912115e+02
8.324404387793290425e+02
8.497431241975116336e+02
8.671260388095320195e+02
8.845134681661932063e+02
9.018211241252890886e+02
9.191142684602185682e+02
9.364855680135763123e+02
9.538815177633459825e+02
9.712017303185657511e+02
9.884888527041998714e+02
1.005846444925743299e+03
1.023247232710100207e+03
1.040581053568210336e+03
1.057865180085341990e+03
1.075206664282466363e+03
1.092608659845124293e+03
1.109958181071163381e+03
1.127243169167276392e+03
1.144570423307238116e+03
1.161969350700300311e+03
1.179333753710985093e+03
1.196623642030331666e+03
1.213938042507852060e+03
1.231330365103709028e+03
1.248707037249940640e+03
1.266004413049982077e+03
1.283306301751451429e+03
1.300688454504483616e+03
1.318076966437505689e+03
1.335385777816033851e+03
1.352678254478442796e+03
1.370048203304685103e+03
1.387444626878671443e+03
1.404766640855264541e+03
1.422053589035441291e+03
1.439409712050551889e+03
1.456810749101433430e+03
1.474146202209133207e+03
1.491430315312602488e+03
1.508770984757398992e+03
1.526172757410583927e+03
1.543523487525484143e+03
1.560809114369261124e+03
1.578135020804394799e+03
1.595533506616296563e+03
1.612899635744548505e+03
1.630190263606927147e+03
1.647503278360904005e+03
1.664894678611130757e+03
1.682272889054919688e+03
1.699571089752938860e+03
1.716872192542777611e+03
1.734252720215253248e+03
1.751641696130570381e+03
1.768951655389469124e+03
1.786243558664981038e+03
1.803611883545834189e+03
1.821008924531347930e+03
1.838332808220666266e+03
1.855619243702235508e+03
1.872974143747160269e+03
1.890375191791091765e+03
1.907712206671657441e+03
1.924996166615614356e+03
1.942335573378477875e+03
1.959737389585554865e+03
1.977089042780547970e+03
1.994374787490796734e+03
2.011698932755293299e+03
2.029096544862563405e+03
2.046463836365455563e+03
2.063755183287325053e+03
2.081066766751757314e+03
2.098457362092950007e+03
2.115836870885239932e+03
2.133136307294380913e+03
2.150436803555512597e+03
2.167816479583791079e+03
2.185206521357318707e+03
2.202517449197714086e+03
2.219808509553093245e+03
2.237175132442209360e+03
2.254572894692011687e+03
2.271897716927803231e+03
2.289183750937663717e+03
2.306536913925165209e+03
2.323938215478221082e+03
2.341276771648242629e+03
2.358561006329512111e+03
2.375899392600687406e+03
2.393301129454765942e+03
2.410654197783997915e+03
2.427940259928817795e+03
2.445263108439818097e+03
2.462660287511196657e+03
2.480028763637272277e+03
2.497321037798790258e+03
2.514630996258516916e+03
2.532020714951286209e+03
2.549401677370016841e+03
2.566702294893864746e+03
2.584001923885314682e+03
2.601380614097076432e+03
2.618771696743920984e+03
2.636083548742652965e+03
2.653373985184713547e+03
2.670738982326543919e+03
2.688137407721392265e+03
2.705463704085528661e+03
2.722749149321024561e+03
2.740100886938632357e+03
2.757502360408467212e+03
2.774842737503750413e+03
2.792126817166465116e+03
2.809464209183064668e+03
2.826865415502701580e+03
2.844219910576702659e+03
2.861505939363094512e+03
2.878827500454606252e+03
2.896224388478636683e+03
2.913593713726918395e+03
2.930886267064113781e+03
2.948195153188148652e+03
2.965584212798738918e+03
2.982966366442688923e+03
3.000267874449766168e+03
3.017566410503165571e+03
3.034944180510933620e+03
3.052336028588061708e+03
3.069648726896668450e+03
3.086938509315643842e+03
3.104302305964871266e+03
3.121701114517112728e+03
3.139028242952015717e+03
3.156313369040211455e+03
3.173663411061596889e+03
3.191065112111614326e+03
3.208407188439137826e+03
3.225691509240013147e+03
3.243027279392234050e+03
3.260428327166329836e+03
3.277784214114615224e+03
3.295070770940475995e+03
3.312391347024258721e+03
3.329787592589742417e+03
3.347157708985632780e+03
3.364451204894318835e+03
3.381758769367363129e+03
3.399146401954470093e+03
3.416529769590969408e+03
3.433832650049086624e+03
3.451129843119146699e+03
3.468506806814588799e+03
3.485899604966198240e+03
3.503213620475733478e+03
3.520503050592804357e+03
3.537865530734837193e+03
3.555265071503216859e+03
3.572593185776034261e+03
3.589878080566240897e+03
3.607226547291093539e+03
3.624628298646055555e+03
3.641971989845917051e+03
3.659256606792204366e+03
3.676590963824286519e+03
3.693991247799334815e+03
3.711348707757489137e+03
3.728635905781366546e+03
3.745955305578915613e+03
3.763350901705565775e+03
3.780722424277458231e+03
3.798016826228561513e+03
3.815323223505934948e+03
3.832709859391233294e+03
3.850094214693780486e+03
3.867397997148538707e+03
3.884694631868389934e+03
3.902070477417357324e+03
3.919463624958953005e+03
3.936778596648986422e+03
3.954067565956459021e+03
3.971429036966434069e+03
3.988828615943920340e+03
4.006158284365130839e+03
4.023442999831437191e+03
4.040789602273765013e+03
4.058191592729015611e+03
4.075536918975151821e+03
4.092821458368563071e+03
4.110154176883196669e+03
4.127554441618861347e+03
4.144913584924925090e+03
4.162201300175806864e+03
4.179519838872472064e+03
4.196914751518627781e+03
4.214287267915487973e+03
4.231582060974202250e+03
4.248887215055170600e+03
4.266272978470516136e+03
4.283658216310277567e+03
4.300963422269613147e+03
4.318258826952298477e+03
4.335633236060677518e+03
4.353027300531787660e+03
4.370344043591713671e+03
4.387632338558260017e+03
4.404992893010309672e+03
4.422392873584286463e+03
4.439723577561151615e+03
4.457008058923573117e+03
4.474353121249851029e+03
4.491755129701703481e+03
4.509101880754797094e+03
4.526386663889913507e+03
4.543717998922041261e+03
4.561117778345043916e+03
4.578478684725161656e+03
4.595766962638581390e+03
4.613084079445801763e+03
4.630478134920645971e+03
4.647851933159725377e+03
4.665147549161261850e+03
4.682451778044720413e+03
4.699836097784929734e+03
4.717222357605064644e+03
4.734529017222766015e+03
4.751823435227820482e+03
4.769196783384417358e+03
4.786591601224741680e+03
4.803909804604791134e+03
4.821197819453398552e+03
4.838556846468180083e+03
4.855957380439569533e+03
4.873289287532123126e+03
4.890573817074135150e+03
4.907917402373686855e+03
4.925319301443842051e+03
4.942666932417123462e+03
4.959951885448710527e+03
4.977281375742702949e+03
4.994680568753008629e+03
5.012043047813702287e+03
5.029331641517091157e+03
5.046647865169791658e+03
5.064041299450835140e+03
5.081416232889245293e+03
5.098712695784389325e+03
5.116015762735043609e+03
5.133399092064666547e+03
5.150785835539682921e+03
5.168093094790496252e+03
5.185387057571771948e+03
5.202758939489875047e+03
5.220154495669003154e+03
5.237474405262277287e+03
5.254761980092180238e+03
5.272120181938173118e+03
5.289520789706157302e+03
5.306854075264081985e+03
5.324138087912131596e+03
5.341480183165263952e+03
5.358882080089455485e+03
5.376231086940349996e+03
5.393516192834498725e+03
5.410844050535395581e+03
5.428243209563595883e+03
5.445607508767204308e+03
5.462897020927945960e+03
5.480212266414787337e+03
5.497604747259314536e+03
5.514980914281941295e+03
5.532277742498557927e+03
5.549579866317335473e+03
5.566962409094667237e+03
5.584350331570492926e+03
5.601658611426860261e+03
5.618951342896602000e+03
5.636321962458363487e+03
5.653718210080871359e+03
5.671039457315957407e+03
5.688326345957833837e+03
5.705683339813288512e+03
5.723084508538524460e+03
5.740419183650463310e+03
5.757703448220896462e+03
5.775044268408137214e+03
5.792446230777017263e+03
5.809796375041072679e+03
5.827081939466777840e+03
5.844408381631470547e+03
5.861806845687277018e+03
5.879172664263437582e+03
5.896463039608021063e+03
5.913776296566033125e+03
5.931168259473357466e+03
5.948545977272183336e+03
5.965844012422337983e+03
5.983145509030973699e+03
6.000526585127486214e+03
6.017915288787430654e+03
6.035224827452697355e+03
6.052517150626919829e+03
6.069885878735751248e+03
6.087282552542286794e+03
6.104605587931962873e+03
6.121892185000464451e+03
6.139247941907891800e+03
6.156649084055961794e+03
6.173985389945071802e+03
6.191269405423535318e+03
6.208609081496992076e+03
6.226010824133358255e+03
6.243362326095191747e+03
6.260648038247703880e+03
6.277972529909844525e+03
6.295370540586634888e+03
6.312737134412031082e+03
6.330028152074906757e+03
6.347340066445482989e+03
6.364731259545809735e+03
6.382110700649870523e+03
6.399409663275474486e+03
6.416710492770112978e+03
6.434090587228607546e+03
6.451480210037600045e+03
6.468790602475163723e+03
6.486081986234959913e+03
6.503449295400950177e+03
6.520846798892491279e+03
6.538170957097330756e+03
6.555457271241140916e+03
6.572811134258101447e+03
6.590212660309150124e+03
6.607550782531259756e+03
6.624834901208463634e+03
6.642173622734206219e+03
6.659575412678136672e+03
6.676927618973875724e+03
6.694213377215708533e+03
6.711536680347348010e+03
6.728934055339521365e+03
6.746302230735110243e+03
6.763593875551083329e+03
6.780904632023790327e+03
6.798294536391926158e+03
6.815674895327092599e+03
6.832975090832952446e+03
6.850274791885491140e+03
6.867653784134543457e+03
6.885044141746165224e+03
6.902355656032375919e+03
6.919646473379463714e+03
6.937012052981632223e+03
6.954410255425093965e+03
6.971735990157197193e+03
6.989021618462784318e+03
7.006373847469209977e+03
7.023775121431499429e+03
7.041114834166851324e+03
7.058399173747900932e+03
7.075736869077636584e+03
7.093138184633855417e+03
7.110491797163363117e+03
7.127778026429778038e+03
7.145100043943300079e+03
7.162496907488885881e+03
7.179865851751801529e+03
7.197158172478533743e+03
7.214467556317353228e+03
7.231856654520830489e+03
7.249238461216631549e+03
7.266539644088994464e+03
7.283837990698528301e+03
7.301216133856500164e+03
7.318607329471084086e+03
7.335919861879006930e+03
7.353209988390878607e+03
7.370573921939283537e+03
7.387972521793396481e+03
7.405299416523112086e+03
7.422584743293615247e+03
7.439935601559003771e+03
7.457337112270031867e+03
7.474678170061455603e+03
7.491962476148882160e+03
7.509299256801057709e+03
7.526700658523194761e+03
7.544055676068616776e+03
7.561342155604887921e+03
7.578663188227121282e+03
7.596059477844344656e+03
7.613429319078974004e+03
7.630722751199602499e+03
7.648030874726152433e+03
7.665419220410672096e+03
7.682802383242795258e+03
7.700104550450045281e+03
7.717402512229262356e+03
7.734779825803527274e+03
7.752171877847882570e+03
7.769485460247029550e+03
7.786774922346950916e+03
7.804138135788767613e+03
7.821537123924229491e+03
7.838865034831451339e+03
7.856150030091173903e+03
7.873499088997579747e+03
7.890900733876003869e+03
7.908243998692820242e+03
7.925528531528068925e+03
7.942863591205856210e+03
7.960264064619634155e+03
7.977620756078917111e+03
7.994907986146909934e+03
8.012228141248569955e+03
8.029624031893927167e+03
8.046994778544529254e+03
8.064288399405661039e+03
8.081595264562425655e+03
8.098982462839019718e+03
8.116366241177765914e+03
8.133669659122676421e+03
8.150967036903887674e+03
8.168343424965525628e+03
8.185736420221670414e+03
8.203051245470473077e+03
8.220340308752631245e+03
8.237702208734095620e+03
8.255101964931698603e+03
8.272430820670806497e+03
8.289715533937152941e+03
8.307062825247168803e+03
8.324464754640510364e+03
8.341809514942578971e+03
8.359093893787014167e+03
8.376427659143666460e+03
8.393828143418777472e+03
8.411186747769999783e+03
8.428474348428972007e+03
8.445792959986974893e+03
8.463188383663067725e+03
8.480560342918386596e+03
8.497854727864549204e+03
8.515160321306098922e+03
8.532546208505002141e+03
8.549931290346487003e+03
8.567236002838699278e+03
8.584531884787833405e+03
8.601906981309703042e+03
8.619300393521698425e+03
8.636616761922690785e+03
8.653905097000952082e+03
8.671265642706232029e+03
8.688665673821002201e+03
8.705995894466692334e+03
8.723280548910732250e+03
8.740626015139632727e+03
8.758027895128638193e+03
8.775373789318986383e+03
8.792658466576071078e+03
8.809990389617465553e+03
8.827390122313971005e+03
8.844750293501281703e+03
8.862038415335313402e+03
8.879356565059510103e+03
8.896750966314642938e+03
8.914124408442892673e+03
8.931419568630426511e+03
8.948723953329219512e+03
8.966108644909283612e+03
8.983494128833088325e+03
9.000799811010778285e+03
9.018094844084882425e+03
9.035468902770182467e+03
9.052863584218708638e+03
9.070181212428517028e+03
9.087469230471020637e+03
9.104829044050267839e+03
9.122229385061691573e+03
9.139560733244969015e+03
9.156845324598598381e+03
9.174189411235969601e+03
9.191591243548205966e+03
9.208938322290312499e+03
9.226223285575119007e+03
9.243553643811375878e+03
9.260953014833045017e+03
9.278314941368635118e+03
9.295603596955395915e+03
9.312920517158268922e+03
9.330314181266141532e+03
9.347688602444137359e+03
9.364984493195483083e+03
9.382288107958032924e+03
9.399672079719217436e+03
9.417058637716303565e+03
9.434365562821931235e+03
9.451659766041208059e+03
9.469032563377662882e+03
9.486427945683175494e+03
9.503747445715063805e+03
9.521034919095818623e+03
9.538393506825683289e+03
9.555794139920786620e+03
9.573126720584434224e+03
9.590410973862859464e+03
9.607753704400045535e+03
9.625155705044820934e+03
9.642504074869444594e+03
9.659789092306044040e+03
9.677117696217468620e+03
9.694516772560826212e+03
9.711880095856929984e+03
9.729169387361314875e+03
9.746484912320393050e+03
9.763878023210334504e+03
9.781253895808804373e+03
9.798550622393242520e+03
9.815853366273917345e+03
9.833235628577294847e+03
9.850622893769519578e+03
9.867931162514592870e+03
9.885224401144336298e+03
9.902595401157050219e+03
9.919991137877992514e+03
9.937311652111886360e+03
9.954599003927014564e+03
9.971956384697934482e+03
9.989357134984966251e+03
1.000669105841818237e+04
1.002397515789775753e+04
1.004131652062495414e+04
1.005871849072075929e+04
1.007606828322137881e+04
1.009335321255348754e+04
1.011068026032463604e+04
1.012807928265989540e+04
1.014544430036222911e+04
1.016273420675601483e+04
1.018004833488192526e+04
1.019744025863537900e+04
1.021481732451495918e+04
1.023211481418766562e+04
1.024941698263565195e+04
1.026679858126079853e+04
1.028418700320506832e+04
1.030149623048974900e+04
1.031878876824441977e+04
1.033615836421803397e+04
1.035355496529435550e+04
1.037087699450110449e+04
1.038816383074431724e+04
1.040551978878727095e+04
1.042292108897042453e+04
1.044025658327378005e+04
1.045754057184813246e+04
1.047488068961731369e+04
1.049228243485872008e+04
1.050963329692321895e+04
1.052691884900283185e+04
1.054424417115331744e+04
1.056164236970808997e+04
1.057900847562692798e+04
1.059629903414784349e+04
1.061361204441791779e+04
1.063100352218771695e+04
1.064838199882420668e+04
1.066568039241400402e+04
1.068298162013488400e+04
1.070036220260727350e+04
1.071775132457105428e+04
1.073506114884121052e+04
1.075235302071601836e+04
1.076972119375511829e+04
1.078711836765922271e+04
1.080444211695687773e+04
1.082172799931299596e+04
1.083908293332136236e+04
1.085648400906081042e+04
1.087382132485885086e+04
1.089110551719887735e+04
1.090844468784511992e+04
1.092584644284594833e+04
1.094319829490230768e+04
1.096048415171555826e+04
1.097780810275808835e+04
1.099520564685569116e+04
1.101257316794626604e+04
1.102986467601564982e+04
1.104717616915316466e+04
1.106456669916692044e+04
1.108194669216417242e+04
1.109924613424845302e+04
1.111654647229676266e+04
1.113392597701608247e+04
1.115131628212453870e+04
1.116862735948767295e+04
1.118591830941009175e+04
1.120328472186874387e+04
1.122068240477721338e+04
1.123800775117873309e+04
1.125529371156664638e+04
1.127264671652639663e+04
1.129004799287869901e+04
1.130738693614395743e+04
1.132467103662620866e+04
1.134200894766292186e+04
1.135941052362227492e+04
1.137676378790937633e+04
1.139404966625123052e+04
1.141137254602488611e+04
1.142876966880951295e+04
1.144613817869401464e+04
1.146343043334081085e+04
1.148074054858528871e+04
1.149813036351843766e+04
1.151551168058654730e+04
1.153281240303397681e+04
1.155011215214705589e+04
1.156749059269949976e+04
1.158488165175245376e+04
1.160219382195463004e+04
1.161948407674867121e+04
1.163684905911008536e+04
1.165424765216435662e+04
1.167157457065753988e+04
1.168885996596398036e+04
1.170621092857620897e+04
1.172361254064549757e+04
1.174095349448493653e+04
1.175823754250676939e+04
1.177557466205795026e+04
1.179297579942941775e+04
1.181033019383275678e+04
1.182761663042513464e+04
1.184493824261345435e+04
1.186233491826868703e+04
1.187970465275646347e+04
1.189699746348576627e+04
1.191430591660612117e+04
1.193169439211997451e+04
1.194907664613028828e+04
1.196637844621115437e+04
1.198367671856016568e+04
1.200105436775905764e+04
1.201844621566856949e+04
1.203575931433001460e+04
1.205304942082666093e+04
1.207041301566611219e+04
1.208781218282443297e+04
1.210514010580183094e+04
1.212242532820245833e+04
1.213977460097066069e+04
1.215717624969324606e+04
1.217451852933124246e+04
1.219180300369740144e+04
1.220913845628563649e+04
1.222653932406601052e+04
1.224389568732876432e+04
1.226118225889379755e+04
1.227850231405585873e+04
1.229589831170745492e+04
1.231326862132666429e+04
1.233056247569825427e+04
1.234786960528411510e+04
1.236525705413843571e+04
1.238264038786061974e+04
1.239994345606426214e+04
1.241724057545328287e+04
1.243461720892260746e+04
1.245201005767320021e+04
1.246932433084493096e+04
1.248661358066310640e+04
1.250397580397341881e+04
1.252137517405682956e+04
1.253870374254543276e+04
1.255598874233447714e+04
1.257333668168012991e+04
1.259073846596012299e+04
1.260808252354405704e+04
1.262536707762429069e+04
1.264270121858878338e+04
1.266010156629178891e+04
1.267745947901409818e+04
1.269474688573926323e+04
1.271206607515016367e+04
1.272946136288281559e+04
1.274683268272390160e+04
1.276412720123450890e+04
1.278143299182344163e+04
1.279881956194259328e+04
1.281620439485869974e+04
1.283350869769097699e+04
1.285080488152811085e+04
1.286818080679799095e+04
1.288557414613879155e+04
1.290288991427210567e+04
1.292017854979282492e+04
1.293753947631113988e+04
1.295493945192624960e+04
1.297226948651400744e+04
1.298955413723752281e+04
1.300690059395818389e+04
1.302430252852033664e+04
1.304164831060527649e+04
1.305893290862633148e+04
1.307626546027943732e+04
1.309366546280245529e+04
1.311102506594122860e+04
1.312831296171516806e+04
1.314563089606604990e+04
1.316302538807362544e+04
1.318039807803235453e+04
1.319769282209059384e+04
1.321499758212495362e+04
1.323238267181084666e+04
1.324976802537606818e+04
1.326707324552428145e+04
1.328436848244394787e+04
1.330174299535901082e+04
1.331913721734967112e+04
1.333645413190985346e+04
1.335374252360889659e+04
1.337110270908975326e+04
1.338850300500087724e+04
1.340583383441352271e+04
1.342311855539652970e+04
1.344046319043616859e+04
1.345786484491532610e+04
1.347521176607734924e+04
1.349249654086072042e+04
1.350982745178151890e+04
1.352722714931026712e+04
1.354458842168734191e+04
1.356187705739113517e+04
1.357919408818189368e+04
1.359658793223925022e+04
1.361396177310698840e+04
1.363125764149909810e+04
1.364856176685958417e+04
1.366594583341366160e+04
1.368333200388354453e+04
1.370063886944267142e+04
1.371793299795349230e+04
1.373530626961556845e+04
1.375270099794153430e+04
1.377001913588769276e+04
1.378730693464347678e+04
1.380466598095481095e+04
1.382206644850691009e+04
1.383939861301267774e+04
1.385668308828828231e+04
1.387402607236700715e+04
1.389142791982723793e+04
1.390877609734242105e+04
1.392606086422799126e+04
1.394339020999615968e+04
1.396078943864583925e+04
1.397815211754732991e+04
1.399544080204350394e+04
1.401275675658569708e+04
1.403015001065141769e+04
1.404752524554883712e+04
1.406482154214692309e+04
1.408212485949931579e+04
1.409950798749720707e+04
1.411689515224218121e+04
1.413420250019273590e+04
1.415149589485702381e+04
1.416886750467037928e+04
1.418626314541999091e+04
1.420358369520343149e+04
1.422087109691066144e+04
1.423822914575575123e+04
1.425562984235959993e+04
1.427296306824357089e+04
1.429024736223014042e+04
1.430758929686900592e+04
1.432499112563844392e+04
1.434234060459969260e+04
1.435962580856347086e+04
1.437695355297721835e+04
1.439435253142027614e+04
1.441171678241743211e+04
1.442900598501834065e+04
1.444632097513100234e+04
1.446371340147692172e+04
1.448109001741723478e+04
1.449838730297920665e+04
1.451568986140281777e+04
1.453307204457730040e+04
1.455045986611424087e+04
1.456776857733008728e+04
1.458506104855790545e+04
1.460243129707562912e+04
1.461982740815591933e+04
1.463714883739478682e+04
1.465443591658224614e+04
1.467179291858108991e+04
1.468919389158336344e+04
1.470652879353991557e+04
1.472381287343790791e+04
1.474115369938044023e+04
1.475855535158683961e+04
1.477590566410584142e+04
1.479319124137851031e+04
1.481051706229636147e+04
1.482791529083480782e+04
1.484528119670067827e+04
1.486257133236746449e+04
1.487988486959642250e+04
1.489727648067159316e+04
1.491465429793487783e+04
1.493195230183843341e+04
1.494925349097397338e+04
1.496663427895957284e+04
1.498402304466326677e+04
1.500133278849057751e+04
1.501862470717504402e+04
1.503599362265198033e+04
1.505339055271970574e+04
1.507071383303628136e+04
1.508800039330882646e+04
1.510535593764728583e+04
1.512275691022478350e+04
1.514009319187967412e+04
1.515737713510174035e+04
1.517471666234460281e+04
1.519211839762315685e+04
1.520946975968977858e+04
1.522675523700749000e+04
1.524407971762101079e+04
1.526147755458862048e+04
1.527884429230961905e+04
1.529613535966854579e+04
1.531344736591516994e+04
1.533083827870979076e+04
1.534821761011445778e+04
1.536551668671575680e+04
1.538281711646874464e+04
1.540019726188040113e+04
1.541758677183068721e+04
1.543489734062750722e+04
1.545218879985526473e+04
1.546955608953365299e+04
1.548695332791421606e+04
1.550427762207558771e+04
1.552156345431055524e+04
1.553891724598555084e+04
1.555631847369608658e+04
1.557365653527573522e+04
1.559094063500375705e+04
1.560827909623537926e+04
1.562568075197927101e+04
1.564303330882840601e+04
1.566031910692518431e+04
1.567764227895161457e+04
1.569503969180887361e+04
1.571240766073768464e+04
1.572969926430447958e+04
1.574701005945707584e+04
1.576440027218624527e+04
1.578178086324715878e+04
1.579908073161856555e+04
1.581638083275061581e+04
1.583375976488393644e+04
1.585115043547668938e+04
1.586846176108102554e+04
1.588575232406630676e+04
1.590311796162420433e+04
1.592051613842898769e+04
1.593784148793341774e+04
1.595512712779419599e+04
1.597247942131788295e+04
1.598988095660453837e+04
1.600722077960511160e+04
1.602450492810693322e+04
1.604184275169907050e+04
1.605924394318434861e+04
1.607659766636500717e+04
1.609388402888326709e+04
1.611120598744531708e+04
1.612860307703368744e+04
1.614597209096746155e+04
1.616326441568177870e+04
1.618057386174978637e+04
1.619796303037684993e+04
1.621534463639881869e+04
1.623264574553110651e+04
1.624994466317060142e+04
1.626732284071898539e+04
1.628471391814119852e+04
1.630202638522770758e+04
1.631931681891400513e+04
1.633668103005010198e+04
1.635407966839802612e+04
1.637140680916161909e+04
1.638869223393235006e+04
1.640604289220175269e+04
1.642344442891998551e+04
1.644078576462803176e+04
1.645806993763116770e+04
1.647540626090910519e+04
1.649280708915943615e+04
1.651016238819833234e+04
1.652744885945695205e+04
1.654476966767035265e+04
1.656216599866011529e+04
1.657953560102223855e+04
1.659682887664456211e+04
1.661413692693755002e+04
1.663152504468224288e+04
1.664890789778211183e+04
1.666621028938635573e+04
1.668350813600370020e+04
1.670088562832620664e+04
1.671827788735590366e+04
1.673559127194373286e+04
1.675288102321778206e+04
1.677024400375601545e+04
1.678764311700058897e+04
1.680497168359878924e+04
1.682225664383319236e+04
1.683960559631931756e+04
1.685700732600184347e+04
1.687435052163717046e+04
1.689163459787410466e+04
1.690896965564172569e+04
1.692637032267407631e+04
1.694372705587569726e+04
1.696101433179668675e+04
1.697833406049313635e+04
1.699572977281811836e+04
1.701310077391258528e+04
1.703039458307510358e+04
1.704770113737089923e+04
1.706508844083408985e+04
1.708247228464145155e+04
1.709977591726116225e+04
1.711707326185064812e+04
1.713444969688087076e+04
1.715184293668092869e+04
1.716915780889764210e+04
1.718644679187881411e+04
1.720380826725446241e+04
1.722120778688068094e+04
1.723853694948017073e+04
1.725582167727322667e+04
1.727316874556369658e+04
1.729057069915193642e+04
1.730791530197736574e+04
1.732519973605014457e+04
1.734253299094000613e+04
