0.000000000000000000e+00
1.741853350709112647e+01
3.470384250993167541e+01
5.196967061508669872e+01
6.936875975313603249e+01
8.680127420747268729e+01
1.041111485647150801e+02
1.213629367480238983e+02
1.387386942574960926e+02
1.561795591020178620e+02
1.735158519953004657e+02
1.907610591776512479e+02
2.081110812765282958e+02
2.255537338119983133e+02
2.429164069744801964e+02
2.601637916398171910e+02
2.774871919348250344e+02
2.949247542791192700e+02
3.123121999113801621e+02
3.295700026218195262e+02
3.468675769987386843e+02
3.642939981929283704e+02
3.817031138916648842e+02
3.989778485860384762e+02
4.162526561420282860e+02
4.336625583714993581e+02
4.510888173382716104e+02
4.683854297796100923e+02
4.856431674510408811e+02
5.030317096362535949e+02
5.204692075575160288e+02
5.377912662376879780e+02
5.550392466095265718e+02
5.724028270645685552e+02
5.898451359098573903e+02
6.071941938175646101e+02
6.244400258029448878e+02
6.417767810181728692e+02
6.592177398869634999e+02
6.765930043016760465e+02
6.938443531063389855e+02
7.111546074469899850e+02
7.285878216288199383e+02
7.459865499506859123e+02
7.632511550744834494e+02
7.805374220724795578e+02
7.979565244312539107e+02
8.153744907279869949e+02
8.326591378502190537e+02
8.499254998910187169e+02
8.673252588679258679e+02
8.847574221459428827e+02
9.020665052464069049e+02
9.193185639163390306e+02
9.366951370037002107e+02
9.541358618283945816e+02
9.714712789748640489e+02
9.887165492367628303e+02
1.006067445833533611e+03
1.023510132566927496e+03
1.040871951874890556e+03
1.058119197142351823e+03
1.075443431935378840e+03
1.092881228388391719e+03
1.110267931285197164e+03
1.127525336428654555e+03
1.144823637610801825e+03
1.162250517596070040e+03
1.179659042416129523e+03
1.196933118311545968e+03
1.214208542996537517e+03
1.231619074846068997e+03
1.249044895697281390e+03
1.266340705857095372e+03
1.283598930970058063e+03
1.300988198503763215e+03
1.318425411352894116e+03
1.335746640487300738e+03
1.352994864772465689e+03
1.370359233811406739e+03
1.387801475623546594e+03
1.405149725006007429e+03
1.422395472755383935e+03
1.439733061281565824e+03
1.457174186552728770e+03
1.474548675806640858e+03
1.491799662267590520e+03
1.509110764142080370e+03
1.526544319568768515e+03
1.543942343760190397e+03
1.561206425550320546e+03
1.578493444551631455e+03
1.595913044543615342e+03
1.613330444106249161e+03
1.630614440488103355e+03
1.647881333660249766e+03
1.665281760466951710e+03
1.682713566404615449e+03
1.700021858526987216e+03
1.717274191522567889e+03
1.734651573383712275e+03
1.752092153383833192e+03
1.769426694826348012e+03
1.786672041491274740e+03
1.804023806080427903e+03
1.821466518596544347e+03
1.838827484890476626e+03
1.856074605096295272e+03
1.873399668837833815e+03
1.890837694800881309e+03
1.908223652991897097e+03
1.925480659128233583e+03
1.942779690556606511e+03
1.960207028766091298e+03
1.977614961685568687e+03
1.994888375915553752e+03
2.012164431956333829e+03
2.029575584648888253e+03
2.047000953115414859e+03
2.064295961060053742e+03
2.081554689890849659e+03
2.098944677405221228e+03
2.116381597102494197e+03
2.133702000067438348e+03
2.150950474469726942e+03
2.168315630351212803e+03
2.185757803051517840e+03
2.203105239470696233e+03
2.220350904395905673e+03
2.237689335295370256e+03
2.255130627029042444e+03
2.272504331998099133e+03
2.289754968271717189e+03
2.307066924255608228e+03
2.324500814177693883e+03
2.341898124627610741e+03
2.359161697814096442e+03
2.376449475010481365e+03
2.393869566468680205e+03
2.411286396345628418e+03
2.428569742041144309e+03
2.445837165802479831e+03
2.463238263656892741e+03
2.480669711238416312e+03
2.497977207913510483e+03
2.515229827931530053e+03
2.532608019042989326e+03
2.550048441694437315e+03
2.567382101924187282e+03
2.584627539307627558e+03
2.601980169781854784e+03
2.619422897837977871e+03
2.636783011665917456e+03
2.654030018185637800e+03
2.671355911544354058e+03
2.688794163814200601e+03
2.706179380025510000e+03
2.723435992625592917e+03
2.740735755478206102e+03
2.758163549737500944e+03
2.775570882900137804e+03
2.792843639044881456e+03
2.810120338786409775e+03
2.827532104853381043e+03
2.844957014462872394e+03
2.862251229037342455e+03
2.879510464445640991e+03
2.896901163457368966e+03
2.914337779656426392e+03
2.931657366707755045e+03
2.948906090686757125e+03
2.966272032738353118e+03
2.983714132287724169e+03
3.001060759252343360e+03
3.018306345160901401e+03
3.035645621852352178e+03
3.053087066805933318e+03
3.070459983568864573e+03
3.087710282656365507e+03
3.105023098859228412e+03
3.122457314297418179e+03
3.139853908109998883e+03
3.157116985718098022e+03
3.174405514761517225e+03
3.191826093599621345e+03
3.209242351002371834e+03
3.226525054210002963e+03
3.243793008339247535e+03
3.261194775928141098e+03
3.278625861961549163e+03
3.295932555666294775e+03
3.313185471020282876e+03
3.330564468143736121e+03
3.348004728476782020e+03
3.365337503225475302e+03
3.382583052732260512e+03
3.399936541848715024e+03
3.417379279708670765e+03
3.434738541615701706e+03
3.451985443001055955e+03
3.469312155819573945e+03
3.486750630251965958e+03
3.504135105809643392e+03
3.521391318941577993e+03
3.538691824312344579e+03
3.556120064985646877e+03
3.573526793349065883e+03
3.590798892665090534e+03
3.608076250210047874e+03
3.625488619313083291e+03
3.642913060116775341e+03
3.660206490427851350e+03
3.677466246265358677e+03
3.694857651473803344e+03
3.712293958900684629e+03
3.729612740106183992e+03
3.746861712546913623e+03
3.764228442575992176e+03
3.781670464969251952e+03
3.799016276535778161e+03
3.816261785819197939e+03
3.833601915757267307e+03
3.851043509918039490e+03
3.868415627420310557e+03
3.885665596665561679e+03
3.902979279672148095e+03
3.920413804770213574e+03
3.937809670460017514e+03
3.955072264026639004e+03
3.972361544462715756e+03
3.989782607568828098e+03
4.007198289934764944e+03
4.024480350411814925e+03
4.041748837652802194e+03
4.059151275532923137e+03
4.076581996260901633e+03
4.093887884265991033e+03
4.111141109550118927e+03
4.128520913491764986e+03
4.145961002318525061e+03
4.163292887576440990e+03
4.180538563130583498e+03
4.197892907870047566e+03
4.215335646361978434e+03
4.232694058147260876e+03
4.249940856703225109e+03
4.267268386745165117e+03
4.284707079659315241e+03
4.302090814674319518e+03
4.319346629724555896e+03
4.336647873197429362e+03
4.354076564588869587e+03
4.371482688064549620e+03
4.388754131104300541e+03
4.406032159150530788e+03
4.423445125671631104e+03
4.440869087775745356e+03
4.458161743319782545e+03
4.475422026937058035e+03
4.492814125766811230e+03
4.510250118261690659e+03
4.527568093065075118e+03
4.544817315609853722e+03
4.562184832866862052e+03
4.579626772861704012e+03
4.596971766569039573e+03
4.614217201629259762e+03
4.631558191490767058e+03
4.648999924400925011e+03
4.666371232960767884e+03
4.683620894390577632e+03
4.700935444589646067e+03
4.718370276357196417e+03
4.735765407381420118e+03
4.753027530246703463e+03
4.770317560183128080e+03
4.787739107797601719e+03
4.805154216619144790e+03
4.822435637722894171e+03
4.839704654637372187e+03
4.857107766222692590e+03
4.874538119493853628e+03
4.891843198694525199e+03
4.909096747202725965e+03
4.926477356196255641e+03
4.943917263523613656e+03
4.961248265197528781e+03
4.978494085375399663e+03
4.995849277256935238e+03
5.013292007294979157e+03
5.030649571840547651e+03
5.047896279766560838e+03
5.065224609618339855e+03
5.082663524989406142e+03
5.100046522443064532e+03
5.117301934797587819e+03
5.134603931726986048e+03
5.152033063948454583e+03
5.169438571672984835e+03
5.186709362619944841e+03
5.203988074776815665e+03
5.221401627865769115e+03
5.238825103823897734e+03
5.256116994183093084e+03
5.273377808010196532e+03
5.290770603064407624e+03
5.308206278776581712e+03
5.325523456431345039e+03
5.342772923287631784e+03
5.360141231031153438e+03
5.377583088370686710e+03
5.394927261486091083e+03
5.412172624971928599e+03
5.429514478132659860e+03
5.446956348727688237e+03
5.464326849682332977e+03
5.481576211204504943e+03
5.498891629014982755e+03
5.516326757023308346e+03
5.533721153597106422e+03
5.550982817382930079e+03
5.568273591311552082e+03
5.585695619394962705e+03
5.603110149694290158e+03
5.620390931002259094e+03
5.637660480932814608e+03
5.655064261160717251e+03
5.672494245072737613e+03
5.689798506605253351e+03
5.707052389629343452e+03
5.724433799672291570e+03
5.741873518579754091e+03
5.759203631451238834e+03
5.776449610243178540e+03
5.793805645010044827e+03
5.811248361517348712e+03
5.828605082945874528e+03
5.845851697931515446e+03
5.863180856649316411e+03
5.880619983037581733e+03
5.898002238369372208e+03
5.915257248693720612e+03
5.932560005338847986e+03
5.949989569371638936e+03
5.967394457334374238e+03
5.984664601630820471e+03
6.001944009020573503e+03
6.019358141345448530e+03
6.036781117575164899e+03
6.054072256439342709e+03
6.071333605984139467e+03
6.088727089638032339e+03
6.106162440566663463e+03
6.123478826044202833e+03
6.140728539126585019e+03
6.158097636543484441e+03
6.175539410180799678e+03
6.192882758121017105e+03
6.210128058886431972e+03
6.227470782576381680e+03
6.244912776136406137e+03
6.262282456183730574e+03
6.279531536573877020e+03
6.296847822973100847e+03
6.314283241039257518e+03
6.331676898178993724e+03
6.348938121880219114e+03
6.366229636664204008e+03
6.383652143697829160e+03
6.401066094710775360e+03
6.418346234599237505e+03
6.435616315573635802e+03
6.453020766368894328e+03
6.470450375905746114e+03
6.487753820218338660e+03
6.505008051715272813e+03
6.522390255984002579e+03
6.539829775369702475e+03
6.557159000215108790e+03
6.574405155154194290e+03
6.591762023542220049e+03
6.609204720846508280e+03
6.626560603716577134e+03
6.643807133485393933e+03
6.661137098553990654e+03
6.678576438431632596e+03
6.695957951067677641e+03
6.713212560477970328e+03
6.730516084664459413e+03
6.747946076035022088e+03
6.765350335334059309e+03
6.782619836404232956e+03
6.799899952163870694e+03
6.817314650296646505e+03
6.834737121411695625e+03
6.852027516860480318e+03
6.869289404418301274e+03
6.886683571198100253e+03
6.904118590634554494e+03
6.921434191295435994e+03
6.938684152272624488e+03
6.956054044060409069e+03
6.973495721666888130e+03
6.990838242245125002e+03
7.008083488871992813e+03
7.025427084320656832e+03
7.042869187947975661e+03
7.060238041092048661e+03
7.077486857252736627e+03
7.094804012427026464e+03
7.112239713215170923e+03
7.129632626465284375e+03
7.146893414799758830e+03
7.164185670766948533e+03
7.181608655690821251e+03
7.199022023283187082e+03
7.216301518975674298e+03
7.233572145166752307e+03
7.250977264161203493e+03
7.268406494179998845e+03
7.285709115626383209e+03
7.302963713901426672e+03
7.320346707509372209e+03
7.337786021921459906e+03
7.355114366945515940e+03
7.372360707851543339e+03
7.389718405945332961e+03
7.407161074650862247e+03
7.424516122402880683e+03
7.441762566857544698e+03
7.459093342742169625e+03
7.476532889670572331e+03
7.493913663147084662e+03
7.511167868221920799e+03
7.528472168959697228e+03
7.545902578357313359e+03
7.563306199926482805e+03
7.580575068478672620e+03
7.597855901750865087e+03
7.615271159443711440e+03
7.632693113605913823e+03
7.649982780229025593e+03
7.667245207572142135e+03
7.684640055790659972e+03
7.702074743017205037e+03
7.719389554234445313e+03
7.736639759518668143e+03
7.754010447449187268e+03
7.771452030939510223e+03
7.788793715037569200e+03
7.806038918559646845e+03
7.823383389680203436e+03
7.840825595752413392e+03
7.858193616653978097e+03
7.875442189819174928e+03
7.892760211481538136e+03
7.910196182583829795e+03
7.927588344815359960e+03
7.944848701810176863e+03
7.962141691603423169e+03
7.979565151716895343e+03
7.996977940704376124e+03
8.014256794761837227e+03
8.031527966664648375e+03
8.048933755205733178e+03
8.066362598881823942e+03
8.083664395043870172e+03
8.100919375386328284e+03
8.118303153594370087e+03
8.135742247364038121e+03
8.153069714845343697e+03
8.170316254570610909e+03
8.187674774677387177e+03
8.205117409478649279e+03
8.222471626846474464e+03
8.239717987190537315e+03
8.257049576682013139e+03
8.274489327473864250e+03
8.291869358861928049e+03
8.309123162704374408e+03
8.326428249057731591e+03
8.343859071218877943e+03
8.361262049838396706e+03
8.378530298187446533e+03
8.395811854977802795e+03
8.413227667633735109e+03
8.430649098748690449e+03
8.447938046489871340e+03
8.465201017876628612e+03
8.482596542983867039e+03
8.500030893020328222e+03
8.517344925689158117e+03
8.534595377345212910e+03
8.551966862120210862e+03
8.569408344473158650e+03
8.586749187984150922e+03
8.603994355635977627e+03
8.621339706078524614e+03
8.638782007256577344e+03
8.656149187484157665e+03
8.673397527245866513e+03
8.690716414752640048e+03
8.708152652630760713e+03
8.725544064094065106e+03
8.742804005530655559e+03
8.760097729429451647e+03
8.777521662072558684e+03
8.794933869711134321e+03
8.812212075570820161e+03
8.829483800932017402e+03
8.846890253084500728e+03
8.864318703660523170e+03
8.881619675961348548e+03
8.898875054552428992e+03
8.916259608162326913e+03
8.933698474183558574e+03
8.951025066693871850e+03
8.968271814036179421e+03
8.985631151248073365e+03
9.003073745402880377e+03
9.020427134559082333e+03
9.037673414096427223e+03
9.055005806724311697e+03
9.072445762028344689e+03
9.089825044713981697e+03
9.107078445667533742e+03
9.124384330891545687e+03
9.141815558804792090e+03
9.159217887685645110e+03
9.176485526611664682e+03
9.193767819889937527e+03
9.211184172992823733e+03
9.228605068194525302e+03
9.245893305247729586e+03
9.263156817376928302e+03
9.280553017116995761e+03
9.297987026471293575e+03
9.315300272516145924e+03
9.332550971978580492e+03
9.349923259241559208e+03
9.367364638233022561e+03
9.384704635030400823e+03
9.401949783293977816e+03
9.419296016676473300e+03
9.436738404657928186e+03
9.454104744424208548e+03
9.471352868415062403e+03
9.488672616652473152e+03
9.506109117134061307e+03
9.523499782888036862e+03
9.540759310787427239e+03
9.558053762569557875e+03
9.575478167777662748e+03
9.592889795885337662e+03
9.610167351980297099e+03
9.627439637798961485e+03
9.644846751064605996e+03
9.662274804060458337e+03
9.679574948857269192e+03
9.696830739903547510e+03
9.714216061591483594e+03
9.731654686682342799e+03
9.748980405605223496e+03
9.766227375585536720e+03
9.783587522959198395e+03
9.801030074808555582e+03
9.818382640264329893e+03
9.835628834311919491e+03
9.852962050280944823e+03
9.870402207900180656e+03
9.887780742546452529e+03
9.905033746092503861e+03
9.922340432424158280e+03
9.939772054046938138e+03
9.957173720156020863e+03
9.974440758381828346e+03
9.991723792847495133e+03
1.000914067853594315e+04
1.002656103542801065e+04
1.004384857698557789e+04
1.006111263346794294e+04
1.007850950552235736e+04
1.009594316769514080e+04
1.011325563194631832e+04
1.013050658056683096e+04
1.014787967290653978e+04
1.016532094008757122e+04
1.018266008532379419e+04
1.019990522033977686e+04
1.021725233911548639e+04
1.023469480059270609e+04
1.025206029204919832e+04
1.026930822408385211e+04
1.028662882889197863e+04
1.030406558313133428e+04
1.032145549778958957e+04
1.033871461733400429e+04
1.035600979924874628e+04
1.037343467577747651e+04
1.039084571993277677e+04
1.040812262495350478e+04
1.042539548072019534e+04
1.044280325245052336e+04
1.046023089796168097e+04
1.047753021943111526e+04
1.049478644077940771e+04
1.051217252569278571e+04
1.052961090435230835e+04
1.054693576214384666e+04
1.056418295869457143e+04
1.058154390962752586e+04
1.059898640942073871e+04
1.061633815579129441e+04
1.063358426654571304e+04
1.065091829832368421e+04
1.066835865042190926e+04
1.068573643511481714e+04
1.070298904612580554e+04
1.072029654824037971e+04
1.073772855431454082e+04
1.075512954964236633e+04
1.077239600058222641e+04
1.078967978229369146e+04
1.080709719589747874e+04
1.082451700711654121e+04
1.084180386327748056e+04
1.085906845852514016e+04
1.087646600175883577e+04
1.089389931929495287e+04
1.091121100194129394e+04
1.092846220023207206e+04
1.094583609512718613e+04
1.096327724562600270e+04
1.098061553133046073e+04
1.099786067538496718e+04
1.101520867330183319e+04
1.103265120530276909e+04
1.105001584472379545e+04
1.106726359257379954e+04
1.108458504950308452e+04
1.110202205181017962e+04
1.111941121704619945e+04
1.113666993610110330e+04
1.115396584480426100e+04
1.117139119152476269e+04
1.118880165207773098e+04
1.120607790044874855e+04
1.122335133495715490e+04
1.124075975673065113e+04
1.125818699293787540e+04
1.127548548997977923e+04
1.129274215445383379e+04
1.131012899222389933e+04
1.132756711087692383e+04
1.134489111430225421e+04
1.136213854478709982e+04
1.137950029527001971e+04
1.139694274308883541e+04
1.141429367204744631e+04
1.143153970180653778e+04
1.144887455079219581e+04
1.146631508769641732e+04
1.148369211327486482e+04
1.150094433498030048e+04
1.151825266323632241e+04
1.153568504361939267e+04
1.155308536148668827e+04
1.157035123839210064e+04
1.158763577125398660e+04
1.160505370012115600e+04
1.162247295621603553e+04
1.163975913569684781e+04
1.165702426990649838e+04
1.167442248335438853e+04
1.169185545083289253e+04
1.170916635138804304e+04
1.172641780225890034e+04
1.174379250958535340e+04
1.176123353794624200e+04
1.177857096277602614e+04
1.179581612571589721e+04
1.181316500442104552e+04
1.183060759477686224e+04
1.184797138010612616e+04
1.186521896354466298e+04
1.188254126810154958e+04
1.189997851419683684e+04
1.191736693431065214e+04
1.193462525722797000e+04
1.195192188926136623e+04
1.196934770270093031e+04
1.198675757668158622e+04
1.200403317154247998e+04
1.202130719478301035e+04
1.203871626257609023e+04
1.205614307703448321e+04
1.207344075243653788e+04
1.209069787647030898e+04
1.210808546097765975e+04
1.212552331512280944e+04
1.214284646621089996e+04
1.216009413470095024e+04
1.217745668120920345e+04
1.219489907126179605e+04
1.221224918799991792e+04
1.222949513309092072e+04
1.224683081017357654e+04
1.226427153279634695e+04
1.228164779255924441e+04
1.229889963502151295e+04
1.231620879386571323e+04
1.233364154152292758e+04
1.235104117210957884e+04
1.236830649102230745e+04
1.238559177555286806e+04
1.240301021392901021e+04
1.242042891022445838e+04
1.243771441837118255e+04
1.245498008896058673e+04
1.247237897358090413e+04
1.248981159144594130e+04
1.250712170577454526e+04
1.252437342035488109e+04
1.254174893618851274e+04
1.255918983500693139e+04
1.257652638918140474e+04
1.259377158856529240e+04
1.261112134724069620e+04
1.262856397967887642e+04
1.264592691245828246e+04
1.266317434142694401e+04
1.268049748815373096e+04
1.269793497242417652e+04
1.271532264015989858e+04
1.273258056142436544e+04
1.274987791898899377e+04
1.276730419846156110e+04
1.278471348686344209e+04
1.280198842357859758e+04
1.281926305227184639e+04
1.283667275855076514e+04
1.285409914382025454e+04
1.287139600231502482e+04
1.288865359895025176e+04
1.290604192193524068e+04
1.292347949929827882e+04
1.294080180718275369e+04
1.295804971595213647e+04
1.297541305792957792e+04
1.299285538045026624e+04
1.301020467959522102e+04
1.302745054178149076e+04
1.304478704866135195e+04
1.306222795078540730e+04
1.307960344406195327e+04
1.309685490535773533e+04
1.311416490785841961e+04
1.313159801362259714e+04
1.314899694682441441e+04
1.316626171693264223e+04
1.318354776178653992e+04
1.320096671085976595e+04
1.321838484125674222e+04
1.323566968817795714e+04
1.325293589521897229e+04
1.327033545084984689e+04
1.328776771325887785e+04
1.330507703642812521e+04
1.332232901622783902e+04
1.333970534489057900e+04
1.335714610669589274e+04
1.337448178599109087e+04
1.339172704088800674e+04
1.340907767644827436e+04
1.342652034723357428e+04
1.344388242050536428e+04
1.346112970826853052e+04
1.347845369713477885e+04
1.349589141896238652e+04
1.351327833872633710e+04
1.353053586684774928e+04
1.354783395323959121e+04
1.356526069229278073e+04
1.358266939191752863e+04
1.359994366630766126e+04
1.361721890841160348e+04
1.363462925122379056e+04
1.365205519923885004e+04
1.366935124817882934e+04
1.368660933462565481e+04
1.370399838667359290e+04
1.372143568097039679e+04
1.373875715521287384e+04
1.375600531313828469e+04
1.377336944694544945e+04
1.379081170450124046e+04
1.380816019249516467e+04
1.382540597236521717e+04
1.384274331479670218e+04
1.386018438959398372e+04
1.387755910828599553e+04
1.389481020703059403e+04
1.391212105680183231e+04
1.392955450775837380e+04
1.394695273863510010e+04
1.396421698052999454e+04
1.398150378078319409e+04
1.399892322831513957e+04
1.401634079734691113e+04
1.403362499023567943e+04
1.405089172629556015e+04
1.406829195196659930e+04
1.408572386048482622e+04
1.410303239173342081e+04
1.412028464489382895e+04
1.413766178383388433e+04
1.415510240262746265e+04
1.417243720460499389e+04
1.418968252978891906e+04
1.420703403543140848e+04
1.422447673677957027e+04
1.424183795297457073e+04
1.425908511535277285e+04
1.427640993054640785e+04
1.429384788539494002e+04
1.431123406362401511e+04
1.432849119196100219e+04
1.434579000714829090e+04
1.436321720684226966e+04
1.438062530907504515e+04
1.439789892127918574e+04
1.441517479158907372e+04
1.443258575892559929e+04
1.445001126004525395e+04
1.446730650530387356e+04
1.448456509118414397e+04
1.450195486463834823e+04
1.451939186698609046e+04
1.453671251597962691e+04
1.455396091959455589e+04
1.457132583889942725e+04
1.458876802630028396e+04
1.460611570333531927e+04
1.462336139986738999e+04
1.464069958166448123e+04
1.465814082026931646e+04
1.467551475546346410e+04
1.469276549786889336e+04
1.471007720102040184e+04
1.472751098888967135e+04
1.474490850861534273e+04
1.476217223247727452e+04
1.477945978671691773e+04
1.479687972687837100e+04
1.481429672384198784e+04
1.483158026224092828e+04
1.484884753328788429e+04
1.486624843007483651e+04
1.488367997903553623e+04
1.490098771145681894e+04
1.491824025229681138e+04
1.493561820160576281e+04
1.495305866625229100e+04
1.497039258732456074e+04
1.498763800175609867e+04
1.500499037540141217e+04
1.502243309631064403e+04
1.503979345627323164e+04
1.505704050129343887e+04
1.507436615003551742e+04
1.509180433066012483e+04
1.510918976374285921e+04
1.512644649576486518e+04
1.514374604479887603e+04
1.516117370428540562e+04
1.517858120905407850e+04
1.519585416138952132e+04
1.521313067373994272e+04
1.523054225626748666e+04
1.524796729783700539e+04
1.526526174468524550e+04
1.528252083532302458e+04
1.529991132160584675e+04
1.531734802168429815e+04
1.533466784860695952e+04
1.535191650240623676e+04
1.536928221466241666e+04
1.538672433364765675e+04
1.540407120093655249e+04
1.542131681534586642e+04
1.543865584292869244e+04
1.545609724122508487e+04
1.547347038793568026e+04
1.549072078542934469e+04
1.550803335081942350e+04
1.552546746604667715e+04
1.554286426623556326e+04
1.556012749018707837e+04
1.557741579874396120e+04
1.559483623216209526e+04
1.561225265472604951e+04
1.562953554774348231e+04
1.564680334922705879e+04
1.566420491792124085e+04
1.568163610668723777e+04
1.569894303853792371e+04
1.571619587213418708e+04
1.573357463251588342e+04
1.575101493495898467e+04
1.576834796488679422e+04
1.578559348342582962e+04
1.580294672163863106e+04
1.582038945415608396e+04
1.583774896095800796e+04
1.585499589393844872e+04
1.587232236775646197e+04
1.588976077620289652e+04
1.590714546766065178e+04
1.592440180032596072e+04
1.594170208648619518e+04
1.595913019865191927e+04
1.597653710412491455e+04
1.599380939379304982e+04
1.601108656032884755e+04
1.602849875368367611e+04
1.604592332899147186e+04
1.606321699094623000e+04
1.608047659422385550e+04
1.609786779162469793e+04
1.611530418791763805e+04
1.613262320434304638e+04
1.614987210588199741e+04
1.616723860437373514e+04
1.618468064857731952e+04
1.620202669938301369e+04
1.621927223377157861e+04
1.623661211407186420e+04
1.625405366126445006e+04
1.627142601088783704e+04
1.628867607927916470e+04
1.630598950927362239e+04
1.632342394289013282e+04
1.634082001769073759e+04
1.635808275261531890e+04
1.637537181699034409e+04
1.639279273651679250e+04
1.641020858403276361e+04
1.642749083632319162e+04
1.644475917088228016e+04
1.646216141243785023e+04
1.647959223746147836e+04
1.649689836167698377e+04
1.651415149962059513e+04
1.653153106783265321e+04
1.654897120718571750e+04
1.656630335259980347e+04
1.658354899453908729e+04
1.660090308839987847e+04
1.661834582334129300e+04
1.663570447982454789e+04
1.665295130752623299e+04
1.667027859793019161e+04
1.668771722523852804e+04
1.670510117257735692e+04
1.672235710617257791e+04
1.673965813600991896e+04
1.675708669536367233e+04
1.677449299164850163e+04
1.679176462732733125e+04
1.680904246048730420e+04
1.682645525317610372e+04
1.684387935194061356e+04
1.686117223573391675e+04
1.687843236740246721e+04
1.689582426680025674e+04
1.691326034773039282e+04
1.693057855597480011e+04
1.694782771125491490e+04
1.696519499847979750e+04
1.698263696050809085e+04
1.699998219192890247e+04
1.701722765151229396e+04
1.703456838825506202e+04
1.705201007792367454e+04
1.706938162394273968e+04
1.708663137559169263e+04
1.710394567409675437e+04
1.712138041628078645e+04
1.713877575949572201e+04
1.715603802290121530e+04
1.717332783782472688e+04
1.719074924382548124e+04
1.720816451362585212e+04
1.722544612363373744e+04
1.724271498547382726e+04
1.726011789933429827e+04
1.727754835650317182e+04
1.729485367090767249e+04
1.731210712750176754e+04
1.732948750277263025e+04
1.734692746281620930e+04
