0.000000000000000000e+00
1.739694361368293585e+01
3.469536315507454560e+01
5.198126201814014280e+01
6.936390667635575369e+01
8.677250744830814710e+01
1.040904512718867068e+02
1.213690950500606647e+02
1.387342961687662068e+02
1.561491048928677969e+02
1.734829108166041749e+02
1.907561856154968041e+02
2.081048973335110475e+02
2.255211743889382205e+02
2.428744569651370284e+02
2.601483937310287615e+02
2.774749793494082155e+02
2.948879783801932604e+02
3.122609434320237369e+02
3.295417481316125077e+02
3.468546106328853966e+02
3.642602998639325165e+02
3.816471306610839633e+02
3.989380399100520549e+02
4.162317133111112071e+02
4.336245091093007318e+02
4.510273687497887067e+02
4.683327364350701600e+02
4.856169733672752500e+02
5.029935649793665675e+02
5.204039207475235571e+02
5.377271565524455355e+02
5.550026194400937811e+02
5.723636190502053296e+02
5.897800331482185356e+02
6.071195231261117442e+02
6.243930370650352870e+02
6.417318498495593531e+02
6.591474995592358255e+02
6.765098427005955273e+02
6.937860277708746253e+02
7.111097560066663164e+02
7.285215174215488787e+02
7.458969416674600552e+02
7.631804412073554431e+02
7.804843217496419356e+02
7.978857118602643368e+02
8.152809628987936321e+02
8.325760104740701308e+02
8.498668932275880934e+02
8.672540501006308205e+02
8.846585070471370500e+02
9.019714845438707016e+02
9.192520157971988510e+02
9.366242578782016608e+02
9.540385882481771205e+02
9.713655102113535804e+02
9.886391316295321303e+02
1.005990711834961076e+03
1.023406604161398377e+03
1.040757139453762875e+03
1.058031595639780107e+03
1.075365993670141734e+03
1.092781380881501718e+03
1.110145621640673426e+03
1.127423711761983441e+03
1.144739540356320049e+03
1.162147610734943100e+03
1.179532583066234110e+03
1.196819890609960339e+03
1.214118628921209847e+03
1.231514925660630070e+03
1.248912997395360435e+03
1.266215175487100623e+03
1.283502909841038672e+03
1.300886110996436400e+03
1.318294911833570950e+03
1.335611039364202497e+03
1.352887098407450821e+03
1.370251000284355086e+03
1.387666164924417899e+03
1.405003522297477502e+03
1.422278050052201252e+03
1.439624332363840949e+03
1.457040636637567786e+03
1.474394702094111381e+03
1.491668654302420236e+03
1.508996703761940807e+03
1.526409988039597465e+03
1.543782317486306056e+03
1.561063233711882958e+03
1.578371879722541507e+03
1.595775091216567034e+03
1.613165303711694833e+03
1.630457726800895443e+03
1.647753724728441284e+03
1.665147188080301021e+03
1.682547889459531234e+03
1.699854207731661973e+03
1.717135385250287982e+03
1.734510558958606680e+03
1.751923457813588129e+03
1.769247793733324670e+03
1.786524125162295149e+03
1.803882883520768701e+03
1.821297484069563325e+03
1.838640431379196343e+03
1.855913517237790074e+03
1.873253918626129234e+03
1.890670863291240494e+03
1.908030813384510338e+03
1.925306838585303240e+03
1.942626458303092477e+03
1.960035241107188540e+03
1.977416279650816250e+03
1.994701314973203353e+03
2.012006311989769529e+03
2.029408803337158133e+03
2.046800274742639431e+03
2.064096339639193502e+03
2.081385780541083477e+03
2.098771613432720187e+03
2.116179680641872892e+03
2.133492047201332298e+03
2.150771423192823477e+03
2.168141899376734727e+03
2.185554250380816484e+03
2.202885940397074137e+03
2.220160782831234883e+03
2.237513484905981386e+03
2.254930856177852547e+03
2.272278309787904618e+03
2.289550450858186196e+03
2.306882328937434977e+03
2.324295892269221440e+03
2.341665349266377689e+03
2.358945189157487221e+03
2.376261051245808630e+03
2.393669080655873131e+03
2.411051901908080708e+03
2.428339558985734129e+03
2.445638082801542623e+03
2.463034682885309394e+03
2.480434600044801300e+03
2.497736505568180291e+03
2.515021451539835653e+03
2.532401877384941599e+03
2.549810934434110095e+03
2.567130189364345370e+03
2.584408359976449447e+03
2.601773862158460361e+03
2.619189122370452424e+03
2.636524660293628585e+03
2.653796692109964624e+03
2.671140169454341049e+03
2.688556978356755280e+03
2.705914298379344473e+03
2.723189980313625711e+03
2.740517488377978225e+03
2.757929394030063122e+03
2.775302886122490236e+03
2.792583199794843495e+03
2.809891839732258632e+03
2.827297021784791468e+03
2.844686994401825814e+03
2.861979537755180445e+03
2.879272734938966096e+03
2.896661619447397698e+03
2.914065603568351435e+03
2.931373439542406231e+03
2.948656160902836746e+03
2.966034068471336468e+03
2.983444625069646918e+03
3.000768248182313982e+03
3.018042867654771726e+03
3.035398191294059870e+03
3.052815531896870198e+03
3.070160039793844589e+03
3.087433646790032981e+03
3.104773338848110598e+03
3.122187461749473187e+03
3.139549703575786225e+03
3.156826493966494127e+03
3.174146369260518441e+03
3.191558368589277052e+03
3.208937521994332201e+03
3.226221687830035080e+03
3.243524921912427089e+03
3.260922093859049710e+03
3.278318497160663355e+03
3.295617374427253708e+03
3.312907101974221405e+03
3.330294801081434343e+03
3.347699768618212147e+03
3.365011820052237454e+03
3.382290425903227970e+03
3.399658435998680034e+03
3.417073368894846681e+03
3.434405482537218631e+03
3.451678901915833649e+03
3.469030114047830466e+03
3.486445807874166348e+03
3.503795813021866707e+03
3.521070482632170751e+03
3.538402861942510299e+03
3.555818059915613503e+03
3.573185841842182526e+03
3.590463350232308130e+03
3.607776488445007089e+03
3.625182502966004449e+03
3.642569050303457516e+03
3.659859318443452139e+03
3.677158243583324747e+03
3.694553779082069013e+03
3.711952201319490541e+03
3.729253399165440896e+03
3.746538518496502547e+03
3.763919312267609257e+03
3.781329196620346011e+03
3.798649088637454042e+03
3.815925655139982155e+03
3.833287380089710496e+03
3.850703199931992458e+03
3.868040652403603417e+03
3.885314603432184413e+03
3.902660791682651961e+03
3.920076579936045164e+03
3.937432197136622563e+03
3.954706260359436783e+03
3.972029855188056445e+03
3.989442695035572797e+03
4.006818562120010029e+03
4.024101582335468265e+03
4.041411783052846658e+03
4.058814591110959100e+03
4.076204595522233831e+03
4.093497260542735603e+03
4.110789376532693495e+03
4.128181139597118090e+03
4.145584615799046333e+03
4.162892177213387185e+03
4.180174122155929581e+03
4.197546169202700185e+03
4.214959149683802025e+03
4.232285693973698471e+03
4.249560610958320467e+03
4.266919879142234095e+03
4.284335494807246505e+03
4.301678466597875740e+03
4.318951511966350154e+03
4.336286593674023607e+03
4.353702839518745350e+03
4.371067297312526534e+03
4.388344289951761311e+03
4.405665132837626516e+03
4.423073890521885005e+03
4.440453948581235636e+03
4.457739771337630373e+03
4.475041340823967403e+03
4.492442188247327977e+03
4.509838106026763853e+03
4.527134912648140016e+03
4.544423590547901767e+03
4.561806518115358813e+03
4.579213829579404774e+03
4.596530000978998032e+03
4.613809499022172531e+03
4.631179688504308615e+03
4.648593988589094806e+03
4.665924130902227262e+03
4.683197634140180526e+03
4.700546242823187640e+03
4.717962657636581753e+03
4.735315617301954262e+03
4.752589572393408162e+03
4.769920753285997307e+03
4.787334266503768959e+03
4.804702508678377853e+03
4.821982772545330590e+03
4.839296291884800667e+03
4.856703524955051762e+03
4.874090025632563083e+03
4.891378137407803479e+03
4.908674266138773419e+03
4.926067969924157296e+03
4.943468319944701761e+03
4.960773844966923207e+03
4.978059759234522062e+03
4.995439824961827071e+03
5.012849596923547324e+03
5.030168075516723547e+03
5.047444042241473653e+03
5.064806178243619797e+03
5.082221571179902639e+03
5.099561572706852530e+03
5.116835188063640089e+03
5.134177366893241924e+03
5.151594048358821965e+03
5.168951244068321103e+03
5.186226928730393411e+03
5.203553107688526325e+03
5.220964930731910499e+03
5.238339727619943005e+03
5.255621080163367878e+03
5.272926329948317289e+03
5.290328655329098183e+03
5.307720839936955599e+03
5.325015732885125544e+03
5.342310040211412343e+03
5.359699793715156375e+03
5.377102497814329581e+03
5.394410979885981760e+03
5.411691401798196239e+03
5.429065565877799600e+03
5.446478628911668238e+03
5.463805090370937251e+03
5.481080651159762965e+03
5.498434395796755780e+03
5.515850787603423669e+03
5.533197143274476730e+03
5.550470517986601408e+03
5.567809205034852312e+03
5.585224694203635408e+03
5.602586834604322576e+03
5.619864014467988454e+03
5.637180080076307604e+03
5.654588986258862860e+03
5.671972470918528415e+03
5.689258411323686232e+03
5.706561376001332974e+03
5.723960260052001104e+03
5.741354782303511456e+03
5.758653850243494162e+03
5.775941114692877818e+03
5.793326388554080040e+03
5.810735268581023774e+03
5.828048909634233496e+03
5.845327032157016220e+03
5.862693386042641578e+03
5.880107072751237865e+03
5.897442639463005435e+03
5.914716726552243017e+03
5.932066945913587915e+03
5.949484260770750552e+03
5.966833372565966783e+03
5.984106920739744965e+03
6.001435805326106674e+03
6.018848897703261173e+03
6.036221595204156984e+03
6.053501526122572614e+03
6.070814082006692843e+03
6.088220361182155102e+03
6.105605825810460374e+03
6.122896690177819437e+03
6.140193119737328743e+03
6.157587661103935716e+03
6.174989062172484410e+03
6.192292165875078354e+03
6.209575332263335440e+03
6.226953295766305018e+03
6.244363698371395003e+03
6.261686851209110500e+03
6.278964094992841638e+03
6.296326134245351568e+03
6.313742004218856891e+03
6.331080262718569429e+03
6.348352585652120979e+03
6.365694309174979935e+03
6.383110300471390474e+03
6.400470344402569026e+03
6.417746312178642256e+03
6.435069286433826164e+03
6.452480257652835462e+03
6.469856401769660806e+03
6.487139372811632711e+03
6.504446686792285618e+03
6.521850066949373286e+03
6.539241737787953753e+03
6.556536030069881235e+03
6.573826198027338251e+03
6.591213709697512968e+03
6.608619591589565061e+03
6.625930339758648188e+03
6.643212671041914291e+03
6.660586621638452016e+03
6.677998150112505755e+03
6.695325362154484537e+03
6.712598979342638813e+03
6.729953146887053663e+03
6.747370573899486772e+03
6.764717164892188521e+03
6.781990886452944324e+03
6.799325944829628497e+03
6.816739810727595795e+03
6.834105915015951723e+03
6.851383885356333849e+03
6.868702288417590353e+03
6.886112705550245664e+03
6.903493016462225569e+03
6.920778938585614014e+03
6.938078674626810425e+03
6.955474650048208787e+03
6.972873920767183336e+03
6.990174058304349273e+03
7.007462242715906541e+03
7.024846988535795390e+03
7.042252996692919623e+03
7.059569254852418453e+03
7.076847025724557170e+03
7.094213152789287051e+03
7.111629265492482773e+03
7.128962531371978002e+03
7.146235747006159727e+03
7.163583102280899766e+03
7.180998270006905841e+03
7.198353211905501666e+03
7.215628113449810371e+03
7.232958243166131069e+03
7.250372958742937954e+03
7.267742023624521607e+03
7.285021325251163944e+03
7.302331801728388200e+03
7.319736161396825992e+03
7.337125922474730032e+03
7.354417453472986381e+03
7.371713163520994385e+03
7.389106934040346459e+03
7.406506828960702478e+03
7.423811825476206650e+03
7.441095883315052561e+03
7.458474309984043430e+03
7.475886173090720149e+03
7.493207613754632803e+03
7.510482272253947485e+03
7.527841015788072582e+03
7.545256918535380464e+03
7.562598944623779971e+03
7.579873075966454053e+03
7.597215908855201633e+03
7.614632057807770252e+03
7.631990094249126741e+03
7.649264598453455619e+03
7.666586050830745080e+03
7.683997418756591287e+03
7.701376013850245727e+03
7.718660344118105968e+03
7.735965793013327129e+03
7.753366402330875644e+03
7.770759023818027345e+03
7.788054301147308252e+03
7.805345771976110882e+03
7.822735486689343816e+03
7.840140157233729042e+03
7.857450505884583436e+03
7.874729697327539725e+03
7.892099430554262653e+03
7.909513600286412839e+03
7.926842931793000389e+03
7.944118237926770234e+03
7.961473869015562741e+03
7.978889200027680999e+03
7.996236140134210473e+03
8.013509188680263833e+03
8.030842587693227870e+03
8.048258678815163876e+03
8.065624957888136123e+03
8.082903148719737146e+03
8.100220108440948025e+03
8.117626195177999762e+03
8.135010333402742617e+03
8.152297644195981775e+03
8.169597583476930595e+03
8.186997149892513335e+03
8.204393385405277513e+03
8.221692906632290033e+03
8.238979240345435755e+03
8.256359516051892570e+03
8.273769984687674878e+03
8.291088119804397138e+03
8.308366043156132946e+03
8.325733167177953874e+03
8.343146777799516713e+03
8.360481614414851720e+03
8.377754927927751851e+03
8.395101134341279248e+03
8.412518526803522036e+03
8.429872959034000814e+03
8.447146806095315696e+03
8.464474554467300550e+03
8.481886130697424960e+03
8.499259430208034246e+03
8.516541292390094895e+03
8.533852194571809378e+03
8.551258254635731646e+03
8.568645339082795545e+03
8.585935100572158262e+03
8.603229584068843906e+03
8.620620737509134415e+03
8.638023702446605967e+03
8.655331133546638739e+03
8.672614376795721910e+03
8.689991663305168913e+03
8.707402408611747887e+03
8.724724516992304416e+03
8.742000557870887860e+03
8.759360530252237368e+03
8.776776597522690281e+03
8.794118388063572638e+03
8.811390673022899136e+03
8.828729809711830967e+03
8.846145727934030219e+03
8.863506888576937854e+03
8.880784383584468742e+03
8.898107484870835833e+03
8.915518185793076555e+03
8.932895473211936405e+03
8.950177738075219168e+03
8.967480791283494909e+03
8.984882272293774804e+03
9.002276703243880547e+03
9.019573569145670263e+03
9.036864910316176974e+03
9.054250994212123260e+03
9.071656880896867733e+03
9.088968484870289103e+03
9.106248541104210744e+03
9.123621271842828719e+03
9.141034461046223441e+03
9.158363351900248745e+03
9.175637358695719740e+03
9.192987186144810039e+03
9.210405001823277416e+03
9.227754351614392363e+03
9.245028613078931812e+03
9.262364526089699211e+03
9.279778538492229927e+03
9.297144366294873180e+03
9.314422254297805921e+03
9.331735711905512289e+03
9.349144448834049399e+03
9.366529556660676462e+03
9.383817194197947174e+03
9.401117470330358628e+03
9.418512581761362526e+03
9.435910730368776058e+03
9.453212790772537119e+03
9.470498814664180827e+03
9.487882904880287242e+03
9.505291939368051317e+03
9.522608165456302231e+03
9.539885372771959737e+03
9.557247496895190125e+03
9.574663466769687147e+03
9.592001629686012166e+03
9.609275172235193168e+03
9.626622333557137608e+03
9.644038377057948310e+03
9.661391385774935770e+03
9.678666755186517548e+03
9.695992719125742951e+03
9.713405776466384850e+03
9.730780345661167303e+03
9.748060876473457029e+03
9.765370335947769490e+03
9.782773493463711930e+03
9.800162714765814599e+03
9.817456608809778118e+03
9.834751329836122750e+03
9.852144120957154882e+03
9.869546666660111441e+03
9.886851372124772752e+03
9.904133212454880777e+03
9.921507652341162611e+03
9.938919337915114738e+03
9.956245539786734298e+03
9.973521196691592195e+03
9.990879522798615653e+03
1.000829618895825115e+04
1.002563740167328615e+04
1.004291061492958397e+04
1.006025031411855707e+04
1.007766596320634562e+04
1.009502831687034268e+04
1.011230447179961084e+04
1.012962350051289468e+04
1.014703336508825669e+04
1.016441278478031199e+04
1.018169839300650892e+04
1.019900389879189970e+04
1.021640479266453622e+04
1.023379847045699898e+04
1.025109415483477642e+04
1.026838235296225685e+04
1.028576876442555294e+04
1.030317559755271577e+04
1.032048936140522346e+04
1.033777005993194325e+04
1.035513903050728186e+04
1.037255267260952314e+04
1.038988303811458172e+04
1.040715670655523536e+04
1.042450962480816997e+04
1.044192623561304026e+04
1.045927493148715803e+04
1.047654856635984652e+04
1.049387938083649897e+04
1.051129330873241088e+04
1.052866270811645700e+04
1.054594166466610295e+04
1.056325821197285404e+04
1.058066586967991316e+04
1.059804889328832724e+04
1.061533695850968070e+04
1.063263387557466194e+04
1.065002975648336360e+04
1.066743023062417342e+04
1.068473219022615012e+04
1.070201887872076259e+04
1.071939938859501126e+04
1.073680762882727140e+04
1.075412748577599632e+04
1.077140452064061355e+04
1.078876937568027279e+04
1.080618562061605553e+04
1.082352088551653105e+04
1.084079396837924287e+04
1.085813702708335768e+04
1.087555301920567217e+04
1.089291150710439979e+04
1.091018673626939199e+04
1.092751438237399816e+04
1.094492755034826769e+04
1.096229932504110366e+04
1.097958084443982807e+04
1.099688825080175593e+04
1.101429168589594701e+04
1.103168379971654031e+04
1.104897604446069090e+04
1.106626952244534186e+04
1.108365992655538867e+04
1.110106183202222564e+04
1.111837091124093058e+04
1.113565357321434021e+04
1.115302958315709657e+04
1.117044271919469975e+04
1.118776607643249008e+04
1.120504016789833622e+04
1.122239577465166258e+04
1.123981149550813825e+04
1.125715792762255114e+04
1.127443198612101151e+04
1.129177053257043372e+04
1.130918687314917770e+04
1.132654762681972170e+04
1.134382383784593185e+04
1.136114354012523836e+04
1.137855345197701354e+04
1.139593455554388493e+04
1.141321946854173439e+04
1.143052104965661601e+04
1.144791984657350986e+04
1.146531539222691208e+04
1.148261410535246796e+04
1.149990439320309088e+04
1.151729118077173553e+04
1.153469748553587488e+04
1.155201014591921194e+04
1.156928750829564524e+04
1.158665524060025928e+04
1.160407003366132267e+04
1.162140311834924796e+04
1.163867791259583282e+04
1.165602837790573540e+04
1.167344419492399720e+04
1.169079467069103339e+04
1.170806803986860177e+04
1.172540015041402148e+04
1.174281514641854301e+04
1.176018336529421140e+04
1.177746267962465754e+04
1.179477482121440698e+04
1.181217971253060387e+04
1.182956722259438357e+04
1.184685674495558669e+04
1.186415565017933113e+04
1.188155276086171762e+04
1.189895029168364636e+04
1.191625307785583209e+04
1.193353686258752714e+04
1.195091532988847030e+04
1.196832693844223832e+04
1.198564677796940123e+04
1.200292425579974224e+04
1.202028719049732535e+04
1.203770109453109399e+04
1.205504036383793209e+04
1.207231376502768762e+04
1.208965799808951124e+04
1.210707562140240043e+04
1.212443161182074982e+04
1.214170623826654992e+04
1.215903034222676069e+04
1.217644068832849371e+04
1.219381821908165148e+04
1.221110092890179294e+04
1.222840934049018324e+04
1.224581399848986257e+04
1.226320292891974532e+04
1.228049574662227678e+04
1.229778785300350137e+04
1.231517715203560147e+04
1.233258282026482630e+04
1.234989168315871939e+04
1.236717274852589617e+04
1.238454647364886841e+04
1.240195792748935310e+04
1.241928492788516087e+04
1.243656073001080040e+04
1.245391770487422764e+04
1.247133491188521293e+04
1.248867835364173879e+04
1.250595035538502452e+04
1.252328606529141325e+04
1.254070085549429496e+04
1.255806653887640277e+04
1.257534482437177576e+04
1.259266463529778775e+04
1.261007437591217240e+04
1.262745423002355346e+04
1.264473890481765920e+04
1.266204063511358618e+04
1.267943978114155470e+04
1.269683649427933960e+04
1.271413527486556632e+04
1.273142282074337527e+04
1.274880629975835836e+04
1.276621392118359836e+04
1.278352935296002033e+04
1.280080862423253166e+04
1.281817805802015937e+04
1.283559195043923319e+04
1.285292374514301446e+04
1.287019628458988882e+04
1.288754363742267196e+04
1.290496103004084944e+04
1.292231384414217973e+04
1.293958862856022097e+04
1.295692047644088962e+04
1.297433334968602685e+04
1.299170300580548610e+04
1.300898188637231942e+04
1.302629378403764531e+04
1.304370155212541795e+04
1.306108787426813979e+04
1.307837756128136425e+04
1.309567435428452882e+04
1.311306631303815266e+04
1.313046797648255233e+04
1.314777263077138559e+04
1.316505739033236750e+04
1.318243870267130842e+04
1.319984764088851080e+04
1.321716747152529933e+04
1.323444309866660478e+04
1.325180258216703078e+04
1.326921920587549903e+04
1.328655965035559529e+04
1.330383288372982133e+04
1.332117683593182483e+04
1.333859139232583402e+04
1.335594945137859941e+04
1.337322529781694175e+04
1.339054913495986693e+04
1.340796225700734612e+04
1.342533780394677888e+04
1.344261961580313800e+04
1.345992591987315973e+04
1.347732634308945126e+04
1.349471979190902130e+04
1.351201547462585950e+04
1.352930818312659540e+04
1.354669910165094188e+04
1.356410239152345093e+04
1.358141096188037045e+04
1.359869206381812910e+04
1.361606384278344194e+04
1.363347723074136229e+04
1.365080529601256785e+04
1.366807964276914572e+04
1.368543449718872398e+04
1.370285053803960909e+04
1.372019626332050939e+04
1.373747058190651660e+04
1.375480764431326315e+04
1.377222324618007588e+04
1.378958712701948025e+04
1.380686341752864246e+04
1.382417975104418474e+04
1.384158810242129584e+04
1.385897104291279902e+04
1.387625872335598797e+04
1.389356139302831070e+04
1.391095997476922457e+04
1.392835573880469929e+04
1.394565385553989472e+04
1.396294075870243978e+04
1.398032498128208317e+04
1.399773295828941264e+04
1.401504885649246717e+04
1.403232719547820307e+04
1.404969260900521112e+04
1.406710798167199755e+04
1.408444169485879502e+04
1.410171612647633447e+04
1.411906685029334039e+04
1.413648261956019269e+04
1.415383415984099520e+04
1.417110789552832284e+04
1.418843491911235105e+04
1.420584906751074959e+04
1.422322111241912717e+04
1.424050208150956314e+04
1.425781572673875780e+04
1.427522018253628994e+04
1.429260716484274963e+04
1.430989733091417656e+04
1.432719241943327870e+04
1.434458739052567034e+04
1.436198867860426617e+04
1.437929262618086432e+04
1.439657667971518822e+04
1.441395242540739309e+04
1.443136390034952638e+04
1.444868721609169916e+04
1.446596308368520477e+04
1.448332582524043755e+04
1.450074147282927152e+04
1.451807997916935165e+04
1.453535321443322027e+04
1.455269254397809163e+04
1.457010886822395332e+04
1.458746993569874394e+04
1.460474579978093243e+04
1.462207000719559437e+04
1.463948067215965420e+04
1.465685673457680605e+04
1.467414090787411988e+04
1.469144590572269226e+04
1.470884870437941572e+04
1.472624183985493073e+04
1.474353551830520701e+04
1.476082668917619230e+04
1.477821320844709044e+04
1.479561820477306173e+04
1.481293092871110275e+04
1.483021202939761861e+04
1.484758579845836357e+04
1.486499895524807653e+04
1.488232511393294772e+04
1.489959915683219879e+04
1.491695194549609005e+04
1.493436808447988005e+04
1.495171730244411629e+04
1.496899094411650003e+04
1.498632576256728498e+04
1.500374061131161579e+04
1.502110526566849694e+04
1.503838382345412901e+04
1.505570120154711913e+04
1.507310968741053330e+04
1.509049259862972758e+04
1.510777829886946347e+04
1.512507718644521083e+04
1.514247403991276587e+04
1.515987169056772109e+04
1.517717356087937878e+04
1.519446201057823782e+04
1.521184513424497709e+04
1.522925331230208212e+04
1.524656841286645977e+04
1.526384551554107384e+04
1.528121129790415944e+04
1.529862599312581006e+04
1.531596140937042219e+04
1.533323546444231761e+04
1.535058119986218298e+04
1.536799768809042689e+04
1.538535109249921516e+04
1.540262569260102464e+04
1.541995617901990045e+04
1.543736952849671070e+04
1.545474062967443388e+04
1.547202072848625176e+04
1.548932952894123810e+04
1.550673399022541707e+04
1.552412357773444819e+04
1.554141512894259540e+04
1.555871199623827852e+04
1.557610488089997307e+04
1.559350505393895037e+04
1.561081065734760341e+04
1.562809297616688855e+04
1.564547105020078561e+04
1.566288324175255730e+04
1.568020526245966175e+04
1.569748198238342593e+04
1.571484001681929294e+04
1.573225543659544928e+04
1.574959852935145500e+04
1.576687194532213107e+04
1.578421424057129116e+04
1.580163082915404448e+04
1.581898877339746105e+04
1.583626473857392011e+04
1.585358482395216924e+04
1.587099495090448545e+04
1.588837514828917483e+04
1.590565878267861262e+04
1.592296480651735328e+04
1.594036653589670823e+04
1.595775785865901162e+04
1.597505446770344861e+04
1.599234452571097427e+04
1.600973239947821639e+04
1.602713953390864117e+04
1.604444928464587611e+04
1.606172884556005010e+04
1.607909912600940879e+04
1.609651186716190932e+04
1.611384335346724038e+04
1.613111810781005079e+04
1.614847240416154818e+04
1.616589004549640595e+04
1.618323570151434797e+04
1.620050842922145603e+04
1.621784142739584058e+04
1.623525567901821705e+04
1.625262482593629466e+04
1.626990358999279488e+04
1.628721929989329146e+04
1.630462753774820885e+04
1.632200946763413413e+04
1.633929709877680943e+04
1.635659713975410705e+04
1.637399456991764055e+04
1.639139326378802070e+04
1.640869338103272457e+04
1.642597866733754199e+04
1.644335943748304635e+04
1.646076819576148046e+04
1.647808719729258155e+04
1.649536608757762588e+04
1.651273179499414255e+04
1.653014666956894871e+04
1.654748112547760684e+04
1.656475358376499207e+04
1.658209950186845890e+04
1.659951622550478351e+04
1.661687192269696970e+04
1.663414721035753610e+04
1.665147430796494882e+04
1.666888647892096196e+04
1.668625970326289826e+04
1.670354082049704448e+04
1.672085153225813701e+04
1.673825751433622645e+04
1.675564555348587237e+04
1.677293752027111623e+04
1.679023065705916815e+04
1.680762081379515439e+04
1.682502466485595869e+04
1.684233202432583857e+04
1.685961599016903347e+04
1.687699382687340403e+04
1.689440381710950169e+04
1.691172749200504768e+04
1.692900204583511004e+04
1.694636005215245677e+04
1.696377721946273959e+04
1.698111973686273268e+04
1.699839385737903285e+04
1.701573301090809400e+04
1.703314722768321735e+04
1.705051018725638642e+04
1.706778707918211512e+04
1.708510914435343875e+04
1.710252121471424471e+04
1.711989842494486220e+04
1.713718242888930399e+04
1.715448508406129986e+04
1.717188371526783158e+04
1.718928009128342819e+04
1.720657752235266162e+04
1.722386791159919449e+04
1.724125584879974122e+04
1.725865972108555798e+04
1.727597220424777333e+04
1.729325189679173855e+04
1.731062156895390945e+04
1.732803694589585939e+04
1.734536716365153552e+04
