0.000000000000000000e+00
1.767295429177671906e+01
3.529404083952603344e+01
5.284648170913366982e+01
7.049890498499823366e+01
8.822275473000809143e+01
1.059013340965528016e+02
1.231752348814559070e+02
1.403049064335662308e+02
1.574156973113100548e+02
1.744431011282301540e+02
1.914588229939824373e+02
2.087287431702531535e+02
2.263870433875509889e+02
2.434880286035560744e+02
2.604360420408634695e+02
2.778666833610720346e+02
2.957332256187738722e+02
3.135699989700623860e+02
3.307535602433517283e+02
3.477207966956262908e+02
3.651076907483727041e+02
3.825201619451840429e+02
4.001786882018081997e+02
4.179450515746206065e+02
4.351775264707762290e+02
4.522482787491307477e+02
4.696053570640098087e+02
4.865932627346104482e+02
5.038122389184043186e+02
5.209937703759931082e+02
5.381053871281607144e+02
5.550445219296217374e+02
5.722557202770208278e+02
5.900937888752429217e+02
6.074646429632487070e+02
6.248708754580968616e+02
6.424250424412730354e+02
6.599560371344750820e+02
6.771533654830921023e+02
6.941380947364383474e+02
7.111230662704283532e+02
7.282732418605587554e+02
7.454313379413022176e+02
7.624439866916602568e+02
7.797653688990262708e+02
7.973090533249088594e+02
8.144538594645282501e+02
8.316712638545222944e+02
8.490715196250739609e+02
8.662155983048810413e+02
8.833544160624257984e+02
9.006568402546533889e+02
9.183370123711634960e+02
9.359854120013212651e+02
9.537845376121269965e+02
9.715598315230381559e+02
9.890069381035823426e+02
1.006036833045026356e+03
1.023133239084458864e+03
1.040340085641821815e+03
1.057281143551995456e+03
1.074322632325762925e+03
1.091319669230784257e+03
1.108313672996313699e+03
1.125267932112553581e+03
1.142261919634966489e+03
1.159273377047857593e+03
1.176207054343944947e+03
1.193224562782347220e+03
1.210255282513181555e+03
1.227145463351379476e+03
1.244200182757740095e+03
1.261236091654879147e+03
1.278171081625241186e+03
1.295145552674768624e+03
1.312232278512307857e+03
1.329238141047532054e+03
1.346177549029111560e+03
1.363258606290868329e+03
1.380432047591572427e+03
1.397767066986174768e+03
1.414823149869530880e+03
1.432415933102501413e+03
1.449753767089019902e+03
1.467078438651915803e+03
1.484633455736715177e+03
1.502414706752708298e+03
1.520007080014989697e+03
1.537475640735833622e+03
1.554683722721620143e+03
1.571796042327601754e+03
1.588966235423835315e+03
1.606147366095273810e+03
1.623624350891430822e+03
1.640948401305356128e+03
1.658245534850271952e+03
1.675996751004046018e+03
1.693770903252246626e+03
1.711529574109350051e+03
1.729100989558975925e+03
1.746498073548511911e+03
1.763715736045270205e+03
1.780974001379177025e+03
1.798510023530818671e+03
1.815905879175656992e+03
1.833180344587749460e+03
1.850360392133875393e+03
1.867570536276500661e+03
1.884761487479151128e+03
1.901850886517066328e+03
1.918802654567864920e+03
1.935817387669195341e+03
1.952956692437684978e+03
1.970155814036744687e+03
1.987276830375505142e+03
2.005073169892186343e+03
2.022548495535998427e+03
2.039596708586709383e+03
2.056764695827541800e+03
2.074592471819289131e+03
2.092380010896488784e+03
2.110173491542905140e+03
2.128060526456466960e+03
2.145763848732438419e+03
2.163270402789316449e+03
2.180951714091496797e+03
2.198698160871831988e+03
2.216376375886418373e+03
2.233542072146256942e+03
2.251204652970411189e+03
2.268906427077196895e+03
2.286865355870743770e+03
2.304215050999352570e+03
2.321491001812645663e+03
2.338765627892506018e+03
2.356189084843222190e+03
2.373330101452472718e+03
2.390374321280700315e+03
2.407540019858999585e+03
2.425303969776809026e+03
2.442980548406159869e+03
2.460208424953412759e+03
2.477331494132615262e+03
2.495085211287715083e+03
2.512605324432647649e+03
2.530204771347007863e+03
2.547532814819702253e+03
2.564952108194072935e+03
2.582401962825262217e+03
2.599623048143174401e+03
2.616598096654653091e+03
2.633775823165786733e+03
2.651322119396619200e+03
2.669045044308069009e+03
2.686555493858966656e+03
2.703830880274188075e+03
2.721269993543635337e+03
2.738956359999438973e+03
2.756163091801770861e+03
2.773561249149522155e+03
2.791088634757858472e+03
2.808418534035497942e+03
2.825928880682144609e+03
2.843598691178596710e+03
2.860924461893347143e+03
2.878058208324777297e+03
2.895085594297487660e+03
2.912130345483628844e+03
2.929222371878849117e+03
2.946499591469970255e+03
2.964116731079377132e+03
2.981326639626831366e+03
2.998566708084773836e+03
3.015776118078803847e+03
3.033293959859283859e+03
3.050815912994240989e+03
3.067863727217723863e+03
3.084889166410006055e+03
3.102032562189021519e+03
3.119054147657886006e+03
3.136068910950871214e+03
3.153144222198543503e+03
3.170245768655199754e+03
3.187259573385826116e+03
3.204303858198482430e+03
3.221447294193186281e+03
3.238938429277097384e+03
3.256443952433758113e+03
3.274219927538123557e+03
3.291842581643666563e+03
3.308990391685876148e+03
3.326270198602358050e+03
3.343793482166987815e+03
3.361396477569514900e+03
3.378809812530834733e+03
3.396137031022169140e+03
3.413578588342350486e+03
3.431285924160641571e+03
3.448904218099299669e+03
3.466509048380701643e+03
3.483552847623515845e+03
3.500529484647533536e+03
3.517739107019177936e+03
3.534864055219810325e+03
3.552093201605616741e+03
3.569628915896614672e+03
3.587099889863431144e+03
3.604704655353798898e+03
3.622213944218053257e+03
3.639662243839727125e+03
3.657114285259224289e+03
3.674747179771261017e+03
3.692211510098402414e+03
3.709408112372599135e+03
3.726684704388167120e+03
3.744217921006811594e+03
3.761393915718610515e+03
3.778467579163559094e+03
3.795898594153000886e+03
3.813296803831349280e+03
3.831108754702405804e+03
3.848746986145993105e+03
3.865951757393399021e+03
3.883686055284465510e+03
3.900963025381626721e+03
3.918072132088357648e+03
3.935007337621447732e+03
3.952086899833082498e+03
3.969099652091303142e+03
3.986037156868129387e+03
4.003094306154155674e+03
4.020137645192668060e+03
4.037319986967299883e+03
4.054411201114160576e+03
4.071864396190284424e+03
4.089826078200872416e+03
4.107240088955593819e+03
4.124201790629574134e+03
4.141448845567738317e+03
4.158604981255908569e+03
4.175762258216675946e+03
4.192912660863388737e+03
4.210037075011689922e+03
4.227408213551560948e+03
4.245136787234544499e+03
4.262510240864460684e+03
4.280211276870210895e+03
4.297862157182160445e+03
4.315646616524194542e+03
4.333124263446759869e+03
4.350283713792024173e+03
4.367373593857186279e+03
4.384435779167013607e+03
4.401409025858918540e+03
4.418467689843646440e+03
4.435771784922259030e+03
4.452936560379868752e+03
4.470109276036861047e+03
4.487513689151661310e+03
4.505215065512524234e+03
4.522979934915125341e+03
4.540133024107388337e+03
4.557095071113286394e+03
4.574331589463983619e+03
4.592131758553981854e+03
4.609463721922662444e+03
4.626943614930771218e+03
4.644639622368187702e+03
4.662065422066045357e+03
4.679419634257019425e+03
4.696463020111157675e+03
4.713481909454206289e+03
4.730592532149734325e+03
4.747593297851115494e+03
4.764535804187493341e+03
4.781597717119353547e+03
4.798694566991507600e+03
4.815883096665214907e+03
4.833511395573108530e+03
4.851165574102322353e+03
4.868706183020090975e+03
4.885979501892316875e+03
4.903763561541108174e+03
4.921550907478826957e+03
4.939297042270145539e+03
4.957177381336313374e+03
4.975065656977402796e+03
4.992823702965552002e+03
5.010544968626853915e+03
5.028308844281413258e+03
5.045996626097378794e+03
5.063359430461876400e+03
5.080526677730123083e+03
5.097696602035420256e+03
5.114830153981232797e+03
5.132152801483750409e+03
5.149380744169676291e+03
5.166577022892714012e+03
5.184096038676429998e+03
5.201940838553120557e+03
5.219738016250712462e+03
5.237327646021144574e+03
5.254427745941155081e+03
5.271582075686369535e+03
5.288930860020744149e+03
5.306220103073514110e+03
5.323877837255726263e+03
5.341362455275719185e+03
5.358990266297651942e+03
5.376798507081659409e+03
5.394576534335861652e+03
5.411875815858520582e+03
5.429053672817350161e+03
5.446199594025682018e+03
5.463259351636317660e+03
5.480329525102455591e+03
5.497720213427070121e+03
5.515198861592231879e+03
5.532335208927601343e+03
5.549678867325265855e+03
5.567076521084467458e+03
5.584627701140467252e+03
5.602235159999690950e+03
5.619699668389970611e+03
5.636826210209830606e+03
5.654415721109004153e+03
5.671850222431196016e+03
5.689156719795632853e+03
5.706907863473007637e+03
5.724393426783715768e+03
5.741953791442987495e+03
5.759118538139136945e+03
5.776744987317038976e+03
5.794457835543738838e+03
5.811739381064282497e+03
5.828837394828891775e+03
5.845787866061755267e+03
5.862809151678737180e+03
5.880039536521117043e+03
5.897356564430301660e+03
5.914972961224370010e+03
5.932468140665657302e+03
5.949635193922129474e+03
5.966844121948191059e+03
5.984013534375230847e+03
6.001428835274784433e+03
6.019032567327965808e+03
6.036211320142350814e+03
6.053145193608186673e+03
6.070290043811493888e+03
6.087910201661185965e+03
6.105081172713193155e+03
6.122224896937315862e+03
6.139730248987924824e+03
6.157467338208443834e+03
6.174896305683710125e+03
6.192076766744972701e+03
6.209105000253178332e+03
6.226141713804699975e+03
6.243193607019839874e+03
6.260126628727713069e+03
6.277169125959970188e+03
6.294352370964694273e+03
6.311426772684346361e+03
6.328599036053023156e+03
6.346344882491355747e+03
6.363563638116216680e+03
6.380509283915853302e+03
6.397461672543752684e+03
6.414507770739237458e+03
6.431550340010837317e+03
6.448432831015215925e+03
6.465475118838761773e+03
6.482523481976453695e+03
6.499448307280770678e+03
6.516444590687498021e+03
6.533619944288991064e+03
6.551013162873453439e+03
6.568799224819840674e+03
6.586526043852385556e+03
6.604360669649352531e+03
6.622188264602673371e+03
6.639443314190408273e+03
6.656483480420314663e+03
6.673759196858474752e+03
6.691420920866547021e+03
6.708698488055531925e+03
6.725794652970324023e+03
6.742936532081038422e+03
6.760609968792301515e+03
6.778352195421552096e+03
6.795981415297328567e+03
6.813542565176072458e+03
6.831151229563624838e+03
6.848726666830659269e+03
6.866356220179555748e+03
6.884005328243083568e+03
6.901795995757953278e+03
6.919214460234785292e+03
6.936830551764964184e+03
6.954282397813603893e+03
6.971852153985283621e+03
6.989456573847089203e+03
7.007114759994270571e+03
7.024790210542308159e+03
7.042429461878806251e+03
7.060011093473335677e+03
7.077675648419395657e+03
7.095289562300236867e+03
7.112866458987377882e+03
7.130579172537604791e+03
7.148174526889833942e+03
7.165781909141505821e+03
7.183406617649338841e+03
7.201036662291074208e+03
7.218799204842176550e+03
7.236659653259587685e+03
7.254320659683982740e+03
7.271859523448376422e+03
7.289471090814480704e+03
7.307078106216921697e+03
7.324696034977490854e+03
7.342333006113311058e+03
7.359901818827598618e+03
7.377489918548190872e+03
7.395202122127388066e+03
7.412823091554442726e+03
7.430401228857253955e+03
7.448062802613660097e+03
7.465912571794540781e+03
7.483581602927402855e+03
7.501282086947652715e+03
7.518893466112916940e+03
7.536466364600678389e+03
7.554136975322184298e+03
7.571818033525987630e+03
7.589548541347150604e+03
7.607111486624507052e+03
7.624711677464678360e+03
7.642282916764370384e+03
7.659855071100675559e+03
7.677582314297650555e+03
7.695116398772750472e+03
7.712755354782585528e+03
7.730336309041405912e+03
7.747880842989805387e+03
7.765572517426133345e+03
7.783171509890773450e+03
7.800741114984569322e+03
7.818375046281696996e+03
7.835991198542325947e+03
7.853573823461995744e+03
7.871234845343386951e+03
7.888834858206681020e+03
7.906398168016784439e+03
7.924058513601935374e+03
7.941698496191843333e+03
7.959385344290296416e+03
7.976982374387334858e+03
7.994658044651781893e+03
8.012271970387178953e+03
8.029845484681845846e+03
8.047508322602076078e+03
8.065051328195446331e+03
8.082657410996291219e+03
8.100374877482365264e+03
8.118070215926796664e+03
8.135647002045308909e+03
8.153275340601712742e+03
8.170829405259077248e+03
8.188396825934501976e+03
8.206144971951191110e+03
8.223844991018202563e+03
8.241445268212515657e+03
8.259034228177788464e+03
8.276642958270444069e+03
8.294292718499274997e+03
8.311866308370415936e+03
8.329538457197821117e+03
8.347093004464688420e+03
8.364672363416058943e+03
8.382360516313085100e+03
8.399863017394311100e+03
8.417550890163594886e+03
8.435095822770133964e+03
8.452631169560943817e+03
8.470309978612060149e+03
8.487809653778771462e+03
8.505460625991454435e+03
8.523018296606765944e+03
8.540562034059363214e+03
8.558214155314028176e+03
8.575757710069192399e+03
8.593405136474419123e+03
8.610978752142635130e+03
8.628528413794932931e+03
8.646182704075043148e+03
8.663723152801572724e+03
8.681371760766793159e+03
8.698946352400858814e+03
8.716497950149288954e+03
8.734155158972782374e+03
8.751686758215788359e+03
8.769321545367887666e+03
8.786881074570592318e+03
8.804436341577427811e+03
8.821998436468938962e+03
8.839634016608517413e+03
8.857222236478692139e+03
8.874850167843600502e+03
8.892409880799330494e+03
8.910040735795628279e+03
8.927605756674993245e+03
8.945178801943571671e+03
8.962664502093297415e+03
8.980244541613956244e+03
8.997796212868210205e+03
9.015414488405098382e+03
9.032991613112502819e+03
9.050509889368950098e+03
9.068018751486835754e+03
9.085648659049082198e+03
9.103173525837670240e+03
9.120707727167107805e+03
9.138271436610557430e+03
9.155892293127526500e+03
9.173385844108157471e+03
9.190971466597355175e+03
9.208510900438668614e+03
9.226051336516888114e+03
9.243574595349753508e+03
9.261264825447095063e+03
9.278780498624371830e+03
9.296383190182030376e+03
9.313964558115221735e+03
9.331540888381368859e+03
9.349274177316161513e+03
9.366825725828874056e+03
9.384471025993596413e+03
9.402069328188279542e+03
9.419660591002451838e+03
9.437272221911625820e+03
9.454931916695413747e+03
9.472676652621126777e+03
9.490153799505307688e+03
9.507857515032887022e+03
9.525810447353345808e+03
9.543581868092645891e+03
9.561392347005916236e+03
9.579048687406317185e+03
9.596620086968512624e+03
9.614267254149004657e+03
9.631948508151923306e+03
9.649522082280887844e+03
9.667149746618833888e+03
9.684781674305946581e+03
9.702342251346974081e+03
9.720007450129560311e+03
9.737669181668716192e+03
9.755327939991493622e+03
9.772904653890236659e+03
9.790555026564125001e+03
9.808211678590309020e+03
9.825803755519013066e+03
9.843438632884644903e+03
9.861179801735859655e+03
9.878923038974871815e+03
9.896615985114051000e+03
9.914304325160244844e+03
9.931739372725847716e+03
9.949503486245521344e+03
9.967275509708579193e+03
9.985057051885323745e+03
1.000287412482872242e+04
1.002077251257107127e+04
1.003857171336910324e+04
1.005631675333209932e+04
1.007405535946010787e+04
1.009161605441155552e+04
1.010881699149802807e+04
1.012609770880625365e+04
1.014353382440761925e+04
1.016132625125674531e+04
1.017909727053612914e+04
1.019678524517153892e+04
1.021450193218973072e+04
1.023159597923207184e+04
1.024871977953692840e+04
1.026582097466499545e+04
1.028284258858250541e+04
1.030020743022694660e+04
1.031761533567678271e+04
1.033486382864791631e+04
1.035234224387181166e+04
1.036977397778765044e+04
1.038718103119931038e+04
1.040453810447839714e+04
1.042183500455371541e+04
1.043961327922098280e+04
1.045732746592953663e+04
1.047502128724078284e+04
1.049239055773175642e+04
1.050955842733529062e+04
1.052660503728560616e+04
1.054362522462473680e+04
1.056073916971283506e+04
1.057769539348018952e+04
1.059465451687411405e+04
1.061170562348910244e+04
1.062873517563028872e+04
1.064569631824313728e+04
1.066271415985543535e+04
1.067982341100618214e+04
1.069679237572599595e+04
1.071386381666836678e+04
1.073095586753476346e+04
1.074812994108224666e+04
1.076519187212140605e+04
1.078265698002122008e+04
1.080046451284006071e+04
1.081764334215087547e+04
1.083459788025559465e+04
1.085159323530347137e+04
1.086876970227654601e+04
1.088645843552924271e+04
1.090419183192692435e+04
1.092193569878320886e+04
1.093976431505315486e+04
1.095773052853987610e+04
1.097537355421356551e+04
1.099292171860678536e+04
1.101059673377977379e+04
1.102823282115810071e+04
1.104580304788138528e+04
1.106350701728912463e+04
1.108117881682281040e+04
1.109899094274502386e+04
1.111676151584781837e+04
1.113451551844742789e+04
1.115234673569669394e+04
1.116962791454318722e+04
1.118689696642912168e+04
1.120438393485356210e+04
1.122178357309553758e+04
1.123945574102908358e+04
1.125715489895743303e+04
1.127479031792044407e+04
1.129219597768389394e+04
1.130942299350145549e+04
1.132703953726863983e+04
1.134467410786063738e+04
1.136206375263633163e+04
1.137919736557221404e+04
1.139623025421341845e+04
1.141332686536976325e+04
1.143044838400424487e+04
1.144763622425052745e+04
1.146465435982244162e+04
1.148161699384196254e+04
1.149865072522946502e+04
1.151570738674132008e+04
1.153264648471963665e+04
1.154962303937211800e+04
1.156667329569323192e+04
1.158369767842673173e+04
1.160059857520509104e+04
1.161764848857253855e+04
1.163468509201773668e+04
1.165168963322021955e+04
1.166871656643590177e+04
1.168589662457946542e+04
1.170324558672796047e+04
1.172092349059654589e+04
1.173808921444237058e+04
1.175574887302157731e+04
1.177346522283659942e+04
1.179120593016810381e+04
1.180829096414641390e+04
1.182537004778636765e+04
1.184263213688706492e+04
1.186017607544651401e+04
1.187764585153627922e+04
1.189475742686200465e+04
1.191180427531755959e+04
1.192907181505843801e+04
1.194665530660360491e+04
1.196383962469348626e+04
1.198111956668392304e+04
1.199816001658342429e+04
1.201542724914010250e+04
1.203252742134020446e+04
1.204960007322359525e+04
1.206654113166127354e+04
1.208372549652896123e+04
1.210083517070002927e+04
1.211785952831346367e+04
1.213477680961940860e+04
1.215182962431823398e+04
1.216886034170939820e+04
1.218572498768585865e+04
1.220276117925399012e+04
1.221979583220534187e+04
1.223673503221968713e+04
1.225369464471810716e+04
1.227070794230487445e+04
1.228772750340803032e+04
1.230465599498369556e+04
1.232169869340338482e+04
1.233873121650413304e+04
1.235583384898121221e+04
1.237325528979489536e+04
1.239075101370747507e+04
1.240797381383504217e+04
1.242501291175413280e+04
1.244201354510340752e+04
1.245905036926382309e+04
1.247614172173114275e+04
1.249310411740668133e+04
1.251048819350553822e+04
1.252771412950252306e+04
1.254468098050183835e+04
1.256172729199009336e+04
1.257927862773347078e+04
1.259683753722240181e+04
1.261385195687945816e+04
1.263101934994371550e+04
1.264820228378045795e+04
1.266560299866271089e+04
1.268275223299575919e+04
1.269976704392089960e+04
1.271715169548999438e+04
1.273422709040988229e+04
1.275149118426409586e+04
1.276852898286691925e+04
1.278574347291458616e+04
1.280290313871071885e+04
1.282057759002382954e+04
1.283788097258398739e+04
1.285518375838077191e+04
1.287270636763576113e+04
1.289000545587315719e+04
1.290735367299325662e+04
1.292484744382686040e+04
1.294250607792636765e+04
1.295996835160330738e+04
1.297724625659543017e+04
1.299495978484897933e+04
1.301261648502048774e+04
1.302986154791864465e+04
1.304716955344629241e+04
1.306415560402256233e+04
1.308144839463365133e+04
1.309857789023571968e+04
1.311568901749375436e+04
1.313293528001481354e+04
1.315049732843221136e+04
1.316826631010032361e+04
1.318577075314730610e+04
1.320276913265092298e+04
1.322033095223945929e+04
1.323770139180185288e+04
1.325524186934332829e+04
1.327296134257214362e+04
1.329041974297399975e+04
1.330785734881031749e+04
1.332535397728583484e+04
1.334278033473915639e+04
1.336056704641253236e+04
1.337784198018096140e+04
1.339489548294180349e+04
1.341198378386470358e+04
1.342920488092197047e+04
1.344637487704426530e+04
1.346346901091557447e+04
1.348044732888707040e+04
1.349740594078003778e+04
1.351453905385688631e+04
1.353155828452709102e+04
1.354863657213129045e+04
1.356608673143760279e+04
1.358371049081931596e+04
1.360122841319765939e+04
1.361857046751568851e+04
1.363581626424815477e+04
1.365312435881725105e+04
1.367052578881065892e+04
1.368804374214099516e+04
1.370554323006645063e+04
1.372291007948510742e+04
1.374038658964827846e+04
1.375745882506841190e+04
1.377497842532099094e+04
1.379241230973202983e+04
1.380968269228819190e+04
1.382679658411187484e+04
1.384397331778812440e+04
1.386174289422576476e+04
1.387939362475881535e+04
1.389658982262214704e+04
1.391423056055211418e+04
1.393145168700434442e+04
1.394866140859389452e+04
1.396593303748192920e+04
1.398289657329172223e+04
1.399994505874742754e+04
1.401699010892931983e+04
1.403402078173091104e+04
1.405097140416482580e+04
1.406803815388074872e+04
1.408505212347105771e+04
1.410202693792919308e+04
1.411902275843550888e+04
1.413606004329821371e+04
1.415302735443008351e+04
1.417002060923535100e+04
1.418703067913344785e+04
1.420401045552131291e+04
1.422098941383125566e+04
1.423798587707729894e+04
1.425501567913811596e+04
1.427195497813552720e+04
1.428896094627677485e+04
1.430601450632163687e+04
1.432303722058592029e+04
1.433997268288734995e+04
1.435707560454289705e+04
1.437409162662713425e+04
1.439113688139737133e+04
1.440861931135278428e+04
1.442604561270959130e+04
1.444345567347434553e+04
1.446122834632077320e+04
1.447884499538857563e+04
1.449639627879002910e+04
1.451405345149234199e+04
1.453163421747928078e+04
1.454924467168907358e+04
1.456685305518391397e+04
1.458446670795311366e+04
1.460204073663682357e+04
1.461970762852719417e+04
1.463729559552943465e+04
1.465486861612363828e+04
1.467248409764089956e+04
1.469004384785334332e+04
1.470774369676051356e+04
1.472535177934162857e+04
1.474295338124220507e+04
1.476057011004392371e+04
1.477822698154696991e+04
1.479599449799382273e+04
1.481377538031996119e+04
1.483156399196130042e+04
1.484926650028673066e+04
1.486690216127791791e+04
1.488445115234641344e+04
1.490212554420355991e+04
1.491967870640744513e+04
1.493726938889957091e+04
1.495493437604008068e+04
1.497244810125543881e+04
1.499014220400565318e+04
1.500771542317111744e+04
1.502533942920396294e+04
1.504292912090377649e+04
1.506054496829610434e+04
1.507811867181770504e+04
1.509563610896375576e+04
1.511315297979411844e+04
1.513063269440041586e+04
1.514821852934804701e+04
1.516572998251796525e+04
1.518321302233633469e+04
1.520070517117080817e+04
1.521817639945944029e+04
1.523576058142061811e+04
1.525327396014408623e+04
1.527073119133202817e+04
1.528828114907607232e+04
1.530576438942740060e+04
1.532327258860645816e+04
1.534075375362003251e+04
1.535818878469294577e+04
1.537563210646231892e+04
1.539312558974345666e+04
1.541062234697314125e+04
1.542805364298979475e+04
1.544549227213216182e+04
1.546301717063191973e+04
1.548054412740813132e+04
1.549799057315244499e+04
1.551544232130696037e+04
1.553295965674283252e+04
1.555044800791711714e+04
1.556799283506687425e+04
1.558547359035397312e+04
1.560292175453335221e+04
1.562045650687582565e+04
1.563802447812518221e+04
1.565550220649269977e+04
1.567299498603916800e+04
1.569047662058468995e+04
1.570804032579670093e+04
1.572562229994764493e+04
1.574312316693032699e+04
1.576063716011824363e+04
1.577822352182814939e+04
1.579583742462691953e+04
1.581343506995674397e+04
1.583102797759847635e+04
1.584859182968786263e+04
1.586619620355319785e+04
1.588380869007842193e+04
1.590148043561454142e+04
1.591903175911181825e+04
1.593662442574034503e+04
1.595427321253028276e+04
1.597178964784478012e+04
1.598950309496356567e+04
1.600704019151854664e+04
1.602461372837431918e+04
1.604226538394235104e+04
1.605977624658180503e+04
1.607748678684361403e+04
1.609506257367013677e+04
1.611267004066879053e+04
1.613027456845709094e+04
1.614795206477750253e+04
1.616549941988130195e+04
1.618316054397420157e+04
1.620073463136241116e+04
1.621830288536133958e+04
1.623598395395453190e+04
1.625359101245475176e+04
1.627138058408705183e+04
1.628891328725386484e+04
1.630640888252067452e+04
1.632396898693474213e+04
1.634132823038877177e+04
1.635834991288090532e+04
1.637542929913392436e+04
1.639304839639076454e+04
1.641045759116240151e+04
1.642756487226329773e+04
1.644527029462916835e+04
1.646300583292593001e+04
1.648091185444809162e+04
1.649850005899825192e+04
1.651611920125572942e+04
1.653365739797478091e+04
1.655128432001842884e+04
1.656896505494229859e+04
1.658652596804724453e+04
1.660415592504863889e+04
1.662182771528788362e+04
1.663935160120095679e+04
1.665705588113637350e+04
1.667474417621564498e+04
1.669231144988900996e+04
1.670992794522679105e+04
1.672752930359849779e+04
1.674518940861582814e+04
1.676275441534293350e+04
1.678042330290324389e+04
1.679797751754578712e+04
1.681555763726223813e+04
1.683325390149297164e+04
1.685078418157609849e+04
1.686846102322052684e+04
1.688603767357648030e+04
1.690366166083175995e+04
1.692124544250758481e+04
1.693886688131184201e+04
1.695646384353064423e+04
1.697405645251867463e+04
1.699168722922582674e+04
1.700923526085494814e+04
1.702696008240670926e+04
1.704450894695148236e+04
1.706213632466859053e+04
1.707973473367028419e+04
1.709736753783349559e+04
1.711496428549538905e+04
1.713262512293215332e+04
1.715017789888454718e+04
1.716777337359770172e+04
1.718540321731529548e+04
1.720299275661890715e+04
1.722065530702519027e+04
1.723831001064293378e+04
1.725584241103402746e+04
1.727346124195068478e+04
1.729108682339063671e+04
1.730866276238540377e+04
1.732627855937967252e+04
1.734382338875189816e+04
1.736146640250350174e+04
1.737945746557809616e+04
1.739726702213294629e+04
1.741505594622445642e+04
