0.000000000000000000e+00
1.735955603766654320e+01
3.466452761786614190e+01
5.196309335425246445e+01
6.931623650090483579e+01
8.667103856196077061e+01
1.039843916063974376e+02
1.212919007889037601e+02
1.386307071157037853e+02
1.559948473795317341e+02
1.733172840379417323e+02
1.906113776091486329e+02
2.079457742808525609e+02
2.253137477334723826e+02
2.426334224243433937e+02
2.599360013903418576e+02
2.772676371769383081e+02
2.946275805360531876e+02
3.119656164284390343e+02
3.292630752437552815e+02
3.465780603176858676e+02
3.639470032313685692e+02
3.812801414189651723e+02
3.985793517910757373e+02
4.159008299098384782e+02
4.332583971710541277e+02
4.506065657453003723e+02
4.679139238921626429e+02
4.852193583263498340e+02
5.025761596684938581e+02
5.199297148460535709e+02
5.372307873329535823e+02
5.545390351539269886e+02
5.718930054726752132e+02
5.892459790133434581e+02
6.065632559826929082e+02
6.238660347914449176e+02
6.412039662192944434e+02
6.585705196388985314e+02
6.758814630269412191e+02
6.931783420935869344e+02
7.105216954159138822e+02
7.278809024085650208e+02
7.452062293969167968e+02
7.625098092043858742e+02
7.798354832436064044e+02
7.972032501206081179e+02
8.145329032307270154e+02
8.318255648670988194e+02
8.491516435840037502e+02
8.665182738240998788e+02
8.838506077417364395e+02
9.011560642845079201e+02
9.184750963569816804e+02
9.358325248941895325e+02
9.531809445979056363e+02
9.704781000634923203e+02
9.877857821389369519e+02
1.005149329050411097e+03
1.022492287490987565e+03
1.039799242233255882e+03
1.057112239125136057e+03
1.074460173661650060e+03
1.091819118655231705e+03
1.109129397652094212e+03
1.126426732255535171e+03
1.143776026254673525e+03
1.161135801000189986e+03
1.178446414465296129e+03
1.195752502035045154e+03
1.213094431942000483e+03
1.230455544339948119e+03
1.247781653904756695e+03
1.265077871022374893e+03
1.282405956430844981e+03
1.299775786818119514e+03
1.317095136032312666e+03
1.334393989310931829e+03
1.351726642102395772e+03
1.369086270003135724e+03
1.386424322644516224e+03
1.403725339613591814e+03
1.421038965732426050e+03
1.438405722381745818e+03
1.455743479056775413e+03
1.473039890838627798e+03
1.490359078548540310e+03
1.507719396792920179e+03
1.525064771217870657e+03
1.542374692749956921e+03
1.559682275853052033e+03
1.577034097941479786e+03
1.594391228871693784e+03
1.611692082690690313e+03
1.628995786888532621e+03
1.646350670336179064e+03
1.663702758402641166e+03
1.681019336949415901e+03
1.698325132191749162e+03
1.715661773280009356e+03
1.733028247792037291e+03
1.750343025596811458e+03
1.767637078336532795e+03
1.784977806104801402e+03
1.802340400965881145e+03
1.819663313065400416e+03
1.836968541030570577e+03
1.854296789471651209e+03
1.871661118553822689e+03
1.888996093574829956e+03
1.906289664463306053e+03
1.923610181801504496e+03
1.940978680366261415e+03
1.958309299315590124e+03
1.975612741204874283e+03
1.992934017906424742e+03
2.010289752249843787e+03
2.027639662624930224e+03
2.044940618821899989e+03
2.062245338754215936e+03
2.079607154710830855e+03
2.096953436248797971e+03
2.114257175852043019e+03
2.131570333131188818e+03
2.148920758525008750e+03
2.166277652539113660e+03
2.183592760280288076e+03
2.200891494383106874e+03
2.218235754067567996e+03
2.235599597980426097e+03
2.252908320244056540e+03
2.270210710639642457e+03
2.287554349614699277e+03
2.304912563573745956e+03
2.322239724284143449e+03
2.339539521579237771e+03
2.356864864851327184e+03
2.374234921003983345e+03
2.391557037571291403e+03
2.408852663056884467e+03
2.426184189416085246e+03
2.443546081655646958e+03
2.460882166408977810e+03
2.478186971823882686e+03
2.495502466493322572e+03
2.512865820719571275e+03
2.530209481982185935e+03
2.547504690847867096e+03
2.564819248593160410e+03
2.582182438814251327e+03
2.599525033012593212e+03
2.616834741106983529e+03
2.634145348793847916e+03
2.651493535745981262e+03
2.668852801737987647e+03
2.686156410030437655e+03
2.703456102899556754e+03
2.720810124828876269e+03
2.738163709504832696e+03
2.755478028445611471e+03
2.772785616798525552e+03
2.790123747546499544e+03
2.807488752317754916e+03
2.824809762590042737e+03
2.842103439837140286e+03
2.859439442620311183e+03
2.876806476745249711e+03
2.894126548366699353e+03
2.911429879637462363e+03
2.928760999382429418e+03
2.946121502930994211e+03
2.963459265695718386e+03
2.980755571298902851e+03
2.998071254078919083e+03
3.015440255749421340e+03
3.032772320964292703e+03
3.050072339493010986e+03
3.067394293222084343e+03
3.084750989350248346e+03
3.102099625798394300e+03
3.119405694238222168e+03
3.136710382886087700e+03
3.154068652535112960e+03
3.171420611922637363e+03
3.188721902114043132e+03
3.206031908518710225e+03
3.223385633231524480e+03
3.240739629552596853e+03
3.258056825390169251e+03
3.275358450821036968e+03
3.292697686107901973e+03
3.310064068778001001e+03
3.327373856825574421e+03
3.344671873167932517e+03
3.362015695777691690e+03
3.379374300909470549e+03
3.396700190924737399e+03
3.414003122362341855e+03
3.431328407963860627e+03
3.448697130509151066e+03
3.466025327174666018e+03
3.483318433239167462e+03
3.500646115889104294e+03
3.518011789234605658e+03
3.535344887387475865e+03
3.552650757231730495e+03
3.569969132560695925e+03
3.587327604045080079e+03
3.604675259178201941e+03
3.621971573277856805e+03
3.639280448761902335e+03
3.656644155478967150e+03
3.673986764353730905e+03
3.691294381996891389e+03
3.708607344498203929e+03
3.725954807944940512e+03
3.743314125150394830e+03
3.760622761006559358e+03
3.777920225202517486e+03
3.795270967420906800e+03
3.812629454999569589e+03
3.829940794782697594e+03
3.847247663297653162e+03
3.864589093642067382e+03
3.881950871383723097e+03
3.899276483492816624e+03
3.916572386559766073e+03
3.933901978777788372e+03
3.951271422384400466e+03
3.968590459953908521e+03
3.985890235035821661e+03
4.003222846079433111e+03
4.020582238060402233e+03
4.037920505854897783e+03
4.055220741132744024e+03
4.072534274558917787e+03
4.089901753767806895e+03
4.107238511223285059e+03
4.124535373730683204e+03
4.141855471108487109e+03
4.159215238768341806e+03
4.176561560794457364e+03
4.193871171723265434e+03
4.211178400147946377e+03
4.228531726642599097e+03
4.245888173595602893e+03
4.263188693178944959e+03
4.280493252796187335e+03
4.297848120802435915e+03
4.315200260326546413e+03
4.332517123212626757e+03
4.349822291241764106e+03
4.367159057106940963e+03
4.384525834393949481e+03
4.401839706852711060e+03
4.419134353370664030e+03
4.436475863576215488e+03
4.453837919518011404e+03
4.471161050750233699e+03
4.488466048656626299e+03
4.505793666033393492e+03
4.523158909902223058e+03
4.540492765254788537e+03
4.557786036126282852e+03
4.575107544227012113e+03
4.592475799038407786e+03
4.609806666944522476e+03
4.627110676011616306e+03
4.644431502414980059e+03
4.661787330169654524e+03
4.679136857251077345e+03
4.696437188706071538e+03
4.713742468456890492e+03
4.731104800528810301e+03
4.748450275471806890e+03
4.765754756838092362e+03
4.783067990732050021e+03
4.800417515358590208e+03
4.817775167531726765e+03
4.835089529153792682e+03
4.852387797457153283e+03
4.869733540820774579e+03
4.887096601664195987e+03
4.904405535374959072e+03
4.921708531021198723e+03
4.939051872620675567e+03
4.956410472820612995e+03
4.973737256821394112e+03
4.991036227944845450e+03
5.008361944440222032e+03
5.025732262564019038e+03
5.043053591769499690e+03
5.060349750533463521e+03
5.077681557526600955e+03
5.095042564726883029e+03
5.112379125615104385e+03
5.129683456852111703e+03
5.146998452293669288e+03
5.164362617066715757e+03
5.181704981382968981e+03
5.199000250253858212e+03
5.216316131852327089e+03
5.233678990677284673e+03
5.251022315136192447e+03
5.268331974161159451e+03
5.285641928749585531e+03
5.302990625043130422e+03
5.320349525639918284e+03
5.337652493934821905e+03
5.354952785568799300e+03
5.372306981024590641e+03
5.389659946037010741e+03
5.406974787446853043e+03
5.424281726133796838e+03
5.441619117358399308e+03
5.458984767632344301e+03
5.476304547785377508e+03
5.493598355978167092e+03
5.510935524245858687e+03
5.528301774252397081e+03
5.545622548949326301e+03
5.562926851311917744e+03
5.580257573471212709e+03
5.597618737877362946e+03
5.614955990279497200e+03
5.632251461072865823e+03
5.649567922808992080e+03
5.666936972505573067e+03
5.684268515096284318e+03
5.701569682569046563e+03
5.718891617873734504e+03
5.736247823102619805e+03
5.753596756253730746e+03
5.770901353464313615e+03
5.788205674947068474e+03
5.805564969600354743e+03
5.822915590860777229e+03
5.840217185960347706e+03
5.857528148952875199e+03
5.874880734175519137e+03
5.892235276211556993e+03
5.909552443642667640e+03
5.926853381911475481e+03
5.944193500664871863e+03
5.961559247471725030e+03
5.978868459625346077e+03
5.996167512157950114e+03
6.013511471141297989e+03
6.030869897155060244e+03
6.048196372438771505e+03
6.065498520290982924e+03
6.082823482603768753e+03
6.100192236986362332e+03
6.117518943376095194e+03
6.134812610353668788e+03
6.152141520454320016e+03
6.169506202977327121e+03
6.186840000611810865e+03
6.204146059828561192e+03
6.221463735507652927e+03
6.238822989732994756e+03
6.256169903009471454e+03
6.273465655986710772e+03
6.290775626507872403e+03
6.308139299117046903e+03
6.325481506925638314e+03
6.342790092487461152e+03
6.360102907104183942e+03
6.377450186087313341e+03
6.394809556555937888e+03
6.412116782980357129e+03
6.429414416896473085e+03
6.446766049319407102e+03
6.464123007219905048e+03
6.481435311949805509e+03
6.498742655369767817e+03
6.516082940436328499e+03
6.533445730040611124e+03
6.550770420355714123e+03
6.568065392993745263e+03
6.585396643884576406e+03
6.602765568142589473e+03
6.620084688251422449e+03
6.637385416658021313e+03
6.654717903139380724e+03
6.672077181364644275e+03
6.689415783693701087e+03
6.706715269811984399e+03
6.724029093107570588e+03
6.741397173066719006e+03
6.758732237803207681e+03
6.776029817020960763e+03
6.793350350739839996e+03
6.810709345283063158e+03
6.828056343082953390e+03
6.845365187970683110e+03
6.862672016355432788e+03
6.880026421927212141e+03
6.897382139623405237e+03
6.914682390903622945e+03
6.931988296073544916e+03
6.949342907611282499e+03
6.966695120781274454e+03
6.984012312880096943e+03
7.001316534667735141e+03
7.018653734468854964e+03
7.036020502985253188e+03
7.053333162615622314e+03
7.070628409561932131e+03
7.087970759071529756e+03
7.105331552124448535e+03
7.122655810823644970e+03
7.139960614746905776e+03
7.157287296993023119e+03
7.174653518712479126e+03
7.191986242100584604e+03
7.209279445896235302e+03
7.226602714461134383e+03
7.243970779780349403e+03
7.261301920680654803e+03
7.278606469104572170e+03
7.295926735491755608e+03
7.313283036594984878e+03
7.330632509347256928e+03
7.347931914206407782e+03
7.365237861896559480e+03
7.382600692017404072e+03
7.399945308605319951e+03
7.417250330703904183e+03
7.434563606531903133e+03
7.451912484567055799e+03
7.469270763348917171e+03
7.486583739615965897e+03
7.503881830817443188e+03
7.521229079525342968e+03
7.538591366360878965e+03
7.555900550985495101e+03
7.573204872795191477e+03
7.590547795560542909e+03
7.607906887385039227e+03
7.625233800118714498e+03
7.642531929596740156e+03
7.659858300536319803e+03
7.677228596887489402e+03
7.694549178836921783e+03
7.711846109542499107e+03
7.729178224092518576e+03
7.746538722641837921e+03
7.763875764157426602e+03
7.781179034101677644e+03
7.798493117575093493e+03
7.815858181040957788e+03
7.833199277415986217e+03
7.850494637845090438e+03
7.867811809988865207e+03
7.885173856853652978e+03
7.902517654157554716e+03
7.919827795463170332e+03
7.937136833643211503e+03
7.954486609582376332e+03
7.971845029191323192e+03
7.989147186712931216e+03
8.006448559245895922e+03
8.023803156954724727e+03
8.041155938228470404e+03
8.058471257852495910e+03
8.075778022707556374e+03
8.093114705804668120e+03
8.110480677115456274e+03
8.127798726103807894e+03
8.145092480339469148e+03
8.162431068104006044e+03
8.179796038256416068e+03
8.197117145386673656e+03
8.214421804189190880e+03
8.231751786707751307e+03
8.249113795218314408e+03
8.266450684893952712e+03
8.283745423218788346e+03
8.301062915956874349e+03
8.318432088585548627e+03
8.335762967036442205e+03
8.353064721111350082e+03
8.370386416215673307e+03
8.387742140754126012e+03
8.405091482942374569e+03
8.422395055236826011e+03
8.439699321556343421e+03
8.457059321146720322e+03
8.474408582535230380e+03
8.491711185164647759e+03
8.509023095194603229e+03
8.526375411661640101e+03
8.543730699252238992e+03
8.561047279242879085e+03
8.578347679411308491e+03
8.595688814160030233e+03
8.613054031729872804e+03
8.630362846017778793e+03
8.647662882451124460e+03
8.665007116451730326e+03
8.682365130398757174e+03
8.699691888074115923e+03
8.716993233528115525e+03
8.734317888015584685e+03
8.751687340119435248e+03
8.769012210919219797e+03
8.786306352541430897e+03
8.803636205379450985e+03
8.820999838664512936e+03
8.838334579722552007e+03
8.855640314972290071e+03
8.872957139008445665e+03
8.890318296946399641e+03
8.907664181437567095e+03
8.924959633391899843e+03
8.942270840639379458e+03
8.959634230644178388e+03
8.976976546568685080e+03
8.994285592637079390e+03
9.011597740102881289e+03
9.028945306552417605e+03
9.046305094231385738e+03
9.063611157371333320e+03
9.080909140687166655e+03
9.098261606621701503e+03
9.115617525146924891e+03
9.132930452033488109e+03
9.150237877272298647e+03
9.167577483232347731e+03
9.184941259098501178e+03
9.202264796784751525e+03
9.219559585543120193e+03
9.236892320909733826e+03
9.254261037806241802e+03
9.271580058080155140e+03
9.288881642200707574e+03
9.306213625480104383e+03
9.323573107246080326e+03
9.340911484257327174e+03
9.358209818964038277e+03
9.375524169901458663e+03
9.392892570018757397e+03
9.410226495277416689e+03
9.427524851721083905e+03
9.444846321717584942e+03
9.462204425840063777e+03
9.479552228529655622e+03
9.496860279160831851e+03
9.514165859201333660e+03
9.531521538643048189e+03
9.548876306911490246e+03
9.566177003917608090e+03
9.583484512391503813e+03
9.600838723249689792e+03
9.618191324870487733e+03
9.635508550412570912e+03
9.652812054331554464e+03
9.670149485417739925e+03
9.687516391985485825e+03
9.704828011913785303e+03
9.722124158049366088e+03
9.739467083285780973e+03
9.756827163568203105e+03
9.774151804488541529e+03
9.791456129309293829e+03
9.808782495285367986e+03
9.826149481136912073e+03
9.843481247125240770e+03
9.860774266180638733e+03
9.878099120960127038e+03
9.895466653632962334e+03
9.912798132797186554e+03
9.930103028957855713e+03
9.947422707501813420e+03
9.964779413437354378e+03
9.982128446988881478e+03
9.999426684639927771e+03
1.001673320308763141e+04
1.003409646748645901e+04
1.005144016600140094e+04
1.006874613519821651e+04
1.008605956198442618e+04
1.010340798367842399e+04
1.012076672790477096e+04
1.013807853507046093e+04
1.015537625937204575e+04
1.017272454197431580e+04
1.019008549245651011e+04
1.020739535536455332e+04
1.022470043271638315e+04
1.024204325594035981e+04
1.025940306775377394e+04
1.027672953284244068e+04
1.029402668766471652e+04
1.031135366478720607e+04
1.032872370915838474e+04
1.034604371428893683e+04
1.036334169418720558e+04
1.038067412678819528e+04
1.039803384022738101e+04
1.041537113209775453e+04
1.043267356677792304e+04
1.044998725862936772e+04
1.046735317454260075e+04
1.048469274256472636e+04
1.050198847642337569e+04
1.051930662825108448e+04
1.053666803406885811e+04
1.055401286375636482e+04
1.057132299634407536e+04
1.058863157727587168e+04
1.060598206752291662e+04
1.062334004741942044e+04
1.064064134456620013e+04
1.065794368064765513e+04
1.067529850792550860e+04
1.069265091609530464e+04
1.070996674227749827e+04
1.072727293444850147e+04
1.074460973241558895e+04
1.076197604551367476e+04
1.077929276176968779e+04
1.079658650891494835e+04
1.081392598035039555e+04
1.083129012238863652e+04
1.084861215560743585e+04
1.086591727339975114e+04
1.088324639109397685e+04
1.090060963765950873e+04
1.091794554310546664e+04
1.093523974276962690e+04
1.095255836773226474e+04
1.096992717834971336e+04
1.098725786464236808e+04
1.100456034363832623e+04
1.102188208947814383e+04
1.103923779840828138e+04
1.105658757595917814e+04
1.107388976930601712e+04
1.109119427990623808e+04
1.110855530618237390e+04
1.112590317786126980e+04
1.114320620992190379e+04
1.116051878837743061e+04
1.117786992006814035e+04
1.119522601797861898e+04
1.121254232757344653e+04
1.122984175171042625e+04
1.124718463641883500e+04
1.126454933967528996e+04
1.128185804971306243e+04
1.129915895579860080e+04
1.131650292150774112e+04
1.133386096677789465e+04
1.135118804480118342e+04
1.136848889738686739e+04
1.138581386511245910e+04
1.140318361893427209e+04
1.142050734107623794e+04
1.143780176119210955e+04
1.145513268511675415e+04
1.147249556404313989e+04
1.148983100531522905e+04
1.150713642696490024e+04
1.152445235616072387e+04
1.154181425969371594e+04
1.155915955505070451e+04
1.157645467940392700e+04
1.159376744994182445e+04
1.161113066088881533e+04
1.162847303808185643e+04
1.164578236980826841e+04
1.166309366089495234e+04
1.168044152886921438e+04
1.169780107454079734e+04
1.171510598557566846e+04
1.173240469590043358e+04
1.174975797704039724e+04
1.176711285606411184e+04
1.178442617189581506e+04
1.180173367484278060e+04
1.181907263932513888e+04
1.183643703510692285e+04
1.185375957927797208e+04
1.187105331212188321e+04
1.188838740167648575e+04
1.190575535196364581e+04
1.192307477262207249e+04
1.194037717897736002e+04
1.195770875486100158e+04
1.197506858953313713e+04
1.199240685036080686e+04
1.200970401453569139e+04
1.202701867086184575e+04
1.204438745843848301e+04
1.206172029880051741e+04
1.207901946950314777e+04
1.209634094297273259e+04
1.211369809342483859e+04
1.213104626317065413e+04
1.214835333037168675e+04
1.216565856205560704e+04
1.218301556835188239e+04
1.220036866577649926e+04
1.221766981506079173e+04
1.223497880819205966e+04
1.225233295196608015e+04
1.226968613011810885e+04
1.228700333907226741e+04
1.230430579121198025e+04
1.232164396067421330e+04
1.233901043534621749e+04
1.235632103690689837e+04
1.237361811623509675e+04
1.239096155417952468e+04
1.240832068469256046e+04
1.242564602745318916e+04
1.244294932774797053e+04
1.246027466687530978e+04
1.247764255548852634e+04
1.249497204504897672e+04
1.251226481784475072e+04
1.252959141503355568e+04
1.254695782976986629e+04
1.256429018132953934e+04
1.258159596288889225e+04
1.259891486096349945e+04
1.261627267731004031e+04
1.263362110853616468e+04
1.265091807431166671e+04
1.266822613246987748e+04
1.268558943662200545e+04
1.270293248932725692e+04
1.272023970702069346e+04
1.273755291285365092e+04
1.275490065033697829e+04
1.277225969919466297e+04
1.278956946078434339e+04
1.280686686926334005e+04
1.282421666413686398e+04
1.284157606870733252e+04
1.285888664825899650e+04
1.287619282979919080e+04
1.289353487998011406e+04
1.291089591305930844e+04
1.292822188108137198e+04
1.294551822935975360e+04
1.296284649043839454e+04
1.298021623324290886e+04
1.299753536314502890e+04
1.301483450515223012e+04
1.303216717981573674e+04
1.304952676218035776e+04
1.306686467031053871e+04
1.308416581822661828e+04
1.310147934828829057e+04
1.311884609136783183e+04
1.313618407597297482e+04
1.315348050251437962e+04
1.317080013169208542e+04
1.318816076450329820e+04
1.320550624213826450e+04
1.322281623118383504e+04
1.324012400408927533e+04
1.325747614950121351e+04
1.327483327709847799e+04
1.329213417731139998e+04
1.330943772248797541e+04
1.332679262615499465e+04
1.334414471194768521e+04
1.336146128748076808e+04
1.337876696333326254e+04
1.339610347860370894e+04
1.341347009317218544e+04
1.343078512993555705e+04
1.344807919397656224e+04
1.346542009519972999e+04
1.348278278340911857e+04
1.350010554661414790e+04
1.351741086794002513e+04
1.353473900778599636e+04
1.355210333833904224e+04
1.356943816910241912e+04
1.358673180543563831e+04
1.360405221430870370e+04
1.362142074079737722e+04
1.363875145862007776e+04
1.365605492060987308e+04
1.367337609139742744e+04
1.369073187861163751e+04
1.370808160837932883e+04
1.372538251794005191e+04
1.374268738019313969e+04
1.376004907824741531e+04
1.377739540197436509e+04
1.379469917171909219e+04
1.381201213017138252e+04
1.382936253012641464e+04
1.384671963801634047e+04
1.386403473416841007e+04
1.388133357489750779e+04
1.389867831684241901e+04
1.391604216668479057e+04
1.393335116541515526e+04
1.395065329126696997e+04
1.396799712724321216e+04
1.398535557283934759e+04
1.400268263543509966e+04
1.401998246839354033e+04
1.403730770354891138e+04
1.405467780033922827e+04
1.407200006702286555e+04
1.408929550236420073e+04
1.410662677285728023e+04
1.412398855939568239e+04
1.414132474391852520e+04
1.415862970438927368e+04
1.417594502085946442e+04
1.419330818852694938e+04
1.421065205068464275e+04
1.422794715508827721e+04
1.424526167185495251e+04
1.426262471279005695e+04
1.427996741549849685e+04
1.429727712259161126e+04
1.431458788742121760e+04
1.433193621396167509e+04
1.434929544457073462e+04
1.436659952545659326e+04
1.438389890759170157e+04
1.440125269373030642e+04
1.441860662666018288e+04
1.443592065892371102e+04
1.445322795843216409e+04
1.447056609962560105e+04
1.448793117544124834e+04
1.450525243963225148e+04
1.452254605659732624e+04
1.453988179208326983e+04
1.455724896595821701e+04
1.457456889576888352e+04
1.459187236956953348e+04
1.460920353016252193e+04
1.462656413054830045e+04
1.464390178829440811e+04
1.466119818490193211e+04
1.467851367448693054e+04
1.469588263755622756e+04
1.471321479309591814e+04
1.473051479373735856e+04
1.474783646785702695e+04
1.476519329707448560e+04
1.478254172705707606e+04
1.479984772122900904e+04
1.481715258683632055e+04
1.483451096102581141e+04
1.485186291789173629e+04
1.486916433357468850e+04
1.488647423594055726e+04
1.490382780489577999e+04
1.492118157913885079e+04
1.493849887930076511e+04
1.495580064218979169e+04
1.497313947069747883e+04
1.499050573203904059e+04
1.500781574638235725e+04
1.502511367516425162e+04
1.504245778504386180e+04
1.505981652387353824e+04
1.507714225432878447e+04
1.509444511595083168e+04
1.511177013979161711e+04
1.512913875559841108e+04
1.514646700066893391e+04
1.516376009895453717e+04
1.518108777988006841e+04
1.519845354783997755e+04
1.521578669470535169e+04
1.523309255742668756e+04
1.525041121514427323e+04
1.526776973964406716e+04
1.528511745028094083e+04
1.530241392634391013e+04
1.531972257720000562e+04
1.533708596173303522e+04
1.535442857563216239e+04
1.537173640601378429e+04
1.538904926841507768e+04
1.540639703517849557e+04
1.542375641056999302e+04
1.544106529811212749e+04
1.545836291732476093e+04
1.547571371270682175e+04
1.549307214094737537e+04
1.551038316897995537e+04
1.552768983686509455e+04
1.554503137626351418e+04
1.556239333569724477e+04
1.557971881370528536e+04
1.559701443377376927e+04
1.561434381787053280e+04
1.563171326903935733e+04
1.564903234527480890e+04
1.566633209456780241e+04
1.568366480159640560e+04
1.570102425705398855e+04
1.571836258361902219e+04
1.573566270467238064e+04
1.575297642792408806e+04
1.577034383819278446e+04
1.578768061058353487e+04
1.580497774611137538e+04
1.582229797356002018e+04
1.583965781130026517e+04
1.585700396441590055e+04
1.587431350753751394e+04
1.589162066612267699e+04
1.590897381556318396e+04
1.592633058527551839e+04
1.594363136188421777e+04
1.596093585428499500e+04
1.597829063696761295e+04
1.599564254148512373e+04
1.601295940982650427e+04
1.603026454333971742e+04
1.604760119731300074e+04
1.606496785950985213e+04
1.608228171526470396e+04
1.609957613842171668e+04
1.611691791017510332e+04
1.613427984567221938e+04
1.615160343338011808e+04
1.616890864189930289e+04
1.618623633575466738e+04
1.620360145882502366e+04
1.622093615130922262e+04
1.623822962949877183e+04
1.625555108960429425e+04
1.627291949861336798e+04
1.629025034513019455e+04
1.630755408858785086e+04
1.632487515926769083e+04
1.634223111269199217e+04
1.635958089988366555e+04
1.637688121990260152e+04
1.639418624284744510e+04
1.641154842701549933e+04
1.642889413857301042e+04
1.644619825945674165e+04
1.646351129614191450e+04
1.648086134485177172e+04
1.649821888132837921e+04
1.651553354103820675e+04
1.653283208772039143e+04
1.655017728010026985e+04
1.656754074011517514e+04
1.658484969919951254e+04
1.660215279554362860e+04
1.661949644314435864e+04
1.663685501922236290e+04
1.665418212450350256e+04
1.667148125280012391e+04
1.668880672886688990e+04
1.670617704111357671e+04
1.672349903514977996e+04
1.674079464389150235e+04
1.675812611455065417e+04
1.677548744225958944e+04
1.679282402001630544e+04
1.681012837279123414e+04
1.682744345347425406e+04
1.684480722492046334e+04
1.686215020154060767e+04
1.687944545338126773e+04
1.689676052244035236e+04
1.691412324865347546e+04
1.693146625485327968e+04
1.694877611217675803e+04
1.696608641772938427e+04
1.698343503618308387e+04
1.700079426353335293e+04
1.701809750236324908e+04
1.703539743552454456e+04
1.705275162452120640e+04
1.707010496954928021e+04
1.708741933890272048e+04
1.710472633332612895e+04
1.712206396985309402e+04
1.713942956989548838e+04
1.715674978801076941e+04
1.717404357020341558e+04
1.719138027203765523e+04
1.720874661588442541e+04
1.722606684316483370e+04
1.724337080062516179e+04
1.726070162184529909e+04
1.727806250647599154e+04
1.729539998061591905e+04
1.731269584729700364e+04
1.733001187088928418e+04
