0.000000000000000000e+00
1.736033750945843934e+01
3.473342718054315981e+01
5.199143606369173654e+01
6.918777935273128321e+01
8.657886085781919405e+01
1.038963206468797011e+02
1.210838699826169602e+02
1.383970702318394217e+02
1.557887414037644476e+02
1.729947560711309507e+02
1.902349864199065905e+02
2.076356093946115209e+02
2.249013161017153948e+02
2.421178677805897337e+02
2.594679373804787019e+02
2.767986792178150495e+02
2.940336280994658864e+02
3.113817180732650058e+02
3.286847780065526194e+02
3.458922604853437406e+02
3.632928982972048289e+02
3.805690730821683019e+02
3.977867222907593714e+02
4.151230343958583262e+02
4.324422692664447823e+02
4.496680690728054515e+02
4.670017139786588132e+02
4.842933777256357644e+02
5.015957458002003477e+02
5.189252421581936687e+02
5.361661533035910452e+02
5.534459248652423184e+02
5.708152890715994090e+02
5.880322404460788448e+02
6.053192394442207842e+02
6.226816274107331992e+02
6.399167486983274102e+02
6.572367787379725996e+02
6.745629819780305070e+02
6.917759648794660734e+02
7.091427882056327689e+02
7.264615627278992633e+02
7.436675727794461181e+02
7.609554810997467484e+02
7.783563920197457264e+02
7.955725298932292162e+02
8.128313096120579075e+02
8.302014214066998647e+02
8.474530181874249593e+02
8.647342042495611167e+02
8.820855995152969626e+02
8.993282516904921522e+02
9.166172621261968061e+02
9.340074006355001757e+02
9.512305365288375469e+02
9.684404427080445430e+02
9.858905573749984796e+02
1.003164850991095705e+03
1.020320163090709457e+03
1.037603029552305088e+03
1.055057782124701589e+03
1.072397700843160692e+03
1.089610103437855742e+03
1.106771378033650990e+03
1.124179915160452765e+03
1.141572649508496852e+03
1.158828416233071721e+03
1.175985388840954101e+03
1.193298581492372477e+03
1.210707499860502139e+03
1.227993878731068889e+03
1.245152439598864930e+03
1.262510711313218508e+03
1.279900116196585714e+03
1.297107721789322795e+03
1.314289671337201980e+03
1.331730280097389368e+03
1.349074142949825273e+03
1.366228701158678632e+03
1.383448608259941238e+03
1.400870419843291074e+03
1.418287089802711762e+03
1.435577270529744737e+03
1.452917427242772192e+03
1.470326371624653348e+03
1.487724355657351225e+03
1.505060069875190038e+03
1.522417206464383526e+03
1.539811949616573202e+03
1.557219196909192760e+03
1.574571192687246821e+03
1.591870821794613448e+03
1.609090363522782809e+03
1.626327812182632897e+03
1.643527644126895666e+03
1.660731410836559007e+03
1.678034332832005930e+03
1.695346711264538499e+03
1.712629815633435101e+03
1.729915295403633081e+03
1.747245063490734992e+03
1.764671239012367096e+03
1.782071061796761114e+03
1.799368137623603161e+03
1.816571339894333505e+03
1.833792732180570738e+03
1.850996277089486966e+03
1.868241655413295348e+03
1.885452725461996579e+03
1.902700699052341406e+03
1.919871434084576094e+03
1.937074294895975754e+03
1.954301046350933575e+03
1.971532872096686333e+03
1.988690071665010919e+03
2.005896311972472859e+03
2.023203977546246279e+03
2.040465401676657166e+03
2.057663924239775497e+03
2.074911588365021089e+03
2.092167772673114087e+03
2.109424291695642296e+03
2.126601805232049173e+03
2.143784743346923278e+03
2.161034712464740096e+03
2.178284476982713386e+03
2.195459200337169023e+03
2.212625096885937637e+03
2.229885862219980027e+03
2.247198491109448696e+03
2.264530334206611769e+03
2.281921653243481160e+03
2.299319657285498579e+03
2.316606810090602266e+03
2.333765331140516537e+03
2.350947923487321532e+03
2.368258250139700067e+03
2.385657218278635355e+03
2.402986831411110870e+03
2.420329251936751916e+03
2.437699922958721800e+03
2.455067621746033183e+03
2.472415495052577171e+03
2.489776375721786280e+03
2.507137608386244210e+03
2.524326418939312134e+03
2.541534230840776218e+03
2.558815393371710343e+03
2.576254913558445423e+03
2.593635874973906539e+03
2.610819069968884378e+03
2.627963976766328415e+03
2.645288956795641298e+03
2.662706842387113738e+03
2.680050349581809769e+03
2.697414605819179087e+03
2.714790059175632450e+03
2.732190800187799141e+03
2.749556842545430754e+03
2.766900625871671764e+03
2.784259831723317802e+03
2.801678019616940219e+03
2.819072595969410941e+03
2.836370445923762418e+03
2.853560341907719703e+03
2.870803899854367046e+03
2.887997647570200570e+03
2.905289120074495258e+03
2.922648750848002237e+03
2.940068990399876839e+03
2.957460216323017448e+03
2.974807005780558484e+03
2.992151014845761438e+03
3.009553859709265907e+03
3.026950716988402746e+03
3.044283746113016150e+03
3.061605419074620386e+03
3.079015260360341927e+03
3.096405628854003680e+03
3.113584990369343359e+03
3.130741843117161807e+03
3.148099792379650353e+03
3.165562917655099227e+03
3.182824423676855531e+03
3.199985058232544361e+03
3.217287710406451879e+03
3.234717289218905535e+03
3.251895260787284769e+03
3.269136978384613485e+03
3.286551824360435603e+03
3.303819654193310271e+03
3.321059591393558549e+03
3.338415471558952959e+03
3.355703759180264569e+03
3.372940875205844350e+03
3.390312352194672712e+03
3.407607428795523447e+03
3.424781402874752530e+03
3.442187833166418386e+03
3.459541008546139892e+03
3.476784297829367915e+03
3.493940616201279227e+03
3.511273587601002873e+03
3.528655216894961086e+03
3.546013127625717516e+03
3.563365607549051674e+03
3.580743864035021033e+03
3.598126878395113636e+03
3.615468617745324082e+03
3.632733901267471083e+03
3.649960911630217197e+03
3.667306163251777434e+03
3.684633105820372748e+03
3.701825674081562738e+03
3.719156365382241802e+03
3.736521588263627564e+03
3.753704168249329086e+03
3.771015031760786314e+03
3.788409808095869266e+03
3.805611823828226079e+03
3.822855614161665926e+03
3.840247033975219892e+03
3.857562059238792244e+03
3.874751131560768954e+03
3.892031739243358970e+03
3.909421047614484451e+03
3.926785059754501162e+03
3.943976775739507502e+03
3.961127410733838587e+03
3.978373762657407497e+03
3.995612323295180886e+03
4.012815945789277976e+03
4.030019855545751398e+03
4.047240491087854025e+03
4.064475320816901331e+03
4.081781984383678264e+03
4.098919686881650705e+03
4.116113873120830249e+03
4.133488330167143431e+03
4.150758026644753045e+03
4.168117794664640314e+03
4.185483249252759379e+03
4.202817452325352860e+03
4.220299469280826088e+03
4.237663659857279526e+03
4.254939865154530708e+03
4.272424682225194374e+03
4.289911292123930252e+03
4.307293407716074398e+03
4.324647171437651195e+03
4.342012884950670923e+03
4.359409154059740104e+03
4.376734702757680679e+03
4.394148308514395467e+03
4.411547494451102466e+03
4.428948469640431540e+03
4.446323745305517150e+03
4.463714915973966527e+03
4.481091729596846562e+03
4.498488252051695781e+03
4.515882937052198031e+03
4.533342013403687815e+03
4.550678568629362417e+03
4.568117075138206928e+03
4.585471586049643520e+03
4.602781518131607299e+03
4.620092968843197013e+03
4.637426236302249890e+03
4.654876580926706993e+03
4.672264601604381824e+03
4.689687544020414862e+03
4.707148302517502088e+03
4.724701980429470495e+03
4.741951077445110059e+03
4.759283302997004284e+03
4.776601455812262429e+03
4.793916417009559154e+03
4.811446970133303694e+03
4.828890117375329282e+03
4.846404769738763207e+03
4.863973884876781085e+03
4.881561765358273988e+03
4.898979837044031228e+03
4.916185198891207619e+03
4.933568090983413640e+03
4.951028171551810374e+03
4.968392115906809522e+03
4.985734339061989886e+03
5.003098865357336763e+03
5.020531997313772081e+03
5.037932250487808233e+03
5.055222797539188832e+03
5.072573494779529028e+03
5.090017805653366850e+03
5.107370893061672177e+03
5.124754213192854877e+03
5.142100930156796494e+03
5.159463635667363633e+03
5.176959833586660352e+03
5.194275933015658666e+03
5.211625824928669317e+03
5.228854847930219876e+03
5.246332882079385854e+03
5.263758381280776121e+03
5.281095638872583550e+03
5.298349552466759633e+03
5.315775541813072778e+03
5.333350474950760145e+03
5.350567900890999226e+03
5.367976202925721736e+03
5.385338108313018893e+03
5.402870358733166540e+03
5.420111064454755251e+03
5.437585879596411360e+03
5.455116868168714063e+03
5.472561265591080883e+03
5.490106621927618107e+03
5.507312590940855443e+03
5.524709225713256274e+03
5.542194251029173756e+03
5.559609706236039528e+03
5.576895218906741320e+03
5.594311010003577394e+03
5.611693990152698461e+03
5.629049855504068546e+03
5.646417438999455044e+03
5.663724060328044288e+03
5.681035095058599836e+03
5.698595682398508870e+03
5.715999440762512677e+03
5.733324592662631403e+03
5.750702637997762395e+03
5.768178902248496343e+03
5.785626017004785353e+03
5.802930646573318882e+03
5.820287781603806252e+03
5.837615341370987153e+03
5.855005550581012358e+03
5.872308412729056727e+03
5.889733432691452435e+03
5.907016066645191131e+03
5.924516502355595549e+03
5.941942307887563402e+03
5.959082748584468391e+03
5.976587221587302338e+03
5.994092805304433568e+03
6.011647236326958591e+03
6.029218496359901110e+03
6.046661536400499244e+03
6.064027958780498921e+03
6.081423817077113199e+03
6.098850914826780354e+03
6.116257099266653313e+03
6.133624028967351478e+03
6.150977473782777452e+03
6.168409222618451167e+03
6.185784423929351760e+03
6.203151058286642183e+03
6.220468564297609191e+03
6.237843957964039873e+03
6.255262141015246925e+03
6.272624459669665157e+03
6.290032574828786892e+03
6.307486001727587791e+03
6.324828632688988364e+03
6.342116288221084687e+03
6.359513048328441073e+03
6.376963398883925038e+03
6.394326855425270878e+03
6.411467688743509825e+03
6.428790636080620970e+03
6.446068465311989712e+03
6.463266451614334983e+03
6.480527101565077828e+03
6.497711302109248209e+03
6.514963260279573660e+03
6.532184987347276547e+03
6.549322278534125871e+03
6.566518576888167445e+03
6.583792249124806403e+03
6.601015983088400390e+03
6.618205982863549252e+03
6.635402446193371361e+03
6.652739078745134975e+03
6.670112201488298524e+03
6.687447832444975575e+03
6.704750579404882956e+03
6.722059322890326257e+03
6.739209234024143370e+03
6.756446375132445610e+03
6.773833130247908230e+03
6.791249430696427225e+03
6.808471773490100531e+03
6.825616700530583330e+03
6.842918965776372715e+03
6.860353761380871219e+03
6.877732547812185658e+03
6.894906501061244853e+03
6.912128947900788262e+03
6.929561227274582052e+03
6.946827378167013194e+03
6.964009428808780285e+03
6.981405657800536574e+03
6.998758880696781489e+03
7.015920394419697004e+03
7.033230794711259477e+03
7.050584012501798497e+03
7.067857791069549421e+03
7.085096413377923454e+03
7.102430098868559071e+03
7.119781532488030280e+03
7.137104683651275991e+03
7.154261061342014727e+03
7.171531232381887094e+03
7.188934015772138082e+03
7.206311844583757193e+03
7.223496606521562171e+03
7.240658971539845879e+03
7.257949561729919878e+03
7.275379527227825747e+03
7.292797612729274078e+03
7.310016652788846841e+03
7.327183167905970549e+03
7.344541855080025925e+03
7.361943713388634933e+03
7.379117158546623614e+03
7.396389411570697121e+03
7.413807278047623186e+03
7.431001394011473167e+03
7.448298371754774962e+03
7.465617676226884214e+03
7.482889928705316379e+03
7.500240587558681000e+03
7.517549023111367205e+03
7.534761736361766452e+03
7.552006211277699549e+03
7.569423417914254969e+03
7.586760656457612640e+03
7.604008059423225859e+03
7.621218463732622695e+03
7.638456935906108811e+03
7.655804766638455476e+03
7.673191856553423349e+03
7.690565167514008863e+03
7.707944205691099341e+03
7.725300845879428380e+03
7.742657025486510975e+03
7.760041497135184727e+03
7.777275576333780919e+03
7.794428506238056798e+03
7.811598020824461855e+03
7.828870732251036316e+03
7.846176802500124722e+03
7.863577336260737866e+03
7.880812566149175836e+03
7.898179190612339880e+03
7.915437844421534464e+03
7.932674977687270257e+03
7.949828040250784397e+03
7.967054729642134589e+03
7.984312469168820826e+03
8.001538007928788829e+03
8.018680962330856346e+03
8.035929877563016817e+03
8.053175804993174097e+03
8.070345771907828748e+03
8.087514507421005874e+03
8.104782393945841250e+03
8.122012380423957438e+03
8.139188239110488212e+03
8.156451889000602932e+03
8.173696334555133944e+03
8.190905415052520766e+03
8.208121640975934497e+03
8.225368705498669442e+03
8.242781324267001764e+03
8.260029910470992036e+03
8.277226741253140062e+03
8.294478766873729910e+03
8.311977473805854970e+03
8.329338120615260777e+03
8.346637029471447022e+03
8.363993890308604023e+03
8.381387811034917831e+03
8.398804445087593194e+03
8.416147816203707407e+03
8.433596950499986633e+03
8.450944926198280882e+03
8.468294320192633677e+03
8.485476478615368251e+03
8.502721496091216977e+03
8.519943811767352599e+03
8.537126232469816387e+03
8.554346508385406196e+03
8.571542055782134412e+03
8.588780745601736271e+03
8.605950753629917017e+03
8.623224470134322473e+03
8.640579966596947997e+03
8.657990387924961396e+03
8.675391357722504836e+03
8.692744212069361311e+03
8.710074302290177002e+03
8.727462974565314653e+03
8.744870538871015015e+03
8.762224002665599983e+03
8.779563555257467669e+03
8.796961791466292198e+03
8.814365894653896248e+03
8.831684288821707014e+03
8.848957179957926201e+03
8.866349282738563488e+03
8.883791362220514202e+03
8.901155401471702135e+03
8.918501392402156853e+03
8.935856429214143645e+03
8.953265449850894584e+03
8.970620465646377852e+03
8.987985338328919170e+03
9.005323538891760109e+03
9.022706223427576333e+03
9.040108832302799783e+03
9.057460239640984582e+03
9.074776057958259116e+03
9.092148499381806687e+03
9.109572536162493634e+03
9.126924354448867234e+03
9.144259529477782053e+03
9.161642484604530182e+03
9.179076281985437163e+03
9.196382931753993034e+03
9.213652973046955594e+03
9.230904504971067581e+03
9.248127893897215472e+03
9.265337723791022654e+03
9.282543136250051248e+03
9.299813612609603297e+03
9.317067722524559940e+03
9.334393774895259412e+03
9.351671605514118710e+03
9.368921449687921267e+03
9.386406568182257615e+03
9.403916065265912039e+03
9.421082337219193505e+03
9.438546009475043320e+03
9.455941701625397400e+03
9.473247117203329253e+03
9.490673605858493829e+03
9.507978913609629672e+03
9.525413150312966536e+03
9.542756194236215379e+03
9.560065534936511540e+03
9.577368121409901505e+03
9.594673975971440086e+03
9.612143618425605382e+03
9.629432068205172982e+03
9.646727053421020173e+03
9.664076485798170324e+03
9.681412386523243185e+03
9.698787098820193933e+03
9.716020245216763215e+03
9.733400420015786949e+03
9.750870626776486461e+03
9.768149731061748753e+03
9.785468142995392554e+03
9.802788823466102258e+03
9.820129543658935290e+03
9.837514438430163864e+03
9.854866458747890647e+03
9.872128114819111943e+03
9.889623969149932236e+03
9.906934993861199473e+03
9.924313061626533454e+03
9.941686426332864357e+03
9.958994734882620833e+03
9.976454122605475277e+03
9.993835921718880854e+03
1.001113708400894029e+04
1.002852847554542677e+04
1.004595018371437254e+04
1.006324440189653615e+04
1.008058852419902360e+04
1.009788471368357204e+04
1.011534656109409116e+04
1.013269476378091713e+04
1.015000716592453318e+04
1.016744937902819947e+04
1.018478176341160724e+04
1.020218327344600584e+04
1.021958945096071147e+04
1.023676390815744890e+04
1.025425533172790165e+04
1.027179842203145017e+04
1.028898818355939329e+04
1.030632790130621834e+04
1.032376669930389471e+04
1.034107354973155634e+04
1.035850801824214068e+04
1.037585023033986727e+04
1.039321154262501659e+04
1.041061462689677137e+04
1.042795957682232984e+04
1.044528233939585880e+04
1.046257174593043965e+04
1.047986776398400252e+04
1.049732962762873285e+04
1.051471115627422478e+04
1.053199754155978007e+04
1.054940886834341654e+04
1.056676431727878298e+04
1.058413686541969219e+04
1.060144235305437542e+04
1.061877059921810360e+04
1.063625233146197388e+04
1.065359829401967727e+04
1.067101627241554161e+04
1.068825920725613651e+04
1.070579345534940148e+04
1.072324303322157721e+04
1.074059017313491313e+04
1.075796446114428181e+04
1.077528614602569542e+04
1.079266257436470551e+04
1.081005005992784754e+04
1.082748818783694151e+04
1.084484590470737021e+04
1.086232434639750136e+04
1.087965730341909875e+04
1.089692595339322725e+04
1.091435566555672631e+04
1.093180695433386973e+04
1.094923364162557118e+04
1.096663821930412632e+04
1.098402653835426827e+04
1.100138110546849930e+04
1.101874964647988600e+04
1.103600638400340176e+04
1.105344079435688036e+04
1.107084547949859370e+04
1.108830841898784274e+04
1.110551024620358658e+04
1.112295774609174805e+04
1.114035131249532787e+04
1.115763633952763121e+04
1.117494653920736528e+04
1.119223808148123135e+04
1.120967842664111231e+04
1.122711527357890009e+04
1.124447146382323263e+04
1.126180133281862800e+04
1.127909853954130267e+04
1.129656595141484650e+04
1.131389066792838639e+04
1.133130301168325968e+04
1.134853311673824646e+04
1.136596689250680356e+04
1.138339477587846159e+04
1.140066574441858938e+04
1.141800066437433088e+04
1.143535487833454681e+04
1.145279440925105155e+04
1.147012377571516845e+04
1.148747661640956721e+04
1.150478486135605999e+04
1.152215953183526835e+04
1.153955564604120991e+04
1.155695371206616255e+04
1.157441437109962862e+04
1.159184967551936279e+04
1.160921206511680066e+04
1.162651492078644515e+04
1.164388927197873090e+04
1.166131772362656011e+04
1.167864077902735880e+04
1.169597452344538397e+04
1.171329367997830923e+04
1.173070958839269224e+04
1.174819092055944930e+04
1.176541933750944736e+04
1.178284446199865852e+04
1.180026806084750933e+04
1.181760414212190881e+04
1.183501602708772771e+04
1.185233252379329861e+04
1.186971728979143882e+04
1.188712556240854610e+04
1.190448344114272186e+04
1.192179689476168642e+04
1.193924268896078502e+04
1.195662105714151949e+04
1.197414833772019847e+04
1.199138062950155654e+04
1.200876261930500186e+04
1.202617848277357916e+04
1.204353708121112686e+04
1.206092530843218810e+04
1.207829580675104080e+04
1.209561597207996238e+04
1.211302329363654280e+04
1.213042390643292310e+04
1.214773175292059750e+04
1.216503001342504285e+04
1.218241417105610526e+04
1.219988104660961471e+04
1.221720037273764137e+04
1.223457314617367592e+04
1.225192379548326062e+04
1.226931854740170456e+04
1.228675820942018618e+04
1.230401546903977578e+04
1.232139560531712777e+04
1.233885512629487494e+04
1.235616115047053245e+04
1.237352295790187418e+04
1.239094500285905087e+04
1.240830351630084078e+04
1.242568017629563110e+04
1.244307819438793740e+04
1.246036539646240635e+04
1.247784524591864465e+04
1.249522593310344382e+04
1.251245861917232651e+04
1.252985761131975232e+04
1.254722160622670708e+04
1.256472944017975533e+04
1.258202525720720223e+04
1.259929895810414382e+04
1.261675340966141084e+04
1.263425281373172402e+04
1.265155630718202883e+04
1.266893489577931177e+04
1.268636546667519360e+04
1.270372862535856802e+04
1.272101569685390496e+04
1.273837405406097605e+04
1.275565894286016919e+04
1.277310032399538977e+04
1.279043069023018325e+04
1.280772866736296965e+04
1.282506179605886427e+04
1.284239264099935826e+04
1.285975822891749704e+04
1.287706319416304905e+04
1.289443189204381633e+04
1.291183748009369810e+04
1.292917149796871308e+04
1.294656957717787373e+04
1.296382985844760151e+04
1.298128224842370764e+04
1.299866612998839992e+04
1.301597588508474655e+04
1.303334318079035074e+04
1.305074748342684325e+04
1.306817268765437257e+04
1.308545444103118461e+04
1.310273873674516290e+04
1.312011456503239970e+04
1.313753578718250719e+04
1.315487862183653851e+04
1.317224315958018997e+04
1.318956182435749179e+04
1.320696432869080309e+04
1.322437880094119100e+04
1.324169962774526357e+04
1.325906448204131448e+04
1.327653801747710168e+04
1.329384742035903764e+04
1.331124158338794041e+04
1.332861015822816080e+04
1.334591012422700442e+04
1.336327429687076437e+04
1.338054538523401061e+04
1.339791017622099025e+04
1.341528490814958604e+04
1.343262536074323179e+04
1.345005086827110063e+04
1.346736062846506320e+04
1.348468660051913685e+04
1.350211856085023464e+04
1.351949768172091171e+04
1.353671836666243689e+04
1.355403802162074135e+04
1.357143645119509529e+04
1.358880867663944082e+04
1.360615421166711531e+04
1.362347489765617502e+04
1.364085851927754265e+04
1.365832901136817964e+04
1.367564232344899938e+04
1.369297494550974079e+04
1.371043496614375908e+04
1.372776827754771148e+04
1.374515243836888476e+04
1.376254568314372591e+04
1.377985835994482113e+04
1.379723278373462017e+04
1.381452305650976814e+04
1.383183659356832504e+04
1.384914758711622198e+04
1.386648876574207497e+04
1.388389431501772924e+04
1.390111828515333582e+04
1.391843516086553609e+04
1.393577441214624196e+04
1.395317081989781946e+04
1.397049784253786129e+04
1.398776700450237695e+04
1.400520557313310928e+04
1.402256772214488410e+04
1.403981592953083236e+04
1.405712081900562407e+04
1.407448687255890036e+04
1.409192412193698692e+04
1.410929048021653216e+04
1.412659153081796285e+04
1.414394397086914432e+04
1.416143476165883840e+04
1.417874070061352904e+04
1.419610075457862331e+04
1.421353567002292766e+04
1.423085141643342649e+04
1.424823502195660694e+04
1.426562806084942895e+04
1.428293554254710762e+04
1.430030484559614706e+04
1.431760952040734628e+04
1.433492474832166772e+04
1.435220807430259447e+04
1.436954392225066113e+04
1.438694182869213182e+04
1.440419538383861800e+04
1.442150697808852419e+04
1.443881955246499638e+04
1.445627351747560897e+04
1.447360495394710415e+04
1.449086219311217974e+04
1.450828395053379063e+04
1.452570223756503765e+04
1.454297212867671260e+04
1.456024011695306035e+04
1.457757136217092193e+04
1.459501409031343792e+04
1.461236352116696798e+04
1.462981234341907111e+04
1.464718130900878532e+04
1.466447597473846326e+04
1.468169949496303161e+04
1.469893042182617137e+04
1.471611789356931695e+04
1.473331860003434667e+04
1.475055103879692251e+04
1.476774476022470481e+04
1.478499682325351750e+04
1.480223183863565282e+04
1.481943982175152269e+04
1.483662230726757480e+04
1.485386887922501410e+04
1.487111263633770068e+04
1.488840710115442198e+04
1.490555813066298106e+04
1.492289029951512202e+04
1.494012935088319318e+04
1.495742455019386034e+04
1.497476065415302219e+04
1.499214557410170892e+04
1.500953690261903103e+04
1.502681842531121583e+04
1.504391500714092217e+04
1.506120427017196198e+04
1.507858775770506145e+04
1.509595934237290203e+04
1.511325567154906639e+04
1.513044806227850131e+04
1.514776483707149055e+04
1.516513557174713787e+04
1.518237099456543183e+04
1.519958275368549585e+04
1.521702948963935160e+04
1.523428251076633387e+04
1.525147758820865056e+04
1.526884823050078739e+04
1.528618353970103635e+04
1.530337550833978457e+04
1.532070431243480743e+04
1.533806970978336176e+04
1.535526611869697808e+04
1.537257284138414616e+04
1.538993236390198217e+04
1.540718844400076887e+04
1.542441862994193798e+04
1.544180200468102703e+04
1.545913004114095747e+04
1.547630852706727637e+04
1.549367101490685673e+04
1.551100266203739739e+04
1.552818699198093236e+04
1.554546636438304267e+04
1.556291415606445480e+04
1.558020014483994237e+04
1.559733307406819949e+04
1.561461292952663644e+04
1.563208864822024952e+04
1.564940430708974600e+04
1.566656500921537736e+04
1.568378764237771247e+04
1.570113458819449443e+04
1.571852772110026490e+04
1.573585748260071523e+04
1.575305528076213886e+04
1.577026460534629950e+04
1.578763822560022163e+04
1.580499919080790824e+04
1.582225379300555142e+04
1.583944955605263021e+04
1.585681553980151148e+04
1.587417662743372784e+04
1.589140365331637440e+04
1.590864031428860835e+04
1.592604463620290517e+04
1.594334123125515180e+04
1.596050583186880976e+04
1.597791087698633055e+04
1.599521899437162210e+04
1.601242335181383169e+04
1.602974324979314224e+04
1.604708545897184740e+04
1.606432856291418830e+04
1.608163747232265268e+04
1.609898952239916252e+04
1.611619366605842879e+04
1.613350241643076151e+04
1.615086465812447204e+04
1.616809104976492017e+04
1.618536784087001433e+04
1.620275951638866536e+04
1.621996938414352189e+04
1.623718059354565048e+04
1.625463686878992849e+04
1.627194625325130619e+04
1.628910544594846215e+04
1.630639099754947711e+04
1.632382339440389842e+04
1.634115515385874096e+04
1.635831306622978445e+04
1.637551829821124738e+04
1.639281683209709809e+04
1.641023617604885658e+04
1.642760369867882400e+04
1.644484517083593892e+04
1.646202368687053240e+04
1.647937673624023591e+04
1.649675749649773206e+04
1.651401341181222597e+04
1.653120207882888644e+04
1.654859915323100358e+04
1.656591915397758567e+04
1.658308179912018386e+04
1.660047657563967732e+04
1.661779324173766145e+04
1.663501424834528007e+04
1.665234249963567709e+04
1.666962675450374081e+04
1.668690575950827042e+04
1.670424816105693390e+04
1.672153314134216635e+04
1.673874838043684576e+04
1.675612249447040085e+04
1.677342592179875646e+04
1.679061036580798100e+04
1.680800048756301476e+04
1.682530360635697798e+04
1.684253655049551162e+04
1.685987039229159927e+04
1.687718148499213567e+04
1.689443928282175330e+04
1.691163722938295905e+04
1.692896475499009830e+04
1.694638714953246381e+04
1.696376451230304156e+04
1.698111221980902337e+04
1.699845393783761756e+04
1.701583578650106210e+04
1.703322747707799863e+04
1.705061143197812999e+04
1.706795950111383718e+04
1.708531171197790536e+04
1.710272042624709138e+04
1.712002245328882054e+04
1.713717290135583607e+04
1.715434591405128958e+04
1.717167480639133646e+04
1.718907355627783181e+04
1.720641525694989105e+04
1.722378558961109957e+04
1.724117753191730662e+04
1.725856982543842605e+04
1.727592212016365374e+04
1.729325989862946153e+04
1.731061809838562112e+04
1.732803301842870860e+04
