0.000000000000000000e+00
1.737291452718598350e+01
3.468696510507894004e+01
5.198769010053693052e+01
6.934711702326477223e+01
8.671433773307757065e+01
1.040287054624200778e+02
1.213424886634693678e+02
1.386943105217316088e+02
1.560592328491513285e+02
1.733986223418214081e+02
1.907067622803747611e+02
2.080363698502635827e+02
2.254170483993151208e+02
2.427514752833139369e+02
2.600472536962948311e+02
2.773822660152583808e+02
2.947576707001154546e+02
3.120937804001871427e+02
3.294075452559814039e+02
3.467396410597636986e+02
3.641005995269294431e+02
3.814625894268949651e+02
3.987737393861237933e+02
4.160803949619988202e+02
4.334479933750544660e+02
4.508084965236781727e+02
4.681124137264266665e+02
4.854279213314204071e+02
5.027932035895746594e+02
5.201509399108938396e+02
5.374790995000674911e+02
5.547937627693626155e+02
5.721356072049968589e+02
5.895114861155748258e+02
6.068382394856960218e+02
6.241346202018493159e+02
6.414782629330734380e+02
6.588542406643371123e+02
6.761779188303703449e+02
6.934878107772656222e+02
7.108320787463375154e+02
7.281973590420911933e+02
7.455465872323787835e+02
7.628574684900438569e+02
7.801747459560118614e+02
7.975480731900702267e+02
8.148995809416828706e+02
8.321969959305013163e+02
8.495169708831056141e+02
8.668922534689356780e+02
8.842396455519345864e+02
9.015570520700546240e+02
9.188806821660750757e+02
9.362343664346468586e+02
9.536022414868839405e+02
9.709228943463633641e+02
9.882240866696375861e+02
1.005577100695929403e+03
1.022949303875289388e+03
1.040261851301888328e+03
1.057570335286218778e+03
1.074926978977832050e+03
1.092291304180738507e+03
1.109627360738856396e+03
1.126940134672136992e+03
1.144270272300532724e+03
1.161645234865815610e+03
1.178987161404006656e+03
1.196282735207928908e+03
1.213610383598595035e+03
1.230991812160567406e+03
1.248327436675635909e+03
1.265636258015659223e+03
1.282970634782141587e+03
1.300333589968143997e+03
1.317689267002103861e+03
1.335006063238450452e+03
1.352316030981045060e+03
1.369677476291792573e+03
1.387044038011379598e+03
1.404348707273364425e+03
1.421658110707746346e+03
1.439026292319538243e+03
1.456385039788723589e+03
1.473708033724689813e+03
1.491024414206711299e+03
1.508368902246732432e+03
1.525740545524429308e+03
1.543073939026448897e+03
1.560372059535013932e+03
1.577708406989555215e+03
1.595091541097022173e+03
1.612416073417341977e+03
1.629719380901268096e+03
1.647063539814450451e+03
1.664431537414295462e+03
1.681774125876856488e+03
1.699089335633702149e+03
1.716411324627731801e+03
1.733778107581268614e+03
1.751136063400641660e+03
1.768436932691691709e+03
1.785750104213012946e+03
1.803126787476521258e+03
1.820477008469725661e+03
1.837788300550996155e+03
1.855110265267225259e+03
1.872467585332072986e+03
1.889831223373738567e+03
1.907156358813483621e+03
1.924461176177361494e+03
1.941807660495521759e+03
1.959187346959815159e+03
1.976503002708875556e+03
1.993804219124898282e+03
2.011158762747543506e+03
2.028526260203065704e+03
2.045855136118925657e+03
2.063169946319732389e+03
2.080505100757950913e+03
2.097873975944267841e+03
2.115222308970095582e+03
2.132523030998901959e+03
2.149843800740658935e+03
2.167225662820328125e+03
2.184565501985966421e+03
2.201868165930443865e+03
2.219197848315843203e+03
2.236565144870765835e+03
2.253917488096726629e+03
2.271236452757036659e+03
2.288551469190620082e+03
2.305907140090030225e+03
2.323279521076292895e+03
2.340588599837349648e+03
2.357891745976577567e+03
2.375256172179037094e+03
2.392619169503272133e+03
2.409935704064972924e+03
2.427251916002391226e+03
2.444600647116709297e+03
2.461966674060277910e+03
2.479305261741919821e+03
2.496609670986803849e+03
2.513940069703613517e+03
2.531323400721640610e+03
2.548653651545118009e+03
2.565951179286621482e+03
2.583289641112429763e+03
2.600662343995104493e+03
2.618000766743367421e+03
2.635315326152819580e+03
2.652641882311632344e+03
2.670004870808226769e+03
2.687367502153893838e+03
2.704673749941646747e+03
2.721982419540271621e+03
2.739354113486445840e+03
2.756709622409635358e+03
2.774015489121442442e+03
2.791335346630308777e+03
2.808696518813442708e+03
2.826055454556690165e+03
2.843384522757178274e+03
2.860695372350205616e+03
2.878037148350941152e+03
2.895416967744606154e+03
2.912739088651571365e+03
2.930034969685983924e+03
2.947382999297814422e+03
2.964756136922707356e+03
2.982081227317973571e+03
2.999393624389407705e+03
3.016733723128963902e+03
3.034099605202309249e+03
3.051450326817249334e+03
3.068756968617231905e+03
3.086075115904047379e+03
3.103452110030351832e+03
3.120797711406667077e+03
3.138096757909906955e+03
3.155422653805117989e+03
3.172793242511115295e+03
3.190142101980725784e+03
3.207462007210901902e+03
3.224782915196742579e+03
3.242135600817146951e+03
3.259507545564228167e+03
3.276823444482245122e+03
3.294123147333419183e+03
3.311481005148384611e+03
3.328850201809863393e+03
3.346163224547139635e+03
3.363475076063056804e+03
3.380829281352599537e+03
3.398193494858744998e+03
3.415532264660960209e+03
3.432842134016181717e+03
3.450171605286303475e+03
3.467549495301127081e+03
3.484886114271286715e+03
3.502181849600909572e+03
3.519514982353605319e+03
3.536890900568895631e+03
3.554226737152953319e+03
3.571539488724500643e+03
3.588872225406193138e+03
3.606233501371905277e+03
3.623594698065248849e+03
3.640906848644754064e+03
3.658214527213616748e+03
3.675580907965430015e+03
3.692943169776561263e+03
3.710246142575725116e+03
3.727559994305905093e+03
3.744926759195987870e+03
3.762284059847362187e+03
3.779611059003889750e+03
3.796926561589929406e+03
3.814268810797418155e+03
3.831642672634412520e+03
3.848971109537584198e+03
3.866267904528118379e+03
3.883609884855592099e+03
3.900987178425318234e+03
3.918310404591989482e+03
3.935618936591684815e+03
3.952963272788307222e+03
3.970328707394453431e+03
3.987676905486001488e+03
4.004987935255428965e+03
4.022306341409654124e+03
4.039678522676225839e+03
4.057031102971202472e+03
4.074328294718070538e+03
4.091647513529882417e+03
4.109023389311696519e+03
4.126370715584307618e+03
4.143686914733587400e+03
4.161011292502392280e+03
4.178365232122379894e+03
4.195731773488971157e+03
4.213053573708075419e+03
4.230355231130674838e+03
4.247706908587522776e+03
4.265080517557935309e+03
4.282393249368236866e+03
4.299700174647759923e+03
4.317056715363756666e+03
4.334421540116994947e+03
4.351756106336386438e+03
4.369068882551819115e+03
4.386400147688231300e+03
4.403774348109249331e+03
4.421117043409310099e+03
4.438412647566052328e+03
4.455739385334953113e+03
4.473121042351423966e+03
4.490456720396687160e+03
4.507764855726568385e+03
4.525098720889714969e+03
4.542461529629092183e+03
4.559816922395632901e+03
4.577134129336571277e+03
4.594444669291275204e+03
4.611805026451214871e+03
4.629171991376687401e+03
4.646476617953065215e+03
4.663785161589616109e+03
4.681153136244786765e+03
4.698512286709443288e+03
4.715834449991760266e+03
4.733150758169160326e+03
4.750495561921815352e+03
4.767866806759500832e+03
4.785200278896623786e+03
4.802498509909499262e+03
4.819834125481978845e+03
4.837217196579938900e+03
4.854541741972825548e+03
4.871844728183669758e+03
4.889188507363031022e+03
4.906555541292134876e+03
4.923898030908612782e+03
4.941213218908937961e+03
4.958535163448848834e+03
4.975902078245211669e+03
4.993259284536001360e+03
5.010559952137409709e+03
5.027873344325254948e+03
5.045250231867377806e+03
5.062600449534940708e+03
5.079911482435589278e+03
5.097233325914157831e+03
5.114590825478968327e+03
5.131954382402393094e+03
5.149279657146566024e+03
5.166584686577739376e+03
5.183930820039454375e+03
5.201310404238831325e+03
5.218625809971074887e+03
5.235926888624107960e+03
5.253281743923389513e+03
5.270648868163855695e+03
5.287977900057883744e+03
5.305292737446377032e+03
5.322627730961912675e+03
5.339996816880307051e+03
5.357344528242011620e+03
5.374644915508524718e+03
5.391965834032611383e+03
5.409347888470714679e+03
5.426687054275658738e+03
5.443990007706493088e+03
5.461319672784722570e+03
5.478686274081441297e+03
5.496038674747689583e+03
5.513357666453026468e+03
5.530671859276168107e+03
5.548027958249255789e+03
5.565400205834844201e+03
5.582708815079196938e+03
5.600011977939699136e+03
5.617377062558845864e+03
5.634739400414667216e+03
5.652056329410412218e+03
5.669373138495626335e+03
5.686721677570296379e+03
5.704088083371038010e+03
5.721425951334199453e+03
5.738730026566405286e+03
5.756060713022165146e+03
5.773443831214326565e+03
5.790773234665677592e+03
5.808071203651990800e+03
5.825409792430253219e+03
5.842781980638173991e+03
5.860121076718127370e+03
5.877436061206828526e+03
5.894762159820785200e+03
5.912125441607109678e+03
5.929487583317129975e+03
5.946793109534644827e+03
5.964101918185075192e+03
5.981474760767007865e+03
5.998829196008767212e+03
6.016135674089106033e+03
6.033455880973986496e+03
6.050816910344890857e+03
6.068175912796252305e+03
6.085504807779032490e+03
6.102815471513264129e+03
6.120157483101452272e+03
6.137537424482002280e+03
6.154858388932560047e+03
6.172154921518187621e+03
6.189503290027102594e+03
6.206875917084050343e+03
6.224201694027448866e+03
6.241514373836895174e+03
6.258853158971583980e+03
6.276219575821443868e+03
6.293569986586069717e+03
6.310875836826255181e+03
6.328193828175732051e+03
6.345571267510214966e+03
6.362915707077209845e+03
6.380214931619646450e+03
6.397541831596944576e+03
6.414912149857704208e+03
6.432260222537278423e+03
6.449580022735829516e+03
6.466899995179341204e+03
6.484252702236581172e+03
6.501624999171161107e+03
6.518939739780363197e+03
6.536239226463194427e+03
6.553598042377646379e+03
6.570966073403085829e+03
6.588279913132922957e+03
6.605592929145730523e+03
6.622944894783859127e+03
6.640309473661191078e+03
6.657648497274906731e+03
6.674957026442059941e+03
6.692286193475983964e+03
6.709665219296773103e+03
6.726999605377538501e+03
6.744295653362311896e+03
6.761630516222489860e+03
6.779005928983310696e+03
6.796341162763905231e+03
6.813654517011031203e+03
6.830986110753899993e+03
6.848347345506701458e+03
6.865709087896477286e+03
6.883019958188591772e+03
6.900326807688039480e+03
6.917694493620245339e+03
6.935054933228212576e+03
6.952358947917451587e+03
6.969674512720772327e+03
6.987038329388174134e+03
7.004395986569863453e+03
7.021724349847778285e+03
7.039038554999980988e+03
7.056380086583910270e+03
7.073756037533141352e+03
7.091081946794400210e+03
7.108378246809762459e+03
7.125722671037603504e+03
7.143098630878985205e+03
7.160421075384771029e+03
7.177731673766877975e+03
7.195075255282717990e+03
7.212440397564098021e+03
7.229789729843003443e+03
7.247100193394659073e+03
7.264417611914335794e+03
7.281791395750293304e+03
7.299142075856954762e+03
7.316439761470899612e+03
7.333760777481340483e+03
7.351134840332837484e+03
7.368482157091162662e+03
7.385799923594335269e+03
7.403123221317921889e+03
7.420476404033900508e+03
7.437844854549661250e+03
7.455164174610696136e+03
7.472465144695725940e+03
7.489819327176109255e+03
7.507191067619765818e+03
7.524502994851700350e+03
7.541812378084775446e+03
7.559168577832620940e+03
7.576532595951410258e+03
7.593869133373353179e+03
7.611181446179431987e+03
7.628511137485935251e+03
7.645886705726601576e+03
7.663227572767756101e+03
7.680522919963493223e+03
7.697851373323388543e+03
7.715231430989679211e+03
7.732566911459423864e+03
7.749876364309193377e+03
7.767210062105890756e+03
7.784572063038069246e+03
7.801929134548855473e+03
7.819244242178250715e+03
7.836553507685282966e+03
7.853916678737943585e+03
7.871281170155876680e+03
7.888584922971715059e+03
7.905896084157546284e+03
7.923263852671960194e+03
7.940621644592050870e+03
7.957946175495169882e+03
7.975262658227090469e+03
7.992605652941001608e+03
8.009978315572672727e+03
8.027310424069075452e+03
8.044607919453072100e+03
8.061945087752875224e+03
8.079326366720226360e+03
8.096650091522473303e+03
8.113955112300198380e+03
8.131299679040761475e+03
8.148666497107414216e+03
8.166010410962338028e+03
8.183324310009649707e+03
8.200644945295702200e+03
8.218014180121710524e+03
8.235368974445686035e+03
8.252668088209597045e+03
8.269983815441741172e+03
8.287360911843421491e+03
8.304709270825245767e+03
8.322022659125404971e+03
8.339345469657260765e+03
8.356700709240769356e+03
8.374066069008240447e+03
8.391390557629136310e+03
8.408693695037105499e+03
8.426041003418227774e+03
8.443418904598349400e+03
8.460732648936545957e+03
8.478036200609647494e+03
8.495392169855422253e+03
8.512758626849077700e+03
8.530088823103975301e+03
8.547402842831052112e+03
8.564736152419380232e+03
8.582107776521866981e+03
8.599452059381830622e+03
8.616750113239155326e+03
8.634073737039736443e+03
8.651456238997010587e+03
8.668793133147357366e+03
8.686098790843730967e+03
8.703430402514299203e+03
8.720794805882627770e+03
8.738149191818054533e+03
8.755467799367681437e+03
8.772779880623775171e+03
8.790136848701473355e+03
8.807507166929948653e+03
8.824813601631089114e+03
8.842118668807655922e+03
8.859485622055994099e+03
8.876846286176802096e+03
8.894164679169407464e+03
8.911481610058555816e+03
8.928828423308026686e+03
8.946197395166907882e+03
8.963531790534998436e+03
8.980833177508342487e+03
8.998166119188361336e+03
9.015549732605846657e+03
9.032875713562247256e+03
9.050176713216475036e+03
9.067517711808448439e+03
9.084886928327487112e+03
9.102228393811747083e+03
9.119544039368067388e+03
9.136867255910230597e+03
9.154231680057891936e+03
9.171592326846057404e+03
9.188894721253735042e+03
9.206205402362176756e+03
9.223581190022854571e+03
9.240932974178682343e+03
9.258241047126133708e+03
9.275562789543888357e+03
9.292921758174041315e+03
9.310283479437399365e+03
9.327609787124445575e+03
9.344916871691229971e+03
9.362261179037592228e+03
9.379641177083907678e+03
9.396958489175442082e+03
9.414257861543734180e+03
9.431609694642249451e+03
9.448978880866339750e+03
9.466306742808068520e+03
9.483621425029639795e+03
9.500957449424295191e+03
9.518325163577852436e+03
9.535674732805844542e+03
9.552976611109872465e+03
9.570295993452145922e+03
9.587677231221250622e+03
9.605018648998264325e+03
9.622319204251771225e+03
9.639647977593727774e+03
9.657016358487871912e+03
9.674367264785392763e+03
9.691686422444872733e+03
9.709002933993284387e+03
9.726356916886150429e+03
9.743729512085727038e+03
9.761040568372411144e+03
9.778342713661091693e+03
9.795704724948398507e+03
9.813069093892996534e+03
9.830384881140073048e+03
9.847700495873359614e+03
9.865049909831217519e+03
9.882415379965346801e+03
9.899754105018169867e+03
9.917059567072170466e+03
9.934389388284851520e+03
9.951771959173074720e+03
9.969102920220891974e+03
9.986399256540031274e+03
1.000373704556281882e+04
1.002111064756088672e+04
1.003844832644136295e+04
1.005576247941204929e+04
1.007309065633602950e+04
1.009045289479337407e+04
1.010781514123355009e+04
1.012512254483664583e+04
1.014243053415508621e+04
1.015980114318555206e+04
1.017715753087505618e+04
1.019446295202954934e+04
1.021178193890092007e+04
1.022914358315443496e+04
1.024650226976170961e+04
1.026383126187468588e+04
1.028114281439905790e+04
1.029848416237174752e+04
1.031586331457204324e+04
1.033318595540525348e+04
1.035048187154050174e+04
1.036782941813505749e+04
1.038520346437825538e+04
1.040252804811288115e+04
1.041983965180814448e+04
1.043718059746479412e+04
1.045454612946261841e+04
1.047189652144944193e+04
1.048920346385302037e+04
1.050652106472099695e+04
1.052389719323505778e+04
1.054124376412735000e+04
1.055854259167361306e+04
1.057586777502922450e+04
1.059323856892892218e+04
1.061058703972822332e+04
1.062790658060265923e+04
1.064522789314143665e+04
1.066258054895088026e+04
1.067995207044810195e+04
1.069726794982044339e+04
1.071456751445176087e+04
1.073192524185170987e+04
1.074929473846471592e+04
1.076660752976866206e+04
1.078391876537720964e+04
1.080127287066022836e+04
1.081863688161534810e+04
1.083597530439251750e+04
1.085328518878452451e+04
1.087061481142505727e+04
1.088799169061514294e+04
1.090532844913174995e+04
1.092262402845139513e+04
1.093995716620060193e+04
1.095733305780203227e+04
1.097466881638757695e+04
1.099198126401117224e+04
1.100931382548327383e+04
1.102667491687519578e+04
1.104403588760546700e+04
1.106134702185645619e+04
1.107865440640517772e+04
1.109602110439205535e+04
1.111338281979017847e+04
1.113068616609060336e+04
1.114799994980640986e+04
1.116536592705395378e+04
1.118272333676845119e+04
1.120005047301853119e+04
1.121736555911039613e+04
1.123470738018728662e+04
1.125208142947264605e+04
1.126940910903345502e+04
1.128670574437109826e+04
1.130404847770326887e+04
1.132142486587701205e+04
1.133874799497787899e+04
1.135605690908291035e+04
1.137340086144433735e+04
1.139076601437344289e+04
1.140811422308682995e+04
1.142542429447090217e+04
1.144274193766636745e+04
1.146011498520269743e+04
1.147746672808253788e+04
1.149476421489763015e+04
1.151208381456304596e+04
1.152945853077518041e+04
1.154680565716288947e+04
1.156412265600489081e+04
1.158144625114429437e+04
1.159879963553111884e+04
1.161616636830523930e+04
1.163348667937028222e+04
1.165078799951435940e+04
1.166814115724544172e+04
1.168551324129530440e+04
1.170282517995687522e+04
1.172013358105240331e+04
1.173748948465183639e+04
1.175485355635553788e+04
1.177218946384009178e+04
1.178950065697571335e+04
1.180683030768308709e+04
1.182420582311259568e+04
1.184154724978649756e+04
1.185884274039970660e+04
1.187617074210142709e+04
1.189355049248577416e+04
1.191088574927854279e+04
1.192819541008399028e+04
1.194552897190324256e+04
1.196289087242190726e+04
1.198024721855475218e+04
1.199756249724403096e+04
1.201487197073461721e+04
1.203223498398682932e+04
1.204959932537697205e+04
1.206690228925715201e+04
1.208421304892578701e+04
1.210158040419977988e+04
1.211893767965082225e+04
1.213626231875739541e+04
1.215357835997522488e+04
1.217092099055613289e+04
1.218829390638070981e+04
1.220562551390912631e+04
1.222292301466070785e+04
1.224026075960573144e+04
1.225764058512865631e+04
1.227496359057450900e+04
1.229226910795439835e+04
1.230961328233831591e+04
1.232697962896488571e+04
1.234432423195665615e+04
1.236163740469898039e+04
1.237895739394876546e+04
1.239632763383878591e+04
1.241368197578932995e+04
1.243097969745038426e+04
1.244829616241842086e+04
1.246567250288129617e+04
1.248302004847185526e+04
1.250033412578462594e+04
1.251765747830027613e+04
1.253501184407479377e+04
1.255237782264129419e+04
1.256970162406159034e+04
1.258700424575917350e+04
1.260435328924181158e+04
1.262172842066652811e+04
1.263904128985026000e+04
1.265634574009404969e+04
1.267370169292363062e+04
1.269106705599591260e+04
1.270839899856587181e+04
1.272571257133626750e+04
1.274304502171593776e+04
1.276041796911618985e+04
1.277776155568687682e+04
1.279505752984639366e+04
1.281238228822287419e+04
1.282976385591422695e+04
1.284709942889390186e+04
1.286440655071114452e+04
1.288173948975580424e+04
1.289910234496205885e+04
1.291645755732707767e+04
1.293377544744175248e+04
1.295108669345605267e+04
1.296844591912907345e+04
1.298581329824717250e+04
1.300311812546660440e+04
1.302042554533438306e+04
1.303779295876011747e+04
1.305515212935459203e+04
1.307247258579132540e+04
1.308978906197375181e+04
1.310713422456412809e+04
1.312450502288885036e+04
1.314183869633498398e+04
1.315913716651329014e+04
1.317647217288446882e+04
1.319385463512980277e+04
1.321117898423147926e+04
1.322848136484803399e+04
1.324582465790911556e+04
1.326319183567909204e+04
1.328053442769351932e+04
1.329784931250079535e+04
1.331517122291246415e+04
1.333253791803739296e+04
1.334989483987863787e+04
1.336719496246110248e+04
1.338450807291470483e+04
1.340188446588304214e+04
1.341923394743914287e+04
1.343654503781628955e+04
1.345386673902580696e+04
1.347122363038385447e+04
1.348858763573698161e+04
1.350591275428962763e+04
1.352321667441462705e+04
1.354056312305690153e+04
1.355794170823082641e+04
1.357525613170323959e+04
1.359255771062197164e+04
1.360991258915797152e+04
1.362727850209720054e+04
1.364460837428918421e+04
1.366192282982757024e+04
1.367925711595532994e+04
1.369662736144016526e+04
1.371397281998808830e+04
1.373127175537886978e+04
1.374859364477530471e+04
1.376597549565978079e+04
1.378331342091442275e+04
1.380061783400296554e+04
1.381794828847212921e+04
1.383531343291260964e+04
1.385266722501442200e+04
1.386998618391998934e+04
1.388729887532181237e+04
1.390465546298063418e+04
1.392202658662620888e+04
1.393933322843945280e+04
1.395663735687398184e+04
1.397400328801512842e+04
1.399136321491509079e+04
1.400868117776922918e+04
1.402599813205711325e+04
1.404334536191154257e+04
1.406071383053692443e+04
1.407804829441106631e+04
1.409534947620820822e+04
1.411268163707291933e+04
1.413006441115892630e+04
1.414739040464652135e+04
1.416469081130973609e+04
1.418203134908592256e+04
1.419940069484036940e+04
1.421674192851009138e+04
1.423405736174193225e+04
1.425138067131973912e+04
1.426874470594832383e+04
1.428610489645778216e+04
1.430340680527732911e+04
1.432071737619491250e+04
1.433809273309088530e+04
1.435544373005521265e+04
1.437275218547489567e+04
1.439007372599724113e+04
1.440743254983808583e+04
1.442479466920757113e+04
1.444212016020630836e+04
1.445942664752836936e+04
1.447677098508584459e+04
1.449415079636114751e+04
1.451146713832207570e+04
1.452876648761764045e+04
1.454611844021474826e+04
1.456348684610123382e+04
1.458081526615985058e+04
1.459813019827973949e+04
1.461546577801255989e+04
1.463283367941564757e+04
1.465018185918079143e+04
1.466748292665266490e+04
1.468480252283471782e+04
1.470218385617938475e+04
1.471952367280919862e+04
1.473682481215298685e+04
1.475415408012878288e+04
1.477152118615451036e+04
1.478887330699992890e+04
1.480619208976166919e+04
1.482350657010480427e+04
1.484086174431865948e+04
1.485823327026425977e+04
1.487554172549173745e+04
1.489284404610224738e+04
1.491020775223132296e+04
1.492757019373985531e+04
1.494488704814056291e+04
1.496220364850481201e+04
1.497955219543487328e+04
1.499691871212902151e+04
1.501425469796267498e+04
1.503155810800547260e+04
1.504888879682857078e+04
1.506627186581608476e+04
1.508360062761645167e+04
1.510089896802022849e+04
1.511823789773716453e+04
1.513560956124831318e+04
1.515294915774311812e+04
1.517026435843553008e+04
1.518758874381471105e+04
1.520495207410905277e+04
1.522231356183766547e+04
1.523961799351167247e+04
1.525692674944948521e+04
1.527430017229369696e+04
1.529165302104275906e+04
1.530896002010278062e+04
1.532628098840407256e+04
1.534364122785320797e+04
1.536100122249466403e+04
1.537832784508548502e+04
1.539563672207348463e+04
1.541297952574333794e+04
1.543035895206056739e+04
1.544767806696777006e+04
1.546497578251809318e+04
1.548232529059971057e+04
1.549969603161527994e+04
1.551702290954692398e+04
1.553433682259757734e+04
1.555167351662351757e+04
1.556904045757611493e+04
1.558639043838761791e+04
1.560369389014797343e+04
1.562101206072324203e+04
1.563839184447258958e+04
1.565573318296026264e+04
1.567303309038450243e+04
1.569036152990842675e+04
1.570773053204566168e+04
1.572508063821217729e+04
1.574239942995512320e+04
1.575971675323436102e+04
1.577707020750444826e+04
1.579444216708658132e+04
1.581175377905600180e+04
1.582905521767822574e+04
1.584641550103863665e+04
1.586378054915345638e+04
1.588109602181412993e+04
1.589841132544137872e+04
1.591576104160262912e+04
1.593312599756368581e+04
1.595046457697217375e+04
1.596777019454336551e+04
1.598509964143450998e+04
1.600248165093359421e+04
1.601981198491320902e+04
1.603710820137351948e+04
1.605444577694725740e+04
1.607181960690106280e+04
1.608915713655132095e+04
1.610647102018708756e+04
1.612379907734534208e+04
1.614116125388666842e+04
1.615852354806203402e+04
1.617583044748292195e+04
1.619313843370843460e+04
1.621050841027785282e+04
1.622786472688498361e+04
1.624517065260811069e+04
1.626248966258047767e+04
1.627985129539918125e+04
1.629720955060956112e+04
1.631453803759854054e+04
1.633184924087870604e+04
1.634919038930862371e+04
1.636656941642648235e+04
1.638389097956414116e+04
1.640118724096762890e+04
1.641853515493578743e+04
1.643590874467038884e+04
1.645323363130694270e+04
1.647054539941362600e+04
1.648788531045144555e+04
1.650525115970767365e+04
1.652260114657336817e+04
1.653990742431678154e+04
1.655722508848198049e+04
1.657460127991590343e+04
1.659194688922844216e+04
1.660924591918008809e+04
1.662657170647051680e+04
1.664394213741213753e+04
1.666128989630719661e+04
1.667860921861454335e+04
1.669592939718347770e+04
1.671328177604897064e+04
1.673065351000916780e+04
1.674796813618488522e+04
1.676526756317831678e+04
1.678262619570740571e+04
1.679999495296588429e+04
1.681730853890781873e+04
1.683462106560458778e+04
1.685197283580711155e+04
1.686933716421190184e+04
1.688667550559025403e+04
1.690398400701667924e+04
1.692131307590516371e+04
1.693869179471026291e+04
1.695602638634329196e+04
1.697332252730614346e+04
1.699065722409651062e+04
1.700803264370108445e+04
1.702536789140785913e+04
1.704268089283928566e+04
1.706001233969609166e+04
1.707737329479152322e+04
1.709473451629201372e+04
1.711204512170446833e+04
1.712935167388330228e+04
1.714671931983133254e+04
1.716407943150229403e+04
1.718138365110173982e+04
1.719869962730989937e+04
1.721606320788665471e+04
1.723342063195843730e+04
1.725074876815244716e+04
1.726806278305930755e+04
1.728540420594445459e+04
1.730278016550189568e+04
1.732010568137347582e+04
1.733740201501510455e+04
