7.315789473684209954e-01
7.166676751092719844e-01
6.693681429418590900e-01
6.584225173265676467e-01
6.167803361209779345e-01
6.864192781570491730e-01
6.721613275990699909e-01
6.754396972633731622e-01
6.792515679830448683e-01
6.016822190431025952e-01
6.027418702290494590e-01
6.679763172212221933e-01
7.455488930163861605e-01
6.971803446941295945e-01
6.262246001555337171e-01
6.074203664602618735e-01
6.738000575484079935e-01
7.614672725896137750e-01
6.795012104696585009e-01
5.993456455529729832e-01
6.039289937830071286e-01
6.819002297308145444e-01
6.572758470458485158e-01
5.642164414430140829e-01
5.742934222133126987e-01
5.431364608535426131e-01
5.522593294323862034e-01
5.040387242397851297e-01
6.080816978547319840e-01
6.726000696637531862e-01
5.963360761352212158e-01
6.170453772108930313e-01
6.567295894050829697e-01
7.165144292022332939e-01
6.067019587035615835e-01
5.544457612617645914e-01
6.247362216002761981e-01
6.837046052016251263e-01
5.604016093402106602e-01
5.749476677442213468e-01
5.930465806995189881e-01
6.464207037765077324e-01
6.144857960848365552e-01
5.976757962801879653e-01
6.034109683038774152e-01
6.307528082240156930e-01
5.981707411007345376e-01
5.582899561054980309e-01
5.473208362890757961e-01
6.257808030807715527e-01
6.916416275614158948e-01
5.831201814741130418e-01
5.943178312362933369e-01
6.446364102407413643e-01
7.153780653624257635e-01
6.438807491152649387e-01
5.783060406930359276e-01
6.279850013469906456e-01
6.822753031742109231e-01
6.011605796231874743e-01
6.363392260499218800e-01
6.572743812704289201e-01
6.581479932499104679e-01
5.927838491444265001e-01
6.632358792352897048e-01
6.634439697187419771e-01
6.683816186004023496e-01
6.926968287740536967e-01
6.134177106783843536e-01
6.257020760884391963e-01
6.579122565646616794e-01
7.122836060572780292e-01
6.482244080927545005e-01
5.628727325111171353e-01
6.167343131027671621e-01
6.752455211539465374e-01
5.763613313164223095e-01
5.703404355481932475e-01
5.733932257958063161e-01
6.239968964626042558e-01
6.732833224764022129e-01
6.073131135298940331e-01
6.036471925874993261e-01
6.398415606188948557e-01
7.050108800560093147e-01
6.020864501135678726e-01
5.654864480736196963e-01
6.346302388584526000e-01
7.148583881332447598e-01
6.498764401166667870e-01
5.726445667531019357e-01
6.276266247015342969e-01
7.044304236867828806e-01
7.136340007982812095e-01
6.167734705731845457e-01
6.061300079057888590e-01
6.697215357015844361e-01
6.938905352036295326e-01
6.260199971594264667e-01
6.388822385469546949e-01
6.671091608244880122e-01
7.367049494474409155e-01
6.798662885430336589e-01
5.355719459551805395e-01
5.938566961471760663e-01
7.218493012945716991e-01
7.297700379666408610e-01
6.323167139945955473e-01
6.084276222165342363e-01
6.545736619455980732e-01
7.108411231870824798e-01
6.094348486313940771e-01
5.666108712106554535e-01
5.973576218097917945e-01
7.193775533610843320e-01
6.580471744305889104e-01
5.741212528241367297e-01
5.994364343979723397e-01
7.284929841347996815e-01
7.349478719086985912e-01
6.544344731787636871e-01
6.318494305991605442e-01
6.493094895460236327e-01
7.090681690353198841e-01
7.064806476525907764e-01
6.891844801008517596e-01
6.911093390220627297e-01
6.586438735268956846e-01
5.848411587756614516e-01
6.338360467638115558e-01
7.280165005367761344e-01
7.584243467935497529e-01
6.821887199839358207e-01
6.146904564566062490e-01
6.088318283986788870e-01
7.298586136885558684e-01
7.311926031452602448e-01
6.814901090068188338e-01
6.918225421939545594e-01
6.727828884073612237e-01
6.472423498004092890e-01
6.628221062507382300e-01
6.932412290992656656e-01
7.635231638193240578e-01
7.368456163553851468e-01
6.304360671647993852e-01
6.047473971129999626e-01
6.749573546508469413e-01
7.356334632860140887e-01
7.003827618540857669e-01
6.696260167362164673e-01
6.345702782847991719e-01
6.488967071279500010e-01
6.902415035125457621e-01
6.536534573461469932e-01
6.431674342167739145e-01
6.240777966240919072e-01
6.243108303232081102e-01
6.465486633830184182e-01
6.988367564825639366e-01
6.873953836507727955e-01
5.857146547733244057e-01
6.558117007043604563e-01
6.858007645399989416e-01
7.170063122094053609e-01
6.532954886147828155e-01
6.195268672424534273e-01
6.449258693903748840e-01
7.059653287770214503e-01
6.666353368846097416e-01
6.078023881359893021e-01
6.339790359641985784e-01
7.238068585589972903e-01
7.614317583219730734e-01
6.712373171937423555e-01
6.232879780054689789e-01
6.373410036763967890e-01
7.216051070025604197e-01
7.391051212118390223e-01
6.856847552903240217e-01
6.836961905700680298e-01
6.861043025709400167e-01
6.045321585395685426e-01
6.519510092703443283e-01
6.951471927837379328e-01
7.500678510320668568e-01
7.166427892015930778e-01
5.979944656574811557e-01
5.747655347934376158e-01
6.927024490410823576e-01
7.468970816898832243e-01
7.072617848465767576e-01
6.831208065498753923e-01
6.697756406355652725e-01
6.554009551190861371e-01
6.576918912354898783e-01
6.646243290492712674e-01
7.338773864990694173e-01
7.645010631878588203e-01
6.700255443585590998e-01
6.208147417925103939e-01
6.507702837318390943e-01
7.386169854354206477e-01
7.394180876369251809e-01
6.722676312786707298e-01
6.364210013280836575e-01
6.377300309702559344e-01
6.760845872033659498e-01
6.751035735274308891e-01
7.062858574518990906e-01
7.354672068778950189e-01
6.587125047341522155e-01
6.399880956918571062e-01
6.400072324985778272e-01
7.307028930674043243e-01
7.746358842617686591e-01
6.802857747925792342e-01
6.437257403309319947e-01
6.499793362293534438e-01
6.746487361590771670e-01
7.161493422915942153e-01
6.899890640763712835e-01
7.102503432507855097e-01
7.132466931215175610e-01
5.952791611735109845e-01
6.174139886745269035e-01
6.877724008869090522e-01
7.635099332346014789e-01
7.457517216393276804e-01
6.685831956911680862e-01
6.315056618381964526e-01
6.449744519982207880e-01
6.854723901330885827e-01
6.804822374710252086e-01
7.002195693305339752e-01
7.313028866504871495e-01
6.567677266715973294e-01
6.321161129052970118e-01
6.596154609430957549e-01
7.228856740156278660e-01
7.268781996781454868e-01
6.069944504335467172e-01
5.343261131434996480e-01
6.562438899083437027e-01
7.478203909892822132e-01
6.468310690476565261e-01
5.865252008806013384e-01
6.209602798312952032e-01
7.110140175714193544e-01
6.902844264033314303e-01
6.075756182788673021e-01
5.997902193784543368e-01
6.946869030602045303e-01
6.915095862207321087e-01
5.892073783707836299e-01
5.963937730148524130e-01
6.932766908726281097e-01
7.233287868954706434e-01
6.028197712841771860e-01
5.441426071563196798e-01
6.394838914248469619e-01
7.445516637803738513e-01
6.640220458805369264e-01
5.850637468712330813e-01
6.092497684530171487e-01
7.167037596975925906e-01
6.973957136336282892e-01
6.307186444215988619e-01
5.975653053211626986e-01
6.589105356470518204e-01
7.094916898917030812e-01
6.078452361114363711e-01
5.744631901950509878e-01
6.723781526305803169e-01
7.189315295525795513e-01
5.922856221890049344e-01
5.919100101050397411e-01
6.817561016886632963e-01
7.598983232257184861e-01
6.824269603470972667e-01
6.073941982885412427e-01
6.076096407710193104e-01
7.185422407111700105e-01
7.098031438738736654e-01
6.532012806504050584e-01
6.273615397430354346e-01
6.034810139646310523e-01
7.155424407355394090e-01
6.666195277698359067e-01
6.160822734397271017e-01
5.709239694796846010e-01
6.924762112028184369e-01
6.710681677768486342e-01
6.647445161293734639e-01
6.862726365444281607e-01
5.922648482492158806e-01
6.601412732340157241e-01
6.739066585039631407e-01
6.989497626135137143e-01
6.479337848044472992e-01
6.281216232340399719e-01
6.393544422464813026e-01
6.634993616365189029e-01
6.238909189951376000e-01
5.944329086712860644e-01
6.176428685882442426e-01
6.338119085384786855e-01
6.066971892597488036e-01
6.158243549238198167e-01
6.294437587871717366e-01
6.557821305814690582e-01
7.013927133418267346e-01
5.584565994853997184e-01
6.156268205525369241e-01
6.490756124433959551e-01
6.770699360602581152e-01
5.697730591353081797e-01
6.601307691458574434e-01
6.531211509499033063e-01
6.410908915750108683e-01
6.192517033210248600e-01
6.946308560180876057e-01
6.802205710209974221e-01
6.838473116644305794e-01
6.875981129193162733e-01
6.353361966104986713e-01
6.275619170241175659e-01
6.745735684615681294e-01
7.593993016786598771e-01
7.450013392733850770e-01
6.644277590766374253e-01
6.218726869799616752e-01
6.179842713685058664e-01
7.305222504416485352e-01
7.078891283762439590e-01
6.909087202822209450e-01
7.270421458842175610e-01
6.733262813482374654e-01
6.436326361132199692e-01
6.465627056596393585e-01
6.926860123095585076e-01
7.804416821350815825e-01
7.201882172295872575e-01
6.372487277111812398e-01
6.461609162382416782e-01
6.608375887667795601e-01
7.225048791896871991e-01
6.991649862817105321e-01
6.877734824841962302e-01
6.874121139330621189e-01
6.344462800204241359e-01
6.252850814700909865e-01
6.725916378584537725e-01
7.518696192155931435e-01
7.363112244591377697e-01
6.476764035834594591e-01
6.197314661869551822e-01
6.667577137952749311e-01
7.569367114963960752e-01
7.242445936280231811e-01
6.775754630591358518e-01
6.850430130313031052e-01
6.580481329025199555e-01
6.400499607559839710e-01
6.668015258706523340e-01
7.121623537816557103e-01
7.497091605453648500e-01
6.786029728466314026e-01
5.655269760155692271e-01
5.903445102139166512e-01
7.270681671159399118e-01
7.368589121420824339e-01
6.800519718052639995e-01
6.577479235983476613e-01
6.086966335255016292e-01
7.028112112499489417e-01
6.928191647906634110e-01
6.822723068246012712e-01
7.195662303651159108e-01
6.620315114342474327e-01
5.992216589653694969e-01
6.440289797595742938e-01
7.158311395238105002e-01
7.660897002183117976e-01
6.991363324653737665e-01
6.180299243565171574e-01
5.986615011098441741e-01
6.898759692793232645e-01
7.073164019426497751e-01
6.765289473390559971e-01
6.866748321290162549e-01
6.491306477437497335e-01
6.339047720634731764e-01
6.604654022086537957e-01
6.664223523680861128e-01
6.074034705850022142e-01
6.496859139188700949e-01
6.726855338781062565e-01
6.339460909066462202e-01
5.780385909984359083e-01
6.577829100546463970e-01
6.732887613185544184e-01
6.587684045503046093e-01
6.903156591136244691e-01
6.325374045302136761e-01
6.352470182625942208e-01
6.645306248124738246e-01
7.036671713248056070e-01
6.959815686191898054e-01
6.168406376243138478e-01
6.261447321646618214e-01
6.592867931690652439e-01
6.294470567670633621e-01
5.896439318002879570e-01
6.199803517265763952e-01
6.325184017608727061e-01
6.321014706737798639e-01
6.126178243513740185e-01
6.396267653103200335e-01
6.438525520290697690e-01
6.995736291369250015e-01
6.524254999140194355e-01
5.620937289184215757e-01
6.305387234164095966e-01
6.869846411993429935e-01
6.472026840624375277e-01
6.150418317359243048e-01
6.606766962761095874e-01
6.920589183474846751e-01
7.179587908698454868e-01
6.475978941236721909e-01
6.260511985471396423e-01
6.556005567677769541e-01
7.062287200129734321e-01
6.547518502118987449e-01
5.892273464182264942e-01
6.136319289513523234e-01
7.231318842298138927e-01
7.575116277437737855e-01
6.699624392094855052e-01
6.283888202673100221e-01
6.109807078230971022e-01
7.154714260758293642e-01
7.276747950567642453e-01
6.675705760644976561e-01
6.656884869827555118e-01
6.491038193647309384e-01
6.217728217098540400e-01
6.657899063151347940e-01
6.996050119271770562e-01
7.124157363289057576e-01
6.392972947178189314e-01
6.258707072355855772e-01
6.500305728172005582e-01
7.014307321151050933e-01
6.468763186001782461e-01
6.182165207251786310e-01
6.405459940646612838e-01
6.960457851645788230e-01
6.696031397298729537e-01
5.686863916566491373e-01
5.952574462596450511e-01
6.954706856014291061e-01
7.360219399174364741e-01
6.228589994643085603e-01
6.025813182323280781e-01
6.682896981369266243e-01
7.286918663560222331e-01
6.617221812800042624e-01
6.049618133458878333e-01
6.180709754999650363e-01
7.220458406891044900e-01
7.233513422193106335e-01
5.689104097099378921e-01
5.615777039405860371e-01
6.694791271944423583e-01
7.378501939145015731e-01
6.814409305689915763e-01
6.273774834033879477e-01
6.345058518184634178e-01
7.172285857097487893e-01
7.257985657231476040e-01
6.773551988219130848e-01
6.611120833817163422e-01
6.490636731865846443e-01
6.519914850636616688e-01
6.613283794964357476e-01
7.148666033231493300e-01
7.592361240783672693e-01
6.915532198089355820e-01
6.308339068572448305e-01
6.026382566139609764e-01
7.021318431870875454e-01
7.545151336199730219e-01
7.041980543578435503e-01
6.990474252056104731e-01
7.058962889013531417e-01
6.494457965947166844e-01
6.557551204100670050e-01
6.507952351749800579e-01
7.375797998986649562e-01
7.820138543922775520e-01
6.957897755698575493e-01
6.565032119381081221e-01
6.485293760114915207e-01
6.874374647157295293e-01
7.174160829660771732e-01
6.935615427668340160e-01
7.294182315665225236e-01
7.545153779679325545e-01
6.608438474054573186e-01
6.271066818407821097e-01
6.537824959645207601e-01
7.389178951388524208e-01
7.580235749079730079e-01
6.913666585285352939e-01
6.648038787995547150e-01
6.712351870143578036e-01
6.530002698276397011e-01
6.684094373456438420e-01
6.984198220992507977e-01
7.565117801651285445e-01
7.513451210723978146e-01
6.535042518029808845e-01
5.859808697657628018e-01
6.487175430119123121e-01
7.271433547741426029e-01
7.179678758039850228e-01
6.978053336111632587e-01
6.977949972582881966e-01
6.608017802124244167e-01
6.409284486128470348e-01
6.319987190992749637e-01
7.115854472932219288e-01
7.807549478437263435e-01
7.280213223364443431e-01
6.664058827324507162e-01
6.323018625348383326e-01
6.621005672753882410e-01
7.023885917928753830e-01
6.892851523901853961e-01
7.221495518402336611e-01
7.685667450184693328e-01
7.181631684687836970e-01
6.447098103491986087e-01
6.227566991635430371e-01
6.939002098030144783e-01
7.542356458676944264e-01
7.223594600788840747e-01
7.120768456576002103e-01
7.378571031160603422e-01
7.020120260932992684e-01
6.517624201002394368e-01
6.374335906133059559e-01
7.071936793947353195e-01
7.837937364686682340e-01
7.410522738381970509e-01
7.010022318618046588e-01
7.071772483689864330e-01
6.825378579219247843e-01
6.737174804865422306e-01
6.500395461431722754e-01
7.116632773325523020e-01
7.915649327916434164e-01
7.540857816609020103e-01
6.966164363859597142e-01
6.719097895661032549e-01
6.637262233089279428e-01
6.765571239335350651e-01
6.633148429697279802e-01
7.109867351425509518e-01
7.785623303783053561e-01
7.674311352114187024e-01
6.920531147609826350e-01
6.389692385140578468e-01
6.627982409383046392e-01
6.845547925917361276e-01
6.937714578854430325e-01
7.104369384591888714e-01
7.601044273269647045e-01
7.734055844584516448e-01
6.868876489617169456e-01
6.256368143533171944e-01
6.587986231192816122e-01
7.062342301490007745e-01
7.233221032200162215e-01
7.105243000370885520e-01
7.389417668620427149e-01
7.587664356621468542e-01
6.803652227633004701e-01
6.169624229439916174e-01
6.499937759679808025e-01
7.293389921696494804e-01
7.524271163452898037e-01
7.164267400423712795e-01
7.119102660289015061e-01
7.236646148840866211e-01
6.684483140611232610e-01
6.157189018425588412e-01
6.601302714677742545e-01
7.385254851850669988e-01
7.754612011111758907e-01
7.166594818108625864e-01
6.699726772237984962e-01
6.752072295147407699e-01
6.493221439546760232e-01
6.519600023090389440e-01
6.831820338231825440e-01
7.398772172971300742e-01
7.790942408312886425e-01
7.002130918746282129e-01
6.185163572771995577e-01
6.393615685697515705e-01
6.766126771666721718e-01
7.108396294343303223e-01
7.027250327397757124e-01
7.199705543448327028e-01
7.335498194273185613e-01
6.486720059160647756e-01
5.902495308294289922e-01
6.515586398953058245e-01
7.431153646752954867e-01
7.570660265848844217e-01
7.013423676460472933e-01
6.735351262277075035e-01
6.572430817058360075e-01
6.676689632630997684e-01
6.630024183700685692e-01
6.897361860712523107e-01
7.590903106465848316e-01
7.376942507947730210e-01
6.548642479506600056e-01
6.275893037220285908e-01
6.508017123503623269e-01
7.522005683668618881e-01
7.257924467659723211e-01
6.942809837937944373e-01
7.235447971156497848e-01
6.845227084898269920e-01
6.531931870959415409e-01
6.513768074650819750e-01
6.905836500318001114e-01
7.846627025787402676e-01
7.401358246530458374e-01
6.641129014493868388e-01
6.686680216421727607e-01
6.463371686312777697e-01
7.045395782905804483e-01
6.922543991640477401e-01
7.061605932260626162e-01
7.670462544295904017e-01
7.183543905644751426e-01
6.309881414525598808e-01
6.343681996856962435e-01
6.816267228302097525e-01
7.560865461153898348e-01
7.188284735988509366e-01
6.825687951415445598e-01
6.925619442193773345e-01
6.602545999753528516e-01
6.353721664180477235e-01
6.610736789529425561e-01
7.267055023813420167e-01
7.749975203516199507e-01
7.123340354057909884e-01
6.306011348134726857e-01
6.075628495848670596e-01
6.944093022296101703e-01
7.135055415379891741e-01
6.950376888802980435e-01
7.128121423592040928e-01
6.936803559898203630e-01
6.550740055261671246e-01
6.329664111656683190e-01
6.614871987774680884e-01
7.669970473869675009e-01
7.576627514787895867e-01
6.773315921336658940e-01
6.576910324950059339e-01
6.297493628251301656e-01
7.082114471785461163e-01
6.983746845036626905e-01
6.942785794894272833e-01
7.504678844954277839e-01
7.303634358411739136e-01
6.439561354802455506e-01
6.298675867301135600e-01
6.660770398112417778e-01
7.615859037676493415e-01
7.348901333975688122e-01
6.752639865410087205e-01
6.761356367034114800e-01
6.641721291743094557e-01
6.621025024320785768e-01
6.748463750460151900e-01
7.138203980148554173e-01
7.682924645019743037e-01
7.232394786296908462e-01
6.222363647486158778e-01
5.989653868368298717e-01
6.908116293786589202e-01
7.354406019837398389e-01
7.000835029065851645e-01
6.826038716929393457e-01
6.474377548200969112e-01
6.588957552543531770e-01
6.765422471924543713e-01
6.720330116184203284e-01
7.312928445396446042e-01
7.137161090295753851e-01
5.901231044088832700e-01
6.240433265658771322e-01
6.841156604774660810e-01
7.608897639378340294e-01
7.208430300258947820e-01
6.224535323864672787e-01
5.926801391936886709e-01
6.626596431809034238e-01
6.959725448186762087e-01
6.850354045432781591e-01
6.949872876698320878e-01
6.830663145209726617e-01
6.336331420412995019e-01
6.449268406101633655e-01
6.683694208573188744e-01
7.104006598982373077e-01
6.586455844759433464e-01
6.060058398117846856e-01
6.287594595290486588e-01
7.304408628619608601e-01
7.643606741035784413e-01
6.799584257530738585e-01
6.383877521161447355e-01
6.157736884199797034e-01
7.035507943582371970e-01
7.227774610544613898e-01
6.805939232995897870e-01
7.010745052919231668e-01
6.943493270041908305e-01
5.964417959414932691e-01
6.528507406356514053e-01
6.955042655849141831e-01
7.566598868127976107e-01
7.221461276326672785e-01
6.004842406537110877e-01
5.831494888799555465e-01
6.817749440385141302e-01
7.306055524146385372e-01
7.065844340715417005e-01
6.891020913113358182e-01
6.816559549121831152e-01
6.501219301884859636e-01
6.496944599311870183e-01
6.613359474715353459e-01
7.205652658888130890e-01
7.202122698919181110e-01
5.944975182825495974e-01
5.697879778753941471e-01
6.714981189715542031e-01
7.230264943492694663e-01
5.946601591023003008e-01
5.855099812283416361e-01
6.484093644825690284e-01
6.972588340804621865e-01
5.753892998503309375e-01
6.358204020490049180e-01
6.617406638296023935e-01
6.817269155957811355e-01
6.091356827179797984e-01
6.455661942779555851e-01
6.474595007317506257e-01
6.837929225686816270e-01
6.451647809491347640e-01
5.995136880136768820e-01
6.299733337707758007e-01
6.899534056857226094e-01
6.943844271779802124e-01
5.686144741889970211e-01
5.887048332681427132e-01
6.698363927689711117e-01
7.074488938091741952e-01
5.688514208170623032e-01
5.939012757100466944e-01
6.474652585377500547e-01
6.414845552969939968e-01
5.497595563233300675e-01
6.235079725559184993e-01
6.315709141118253100e-01
6.243300052659854771e-01
5.963760160287882028e-01
6.871311886941290359e-01
6.459223861817560142e-01
6.185936235094260383e-01
5.939216990600457713e-01
6.769369109936611562e-01
6.292829195336502313e-01
5.796329631247151282e-01
5.637363226132606764e-01
5.759730939871534616e-01
6.165542203530302023e-01
6.294090489283786782e-01
6.132284037426168899e-01
6.116867840613333662e-01
6.457148170481818994e-01
6.348637284965799044e-01
6.079618121255107033e-01
5.802772130820158525e-01
6.610900589858244025e-01
6.174620817480914736e-01
5.700952361432356508e-01
5.731348065832002625e-01
6.882351036379789067e-01
6.081664176851779846e-01
5.591952261540666935e-01
6.688534096515869054e-01
7.268430305996969043e-01
6.394015400140855565e-01
5.692337621622814980e-01
5.660427592532489838e-01
6.948310111230056041e-01
5.956170862150651502e-01
4.977158840799243977e-01
5.572405960644701839e-01
5.256854501684348202e-01
4.546031574624038174e-01
4.879458559609785029e-01
5.192155062931984588e-01
5.330713543226920370e-01
4.532878520680260204e-01
4.979830977048051444e-01
4.990914326027093284e-01
4.901820415912235274e-01
4.543673572980899134e-01
4.925860712147375198e-01
4.846697759028705255e-01
4.495854326776144716e-01
5.211169808842922579e-01
4.197395820477710648e-01
5.230596852460408508e-01
5.036150797755080122e-01
4.807832243589231225e-01
4.706822081995014062e-01
5.691915689006565859e-01
6.186866856161742367e-01
6.139083528614551755e-01
5.680454626953143071e-01
5.503188881349048156e-01
5.670970665731117633e-01
5.157312827808758771e-01
6.016961208454238985e-01
5.739229534240093411e-01
4.746269560967267265e-01
5.123978767856846028e-01
4.635358523945077303e-01
5.279784704532136663e-01
5.182457799437268919e-01
4.776739072020536603e-01
4.884723039278030532e-01
5.590674291890074254e-01
6.137536058294883468e-01
5.889366818983851060e-01
5.444298609151403401e-01
5.820787222178243070e-01
6.049050183703713612e-01
5.540510582760865832e-01
4.839854521861154391e-01
6.519175899626952209e-01
5.147162007639622949e-01
5.115674706151381868e-01
5.124874704991613239e-01
6.475869470403253780e-01
4.977535605905458738e-01
5.092399709009310937e-01
5.538249104441108628e-01
5.923844090845619137e-01
5.625212594951246592e-01
5.661471396831715408e-01
5.879988038089248858e-01
5.482801725300788798e-01
5.798375542232283575e-01
5.817603190410739478e-01
5.931428097650170983e-01
5.450115688332116681e-01
5.581561631743273688e-01
5.210977416391785466e-01
5.887118924776560958e-01
5.728051011558690231e-01
5.420268703581321290e-01
4.961183765033800319e-01
5.846918063709292124e-01
6.173859108982726607e-01
5.104942713488466177e-01
4.844330766291127799e-01
5.297536815119162634e-01
6.257393036274492282e-01
5.459570810519946971e-01
5.182046280592269571e-01
5.558102425948880931e-01
5.714099707924252813e-01
6.053535852337398326e-01
5.834312385362789843e-01
4.981773118164141145e-01
5.975218247296953944e-01
6.145878058038699576e-01
5.359429424840667089e-01
4.847199095256560231e-01
6.251281449463376161e-01
5.745435822869564557e-01
5.410376384454432808e-01
5.211685738758996544e-01
5.819904015463169822e-01
6.237497486763413646e-01
5.552623131347098617e-01
4.769961508830493635e-01
6.243178667080787614e-01
5.779762896373366043e-01
5.179237669254525001e-01
5.216126505138864999e-01
5.822123187300487501e-01
6.239064672539741396e-01
5.711834091977997518e-01
4.687436089139259687e-01
6.174560971273302945e-01
5.918131711837246733e-01
5.086087752524868222e-01
5.108758388647192117e-01
5.992691230025326554e-01
6.011146322559474120e-01
5.695124641458171322e-01
4.901260012811599620e-01
5.818999384067170544e-01
6.291389140382181999e-01
5.342317184899467719e-01
4.916686527143988572e-01
6.108849485824029424e-01
5.961862170526459614e-01
5.478727098459943434e-01
4.938850934427291839e-01
5.868638068275598973e-01
6.192643197300773394e-01
5.300022760779967701e-01
5.009636544477278353e-01
5.925064357785804203e-01
6.117716995289779192e-01
5.499789467405196142e-01
4.911932762515204276e-01
5.916337463736671687e-01
6.153666740509790012e-01
5.361034193497949962e-01
4.982358527930121350e-01
5.939698316222529195e-01
6.082929550642151018e-01
5.430027127928490627e-01
5.007582326216196700e-01
5.819050534272629527e-01
6.189764593795851200e-01
5.500595388402480523e-01
4.926597040020507801e-01
5.908038866624596430e-01
6.033805177289101040e-01
5.321726244589594090e-01
5.120526824691163936e-01
5.762272831408512541e-01
6.122497400054005556e-01
5.611080252166932292e-01
4.913899830009809677e-01
5.796651301823294578e-01
6.078686620148308073e-01
5.308457658761446263e-01
5.237229177707504180e-01
5.771222335125280045e-01
6.021315332597659831e-01
5.706988065553557643e-01
4.905819274820458209e-01
5.708043142789294144e-01
6.073068833156776147e-01
5.154585876549857559e-01
5.396936117233437358e-01
5.864250487272695267e-01
5.743976666265018238e-01
5.773029943117021778e-01
5.009780195927838742e-01
5.487221701644603433e-01
6.219768056072541018e-01
5.364189899427860286e-01
5.330899749591198056e-01
5.774648011764399458e-01
5.791673795905381006e-01
5.815886159637307928e-01
5.004973508405848870e-01
5.508010706492179054e-01
6.021372809602620890e-01
5.296419971067456434e-01
5.500243081782161259e-01
5.723040371366048262e-01
5.654442831459014496e-01
5.950000348055926036e-01
5.046626544208147047e-01
5.336799710512545314e-01
6.139507631260763265e-01
5.322301019387937204e-01
