1.000000000000000056e-01
8.786967641549259245e-02
7.496800190877210557e-02
8.449452935303526646e-02
9.950824443552350185e-02
9.125677250730275525e-02
7.582470814043791585e-02
8.136115409974721546e-02
9.804745394542858927e-02
9.435330758628619752e-02
7.751606608551728228e-02
7.866405506013207649e-02
9.580936114107491131e-02
9.699265973400394980e-02
7.989211072070728781e-02
7.661189930238157531e-02
9.290386791246153797e-02
9.885511547100432617e-02
8.283113010505507856e-02
7.530108865819225283e-02
8.964569768328965738e-02
9.987100586316799422e-02
8.610602763558401762e-02
7.485970724166740586e-02
8.623207546232994347e-02
9.988765343136314645e-02
8.952576514023373455e-02
7.527087213061492421e-02
8.294647209308024516e-02
9.891241060796109041e-02
9.278774047767709976e-02
7.654999582318522400e-02
7.999410473870058325e-02
9.707504622437417019e-02
9.571683180248019562e-02
7.857911414430242270e-02
7.759457062647273640e-02
9.446656662915985103e-02
9.797946773441497392e-02
8.125452449236857111e-02
7.587586792145832593e-02
9.137774080398222698e-02
9.947555450742776029e-02
8.437705143754520298e-02
7.498751547367119019e-02
8.800191870425203011e-02
1.000026242711795632e-01
8.775736060319219711e-02
7.494462079113471675e-02
8.462397616128493338e-02
9.953366686364280291e-02
9.112223524407601916e-02
7.579075530139602057e-02
8.146943571599464529e-02
9.814304940251748766e-02
9.427362646694160964e-02
7.743791520796237948e-02
7.876438546798733564e-02
9.588872553308515345e-02
9.688688385027832695e-02
7.980124287300467689e-02
7.666905265296451721e-02
9.303609193983165826e-02
9.882238503611177893e-02
8.271608812491354490e-02
7.534837821642147160e-02
8.976730269765946513e-02
9.985235657239545370e-02
8.599221149991290170e-02
7.485380890057992398e-02
8.636125614526946048e-02
9.989534343504370695e-02
8.939488908023596192e-02
7.525204939094204404e-02
8.306137163678276036e-02
9.898983128391380948e-02
9.269707067158287905e-02
7.648925804410863782e-02
8.010006766350295793e-02
9.713707981529724755e-02
9.560586960946078350e-02
7.850005568504465903e-02
7.766436580106764187e-02
9.458766427474034344e-02
9.792966521739726593e-02
8.115395223531218782e-02
7.593562946521530133e-02
9.148978647422685573e-02
9.944127717583933768e-02
8.426562069044314651e-02
7.499890754979751661e-02
8.812835057337302380e-02
9.999005916710432262e-02
8.763431202799606967e-02
7.494129278004446615e-02
8.474344633058264464e-02
9.959598281081789850e-02
9.102118506946868526e-02
7.574713368469408736e-02
8.158013850747926343e-02
9.818473854948965573e-02
9.416094343606118411e-02
7.737027572449302337e-02
7.884746870545819575e-02
9.600312075530804956e-02
9.681806856108593484e-02
7.971437523279824300e-02
7.674146064138263890e-02
9.313849290893136401e-02
9.877698445749490130e-02
8.260807958076550606e-02
7.537603390512820356e-02
8.989066980474352819e-02
9.981728595944530658e-02
8.587905686220433099e-02
7.486573723523821944e-02
8.648188800861481007e-02
9.994511550378580578e-02
8.928375099300307760e-02
7.522430504179444810e-02
8.317684492454563427e-02
9.900741795765644060e-02
9.258514801429278129e-02
7.643469764812926837e-02
8.019340113282369398e-02
9.724413059094881573e-02
9.551932869030160811e-02
7.842647254044206317e-02
7.774813278122834348e-02
9.467490922190169300e-02
9.787457174625392720e-02
8.105017529564137457e-02
7.597998099564595709e-02
9.161538996623967701e-02
9.938355762361901491e-02
8.415944328313663958e-02
7.502610073854060202e-02
8.824843292248128745e-02
1.000289146185157074e-01
8.751858908296700212e-02
7.492992293835364082e-02
8.486485800778466315e-02
9.958948860359392863e-02
9.090971142646006586e-02
7.570730129855290924e-02
8.168283614957690120e-02
9.828727885437814338e-02
9.406038756340499851e-02
7.731004524308911219e-02
7.894317571012872403e-02
9.607221523175613065e-02
9.675381267403540542e-02
7.962018153658910469e-02
7.679960222057301278e-02
9.326164805376969957e-02
9.870013284996503877e-02
8.250950872591751584e-02
7.541986322191708558e-02
9.000886352381982924e-02
9.984240091855858812e-02
8.576146496884332060e-02
7.487091081280733418e-02
8.661082366722445969e-02
9.991701735918670502e-02
8.917055702595878819e-02
7.519996544303060582e-02
8.328877837564269138e-02
9.910225078442067015e-02
9.247466576378650382e-02
7.638711089802555088e-02
8.030234137231342939e-02
9.729709780035059041e-02
9.544193772033919554e-02
7.834308126192374155e-02
7.781989564310794194e-02
9.479459034354362212e-02
9.778390386279783852e-02
8.096019207574542409e-02
7.603853845752385487e-02
9.172443744693555001e-02
9.939069073705363022e-02
8.404717542160314303e-02
7.504584967632142722e-02
8.837485006548297106e-02
9.998088871235526198e-02
8.740657462277948153e-02
7.492158254625072566e-02
8.497720339606061601e-02
9.966761528460017783e-02
9.079627939773796119e-02
7.567340975870023856e-02
8.179742001041837018e-02
9.831976260433542003e-02
9.397079743357218684e-02
7.723993525886782563e-02
7.902271834738087974e-02
9.618013724790931696e-02
9.665443709587286103e-02
7.953930354520535873e-02
7.687070247577279525e-02
9.336311458163354393e-02
9.868403515106820290e-02
8.240180765637619698e-02
7.545311185838478318e-02
9.013087062192585985e-02
9.977995177375799385e-02
8.564878159008040837e-02
7.487702089725882526e-02
8.672533274900606770e-02
9.997332259904015417e-02
8.905516950849173829e-02
7.517991405036632269e-02
8.340751862381629023e-02
9.911990565760353533e-02
9.237123230364871485e-02
7.632865861713000744e-02
8.039291461660716398e-02
9.738960605189883601e-02
9.533649453840747912e-02
7.827130189227556045e-02
7.790443576763343703e-02
9.489272063348289099e-02
9.774338933406678809e-02
8.085768711853300039e-02
7.608749330342384765e-02
9.183919391934505794e-02
9.931743420554672852e-02
8.393671860143900321e-02
7.506807638353703294e-02
8.849909283820586725e-02
1.000147115375463885e-01
8.728919652512297234e-02
7.491822145827123358e-02
8.510167671250641608e-02
9.967494042823943357e-02
9.068376328647817508e-02
7.562906984680657640e-02
8.190300293562763345e-02
9.839687260430732274e-02
9.385977165756213825e-02
7.718159216807986278e-02
7.912209528452615603e-02
9.627695571393299345e-02
9.659308289982111717e-02
7.944465625170316070e-02
7.693781078258266071e-02
9.346924906036718772e-02
9.860205896911934664e-02
8.229793739648778861e-02
7.549235558984934702e-02
9.026312642600578529e-02
9.979078708015026722e-02
8.553210082345934218e-02
7.489216908095387704e-02
8.684960594146827473e-02
9.996858715293902020e-02
8.894010527830537027e-02
7.515088813446768601e-02
8.352480981012766481e-02
9.917702360731472933e-02
9.225647295799402348e-02
7.628713585952261178e-02
8.049874143506755009e-02
9.747783184688978142e-02
9.525928257831066392e-02
7.818674702153802225e-02
7.798524925032886135e-02
9.498095304638951020e-02
9.765077738233640670e-02
8.076607168731220199e-02
7.613921854279398493e-02
9.197184445785772100e-02
9.930725640948234734e-02
8.382248474303743979e-02
7.509965761604908696e-02
8.861473157318408567e-02
9.999192902640445524e-02
8.717392752858175997e-02
7.490295510095724973e-02
8.522849004045159049e-02
9.971191315269374578e-02
9.056219945607831001e-02
7.560260282955977296e-02
8.201378851980745122e-02
9.847234513133300282e-02
9.377077957116745910e-02
7.710664106150733055e-02
7.921643205483225314e-02
9.634850624253435414e-02
9.648796675292500846e-02
7.936493570914342210e-02
7.700141524899180301e-02
9.359947447836719503e-02
9.857544390146402713e-02
8.218857576643139040e-02
7.554029146601601297e-02
9.036946390151660846e-02
9.974847682938754734e-02
8.542312394104366324e-02
7.489161626713844444e-02
8.698070336826160820e-02
9.998941493528687441e-02
8.881433814903427759e-02
7.514098031942423317e-02
8.363944896465747014e-02
9.923503388048215967e-02
9.216057957024280378e-02
7.622487183350651341e-02
8.060624695760464087e-02
9.753708846078132377e-02
9.514182984175327540e-02
7.811944952096490369e-02
7.806172228085014875e-02
9.510614614512366560e-02
9.760983331923386852e-02
8.066205799027691137e-02
7.620348781570655816e-02
9.207271650947471131e-02
9.924353893387120873e-02
8.371657545763357133e-02
7.511484462386211480e-02
8.875034469442241725e-02
9.999962522122207709e-02
8.704854956587050607e-02
7.490971259000712978e-02
8.534380082354743602e-02
9.974757391010539986e-02
9.046251785807138401e-02
7.555544212597969933e-02
8.212785520720358723e-02
9.851742002436042478e-02
9.364451403461067358e-02
7.705235521645061036e-02
7.930405090749791108e-02
9.646191804446678508e-02
9.643309301861777150e-02
7.926966998343976112e-02
7.708007396109388398e-02
9.369386667719246942e-02
9.849189861950512215e-02
8.208709637169478435e-02
7.557193913914224404e-02
9.050484478750088491e-02
9.974204249256907184e-02
8.529983542846721056e-02
7.491447858871314036e-02
8.710263001933447879e-02
1.000032616229998839e-01
8.870749796105108220e-02
7.511009085618834680e-02
8.376270544864600209e-02
9.926778095644465949e-02
9.202912919048368556e-02
7.618325880347905088e-02
8.070728489169486097e-02
9.763763047050968980e-02
9.507153892046926735e-02
7.803611649060360200e-02
7.815421803335870221e-02
9.519281470987067673e-02
9.751121093140296958e-02
8.056549495610124123e-02
7.625296230631360694e-02
9.220689684068618386e-02
9.921917046921704952e-02
8.359790868242091000e-02
7.515464963577730972e-02
8.887726061546556700e-02
9.999405979224496033e-02
8.693362117797794053e-02
7.489672375683156802e-02
8.547571278810442430e-02
9.976513966516782628e-02
9.032901669115389609e-02
7.552746865476339666e-02
8.224454704421560458e-02
9.860672588160568353e-02
9.355606356607298890e-02
7.698319008740404923e-02
7.940894329869646606e-02
9.653603305451081973e-02
9.632524178076870558e-02
7.918093581667458303e-02
7.714551876490756410e-02
9.382127793374468727e-02
9.844653593821153792e-02
8.197914521104741892e-02
7.562542169821234728e-02
9.062545401369376252e-02
9.971887476469672162e-02
8.518240454188810706e-02
7.491779550637958640e-02
8.723093672669628151e-02
9.999705752048317076e-02
8.857940508430012239e-02
7.509643013701747249e-02
8.388183403582205599e-02
9.934100912996980670e-02
9.192798875562196992e-02
7.613072654187533206e-02
8.081602365689495582e-02
9.768863348851228312e-02
9.496048724223420112e-02
7.795862529437128097e-02
7.823230824820305573e-02
9.531312663518870520e-02
9.744512650705552947e-02
8.047088057756969504e-02
7.631940165474945803e-02
9.231768638076809363e-02
9.918377532521974183e-02
8.348234975955418080e-02
7.517467027826395254e-02
8.900459302940827433e-02
9.996298762257867232e-02
8.681347716958004446e-02
7.489911587003812710e-02
8.559809967648532303e-02
9.982699831112787359e-02
9.021677304314119905e-02
7.549134701452828167e-02
8.236022017255743843e-02
9.863427449118003509e-02
9.344585619942494259e-02
7.691975315441124117e-02
7.949832918094558443e-02
9.665121320407568661e-02
9.624091943536577931e-02
7.910002118977560448e-02
7.722544345498377760e-02
9.391786551505225400e-02
9.840141938423974111e-02
8.186976182374609834e-02
7.566214448069896736e-02
9.075323858371289742e-02
9.966583578333938764e-02
8.507113658283131652e-02
7.493724868823430085e-02
8.735522492065236899e-02
1.000486009951963157e-01
8.846100387652316988e-02
7.507717701548091704e-02
8.400749728268819272e-02
9.934559747524243645e-02
9.181436519268117158e-02
7.608148699389877256e-02
8.091893266740288193e-02
9.780157072810137520e-02
9.486032033412235276e-02
7.788856369872414198e-02
7.832834823192698359e-02
9.539595946426823736e-02
9.738720516114902914e-02
8.036862786321599672e-02
7.637274407255835451e-02
9.244733147042147325e-02
9.911116206875406065e-02
8.337620120532432400e-02
7.521120936798009193e-02
8.912780869515701809e-02
9.999957934306272223e-02
8.669304514727273203e-02
7.489563970264269399e-02
8.572910542038353343e-02
9.980849028075775009e-02
9.009991082430156284e-02
7.545779398405765004e-02
8.247020032777481469e-02
9.873654299847373084e-02
9.333513590069941745e-02
7.686241961454236271e-02
7.960481453688336706e-02
9.671551152355080394e-02
9.616783404436390903e-02
7.900758583246555999e-02
7.729201341272123882e-02
9.404409171730153394e-02
9.831333825177573926e-02
8.176985947717613223e-02
7.571483221649054351e-02
9.087238357733824767e-02
9.968193811234277169e-02
8.495264956504863796e-02
7.494972145065957603e-02
8.748660367006308447e-02
1.000111840006100566e-01
8.834328740547121861e-02
7.506030817498281216e-02
8.412147492363046541e-02
9.943095027879671199e-02
9.170143645617236106e-02
7.603938107435487259e-02
8.103296569195998778e-02
9.784832795082654133e-02
9.477481343268555347e-02
7.781198407897542413e-02
7.840430354063367135e-02
9.550856617011539706e-02
9.729284833540183253e-02
8.028030890265371033e-02
7.643806096081086354e-02
9.255761045717207647e-02
9.910428221301414986e-02
8.326575325789008220e-02
7.523860284178288116e-02
8.925290399436977551e-02
9.994834192307265608e-02
8.657814368708806330e-02
7.489483173442670894e-02
8.584694274097291744e-02
9.987314437717705051e-02
8.998534587859338685e-02
7.543078315184637006e-02
8.259108663649487869e-02
9.877073946690388684e-02
9.323487044168758675e-02
7.679706940618545585e-02
7.969574363504189352e-02
9.681518310406915517e-02
9.606491221866303443e-02
7.892797754444458302e-02
7.737209237993351862e-02
9.415293649169804990e-02
9.828145371910934625e-02
8.166265459997198994e-02
7.575944004111299923e-02
9.099450099772612988e-02
9.961798987510407655e-02
8.483461202226669218e-02
7.496426475291036173e-02
8.761742767331778814e-02
1.000521003795081798e-01
8.822096401161409751e-02
7.504884581084719786e-02
8.424955531450584179e-02
9.945417883676177517e-02
9.158674056534192587e-02
7.598512682874955515e-02
8.113991072492009182e-02
9.793265415439895982e-02
9.466056453022257677e-02
7.774222216413102793e-02
7.850075974057700579e-02
9.561904604035803557e-02
9.723534534364128290e-02
8.017551024165132934e-02
7.650177291329968154e-02
9.267207819509259981e-02
9.902730486307564917e-02
8.315164514484549296e-02
7.527025403316520147e-02
8.939204745777069860e-02
9.996559366422656800e-02
8.645327129101959551e-02
7.490102971706340262e-02
8.597492124227361365e-02
9.988108187151666095e-02
8.986438537511390323e-02
7.539066714737886754e-02
8.271032185588506058e-02
9.883414670909310140e-02
9.311455954307094884e-02
7.674412106169926917e-02
7.979958952207050205e-02
9.691646086469019039e-02
9.599176810083979994e-02
7.883281216388055013e-02
7.745164726288192303e-02
9.425226097755783072e-02
9.819095126908383708e-02
8.156045132982205070e-02
7.580542829257513882e-02
9.113436091650797821e-02
9.961561167105363601e-02
8.471284322181210635e-02
7.498975128367056653e-02
8.774050571805101784e-02
1.000417020700084120e-01
8.810297258238670992e-02
7.502450248071279582e-02
8.437838964710617229e-02
9.949994283118882010e-02
9.145961341732558592e-02
7.594953170770286921e-02
8.125103227869316658e-02
9.802177997865495207e-02
9.457644524248175200e-02
7.765801071050608406e-02
7.859494416226847635e-02
9.570279433502275335e-02
9.713038062379561466e-02
8.008617605099793701e-02
7.656109224956707260e-02
9.281109391492650684e-02
9.900787299090564597e-02
8.303308536741860202e-02
7.531258489190056915e-02
8.950877289138738091e-02
9.993290251407789537e-02
8.633669472746634266e-02
7.489270801640270092e-02
8.611194425382259765e-02
9.991123444015231891e-02
8.973172130864873197e-02
7.537191014361074859e-02
8.282708656745485509e-02
9.890421163883388045e-02
9.302151014633633364e-02
7.667235232098558451e-02
7.990699029324048464e-02
9.698722422513854358e-02
9.587232304399488647e-02
7.875525790896366340e-02
7.752476806588093350e-02
9.438427365801749236e-02
9.815633378672809772e-02
8.144673648302241942e-02
7.586437473916714247e-02
9.124676073487487937e-02
9.955852191745179214e-02
8.459825458659089858e-02
7.499692175720941434e-02
8.788017527167878151e-02
1.000568584172673303e-01
8.796749688284641322e-02
7.502203921797305497e-02
8.450098576316050769e-02
9.954830959905840160e-02
9.135841441418382503e-02
7.589234766540904620e-02
8.136891791714630229e-02
9.807955533328763242e-02
9.444666675511396992e-02
7.759358587352195580e-02
7.868078613727258475e-02
9.582370089721167772e-02
9.708243328964341612e-02
7.998334649211821801e-02
7.663548650421794783e-02
9.291623286810349325e-02
9.893254039352011864e-02
8.292601698726503878e-02
7.533781698137026472e-02
8.964668545827425561e-02
9.993349511263593943e-02
8.620959679028285250e-02
7.490693916176631439e-02
8.623494255011676657e-02
9.993694950548602518e-02
8.962729092483401327e-02
7.533329387709741809e-02
8.294752716871428566e-02
9.894576384883975451e-02
9.289079220610241272e-02
7.662226966415196239e-02
8.000288154169872545e-02
9.709343556546855269e-02
9.580883112567949167e-02
7.866692309424735963e-02
7.760975308542621132e-02
9.447732835996419665e-02
9.806761187238777211e-02
8.134729092151073149e-02
7.590530611557308460e-02
9.137809797081253294e-02
9.954134879488045484e-02
8.448010439147793371e-02
7.502718481965411912e-02
8.800386671598313393e-02
1.000642770380209129e-01
8.785802421992650046e-02
7.500112010167450660e-02
8.462371045213561149e-02
9.957005219076779656e-02
9.122879011912832237e-02
7.585621091622699042e-02
8.147533890169468551e-02
9.817331887883623542e-02
9.436549805996445606e-02
7.751924112145536228e-02
7.877656139560251791e-02
9.590267798720802928e-02
9.698220707470610324e-02
7.988806639645965046e-02
7.669249893334746659e-02
9.304498870215088813e-02
9.889101527222139698e-02
8.281343355669718020e-02
7.538282270634266702e-02
8.977059718406672773e-02
9.992383699719441237e-02
8.608861021816135994e-02
7.490243619182734847e-02
8.636618175868024383e-02
9.993695063666202527e-02
8.949571048210232249e-02
7.530985945737828091e-02
8.306861279425849232e-02
9.903175878979128544e-02
9.278905583509386434e-02
7.656145840862253749e-02
8.011223024395160153e-02
9.715634675141893162e-02
9.570207089191945515e-02
7.858003700320423390e-02
7.768462314289201198e-02
9.460601810222557528e-02
9.800234637934804316e-02
8.124375393052708783e-02
7.596576418257117158e-02
9.149600533744237096e-02
9.951860729668561556e-02
8.435821020275718896e-02
7.503955438676859768e-02
8.813544761748193235e-02
1.000372888989104203e-01
8.773248233987269995e-02
7.499345552068571730e-02
8.474701992442765230e-02
9.964423661542333444e-02
9.111485388831581933e-02
7.581121304634097502e-02
8.158981049291925969e-02
9.820874029271431382e-02
9.425746886403070512e-02
7.744624017015057371e-02
7.885957638774038214e-02
9.602200343855232800e-02
9.689984087844867588e-02
7.979931872321829878e-02
7.676433325273539221e-02
9.314592265460820697e-02
9.885703149490632224e-02
8.269908227879890772e-02
7.541047056703836793e-02
8.989911893026038270e-02
9.987392651255169729e-02
8.597344025786445021e-02
7.491135639318909079e-02
8.648524950772919218e-02
9.999796866914033300e-02
8.937754999546164425e-02
7.528087018079403225e-02
8.318912646965016811e-02
9.904243367916215623e-02
9.267609905275638049e-02
7.650181912005846185e-02
8.020640727341168952e-02
9.727200306737941726e-02
9.560232485532155211e-02
7.850041639034552321e-02
7.777218269908098280e-02
9.469325415551743674e-02
9.795275820916495013e-02
8.113507811354955801e-02
7.600933402053666743e-02
9.162631893862532850e-02
9.944920294417830542e-02
8.424611788435820703e-02
7.506678570906269443e-02
8.825920378924220766e-02
1.000840503244131985e-01
8.761009354308529895e-02
7.498103077792588056e-02
8.487861361482840206e-02
9.963559914005035156e-02
9.099621346229581909e-02
7.576780263974987328e-02
8.169745557420918236e-02
9.831833147877051815e-02
9.414749527329108192e-02
7.737927516275615314e-02
7.896521821150652432e-02
9.610042255804748801e-02
9.683168139657385987e-02
7.969914188049519177e-02
7.682750305693274162e-02
9.327762316141893773e-02
9.877346473888611034e-02
8.259021570332607254e-02
7.545628002241613896e-02
9.002505431528075308e-02
9.989925680282349396e-02
8.584997334044836004e-02
7.491655312777821540e-02
8.662391443514284861e-02
9.997273642156331852e-02
8.925397101265063193e-02
7.525497849327922317e-02
8.330488615414920195e-02
9.913511868480850975e-02
9.256310968877974610e-02
7.645078498796460675e-02
8.032203821272128341e-02
9.733580350385748203e-02
9.551754815398574849e-02
7.841295892070650198e-02
7.784769738436640718e-02
9.481384407931674196e-02
9.786006647729850183e-02
8.103497726767072695e-02
7.607118959030825800e-02
9.174975637777368909e-02
9.944900133014285271e-02
8.412679892651810099e-02
7.508829769705201163e-02
8.839153665273846716e-02
1.000426819426303571e-01
8.748583047405246449e-02
7.496993911021385126e-02
8.499902578061085956e-02
9.970528431071629116e-02
9.087781769764489981e-02
7.573067805643531047e-02
8.181825729469124897e-02
9.836720535406935639e-02
9.404663882682791354e-02
7.730379191561358165e-02
7.905144849881588776e-02
9.620293237695559663e-02
9.673023787655347927e-02
7.960978433973578405e-02
7.690058821995775229e-02
9.339550083113151713e-02
9.874791368588320406e-02
8.247707657333683273e-02
7.549335435827245200e-02
9.014805717739020341e-02
9.984472019962556399e-02
8.572841766202757285e-02
7.492074662881215152e-02
8.675132441889925328e-02
1.000179309959981916e-01
8.913263323880776801e-02
7.523465293089195982e-02
8.342654904678299677e-02
9.916948232429767529e-02
9.245174221973238848e-02
7.638752435646345429e-02
8.042146353596507646e-02
9.741930584486499511e-02
9.540845436856565387e-02
7.833793936327122787e-02
7.793246363238871821e-02
9.492844051212838419e-02
9.781242431824073436e-02
8.092726117828175081e-02
7.612475871041762820e-02
9.186185768291038611e-02
9.937956146379722799e-02
8.400993697224087842e-02
7.510764453905025007e-02
8.852717580764964123e-02
1.000657026053864695e-01
8.736055192249882195e-02
7.496710637288073187e-02
8.512254438482123875e-02
9.972438955222923118e-02
9.075984839479239730e-02
7.568059671216970097e-02
8.193101817560005662e-02
9.843297208981562074e-02
9.392527122826513364e-02
7.724091613193773131e-02
7.914869865297294305e-02
9.631311269612896631e-02
9.666260646647260868e-02
7.950480719049488054e-02
7.697336753896885653e-02
9.349970433725121599e-02
9.865976121859483527e-02
8.236514217508950075e-02
7.552958158883810169e-02
9.029229566154027553e-02
9.984774598735558782e-02
8.559662489011146680e-02
7.493702994599113487e-02
8.687721008110996235e-02
1.000180787173723107e-01
8.901006246422776824e-02
7.519839126752660141e-02
8.355484415939710974e-02
9.922048393011859146e-02
9.231846682224384426e-02
7.634018047147600461e-02
8.052782811828239351e-02
9.751647264305603191e-02
9.532840833354394583e-02
7.824343402303619854e-02
7.802027174593824388e-02
9.501765909225848294e-02
9.770790646250926414e-02
8.082758584255285428e-02
7.617512613348026429e-02
9.200263780757496346e-02
9.936740186402102937e-02
8.388403748424730355e-02
7.514190860725801502e-02
8.864830655843378149e-02
1.000429631395094998e-01
8.724159304971880469e-02
7.494859984819085552e-02
8.525869749922231067e-02
9.976161343106276780e-02
9.062144772569566409e-02
7.565136843068155648e-02
8.204773022076600197e-02
9.851404429515620009e-02
9.383703359610744144e-02
7.716045694616659179e-02
7.925105159215330153e-02
9.639189394711286663e-02
9.654312972751505351e-02
7.941807436406959908e-02
7.703928511984739491e-02
9.363517065987046750e-02
9.863298494450882525e-02
8.224554464102064311e-02
7.558022945228817790e-02
9.040826498476604856e-02
9.980047400258539037e-02
8.547941810069666080e-02
7.493484047669439485e-02
8.701528790180278194e-02
1.000393746553759761e-01
8.887110233550739313e-02
7.518576061344922623e-02
8.367620162951999729e-02
9.927954788478808579e-02
9.221975828103400052e-02
7.627447502964421200e-02
8.064104161386395631e-02
9.758271032871361494e-02
9.519816709017661638e-02
7.816824297873213589e-02
7.810119669758547323e-02
9.514427786105120188e-02
9.766534428832933379e-02
8.071734992077304882e-02
7.624282783732870550e-02
9.211636609687912092e-02
9.930083915395034044e-02
8.377186979691791935e-02
7.515851092696569646e-02
8.878410847495155078e-02
1.000484500039379859e-01
8.710904013422181291e-02
7.495345369074953024e-02
8.538390411043739192e-02
9.979963420843553090e-02
9.051723987663493065e-02
7.560490975138021985e-02
8.216431712291412393e-02
9.856204364615725466e-02
9.370628974391087551e-02
7.710053532519237085e-02
7.934274261932401651e-02
9.650487636114267465e-02
9.648448475490557785e-02
7.932361425614711803e-02
7.711902117999688833e-02
9.373671022916639506e-02
9.855327379731558535e-02
8.213898148717148351e-02
7.561457820804048935e-02
9.054355471451713822e-02
9.978709025298515556e-02
8.535587168438166228e-02
7.495621373409541710e-02
8.714324942016511699e-02
1.000605104601458434e-01
8.875935137476956283e-02
7.515688233002446039e-02
8.380005658890081477e-02
9.930913940196260670e-02
9.208931767267403146e-02
7.622863317361514013e-02
8.074619348869950530e-02
9.768669881474685568e-02
9.511865550805156944e-02
7.808626360223719365e-02
7.819381830103568076e-02
9.523314648232163171e-02
9.757296852849983715e-02
8.061373046013026178e-02
7.629284627953487885e-02
9.224822513608410546e-02
9.926095462443225437e-02
8.365252655309067531e-02
7.519433409063566720e-02
8.891222171552350118e-02
1.000530152886358604e-01
8.698404670305184827e-02
7.493981711710658022e-02
8.551357840588798276e-02
9.980386426960799473e-02
9.038567871391449404e-02
7.557137586090424686e-02
8.228176156188871104e-02
9.865842334028736282e-02
9.360510683689798883e-02
