9.000000000000000222e-01
8.637016791085472267e-01
8.277950645354995585e-01
8.554328396673616108e-01
8.982804736527276734e-01
8.574898674853720371e-01
8.095465993023750473e-01
8.323843592571803507e-01
8.848660164585782084e-01
8.705174424184148885e-01
8.255727250161899455e-01
8.413808897957110178e-01
9.007791880611697444e-01
8.822935324904453980e-01
8.262097480426059404e-01
8.244086493997963005e-01
8.707449104532980488e-01
8.737585109884992152e-01
8.226761473036569017e-01
8.267006561105654239e-01
8.837359115154342915e-01
9.009285083619680279e-01
8.432233553301075046e-01
8.227937100737433562e-01
8.694893850310336791e-01
8.830072321533213309e-01
8.332697551767362931e-01
8.112828392144195711e-01
8.557698287437167650e-01
9.003607857210917942e-01
8.545411287636138775e-01
8.281459621287994288e-01
8.636675327207710140e-01
8.993996944730550114e-01
8.508095825520675115e-01
8.067419861286362348e-01
8.384769982261170984e-01
8.872806190247954916e-01
8.634650986335474787e-01
8.240120796331511510e-01
8.479253801089712272e-01
9.041936061578035311e-01
8.745860495851792704e-01
8.216832005109862003e-01
8.302471275584087929e-01
8.778275474731035422e-01
8.682519653800518933e-01
8.187870355107191855e-01
8.296823879685789604e-01
8.914549888466690719e-01
8.945166374957603805e-01
8.382651484696956867e-01
8.278836627340044885e-01
8.733041103938535832e-01
8.799907447779258263e-01
8.247018575841682519e-01
8.148485112367992445e-01
8.657765516586093391e-01
8.980274919645739873e-01
8.487758598002904664e-01
8.263589585182475883e-01
8.715669471774540877e-01
8.967870257510615062e-01
8.441708325628847209e-01
8.088082137390802950e-01
8.418113522218338973e-01
8.905164821107975914e-01
8.538576554510798333e-01
8.246069426081643616e-01
8.569343982157273665e-01
9.062066006181327404e-01
8.678062847659659962e-01
8.155105006249561139e-01
8.365556051479894339e-01
8.809288504933898700e-01
8.620447313460111172e-01
8.163582098929563768e-01
8.327656935639151659e-01
8.979236153810550292e-01
8.863109837449736350e-01
8.344007176261423187e-01
8.334823545405831702e-01
8.793233333160885845e-01
8.746873007472704131e-01
8.167273258396717805e-01
8.181723221233296872e-01
8.730230519663189082e-01
8.941456254109546586e-01
8.430699862797645938e-01
8.284376759226881326e-01
8.782570341919098134e-01
8.941283304747039695e-01
8.372510080450755732e-01
8.110185175193368456e-01
8.506912688708833103e-01
8.893041978015602256e-01
8.461515936934477233e-01
8.232167216474550742e-01
8.651974967833111485e-01
9.071233981150991221e-01
8.608073773749703728e-01
8.155901071247573242e-01
8.402790927229103479e-01
8.856908491609299938e-01
8.538110557112197352e-01
8.160526790025645072e-01
8.415394500449201454e-01
9.011884927631681474e-01
8.796122977124425368e-01
8.278481200070616497e-01
8.398784746275013147e-01
8.849433171789380381e-01
8.692220175457363585e-01
8.143503456485334802e-01
8.193286029500456147e-01
8.827069531377961242e-01
8.879379919660126408e-01
8.397949625635053872e-01
8.336717005509517442e-01
8.828915110208156447e-01
8.898558733186076042e-01
8.267582288858907891e-01
8.146149887848124216e-01
8.583055643552930380e-01
8.875882933629608562e-01
8.407888403605060512e-01
8.219672482868625174e-01
8.739037863000209683e-01
9.052030782419397958e-01
8.540434025676723051e-01
8.159738486767659227e-01
8.455082173005780133e-01
8.862335021005398605e-01
8.440324063117395914e-01
8.162062984752086470e-01
8.493296651650847906e-01
9.046031370859578535e-01
8.728926579270346320e-01
8.240726393851364184e-01
8.448211234593018260e-01
8.892023382771777618e-01
8.618803623311577233e-01
8.114734979581704755e-01
8.252351370724729795e-01
8.870727386700707484e-01
8.807851264663476565e-01
8.343635315648166850e-01
8.390859679826130346e-01
8.897603055742470124e-01
8.842158623617993873e-01
8.216753832292131854e-01
8.151178674472117081e-01
8.677260758512945760e-01
8.832934460104877594e-01
8.362220505858966035e-01
8.258714228935094548e-01
8.792511386972424736e-01
9.028672495301910406e-01
8.445505226077121286e-01
8.188701536541184156e-01
8.539316915399093322e-01
8.850907823098120852e-01
8.379684003702043693e-01
8.126033837667776538e-01
8.592880196312919772e-01
9.052276583537064436e-01
8.666055941254573458e-01
8.239440125468764364e-01
8.488585971978162004e-01
8.926356342689135692e-01
8.513808839620677915e-01
8.121970609352077153e-01
8.323394588211413536e-01
8.913801592220389480e-01
8.750152611329871100e-01
8.282723977401053039e-01
8.464014105906022545e-01
8.957767446129250022e-01
8.785631288747451917e-01
8.178337949418945652e-01
8.179698058828724916e-01
8.746333142725757348e-01
8.763285314311675123e-01
8.332177925921377959e-01
8.302506913020629709e-01
8.865606003665157386e-01
8.991118837248112117e-01
8.365930435581172553e-01
8.210752690980269719e-01
8.625406736149696663e-01
8.831274058264867444e-01
8.321702015172020017e-01
8.141803947411088149e-01
8.659564096302815317e-01
9.044371090238185751e-01
8.591170259417186816e-01
8.246893919251016003e-01
8.562132426471043001e-01
8.925285253324271029e-01
8.440234877501880950e-01
8.090575123181326100e-01
8.420139141721458831e-01
8.949388770384389957e-01
8.688170942617973180e-01
8.263415428900318105e-01
8.496662452421609446e-01
9.002150101100544477e-01
8.688534764942714705e-01
8.162269163750146550e-01
8.237439012464712329e-01
8.784048484918544064e-01
8.711936178058814484e-01
8.257872695781478534e-01
8.376000751372547626e-01
8.933790679715341021e-01
8.933941210223417251e-01
8.309734795696757104e-01
8.206205720107518919e-01
8.702848226475681237e-01
8.763202332577365583e-01
8.295072768363070947e-01
8.167149249239883391e-01
8.721901158239681040e-01
9.031118661678161352e-01
8.493128292880939290e-01
8.278055222788887058e-01
8.640575114027233550e-01
8.909972693787192588e-01
8.362572818886317982e-01
8.063817808105934182e-01
8.495925759636128172e-01
8.945854546384680583e-01
8.632907962240775612e-01
8.249857272470808578e-01
8.558044762669271277e-01
9.031437967857695037e-01
8.593899184274234049e-01
8.144810733247084267e-01
8.311458575958019512e-01
8.826359654338374883e-01
8.639659307358782403e-01
8.216622335185694848e-01
8.423964537895761717e-01
8.995677712408498561e-01
8.872159863946518232e-01
8.272335350801026665e-01
8.254483504776493064e-01
8.756552782915956179e-01
8.712716368953461465e-01
8.230492508817796038e-01
8.225721383792523600e-01
8.798292016144979577e-01
8.983497464460316051e-01
8.426313513047133386e-01
8.274870178929628617e-01
8.725635175584008918e-01
8.871995620884937095e-01
8.323128193690322307e-01
8.079738602192109154e-01
8.551920168874722616e-01
8.960950436994851165e-01
8.540515268826613937e-01
8.278288436418617113e-01
8.635738050484953465e-01
9.025714487324325574e-01
8.517179921017561384e-01
8.100704952142467885e-01
8.401867016742228245e-01
8.846293818693423683e-01
8.605937689107480137e-01
8.192158519897725366e-01
8.469234487214781781e-01
9.056382499906830974e-01
8.769928308155526819e-01
8.257594178713495436e-01
8.308418038318654553e-01
8.790216015286863582e-01
8.645491848820296976e-01
8.168073838391748387e-01
8.291644680547766155e-01
8.866957186056039220e-01
8.950915167835172825e-01
8.368855963315369184e-01
8.295492715816431550e-01
8.798836781316931033e-01
8.811206787127615625e-01
8.274561735115466554e-01
8.111869051978053413e-01
8.622126047737992405e-01
8.932257748253186191e-01
8.466008773331586967e-01
8.291580186246847450e-01
8.719315725982865750e-01
9.020166147692192382e-01
8.447255954536780909e-01
8.092640715785824890e-01
8.459060964421929452e-01
8.865755382262373585e-01
8.527274665454245284e-01
8.196653226455496988e-01
8.540371960311172739e-01
9.068335392132448325e-01
8.690288142661553028e-01
8.213751591336662106e-01
8.387612506763258979e-01
8.828700038680685758e-01
8.597182137118692946e-01
8.127877566446207735e-01
8.324675480413922246e-01
8.952035750802090908e-01
8.868306692304692707e-01
8.346266930024096586e-01
8.343711019894292091e-01
8.836821238931253930e-01
8.757379017122917109e-01
8.197067145830836399e-01
8.177761468182478399e-01
8.688832962799164505e-01
8.913138473087982572e-01
8.394627034959719625e-01
8.292523040854727912e-01
8.816065446896116375e-01
8.967206352945703562e-01
8.400953603644163437e-01
8.100399134063710482e-01
8.506067171063409482e-01
8.858898258913652235e-01
8.442240416040243112e-01
8.223314006045640001e-01
8.614024441434232626e-01
9.089142670384964262e-01
8.607759587977977800e-01
8.182779736302221441e-01
8.466301921158296828e-01
8.847730260554081960e-01
8.539943028580837536e-01
8.104449829194174670e-01
8.380385845553602886e-01
8.991024943202665654e-01
8.789153743450032197e-01
8.316378044460152053e-01
8.402754431042009919e-01
8.889664037721629608e-01
8.690706429979047076e-01
8.138641915913500391e-01
8.215606794571177485e-01
8.774137413779520278e-01
8.858199549348335644e-01
8.350461260711475875e-01
8.325607731421118540e-01
8.866220428412674437e-01
8.922748557529670554e-01
8.327248115947460949e-01
8.145033482295900296e-01
8.576854802050070115e-01
8.846232465397164679e-01
8.368893817943043878e-01
8.219272713594090174e-01
8.722341752751333610e-01
9.063287443095162654e-01
8.548115437797608740e-01
8.173764316541063391e-01
8.498156752499379518e-01
8.863933511861337156e-01
8.449747112439736085e-01
8.127241726837634017e-01
8.441672485858202624e-01
9.026303205175852939e-01
8.705101998154354259e-01
8.267732537554767225e-01
8.492367206689093173e-01
8.910886533176234359e-01
8.635327114618863709e-01
8.089650345931572728e-01
8.241830320858059000e-01
8.841835820906200905e-01
8.784340443239072593e-01
8.334014095540923650e-01
8.367134723332770863e-01
8.931941865632854194e-01
8.859253835214760953e-01
8.250489189920098276e-01
8.198358603474388273e-01
8.641859510154025203e-01
8.811008904490111870e-01
8.295497356378910281e-01
8.233648876571851849e-01
8.797261253070272069e-01
9.034143823412228436e-01
8.492237155407981186e-01
8.188339068897881878e-01
8.569968222898206589e-01
8.851795496804877317e-01
8.364703862108961996e-01
8.128343679994396442e-01
8.533157291526036747e-01
9.031230648487940105e-01
8.631587525836564856e-01
8.250805192204357930e-01
8.543640163802236343e-01
8.951575443794825837e-01
8.562361749650904130e-01
8.089718190778024676e-01
8.300323042229066361e-01
8.887035472957791615e-01
8.708385917194065851e-01
8.285804051235260426e-01
8.452074517710987944e-01
8.969881278519978851e-01
8.797801093526745886e-01
8.192895229977479321e-01
8.211942366011835137e-01
8.734519503553532793e-01
8.754017770573979673e-01
8.281297586104612307e-01
8.261004535615227296e-01
8.867408565097943951e-01
8.987296208274108134e-01
8.403496369379562791e-01
8.243171541610146980e-01
8.623119294090235698e-01
8.833203494077106477e-01
8.285980740014541324e-01
8.128079949395673465e-01
8.639343513545546527e-01
9.023486893969406841e-01
8.589482236195760123e-01
8.234991768695107961e-01
8.598679771270980599e-01
8.949253857650190103e-01
8.459101929199572822e-01
8.102699551671553868e-01
8.362092560812455222e-01
8.918900910116175362e-01
8.630113414771848346e-01
8.257141695232576017e-01
8.521972342318054894e-01
9.012893112086177716e-01
8.735712263154186141e-01
8.146494197784980296e-01
8.252328461103869417e-01
8.784843112669603604e-01
8.680900974217975463e-01
8.246447213956029643e-01
8.321536432907831182e-01
8.925488255786838687e-01
8.926358026182648064e-01
8.338772769648882255e-01
8.261928929491985096e-01
8.710665779986704882e-01
8.789206756477454530e-01
8.237491756818995370e-01
8.139926646082341621e-01
8.707935752638608085e-01
8.997213080319289569e-01
8.509005949914060229e-01
8.273050277099235350e-01
8.657104564655465628e-01
8.934931220692414744e-01
8.375656167214681203e-01
8.083146328026645788e-01
8.468840239951151982e-01
8.921081659553895538e-01
8.580533484125947297e-01
8.225919566844607234e-01
8.579685944827243338e-01
9.046866036652995158e-01
8.637782478784487017e-01
8.159608611660745803e-01
8.295757482781112024e-01
8.823329304129571282e-01
8.598396497394585891e-01
8.202888567118276075e-01
8.405413211140221330e-01
8.976289283428816601e-01
8.879173252064695987e-01
8.269095635843998204e-01
8.292568524773799021e-01
8.781494251894891301e-01
8.712156933658676827e-01
8.213378284868403378e-01
8.161808281833209389e-01
8.775171361412077431e-01
8.947788467679129720e-01
8.440059818599128239e-01
8.309267943662309586e-01
8.734347381228272367e-01
8.915574405519173240e-01
8.292634683772981408e-01
8.086062087858429948e-01
8.546963302229254600e-01
8.910680653110187865e-01
8.520546010284035798e-01
8.231053508427226273e-01
8.641776980736084468e-01
9.046192221691873314e-01
8.553379974685808573e-01
8.142127049023091256e-01
8.383737436261783360e-01
8.846707682162693320e-01
8.534142802915928305e-01
8.168340443670630835e-01
8.464693442908174381e-01
9.031044295221763996e-01
8.797623024941557679e-01
8.254052891373645506e-01
8.327434978458096992e-01
8.824101576068612562e-01
8.644791981984437657e-01
8.165945490922120742e-01
8.246398060197320801e-01
8.833079213742530689e-01
8.909219050830782249e-01
8.362003783846521099e-01
8.329968666902891616e-01
8.820284409839093120e-01
8.845799867197318145e-01
8.264242223957540823e-01
8.083056913929328458e-01
8.612306929974816727e-01
8.887124965450419189e-01
8.452081148462502469e-01
8.274771803782517976e-01
8.708046614883180325e-01
9.044638297385323433e-01
8.451376622471492572e-01
8.130036625163521435e-01
8.473587820143353433e-01
8.836767524154497400e-01
8.489431732310069867e-01
8.136058191784657501e-01
8.529409958131807246e-01
9.061556766690366249e-01
8.717970187902881474e-01
8.247220961281491736e-01
8.388341507964751642e-01
8.865229288599955071e-01
8.554877860754522834e-01
8.125536295200446180e-01
8.309192331984448510e-01
8.890514079303669659e-01
8.853055342370006464e-01
8.313959144677688373e-01
8.368467954671308107e-01
8.883398308101613239e-01
8.790591629174602240e-01
8.217631512780573244e-01
8.137423607408819093e-01
8.677064116249465497e-01
8.846492905826467412e-01
8.380226855546147879e-01
8.298254741893251740e-01
8.800257144749461524e-01
9.006475670410833967e-01
8.399087780499514544e-01
8.124822154437419952e-01
8.539875844711912745e-01
8.843908957500148382e-01
8.426332704535721696e-01
8.171520110816338223e-01
8.591260003094602915e-01
9.075299755834493887e-01
8.618394006494856097e-01
8.222540039400393352e-01
8.478760526617339366e-01
8.862920709672937880e-01
8.514738087048077109e-01
8.076941243591413411e-01
8.371347644652504805e-01
8.958343600909896010e-01
8.784769578386827371e-01
8.306344984195281889e-01
8.403049575595565868e-01
8.928887669076915889e-01
8.695719227732970902e-01
8.167968169359580699e-01
8.211440799226007448e-01
8.727398677605660016e-01
8.825175703787714321e-01
8.309170790361081194e-01
8.332810265033693264e-01
8.884108062631261848e-01
8.950592521623108588e-01
8.348849918104591650e-01
8.129160812223732435e-01
8.598385776145791581e-01
8.802090315990429570e-01
8.362020701863510652e-01
8.201468662354591821e-01
8.670406473171844430e-01
9.072693020919070372e-01
8.536269654192714107e-01
8.211845381735710658e-01
8.548467773024415184e-01
8.874404276960096150e-01
8.449934968004702007e-01
8.073583821321641540e-01
8.431240114374480843e-01
8.986515806982455778e-01
8.704543328685501180e-01
8.284536851694780379e-01
8.481259528849813822e-01
8.952011968035030742e-01
8.631548976071421464e-01
8.111819098070590650e-01
8.258843111026065165e-01
8.807502227356500679e-01
8.761623728859418980e-01
8.283820342765098044e-01
8.361250016460045620e-01
8.944472320119420949e-01
8.879110626028396958e-01
8.288795649818988531e-01
8.194157320470661920e-01
8.639771876830938391e-01
8.784036701530514302e-01
8.274378197635318122e-01
8.226030207268683059e-01
8.775155116025047386e-01
9.035701456447581270e-01
8.485502013411490019e-01
8.195543597226326860e-01
8.609076881523186620e-01
8.848981756943252730e-01
8.378464951874329270e-01
8.101891256066507951e-01
8.480370584757294106e-01
9.012642002760368198e-01
8.607309347433695912e-01
8.270545173323665678e-01
8.568020251809714827e-01
8.965856289653381106e-01
8.569447986065219514e-01
8.062737638633438175e-01
8.311979428585800633e-01
8.845301519891478614e-01
8.694582160668733462e-01
8.264689164566760837e-01
8.410703213126689004e-01
8.998374041167511717e-01
8.800292012178795309e-01
8.235815288673081769e-01
8.245865936941818575e-01
8.712920030388181525e-01
8.734856127366121825e-01
8.218075813191458856e-01
8.254264551538746941e-01
8.847139976395510530e-01
8.990247361651531044e-01
8.425676154806338580e-01
8.230218480064823705e-01
8.659465453924221068e-01
8.827547713085843739e-01
8.296786161204046106e-01
8.119678427216541206e-01
8.589047713986778243e-01
8.999020224062521667e-01
8.546061259309700731e-01
8.248274255928438325e-01
8.628999002686466024e-01
8.968254532643823440e-01
8.492119466866708821e-01
8.078933113413216960e-01
8.347615721873073991e-01
8.895565443806987549e-01
8.607747682670224831e-01
8.249519579521962243e-01
8.506811046556180811e-01
9.019694396962949501e-01
8.736512105404944384e-01
8.161980455349133745e-01
8.286132076070448216e-01
8.769270445958766702e-01
8.675005143325277279e-01
8.203481626252432379e-01
8.275083958803676198e-01
8.927836798726915823e-01
8.920171174989331986e-01
8.370595196855288300e-01
8.287132802161139011e-01
8.710864244704765724e-01
8.790417075879900510e-01
8.204842351747787532e-01
8.145040920354531533e-01
8.670790057413475527e-01
8.977827082097684652e-01
8.495441842233202312e-01
8.249189051614458368e-01
8.703096775372978211e-01
8.952210135527322032e-01
8.416158321507073437e-01
8.091265358218716619e-01
8.425759940910974022e-01
8.899232232697010803e-01
8.521316887601594336e-01
8.233903200806380607e-01
8.578632424369676546e-01
9.054336864262628737e-01
8.669752054104404859e-01
8.147293219297037092e-01
8.332167666398034855e-01
8.822020048964764882e-01
8.598002161600366566e-01
8.176116123738473851e-01
8.355686308125791495e-01
8.966136967546780578e-01
8.855286647606734896e-01
8.305469282315155466e-01
8.330076245599689067e-01
8.791529912770098543e-01
8.737390816427621498e-01
8.176599774819147681e-01
8.149655474852465220e-01
8.762357751662831484e-01
8.928960194844820508e-01
8.438076249705833698e-01
8.301164240835974262e-01
8.748436888275499257e-01
8.928341426175188111e-01
8.314179854438277228e-01
8.109268197275779633e-01
8.519998683457938871e-01
8.892447782918874166e-01
8.477615718654231136e-01
8.204713102518590429e-01
8.663805057242165431e-01
9.057102315929146386e-01
8.590704913292385170e-01
8.156159369630450184e-01
8.373951937757188047e-01
8.851129397015197187e-01
8.502227048547362775e-01
8.172827304572162221e-01
8.436645506480093815e-01
9.014361349509076859e-01
8.800776864794712662e-01
8.246684699756046122e-01
8.378716593345612029e-01
8.843735327145496594e-01
8.668479971588404220e-01
8.147207927191412180e-01
8.197241418072448438e-01
8.823794203907079359e-01
8.868217048560907978e-01
8.387763807312431652e-01
8.341835110083590799e-01
8.824678728353052559e-01
8.885050495550843586e-01
8.248464602042629989e-01
8.115697464988558263e-01
8.609717839113202320e-01
8.874503861932457882e-01
8.424688241864302096e-01
8.238640544603085258e-01
8.718287763044194616e-01
9.044307106628711734e-01
8.498848341444463772e-01
8.156815609766935316e-01
8.463820005679539848e-01
8.851806131510829845e-01
8.449060803451324819e-01
8.133120361012050603e-01
8.526054203279974653e-01
9.048875649915572028e-01
8.726717055842777571e-01
8.245632939182463428e-01
8.407989531204476119e-01
8.888427172136805776e-01
8.574462425206508254e-01
8.135249833304138978e-01
8.278285864989962661e-01
8.873669689375658365e-01
8.828278424309939920e-01
8.311261154141161844e-01
8.401238223670607352e-01
8.898646780582504245e-01
8.821716373675947409e-01
8.214633369158016452e-01
8.122636458840178930e-01
8.684916231379994356e-01
8.816470069358662842e-01
8.385638761462628210e-01
8.277751054409422382e-01
8.789654532544963761e-01
9.029149894181007774e-01
8.402896705323504856e-01
8.174296069126817388e-01
8.550167208840094846e-01
8.841427977627936974e-01
8.389603598190914502e-01
8.127337889994453723e-01
8.595055711908492491e-01
9.053984182171844752e-01
8.656659104469395238e-01
8.238882079373004430e-01
8.480961112089332454e-01
8.909710368027586869e-01
8.494269434582262246e-01
8.102885914633077835e-01
8.357362244728270273e-01
8.926592528147894168e-01
8.760338979716124630e-01
8.283010999391721141e-01
8.432720965065936269e-01
8.951457913126485977e-01
8.746052959552808037e-01
8.181331645649349005e-01
8.187581504129062271e-01
8.734492326389934336e-01
8.779991761628239688e-01
8.308754869339148863e-01
8.331657501558747958e-01
8.874172912934503721e-01
8.973170694230491184e-01
8.353465772672723499e-01
8.160720975778318342e-01
8.628037499060395854e-01
8.804868542519107555e-01
8.351262710395834787e-01
8.160048751248544230e-01
8.652458840834823528e-01
9.062782291835207449e-01
8.547871577382141206e-01
8.249822822645412890e-01
8.563113200863742280e-01
8.893945587867330138e-01
8.430733321206250741e-01
8.055872423425799456e-01
8.433053047052603279e-01
8.949345350582665892e-01
8.706304978252539239e-01
8.268017759466012029e-01
8.480123488472998128e-01
8.998263762367384455e-01
8.641361596073859896e-01
8.154910405443136501e-01
8.252939094549753829e-01
8.778928567437443986e-01
8.719401739249929006e-01
8.248864793658289285e-01
8.378206085904158495e-01
8.943856900873976556e-01
8.925330101063833066e-01
8.305229871475323655e-01
8.195428795998459526e-01
8.690819968967131715e-01
8.755482911966366855e-01
8.286163678096895024e-01
8.196975901640115580e-01
8.735663044606460925e-01
9.027988251815401988e-01
8.480247907081179815e-01
8.247875922403890003e-01
8.646339703040346603e-01
8.891133054367140742e-01
8.377305811313064954e-01
8.070033040130634161e-01
8.486731789516563929e-01
8.974943459808547574e-01
8.612470368774645113e-01
8.273155271935663801e-01
8.566904997857434090e-01
9.005159911920204152e-01
8.581443076765278288e-01
8.104131509123186916e-01
8.333539323911439700e-01
8.830634496122919952e-01
8.674977736013946839e-01
8.226590595910571180e-01
8.410033996327849204e-01
9.017029579346538259e-01
8.828791536452391675e-01
8.277122365576672358e-01
8.256952510069951456e-01
8.725389155224915205e-01
8.716165799324134822e-01
8.208763509407001058e-01
8.256919783743070784e-01
8.818954653172282887e-01
9.001843364323135477e-01
8.424368249918922080e-01
8.249839148867594840e-01
8.728089248440226156e-01
8.840864319046934927e-01
8.329173497669163373e-01
8.097325615261699028e-01
8.552543646301178359e-01
8.974129873698490911e-01
8.529541749380228355e-01
8.284232607390032976e-01
8.648614240509735485e-01
9.019089824673290900e-01
8.510034841955117502e-01
8.080338270456420835e-01
8.395114311432252396e-01
8.858529211276973125e-01
8.604918677238301283e-01
8.213757056340134088e-01
8.477904460211632687e-01
9.046305011597324253e-01
8.753947939625650321e-01
8.232394547148738084e-01
8.321792690795711822e-01
8.789729736798804760e-01
8.661663322464282500e-01
8.165457580025559103e-01
8.282658122379098486e-01
8.904712374612883119e-01
8.932747224330940261e-01
8.382884232951811621e-01
8.297683128905751770e-01
8.765505576082329720e-01
8.806651864532434315e-01
8.242070547251654222e-01
8.142253216706826224e-01
8.635769860166315759e-01
8.953160015288244011e-01
8.461357397961534188e-01
8.266805527581736479e-01
8.741501524055650396e-01
8.986343450505509534e-01
8.453013203368869855e-01
8.090252786203450119e-01
8.428892696495962067e-01
8.881044136935909439e-01
8.508962879635194598e-01
8.228858421413528523e-01
8.556289060209708586e-01
9.074171444386333052e-01
8.679174125861022215e-01
8.178538865005214875e-01
8.397655504887091560e-01
8.818161288253921759e-01
8.605295021031721392e-01
8.132633079824203026e-01
8.319366326133050826e-01
8.963418788055532715e-01
8.852953377290867509e-01
8.350064373998570266e-01
8.349528601030554720e-01
8.828969965176457491e-01
8.749671414459131435e-01
8.169665221947374212e-01
8.179795225288379878e-01
8.715556286461996205e-01
8.914964325695715619e-01
8.404732724086624307e-01
8.289923050528731352e-01
8.801262567011117754e-01
8.957698143544047253e-01
8.382730615999894885e-01
8.116735512024825239e-01
8.512874288574578951e-01
8.873533036432830201e-01
8.435503456501735053e-01
8.215918374467530150e-01
8.651220835058986980e-01
9.072997059683135523e-01
8.609585024359746042e-01
8.169637191429297562e-01
8.425454559287983702e-01
8.860386287215047396e-01
8.520174204066780499e-01
8.140917885508608398e-01
8.395009639876150898e-01
9.002153712484555204e-01
8.781042971319387158e-01
8.284162703625853608e-01
8.424223021951724455e-01
8.868129125197452556e-01
8.693186465873546931e-01
8.127495226795220518e-01
8.189116775036247020e-01
8.807007403814971491e-01
8.849276061536456295e-01
8.381107251010947445e-01
8.331132243578498464e-01
8.857413796395726679e-01
8.909426620607028280e-01
8.282532138449530956e-01
8.160434373286997722e-01
8.578189984569034587e-01
8.852719279603671332e-01
8.365863060813549801e-01
8.209925827720271352e-01
8.737722856045024855e-01
9.056349448490867982e-01
8.552050765457579473e-01
8.170394287074789208e-01
8.488005307581646397e-01
8.862098660676857032e-01
8.423413043971516023e-01
8.139241418418698970e-01
8.470752981458373743e-01
9.029552623164676106e-01
8.707363413765930593e-01
8.255892444945392983e-01
8.479104477682912755e-01
8.921632481115263635e-01
8.627114542046108170e-01
8.104871804273289237e-01
