3.105263157894736503e-01
3.146224296860726244e-01
2.595987080008467229e-01
2.797359087578344394e-01
3.345113579904525070e-01
2.829871242172897761e-01
2.816457900083562671e-01
2.976110368778019377e-01
2.998546179193817829e-01
3.307124394730326378e-01
2.786579389183048705e-01
2.573181215010851841e-01
3.190653865539616607e-01
2.999402058484522127e-01
2.780449687692197469e-01
2.866768247297198924e-01
3.023519903186913660e-01
3.149462282258441714e-01
3.068734980284544278e-01
2.627169645071513737e-01
2.719612723055542247e-01
3.330954789130119442e-01
2.781582682592522171e-01
2.717772287945902643e-01
3.057866435488658663e-01
3.043620065251462226e-01
3.233600682273584104e-01
2.857727956286373328e-01
2.588172486083474833e-01
3.100650871103988182e-01
3.035510800948477139e-01
2.662676547171238806e-01
2.846711455387802570e-01
3.120371146195024536e-01
3.104007847993620062e-01
3.031182793801360242e-01
2.726485910803556623e-01
2.717908634008643354e-01
3.265217611699943179e-01
2.802865627065345699e-01
2.631057861256433927e-01
3.175010928918203801e-01
3.062801918796388967e-01
3.132942131144276776e-01
2.915342678284880140e-01
2.655635209453731660e-01
3.137188728598370724e-01
3.047455655380541528e-01
2.613526653255051624e-01
2.822055307215103892e-01
3.239024918922218665e-01
3.067788977714387411e-01
2.947866131664313438e-01
2.846105943395393356e-01
2.767998282645622865e-01
3.303494599668367337e-01
2.805791626334188105e-01
2.563975247417283887e-01
3.178384157205083604e-01
3.096248154865902102e-01
3.038840221969051902e-01
2.903911431267549026e-01
2.753608836928848613e-01
3.093587955973709502e-01
3.094574980928829211e-01
2.609202858052735441e-01
2.786361076960796046e-01
3.235061564745250196e-01
3.030228984237336443e-01
2.873279322518844658e-01
2.906464712344749013e-01
2.827431140886417782e-01
3.289469271605670597e-01
2.894951243029018628e-01
2.521422302581562414e-01
3.159022135972631706e-01
3.061759676207221892e-01
2.891846763180255797e-01
2.874980295676713427e-01
2.843292409652892205e-01
3.079887500830587044e-01
3.124035885853114203e-01
2.664022961102098241e-01
2.732026727214648676e-01
3.193665206641033705e-01
2.946928670476695600e-01
2.750681443006978144e-01
2.964350521222020585e-01
2.908447943619565934e-01
3.196154958135724589e-01
2.965696341402361824e-01
2.507279227484003892e-01
3.080580070387458624e-01
3.034633228219268397e-01
2.747891385639023576e-01
2.792180168595514433e-01
2.983413725658651816e-01
3.102842560434471153e-01
3.057547896457022407e-01
2.797727629824603990e-01
2.605769100307215314e-01
3.205145981013440837e-01
2.905869149787675410e-01
2.602508969934357319e-01
2.995205997495485328e-01
3.016761191650619289e-01
3.137788295951902118e-01
2.971157427533933637e-01
2.619209450008595508e-01
2.888124470811921918e-01
3.098913124798567953e-01
2.731706706683976749e-01
2.629463839373168965e-01
3.107606435653440524e-01
3.091272432142657123e-01
2.924267880962708732e-01
2.894719743864663242e-01
2.674142871159093660e-01
3.101838726496823906e-01
3.026487331818217275e-01
2.532252880074271073e-01
2.829846824701890973e-01
3.115537890467738880e-01
3.024388102750089624e-01
2.837683174408850428e-01
2.830409481448398767e-01
2.852756941367862176e-01
3.131030339762744807e-01
2.913816689943387050e-01
2.473351920054471520e-01
3.015200993118937189e-01
3.079492137170544153e-01
2.755915696295653805e-01
2.826242732576574324e-01
2.889034323045997499e-01
3.106335027730652842e-01
3.084509747818211522e-01
2.729971049875726252e-01
2.607775389147105605e-01
3.100863455145227987e-01
2.976092444283804372e-01
2.627894604862441863e-01
2.937355780419853568e-01
2.969302458037811898e-01
3.091676171502691362e-01
3.011703910175244636e-01
2.567337538419269816e-01
2.851083796352618660e-01
3.091646157424631225e-01
2.751410943691029454e-01
2.664679024983674926e-01
3.039729467589147860e-01
3.145343270121479518e-01
2.981571631129098510e-01
2.916452363404072878e-01
2.634176257112740838e-01
3.019002894850545959e-01
3.121530860925657569e-01
2.534166268426236157e-01
2.922053292949522429e-01
3.075983879609749394e-01
3.035567151789383411e-01
2.938580859113915644e-01
2.759241281015024083e-01
2.846534805698348602e-01
3.084789141068314255e-01
2.936845250911296334e-01
2.519582701747195008e-01
3.072312823058494513e-01
3.139835778127866850e-01
2.828972915997082227e-01
2.924260744966959980e-01
2.777449376846038986e-01
3.039370682195078888e-01
3.161970212762987842e-01
2.621625869403769182e-01
2.748427093407593835e-01
3.137081487333167051e-01
2.970558569810594074e-01
2.783269299431034294e-01
2.887810717304183372e-01
2.973763769503185439e-01
3.089198468567088685e-01
3.061252294595019907e-01
2.512751626181486397e-01
2.995374178907043716e-01
3.210854943200440736e-01
2.726931689674192971e-01
2.887489902492603178e-01
2.929120797817101884e-01
3.113798400109552555e-01
3.161303285223222015e-01
2.768917420938996066e-01
2.656049098298099986e-01
3.103367740770298089e-01
3.007193247505081657e-01
2.645989052606307346e-01
2.948794845457576863e-01
3.127242659479143039e-01
3.085125178075406316e-01
3.097757410574504822e-01
2.582451695562155147e-01
2.869098948664782212e-01
3.269419045243497912e-01
2.675239174353275518e-01
2.843019552005213724e-01
3.030070446564395170e-01
3.142788409582698561e-01
3.152299447865282156e-01
2.818064215541654649e-01
2.688565701283951448e-01
3.057574639386047011e-01
3.101957131677006707e-01
2.595272337327804157e-01
2.997991788441943806e-01
3.201668387855841624e-01
3.045532987337954967e-01
3.109594847814167728e-01
2.647212086515344232e-01
2.901155847927954778e-01
3.225403786599033151e-01
2.636288635469662411e-01
2.775819416883223978e-01
3.102286356102234022e-01
3.100860536334362205e-01
3.057630317647269669e-01
2.824457666235918873e-01
2.752326260327290774e-01
3.101572641103168548e-01
3.035421144230091572e-01
2.546048581212647099e-01
2.938333104800531226e-01
3.257719778019113055e-01
2.984290103010858175e-01
3.000888952422427480e-01
2.727464956357197878e-01
2.892644443278756805e-01
3.299469931944090106e-01
2.648085967220872305e-01
2.681753606969053405e-01
3.141131447405794419e-01
3.098576776550519551e-01
2.960549112269650340e-01
2.854710094309656498e-01
2.856797935653693221e-01
3.094258070633257307e-01
3.094428058118482427e-01
2.537721233031279278e-01
2.895859548651786297e-01
3.295301511199253963e-01
2.916790206054760137e-01
2.937625469069033990e-01
2.829539511763932147e-01
2.924197250252563163e-01
3.348684304640282550e-01
2.700805805906575374e-01
2.643764243037930450e-01
3.183656627144964557e-01
3.040451859965673242e-01
2.880768170072525169e-01
2.881696621314193685e-01
2.930726604413106395e-01
3.100104575964096054e-01
3.145532974104369162e-01
2.563091991612476139e-01
2.906691104194796260e-01
3.296858858837151129e-01
2.834920225844438924e-01
2.871997785851077567e-01
2.950926499285065341e-01
2.999669744941788063e-01
3.317157075144377409e-01
2.769381048761174191e-01
2.631967180726313971e-01
3.284855756044400832e-01
2.970677716046685735e-01
2.835742858086091611e-01
2.917401340018666578e-01
3.016655267259847895e-01
3.204856743785602369e-01
3.066295834653589569e-01
2.580296314728557916e-01
2.889366002991745619e-01
3.342241844718623622e-01
2.817690263486046787e-01
2.874403065939323265e-01
3.031459238637196352e-01
3.036949376679144441e-01
3.360788105077094912e-01
2.696978483363798307e-01
2.682895766794228809e-01
3.338530494221856881e-01
2.929818686870926947e-01
2.870327541180900943e-01
2.965875000820508145e-01
2.994400328290358626e-01
3.299508143086948286e-01
2.967584017798050033e-01
2.581658860104041331e-01
3.108505011983007660e-01
3.124024562884871736e-01
2.819099044181658797e-01
2.876572783347792761e-01
3.014568992913977397e-01
3.081777031236429543e-01
3.204591049172540451e-01
2.662523951924771204e-01
2.719458894063529475e-01
3.392938085924744884e-01
2.865968687747837418e-01
2.814005372015307427e-01
2.997657312971844235e-01
2.998611112720671046e-01
3.328400320605441332e-01
2.846245577248102121e-01
2.561674323195988201e-01
3.170199384591909086e-01
3.046392741541586457e-01
2.818398125993936687e-01
2.886076216750266266e-01
3.012575412448920686e-01
3.161332257903307075e-01
3.117844756548387997e-01
2.650322699209078370e-01
2.739549336463433238e-01
3.312416414468210557e-01
2.845252551089337278e-01
2.774928048288995974e-01
3.069630410265774545e-01
3.010521725100323565e-01
3.296336645923701458e-01
2.905114443597985874e-01
2.579577809991920323e-01
3.219310262830211711e-01
3.021141771812808074e-01
2.733585742101773963e-01
2.920171921378416635e-01
3.103774088312556412e-01
3.165844171413994546e-01
3.097250251530798137e-01
2.722038915591910579e-01
2.776277898809341171e-01
3.252031482306237398e-01
2.801024111623673929e-01
2.696452463128317101e-01
3.149814149542448094e-01
3.067346415492820388e-01
3.200362106616883584e-01
2.916527935856108589e-01
2.596120680893858612e-01
3.259060680802473575e-01
2.973565405972959930e-01
2.672912382337737092e-01
2.967901098190594555e-01
3.124688224989767837e-01
3.219451363549050149e-01
3.041657997554683690e-01
2.691053952843219244e-01
2.826958411416540806e-01
3.265771549053086420e-01
2.788515663723900584e-01
2.739005270221999133e-01
3.169831761241599377e-01
3.101048840535453599e-01
3.144957391764201526e-01
2.903223983964664523e-01
2.619794459900204875e-01
3.183854130970504293e-01
3.008432091570622524e-01
2.622056417637964598e-01
3.044331951840494876e-01
3.082310064375874403e-01
3.181195314042963851e-01
3.031077556331045475e-01
2.677470033740262378e-01
2.926285709636262666e-01
3.171909404700323787e-01
2.766892539985973398e-01
2.737363561189930516e-01
3.227879074344096599e-01
3.141399125707141637e-01
3.060833990126800574e-01
2.962677747647320947e-01
2.677819493065409229e-01
3.287668396385171610e-01
2.947433389977351381e-01
2.596907222515636438e-01
3.113764530663133412e-01
3.112120449440933800e-01
3.186961987855317924e-01
3.019455336268158097e-01
2.645331501873336433e-01
3.017855996351522241e-01
3.136562522299090050e-01
2.688138258744480202e-01
2.845887952331098703e-01
3.150467417891744670e-01
3.204981564894652246e-01
3.068469256536028311e-01
2.804847360027287739e-01
2.732613438823423002e-01
3.207319085565359940e-01
2.928683563844633464e-01
2.651111114755144160e-01
3.174965617933291351e-01
3.106938412010485373e-01
3.093110101067114703e-01
3.035416933097600523e-01
2.635386981784791360e-01
3.113034124332575425e-01
3.076319371329362395e-01
2.622760007690069228e-01
2.924036850189582482e-01
3.116187042401402651e-01
3.180696411396820578e-01
3.048448419492175709e-01
2.762160296206774279e-01
2.833529826131856444e-01
3.163249017666593943e-01
2.841187230044608936e-01
2.638818938372783363e-01
3.142106289791877227e-01
3.171959962496218588e-01
3.019160101032152266e-01
2.999659696848021029e-01
2.663112470226612349e-01
3.121981272204064073e-01
3.149050077392001046e-01
2.581432842329360877e-01
3.023977866763406519e-01
3.106931950942737886e-01
3.143237244641742256e-01
3.069587552866274160e-01
2.751383749954136593e-01
2.873088837554399477e-01
3.172839740869907721e-01
2.845970052829940311e-01
2.709951114337058042e-01
3.163713129552608860e-01
3.203248199993652956e-01
3.028069610276132861e-01
2.961376076511123556e-01
2.697318837627409316e-01
3.115171824419718516e-01
3.096185759650742497e-01
2.571067051320852226e-01
3.090043767593108615e-01
3.177847563114620799e-01
3.073528660032661119e-01
3.117158989082572385e-01
2.714768581383611989e-01
3.006452124622446820e-01
3.231228440407099556e-01
2.668610905132101085e-01
2.841974008992095291e-01
3.151603178255750204e-01
3.230008052556603837e-01
3.132223627227539442e-01
2.863002250454878550e-01
2.782751563473958023e-01
3.187164168240421147e-01
3.007434714243773510e-01
2.667947666113690275e-01
3.126827640133697517e-01
3.238204894860711724e-01
3.107562257645471449e-01
3.077384848992650301e-01
2.645366280269986214e-01
3.059688923072487743e-01
3.238213184217183516e-01
2.658422353077022904e-01
3.094539194146718741e-01
3.179800548984388353e-01
3.159287480528283898e-01
3.276025483838587160e-01
2.648696261665208773e-01
3.013944281516454660e-01
3.356790913354577577e-01
2.807681738257703508e-01
3.077327437115915387e-01
3.006824048971182828e-01
3.173418457585543417e-01
3.388775337145080169e-01
2.614130322105850945e-01
2.993206994011174960e-01
3.319137629157394853e-01
2.961068047553552240e-01
3.096712129311733341e-01
2.895115280649199763e-01
3.061834336538634127e-01
3.332214694020975143e-01
2.720423366246931263e-01
2.850242957188635073e-01
3.297792196085724270e-01
3.131857598365362927e-01
3.110535139013943517e-01
2.907996961857076679e-01
2.919578747091651216e-01
3.292676001316394707e-01
2.881654724623524122e-01
2.679443310436130932e-01
3.119395126015902520e-01
3.260687019838298673e-01
3.103656026016938241e-01
2.979227344709134973e-01
2.755910330399669594e-01
3.045810097115853043e-01
3.285005099525660222e-01
2.594596262551955301e-01
3.040252135106659703e-01
3.280869025339930856e-01
3.072785323323808382e-01
3.170806335698122536e-01
2.708768422358807104e-01
2.941208426191141978e-01
3.317667496128184901e-01
2.667462040533206680e-01
2.861785630843061701e-01
3.221968866711213964e-01
3.159955310226244540e-01
3.281454323026027353e-01
2.760472969864187776e-01
2.793515232788404967e-01
3.392622218249337629e-01
2.819405249417828441e-01
2.896329318806741826e-01
3.068673596870841180e-01
3.153049105580297273e-01
3.362506724491568511e-01
2.855747409536233405e-01
2.682555499036585744e-01
3.236134661705710736e-01
3.045526290799381863e-01
2.784693000276342034e-01
2.986932779496392354e-01
3.099178373277333698e-01
3.166828238310149257e-01
3.150754781794090076e-01
2.601666496849178167e-01
2.985613447732725634e-01
3.315294024272878448e-01
2.776395921909257103e-01
2.918537019714194658e-01
3.071385303944789702e-01
3.094477035377172225e-01
3.338805982554405305e-01
2.680862113229572352e-01
2.721919522808399772e-01
3.384255100796471627e-01
2.900270464547383686e-01
2.914522148895967724e-01
2.982007018298062362e-01
3.046444469725907433e-01
3.375530494311931862e-01
2.883525888558794437e-01
2.614264615659909752e-01
3.176069986587722882e-01
3.131876968136987904e-01
2.850807389755977139e-01
2.937415275027585038e-01
2.993730382624907871e-01
3.110601570505422964e-01
3.244364770563549771e-01
2.607176200144522005e-01
2.915971713549033173e-01
3.361732964360710230e-01
2.886286090695290296e-01
2.924942554707176123e-01
2.990161824358357201e-01
3.012894345276221908e-01
3.386389717797382848e-01
2.740758163256252211e-01
2.674921700535370372e-01
3.409471617939794919e-01
3.018256667984393071e-01
3.012955449814152531e-01
2.951435800111267826e-01
2.917539615686010612e-01
3.420992917733034488e-01
2.933118179756689092e-01
2.611108042899429327e-01
3.185849570074883452e-01
3.189746682935610811e-01
3.028718723475808949e-01
2.972990555405741753e-01
2.862612397994881430e-01
3.115518927256906156e-01
3.230251362297112960e-01
2.629872536705071817e-01
2.970580106681782739e-01
3.384278582567196159e-01
3.090670638265397008e-01
3.051480536598437654e-01
2.892225582851439269e-01
2.930363759645975841e-01
3.390251750387977547e-01
2.709893723747565097e-01
2.806080987918552760e-01
3.391084992648010776e-01
3.173352547760702747e-01
3.209954828698763363e-01
2.860987978768220752e-01
2.764156666501492166e-01
3.462670588330620247e-01
2.854718199088891462e-01
2.794147653317441971e-01
3.281955466249405484e-01
3.113692320301373329e-01
3.343804276782803564e-01
2.932698153677846808e-01
2.675210096255911107e-01
3.503024396875751290e-01
2.939552410362304413e-01
2.829106840702852455e-01
3.100681509392508861e-01
3.060978542385704437e-01
3.406509338017793542e-01
2.933131498142771965e-01
2.573390777680272801e-01
3.191723307585397351e-01
3.117714644657360035e-01
2.891964398129776015e-01
2.968568962731513161e-01
3.007388474127891120e-01
3.209335972078609656e-01
3.171429199642851748e-01
2.640464213491235390e-01
2.917240281918209721e-01
3.252944205323536342e-01
2.935709305222922727e-01
2.875689087912524089e-01
2.996896186202208101e-01
2.993604364775904747e-01
3.293948651171277331e-01
2.817650548443497716e-01
2.647008654899885571e-01
3.416500416826733777e-01
3.022106851454992027e-01
2.889419565868734385e-01
3.017880398589878888e-01
2.907957675864918379e-01
3.352033305220379900e-01
2.983522243525967288e-01
2.549375789819693372e-01
3.112870570570320794e-01
3.161025314382809870e-01
2.987270066360397935e-01
2.948019893759564747e-01
2.914229850112230458e-01
3.105288692196086497e-01
3.203106831920650155e-01
2.687749882218429254e-01
2.774606580699465752e-01
3.270327793584278386e-01
3.034041919263300024e-01
2.884119046842006373e-01
2.971106543573735492e-01
2.882648780772182340e-01
3.290253433018572871e-01
2.924976375630801151e-01
2.562832211734119570e-01
3.292564940543303287e-01
3.066519091006003617e-01
2.914695955920953985e-01
2.975138807446098821e-01
2.853203292406124580e-01
3.195262304980293622e-01
3.083103270859519074e-01
2.597804207344002747e-01
2.912511688207648497e-01
3.213575705867519616e-01
3.018576939639873724e-01
2.889933800782562567e-01
2.921093857585324582e-01
2.965188454146671648e-01
3.222020087975716041e-01
2.830344753218327347e-01
2.569840009998117791e-01
3.222004822664903956e-01
3.082469070657622989e-01
2.827141249232602571e-01
2.977157549161063010e-01
2.867913933482665878e-01
3.227793406305388135e-01
3.110915277074446927e-01
2.537867171475264860e-01
3.016995249227423237e-01
3.136167670488654302e-01
2.961055692976931608e-01
2.907592429587906868e-01
2.924070309013155899e-01
3.024922276426671441e-01
3.183163406405725704e-01
2.842336335266331671e-01
2.625279642432277183e-01
3.224797814695770093e-01
3.053029984956865950e-01
2.788740481885992328e-01
2.992501828566180300e-01
2.876588234578478787e-01
3.184491152390316326e-01
3.058413894289533919e-01
2.509844257552161784e-01
3.036332694855333747e-01
3.112322001847745434e-01
2.837556917977127058e-01
2.866346958314080484e-01
2.914635565936561923e-01
3.105711727337097106e-01
3.121380320571922606e-01
2.783047019065787442e-01
2.612031060598696830e-01
3.191828608127727507e-01
3.036440899299243656e-01
2.736287960752997739e-01
2.978523693680521500e-01
2.947382720098521425e-01
3.159590694969853231e-01
3.063240404446310183e-01
2.538263247824119051e-01
2.915443057506531543e-01
3.139837063504946069e-01
2.773292876836612186e-01
2.805891883426600009e-01
3.006617207535471903e-01
3.162057545608503717e-01
3.117525320119803323e-01
2.838994327035790910e-01
2.612451940347358947e-01
3.089224886634885925e-01
3.056088608986524124e-01
2.642531921439748577e-01
3.024668777804599418e-01
3.044429189683937609e-01
3.108231494200729972e-01
3.117172193543523706e-01
2.633026149417386219e-01
2.903898693974053535e-01
3.145575973678496617e-01
2.762456048192188374e-01
2.791850556653341919e-01
3.089863414637904482e-01
3.203874060780749766e-01
3.117883888675933024e-01
2.869276895632000279e-01
2.693971296044065378e-01
3.135109497224101149e-01
3.000876559498773521e-01
2.617562511967314043e-01
3.029242955283233396e-01
3.153955451540306210e-01
3.073898282473763732e-01
3.096647416720118562e-01
2.639656126575153361e-01
2.944426259750040353e-01
3.245195015099536784e-01
2.659988944412486900e-01
2.832479439398815080e-01
3.089548103500128207e-01
3.200502448625072716e-01
3.130816333575440757e-01
2.846058233590478270e-01
2.736451321211205157e-01
3.125208359654159107e-01
3.031676667931318403e-01
2.630170948611364468e-01
3.077105206859369058e-01
3.221962212426951466e-01
3.080423645680818723e-01
3.093901036145966787e-01
2.636451238502235950e-01
2.994432301768638061e-01
3.263685197855309417e-01
2.638123469699806267e-01
2.984559774834193990e-01
3.168520923396928590e-01
3.137357918787506139e-01
3.239763272764314417e-01
2.739765026008825211e-01
2.862902559864858310e-01
3.329933937012343192e-01
2.772128856518826234e-01
2.838723990002839370e-01
3.075670544395566197e-01
3.212770305945620852e-01
3.272205439384940351e-01
2.852412584199215950e-01
2.689532705585472860e-01
3.165329896735801785e-01
3.073436747680796111e-01
2.793354733463397355e-01
3.027153310654223661e-01
3.137676582311862417e-01
3.182004379951361983e-01
3.103305777150476841e-01
2.595424924434167613e-01
3.058370937228144792e-01
3.223674016011263688e-01
2.777517243894742638e-01
2.973040822364478308e-01
3.033006588557012884e-01
3.098821513211170164e-01
3.314349438937909120e-01
2.627968193872955438e-01
2.831445371593682703e-01
3.390804646435541247e-01
2.867304598317838571e-01
2.966127050699283729e-01
2.955370299322025440e-01
3.063339363742844657e-01
3.401780146943745864e-01
2.784797386201495195e-01
2.698154233942148816e-01
3.229555597413407697e-01
3.123034314169105263e-01
2.970471565954123649e-01
2.954347280018730926e-01
2.973361491413579749e-01
3.204851133088715276e-01
3.076294266701709579e-01
2.611483650891116004e-01
3.110883994312215739e-01
3.277946856886267413e-01
2.980857613797695538e-01
3.014102796250668348e-01
2.903696119185685820e-01
3.059962710550104825e-01
3.324778607732938318e-01
2.603886910784133368e-01
2.913010875637122021e-01
3.437412552142794508e-01
3.096368527171874385e-01
3.153878306813361898e-01
2.832344404617209710e-01
2.926222722509791985e-01
3.547044840496036411e-01
2.706245935162615024e-01
2.980702950921187977e-01
3.299445676435553421e-01
3.135412678220772520e-01
3.339237012887840694e-01
2.734535186168702836e-01
2.867229573069588477e-01
3.462214032969899713e-01
2.794788885914255006e-01
2.896596539169652984e-01
3.155492873571851264e-01
3.130722293386389299e-01
3.429595378394196814e-01
2.743027953949258579e-01
2.721874274362838242e-01
3.449085647408727251e-01
2.972950388225019114e-01
3.007287378772079967e-01
3.005956623472548772e-01
2.993098901702300751e-01
3.488181357075094136e-01
2.874010150267676256e-01
2.684836994826703682e-01
3.382866654687504138e-01
3.086048243947926428e-01
3.094179180264907680e-01
2.985072982098727068e-01
2.873703032225393139e-01
3.390111466432222942e-01
2.949881785686300217e-01
2.625994415506341384e-01
3.121031842690582536e-01
3.263111098959655676e-01
3.183778534431030427e-01
2.976106659528104381e-01
2.760352369337553124e-01
3.079923013508463203e-01
3.186156750678451610e-01
2.667022144329933009e-01
2.971116790655434770e-01
3.286178572477349569e-01
3.172822459460483691e-01
3.119172900973052887e-01
2.761448053871100039e-01
2.873224622293348851e-01
3.341404900422131341e-01
2.749550446998388353e-01
2.824639077385299735e-01
3.303247602214881562e-01
3.145650986548346184e-01
3.269291239904932866e-01
2.827662952166565269e-01
2.729111281321074944e-01
3.538169494297739304e-01
2.888630658776341065e-01
2.870167335430945932e-01
3.137872491726281243e-01
3.057276901895644716e-01
3.446811227859139515e-01
2.814897471949618923e-01
2.697531578921785744e-01
3.451465389986554388e-01
3.018786463587102009e-01
2.957166366794654055e-01
3.032178550898294023e-01
2.928609068993522913e-01
3.382621224993457298e-01
2.954671570626347110e-01
2.597637259889836736e-01
3.312563288094006464e-01
3.142695801828265800e-01
3.076058993723860269e-01
2.973325856440269255e-01
2.810821352426940978e-01
3.261499097480268228e-01
3.082466954547046223e-01
2.606846229130575510e-01
3.023324442060099648e-01
3.242758348294363935e-01
3.147411632328119269e-01
3.027632309585476245e-01
2.802332125957786579e-01
2.961438518423490374e-01
3.316630192918612607e-01
2.740891900664096936e-01
2.884745125550789435e-01
3.356376531895732818e-01
3.198293828679308337e-01
3.147740652753389656e-01
2.886806504115607130e-01
2.815959664096722159e-01
3.370922812408991831e-01
2.858449618084349941e-01
2.872289480650626059e-01
3.248443147684378363e-01
3.196517175402914246e-01
3.331238406803593288e-01
2.833070043744439492e-01
2.764403910606949566e-01
3.386479936776412569e-01
3.027968470585937211e-01
2.921146751503866379e-01
3.152940335450184484e-01
3.027628383693803382e-01
3.369094084287678204e-01
2.922997380748385554e-01
2.709826594035681380e-01
3.507614668409006486e-01
3.196857169733499093e-01
3.083787666041240549e-01
3.047962624790189756e-01
2.834714145924356332e-01
3.475380036252460614e-01
2.928678387765274449e-01
2.889775512485109887e-01
3.393767994376782338e-01
3.262087529331111901e-01
3.313427384503115358e-01
2.930490381261071642e-01
2.833442794537582299e-01
3.441617191697940448e-01
3.091904207123196135e-01
3.070051308720883054e-01
3.077176385908532152e-01
3.148689346340631245e-01
3.348940557946895602e-01
2.767726656063015378e-01
3.095388520601604077e-01
3.277715346203020075e-01
3.318451441966726589e-01
3.249040769394850314e-01
2.750753167633622209e-01
3.174214796664817650e-01
3.240193091314163554e-01
2.819946031612267090e-01
3.100064350909246258e-01
3.123630881928162739e-01
3.374845567430461157e-01
3.300371835804769560e-01
2.612635668215483875e-01
3.253512294391573412e-01
3.211255166611855505e-01
3.051265590933551208e-01
3.159872122344785650e-01
2.903709441367842703e-01
3.247364878822305845e-01
3.198758510877101613e-01
2.631954458324805013e-01
3.066933850012314444e-01
3.254745455584601710e-01
3.252458847445778289e-01
3.181732341933157793e-01
2.777076169093950497e-01
3.053379267977899825e-01
3.240688618345543004e-01
2.767405613458016611e-01
3.032032405864028002e-01
3.176073716732935592e-01
3.303256509789163631e-01
3.270202197164023827e-01
2.742800866484171318e-01
2.958917403534797597e-01
3.244035905364054950e-01
2.900397128736802999e-01
2.939530970188197756e-01
