4.789473684210526772e-01
3.846325353685898785e-01
3.381666681651814277e-01
4.348439630938330525e-01
4.284725529782122955e-01
4.081930419677321509e-01
4.494598334519704919e-01
3.977027127582875021e-01
4.005089282913181781e-01
4.669407233662810630e-01
4.022250936514221720e-01
4.933405960794262080e-01
4.445695431173558587e-01
4.698808272159332722e-01
5.076948335095086140e-01
3.977117087434653975e-01
4.694235631392474906e-01
4.182635054979433886e-01
3.981764365235238023e-01
4.117756723067121927e-01
4.555934118430153279e-01
4.049107418025568172e-01
4.035331482004486658e-01
3.064519451005925377e-01
3.617901811537763690e-01
3.715443779992389506e-01
3.687856177321394147e-01
3.741376772086361657e-01
3.277429175747765266e-01
4.486559181756126224e-01
3.342078534053050665e-01
3.575282052551331802e-01
3.600551440855502827e-01
3.706834777400929148e-01
3.549072717306607228e-01
3.039389194817287976e-01
3.705387340788678929e-01
3.384690420558758017e-01
4.019869764712910576e-01
3.334068582053415497e-01
3.314322198897620697e-01
4.102337230156945513e-01
3.907307437333152889e-01
3.629193679413856843e-01
2.952163900262541052e-01
4.043785436731570648e-01
3.437986173238261056e-01
3.561905469037785488e-01
3.524430982810760615e-01
3.263284452388589552e-01
4.026089344471941445e-01
3.203284452058943188e-01
3.692445872390864303e-01
3.379750807811128244e-01
3.942102241733945189e-01
3.257356184281823830e-01
3.080268570843517351e-01
3.947607741021302852e-01
3.681686542352331504e-01
3.716065410577269468e-01
2.996824177511392961e-01
3.888119270362182522e-01
3.730670809928438580e-01
3.810025279882520710e-01
3.534377199581499873e-01
3.000363455156002113e-01
3.752512873845421648e-01
3.304391932540938770e-01
3.494001696310342076e-01
3.125387677823215915e-01
3.853823975625436105e-01
3.500623177473366487e-01
3.423809935140504912e-01
3.961439113400163081e-01
3.514247283490594120e-01
3.905257654194995154e-01
3.016147987982655265e-01
3.536144385709581450e-01
3.498226031962357596e-01
3.824823365350228377e-01
3.634778576412802664e-01
2.908116908871777873e-01
4.119733308956747830e-01
3.783513371058654373e-01
3.859192854181891508e-01
3.765239513595762810e-01
3.236218565203273223e-01
4.514902088617576137e-01
3.844574046261441946e-01
3.189140458587247928e-01
4.109763555746753227e-01
3.714127896966546438e-01
3.727142060289873049e-01
3.103339668772902016e-01
3.534845517830849659e-01
3.833430724810539814e-01
3.802762747427115286e-01
3.793760485189271447e-01
3.291606056679846071e-01
4.614717107060066215e-01
3.592240012328007936e-01
3.387821493941584605e-01
4.028980706390598021e-01
3.616847935880616038e-01
3.983054809055522894e-01
3.844982411129045929e-01
3.354080518700829905e-01
4.588307321753238299e-01
4.094150800530041434e-01
3.597917525175636233e-01
3.827697281562108533e-01
4.180521347241096808e-01
4.321615870871295950e-01
4.182196132589562354e-01
4.519088134363715703e-01
3.922040215336580204e-01
5.035657655471081906e-01
4.622949804715910660e-01
3.210794319148480014e-01
4.134004536411596820e-01
4.647397818229680455e-01
4.076000986330673981e-01
3.734381508606117173e-01
4.240667694785815733e-01
4.003678748282505362e-01
4.491942127684402375e-01
4.681511303831523141e-01
3.679504173379307685e-01
3.856641799225313250e-01
4.701952996909631310e-01
3.895677354104767898e-01
3.433467266051221656e-01
4.157004266862553976e-01
3.963677292188511614e-01
3.715032027481668941e-01
4.057282985912954443e-01
4.241997484156629916e-01
3.979353790584314599e-01
4.429230664882644608e-01
4.988528902553437394e-01
3.798931008843406398e-01
4.037334342491071815e-01
4.900215308685592630e-01
4.111926901701246639e-01
3.952629612162666950e-01
4.655613011089218545e-01
4.366737012614654856e-01
4.060316815323702921e-01
4.242325946461844577e-01
4.010455687602429986e-01
3.962615756102090825e-01
4.443969638852283133e-01
3.945042372206148396e-01
3.747971091531523413e-01
4.515458195560081989e-01
5.110998215912316844e-01
3.914112218558891687e-01
4.121782189314715517e-01
4.544498738075000155e-01
4.234168340296303734e-01
4.777379543461083844e-01
3.707216825649872205e-01
3.514104643703924724e-01
3.864266257263329618e-01
3.442776582697343879e-01
3.752148867192423576e-01
2.936953637375758208e-01
3.573270882757524913e-01
3.444712358680770969e-01
3.505284829863369866e-01
3.421331771877644812e-01
3.477412946605321076e-01
4.223218394202634673e-01
2.989037842383811538e-01
3.719652981486485377e-01
3.584176074344059826e-01
3.715281037854397117e-01
3.027703030433739895e-01
3.174717787152498416e-01
3.512529078321472986e-01
3.454787329292132170e-01
3.735069162106026130e-01
2.788430563084563496e-01
3.600977802897541991e-01
3.745477312141521908e-01
3.680990955971915612e-01
3.287207930529455480e-01
3.312635716760785609e-01
3.790576882843516571e-01
3.127779701145764202e-01
3.505280652459791813e-01
3.092369131719914233e-01
3.511061011831199119e-01
3.253993464860920337e-01
3.198970636473815743e-01
3.458898000952985163e-01
3.501314210925670078e-01
3.883821493929459634e-01
2.898308865390761269e-01
3.705116884411932543e-01
3.628025138368317637e-01
3.731972767347582209e-01
2.994822242824706215e-01
3.222750667501087518e-01
3.687656107680052919e-01
3.336670182140707985e-01
3.610170848269122490e-01
2.917953899794186179e-01
3.634457830017455704e-01
3.458535156460618154e-01
3.707964531987528178e-01
3.112762292558193811e-01
3.361954753774635818e-01
3.621985768810810358e-01
3.065977929308869032e-01
3.418636717921093027e-01
3.280087871796759091e-01
3.696341074377033631e-01
2.981098341500984517e-01
3.337817185244135176e-01
3.688616780985994881e-01
3.567077969524929393e-01
3.567405925296657787e-01
2.955213799816576725e-01
3.670623269760786012e-01
3.518523753498696838e-01
3.817084569603471089e-01
2.922442540382091947e-01
3.223881997301554225e-01
3.808911056248357463e-01
3.540781957881004582e-01
3.498890879512194796e-01
3.125763179860833185e-01
4.024480289512701869e-01
3.160545038784886573e-01
3.585666516815322336e-01
3.417466945687788749e-01
3.444263352637741415e-01
3.688585841939152066e-01
2.999764582824037684e-01
3.561290138901651026e-01
3.553771954313855730e-01
4.321324239079644136e-01
2.998797607844760349e-01
3.597032783142163348e-01
4.058634384878979096e-01
3.536848719914781336e-01
3.792514070212993360e-01
3.171779533906579629e-01
3.656475442425512479e-01
4.431405629422250358e-01
3.804091022109097331e-01
4.225368471372475954e-01
4.114486104970284663e-01
3.809568317075220922e-01
4.209953842095537357e-01
3.535588826644318061e-01
3.665793095507328125e-01
4.978524195380742978e-01
3.606705759164373082e-01
3.718044480685460118e-01
3.970651178487510924e-01
3.602553819137222502e-01
4.446293910737412203e-01
3.351250164428734579e-01
3.347867983016643012e-01
4.350504785684867759e-01
3.599786865260646840e-01
3.677400962879034951e-01
3.887639499661655895e-01
4.014931103428406312e-01
4.001758640455121419e-01
3.591678913467017398e-01
3.001002779255987352e-01
3.812073270968082683e-01
3.543872289275702414e-01
3.831382012583808838e-01
3.445786665625586997e-01
3.276665449971040145e-01
4.512664997707087622e-01
3.724697495243304846e-01
3.875543264080439920e-01
3.969697430070083799e-01
3.614497015600939833e-01
4.575692136725152959e-01
3.611917431759797958e-01
3.169390217659482367e-01
4.380493265346649956e-01
4.186153143973674884e-01
3.296118483221182616e-01
3.940271423932275585e-01
4.412064808562908835e-01
3.804670826762704405e-01
3.837094081628161235e-01
3.024784580561287739e-01
3.830462089182341545e-01
3.512157257846655889e-01
3.613574422858273349e-01
3.522651391011792366e-01
3.173159386789639047e-01
4.591987654809289165e-01
3.679862844788805987e-01
3.784112118889242371e-01
4.254139496777952223e-01
3.863403145891727841e-01
4.201105852121737594e-01
3.906964485455026170e-01
3.383725508257549586e-01
4.233157671005687295e-01
3.994995598327387154e-01
3.607736596111090210e-01
4.446261753146885098e-01
4.351472772534658029e-01
5.220684747836937811e-01
4.857970255529587278e-01
4.395852088750513142e-01
4.526980180095370732e-01
4.468101022401659850e-01
3.828623289387695916e-01
4.039040794035652637e-01
5.021824956336227164e-01
5.107114977575083481e-01
4.137539178375461146e-01
4.693926591425668926e-01
4.519390278997572064e-01
5.132365940852768871e-01
5.089134205021709212e-01
4.353974045444070629e-01
5.151854141788224650e-01
5.228110904838817463e-01
4.436498691618101509e-01
4.968881568997823850e-01
4.706413583990495808e-01
4.687446342861243398e-01
4.597728027593883104e-01
4.373298138369635102e-01
4.713173773764431362e-01
4.602141653963628953e-01
4.166228504487315965e-01
3.280569018180984897e-01
4.446298287031795748e-01
4.442058212070700285e-01
3.668091040959615134e-01
4.241107075485237576e-01
3.862887901551068093e-01
4.109299050017098942e-01
4.080516883480623802e-01
3.218343930435356159e-01
4.576225316875778826e-01
4.379466921644956656e-01
3.546571311661300685e-01
3.892595643634382818e-01
4.753380641205101065e-01
4.004347542590629971e-01
4.333086697480371674e-01
3.229526322816111961e-01
3.525320281523163790e-01
4.160815190949888054e-01
3.749290683947731351e-01
3.902659385472379006e-01
3.950822275047600196e-01
3.456010088536576874e-01
4.428174827935120739e-01
3.959621367618944565e-01
3.001164292635168929e-01
4.256225581664984658e-01
3.602066763256528414e-01
3.683852846415018312e-01
3.649276939729348967e-01
3.199046591144086293e-01
4.370493517114632520e-01
3.392126885300453254e-01
3.401923258599138244e-01
3.858608514104442389e-01
3.657142563251343792e-01
3.702999064683693553e-01
3.014405808561206879e-01
3.825923894151454507e-01
3.822450047335448353e-01
3.868397048227305568e-01
3.512533563020688310e-01
2.959724032718315523e-01
3.750960330003909604e-01
3.407786406086593667e-01
3.477051395619724650e-01
2.993202182535022460e-01
3.542569716306375738e-01
3.440051989064365490e-01
3.158238188885721387e-01
3.624730548504573324e-01
3.344262726473283265e-01
3.626743193551499322e-01
2.982379398403564030e-01
3.597354957648543072e-01
3.260813350325619253e-01
3.665612458661670070e-01
3.267715897741600428e-01
3.024133445976930901e-01
3.660447190202295031e-01
3.640573684462224402e-01
3.750061826722151381e-01
2.842414346091372557e-01
3.765725508908829289e-01
3.574644913482512565e-01
3.491559733409356769e-01
3.122652258156318195e-01
3.150080755708963842e-01
3.454306230547228851e-01
3.140154753686097422e-01
3.440020964861177921e-01
3.013575199140732241e-01
3.570848031265408395e-01
3.356103610259464909e-01
3.096868316818283118e-01
3.570529153577970405e-01
3.473689314052801347e-01
3.550402269788306975e-01
2.752629286954946797e-01
3.403743836009359147e-01
3.390560489185606152e-01
3.454472561360026894e-01
3.434342675800511890e-01
2.816972157404259436e-01
3.758240496297038935e-01
3.529680704010996206e-01
3.611914306540986441e-01
2.936103532903794888e-01
3.541770609984196683e-01
3.397230379584205706e-01
3.029747941731954497e-01
3.429209233888406150e-01
3.134802203955711630e-01
3.562003957976263013e-01
3.094251755134364013e-01
3.345292129206977050e-01
3.420902100444558891e-01
3.614755647662010185e-01
3.528501028168398723e-01
2.793432715412712541e-01
3.616163325970115916e-01
3.542842111729554433e-01
3.541742162556175688e-01
3.013447903542207373e-01
3.311118021832911706e-01
3.668813532006420797e-01
3.326955204238110642e-01
3.548632395164144082e-01
2.966721831658236108e-01
3.572074764264669966e-01
3.201312655815611863e-01
3.377909675540677337e-01
3.201154170397710885e-01
3.364729788222277640e-01
3.723352525725292517e-01
2.885772607615801899e-01
3.657342502300976461e-01
3.568036998419756300e-01
3.841358802380498427e-01
2.910039142079394736e-01
3.474324625473972916e-01
3.614491358375057084e-01
3.501379620720544983e-01
3.441474423107824809e-01
2.825166019562730391e-01
3.557042066520075818e-01
3.509699113088668998e-01
3.703820284342861369e-01
3.083612197211541561e-01
3.500943316018953477e-01
3.870081960199500681e-01
3.421071736385937201e-01
3.519406728086434399e-01
3.278585339047249136e-01
3.840312040223620715e-01
2.946891830874673879e-01
3.443532389282873973e-01
3.256418170709766136e-01
3.435447153638024331e-01
3.540219795255012403e-01
2.989896281131122491e-01
3.632564365784982652e-01
3.625546128263505419e-01
3.966222929406363895e-01
2.865502293599795913e-01
3.789203101088297609e-01
3.764925236744107728e-01
3.708884754701954889e-01
3.159303050033384630e-01
3.220193959836665787e-01
3.730923375271175124e-01
3.289678933503794589e-01
3.630513290608801125e-01
2.998832935577598335e-01
3.766623331756491777e-01
3.494347470290302682e-01
3.922270318563424452e-01
3.541277683255578124e-01
3.524249258296562881e-01
3.986611045781613405e-01
2.980910512360327447e-01
3.743430503882379523e-01
3.695814303552474311e-01
3.885052631380802590e-01
3.879411586643285448e-01
3.084829266212241738e-01
3.828635032411845662e-01
3.595670788624390490e-01
3.894552340421840175e-01
2.907801870314390968e-01
3.338182426928376634e-01
3.746546438021487457e-01
3.457499106940225553e-01
3.492535211416818441e-01
3.180973714143431330e-01
4.048729868812800947e-01
3.131100626238937368e-01
3.635281040754531623e-01
3.500566312447910278e-01
3.599708507833549453e-01
3.410318965653069689e-01
3.066195747315329512e-01
3.565793551120030047e-01
3.494292344290564345e-01
4.109353597525828850e-01
2.904927268574339916e-01
3.487217793266681465e-01
3.908532724074418874e-01
3.847395912722668676e-01
3.393140864138235457e-01
3.176742159375841590e-01
3.920059311396033586e-01
3.326523288169849768e-01
3.598938874379487562e-01
2.993455364215702463e-01
3.419062034803362904e-01
3.492696419374986538e-01
3.333201056740545121e-01
3.397232651064703290e-01
3.298141508580785253e-01
4.354750236916550277e-01
3.366880722861242958e-01
3.844219324628134205e-01
3.854115450768114681e-01
3.687621693523325250e-01
3.949895782860445848e-01
3.217803948637156242e-01
3.594035686817589892e-01
3.921009093900705844e-01
3.901893504506767640e-01
3.535911139379567802e-01
3.158770935014778569e-01
4.092593166081093248e-01
3.220564529565708711e-01
3.626437719156548334e-01
3.830363520798651944e-01
3.732457601135536485e-01
4.449545186056462209e-01
3.153127311304492753e-01
3.436222207524504135e-01
4.594420488863976137e-01
3.548699322784512611e-01
3.936805040026778446e-01
3.334262506957906824e-01
3.763765660286449988e-01
4.310568450060258128e-01
3.128989577675990730e-01
3.691188525963063349e-01
4.124595608276930281e-01
3.515919762071396115e-01
3.931598356536764594e-01
3.690002953202664582e-01
3.297841678404893617e-01
4.571268626561104664e-01
3.226516222314010363e-01
3.596610659108279706e-01
3.425960888285288775e-01
3.741287433871475221e-01
3.292025082326927032e-01
3.137678363938440906e-01
3.695614920872931641e-01
3.407934028586465103e-01
3.883513811524825221e-01
3.005455306826133599e-01
3.593379105477580437e-01
3.781127644650619790e-01
4.108118283953470784e-01
3.757198352356031501e-01
3.228152713603074098e-01
3.913820697414481797e-01
4.032429083666865810e-01
3.192231885407734171e-01
3.783973201431720113e-01
3.783379482424217288e-01
4.197053967200464197e-01
4.284296781958857325e-01
3.682213524362971113e-01
4.027870402850741716e-01
5.160102897496308128e-01
4.311492743832938679e-01
4.165294205601722255e-01
5.064308172982419087e-01
4.962558278903738684e-01
4.920102010030052431e-01
4.323178108098020278e-01
4.425967841096263844e-01
4.183082461097316629e-01
4.511397893741213583e-01
4.134628411204178122e-01
3.726953623904697421e-01
4.045011037172304702e-01
4.564943069012424859e-01
3.993260624465189701e-01
3.715288243882139962e-01
4.683429909961114856e-01
4.126882778991017853e-01
3.762672174633310274e-01
4.189178886012598912e-01
3.945480399637227853e-01
4.363307225600069894e-01
3.616621811782628204e-01
3.380531965560067964e-01
3.902827843733993607e-01
3.802608729394137965e-01
4.066489341117022760e-01
3.895639260398138792e-01
3.553662762042400503e-01
3.621878838914309728e-01
4.366793492783271891e-01
3.443476149042386525e-01
3.397698153312546654e-01
4.174658740476112628e-01
3.792733868407773268e-01
3.731708062364947898e-01
3.160139102505635234e-01
3.768768638151301364e-01
4.030081903674509469e-01
3.464457646676804004e-01
3.788873739974791821e-01
3.258328841400005560e-01
3.982714277330134944e-01
3.445137762973055073e-01
3.177587160780800946e-01
4.080107730541222000e-01
3.686959257211953056e-01
3.882392866097181816e-01
3.029616208039097036e-01
3.782765982369966085e-01
3.689158964794646556e-01
3.850165933016486131e-01
3.706396980355198267e-01
2.958552666817355625e-01
4.181063681966794565e-01
3.794943878145985439e-01
3.826767125506040368e-01
4.073870520834959597e-01
3.564022669651207287e-01
4.406967513998157893e-01
4.101275639226875103e-01
3.067243484249592700e-01
4.073700862022904823e-01
3.811121874575310042e-01
3.595798776857920820e-01
3.928506443404358173e-01
3.773808608871967452e-01
4.207580714151828438e-01
4.382332305289924901e-01
3.706188906077654832e-01
3.600932608613982011e-01
4.526314678678612924e-01
4.550185444470405405e-01
3.947621085654642870e-01
3.861981553478016083e-01
4.830704649099391568e-01
4.260572624376877116e-01
3.815426553439761892e-01
4.072378543381136029e-01
4.576773860772633817e-01
4.210850000358840606e-01
4.401780914768995134e-01
4.177263431814981498e-01
3.732308625508399258e-01
4.297839160725210328e-01
4.864858019651565058e-01
3.855793146080737088e-01
4.487098704593229237e-01
4.667726945813092665e-01
4.723531003105435055e-01
4.355707320623622980e-01
4.702519811388871651e-01
4.110389260633213193e-01
4.728480008827001813e-01
5.020242535501584502e-01
3.932060578303257503e-01
4.147014554963754374e-01
4.286454719357157273e-01
4.922061879169757903e-01
4.282761946165188904e-01
4.675941921887684094e-01
4.303867360506011264e-01
5.044704875647547659e-01
4.584167103797635034e-01
3.825393135384067556e-01
4.861918804874069133e-01
4.551119113438900632e-01
4.081175742912762083e-01
4.247025638783202273e-01
4.303300565665462152e-01
4.285158743901598677e-01
4.920904659472076226e-01
4.446231485726028221e-01
5.108629561871852465e-01
4.525760739514739228e-01
4.901732414979564356e-01
3.939447513987806015e-01
3.411643902340018020e-01
4.028849193546982788e-01
4.882942113917980720e-01
4.464531101058969442e-01
4.737889325886617264e-01
5.255231637358086516e-01
5.415314310751470073e-01
5.320173463196651298e-01
5.610884663626757307e-01
6.194702618938583427e-01
5.390670737878036078e-01
5.271665642270432217e-01
4.500599663187878074e-01
4.927624138746924398e-01
4.874802968377547896e-01
4.740078043009189335e-01
4.183854467540819577e-01
5.252107486922193980e-01
5.087513556806902981e-01
4.619781365224638336e-01
4.627655200236606703e-01
5.057727165486586296e-01
4.766445730089127752e-01
4.654884093725652483e-01
4.130104315472845067e-01
4.411692285540015357e-01
4.971711263294943950e-01
3.904816103883805289e-01
3.742305075468960185e-01
4.462224500632460122e-01
5.116420500854921283e-01
3.976235063452115970e-01
3.677822224066440993e-01
4.142674481773949147e-01
3.980473553129572628e-01
3.668362401259907535e-01
4.186913675312553540e-01
3.544473288307112280e-01
4.136449274650906838e-01
4.845829330066467877e-01
3.479090445942374377e-01
3.833931010044058230e-01
4.056672493302286853e-01
4.034240447180229006e-01
4.067252050890292625e-01
3.185126097974504411e-01
3.624228502526850026e-01
3.971852962856374236e-01
3.305168937782748118e-01
3.750424960286036224e-01
3.190693123879732584e-01
3.850726018496328784e-01
3.957211441857776957e-01
3.724676355603625533e-01
4.592799099350817205e-01
4.082059023800909126e-01
4.353186992289935775e-01
4.347699939699788407e-01
3.918523372914362590e-01
4.000642368485703981e-01
4.627451821139526578e-01
4.774787903189647853e-01
3.467298668077792856e-01
4.644703727532011328e-01
4.991894117734986258e-01
3.745703746768676567e-01
3.895535139598183538e-01
4.272203314981608546e-01
4.378837822477252284e-01
4.137624170486390862e-01
4.923668997090007715e-01
4.095021082259185929e-01
4.331151529894519681e-01
4.650047663815598531e-01
4.608324987041484966e-01
4.144789144351814225e-01
4.937001432679921642e-01
4.670945144124404869e-01
3.727348646385656994e-01
3.724068501699444034e-01
4.366024393642859436e-01
4.583667439102393493e-01
3.808458958936335459e-01
4.176964583336484349e-01
4.212786705457575720e-01
4.041566859152029290e-01
4.264381193847817664e-01
3.694869471294237040e-01
3.280094055349604965e-01
4.556684551178862841e-01
4.693712915678660003e-01
3.468370174161897190e-01
3.771511021728360391e-01
4.179800014997677726e-01
3.892840725924573975e-01
4.052406342192824695e-01
3.653925534705653178e-01
3.316520527165964238e-01
4.314756867691463271e-01
3.831560854047603715e-01
3.181976392694850220e-01
3.753764727389018452e-01
4.071981998680337944e-01
3.773531027800001714e-01
3.534940990852170062e-01
3.263625351486506565e-01
4.147522298789755868e-01
3.410511409631460378e-01
3.641069605082259963e-01
3.588134038683001847e-01
3.449863096146726926e-01
4.638090632811042169e-01
3.226014525391538990e-01
3.880551757358514098e-01
4.408622036474212358e-01
3.793262152547700050e-01
4.796429481406943585e-01
3.800650240107246169e-01
3.684491334313992339e-01
4.922732400773998096e-01
3.409319100272134584e-01
3.710022729256930996e-01
4.639559284289946350e-01
4.338289961219558011e-01
4.474176697906911970e-01
4.450621903437571025e-01
3.952266560937453543e-01
3.653220410019390463e-01
5.116608269926304908e-01
3.532365669464071489e-01
3.812344918334374944e-01
4.645381580607535477e-01
3.750168707120895562e-01
4.152516172545017148e-01
3.914218893061351401e-01
3.620478307594718892e-01
4.513258992091251365e-01
3.354342156080311610e-01
3.278538461082968758e-01
3.884990660092575432e-01
3.499182084751946142e-01
4.000274574249768067e-01
3.441032974483336226e-01
3.276816672147545018e-01
4.333534422037643163e-01
3.394875227894457170e-01
3.562900004532938980e-01
3.128237239725152885e-01
3.722145389985556663e-01
3.238280538795891283e-01
3.431895152789180559e-01
3.609548308565130870e-01
3.425380597170255004e-01
3.941607403692847234e-01
3.018898753041023841e-01
3.654767089828170890e-01
3.702260973504770680e-01
4.012627209822229313e-01
3.309877156740204107e-01
3.009348055409034051e-01
4.078735872572710197e-01
3.596888505857021023e-01
3.853892512835561668e-01
3.129340571894848599e-01
3.821268030884386047e-01
3.659357442888404033e-01
3.406387378176051750e-01
3.692887677432500904e-01
3.307202710176870286e-01
4.450362874882678454e-01
3.660487242768217242e-01
3.473723160263419985e-01
4.105475846205222656e-01
3.926616598225887156e-01
4.192233057158329945e-01
4.234899454608365144e-01
3.673912242051973198e-01
4.385381798108988205e-01
4.359477157407432024e-01
3.309373802389041774e-01
3.886412976862216873e-01
4.447145303861679277e-01
4.103617653011061295e-01
4.089724489856964018e-01
3.286666399066029975e-01
4.088711163621679412e-01
4.413064626253632716e-01
3.385030253870441319e-01
3.647492275980403487e-01
4.996247785465985913e-01
4.057310191154027690e-01
4.327536732446344847e-01
3.428821161815477359e-01
3.521840485553270339e-01
4.522768706078119649e-01
3.567490682765065424e-01
3.793676165561552516e-01
4.346301914071425410e-01
3.655169737029080324e-01
4.372950762665654967e-01
4.106977494780023608e-01
3.391594824830426180e-01
4.268508622387943707e-01
4.011562940167364144e-01
3.178847305342107910e-01
3.818220183713503246e-01
4.167197471378522033e-01
4.213084894284064852e-01
4.309095628241381148e-01
3.704970060050468139e-01
3.660271377609644050e-01
4.860575260098328743e-01
4.168032663117802739e-01
3.780028784778848294e-01
4.618000697528715226e-01
4.428059615027173379e-01
4.139290118233299731e-01
3.936649411061970971e-01
4.967308727123662115e-01
4.019675283317306058e-01
4.420243121228209504e-01
4.546033483601444880e-01
3.698051399575273956e-01
4.411065290107927250e-01
4.973468316506902687e-01
4.395252667928071788e-01
3.397917317711398599e-01
4.902281561715750025e-01
4.474070575908359326e-01
4.321055994869439365e-01
4.587333442763787406e-01
3.750978099118753573e-01
4.032025115864539822e-01
4.578277069253053333e-01
3.948768699901287760e-01
4.398444055005958919e-01
4.703621449605778770e-01
4.231691015155765179e-01
3.837515358467862847e-01
4.082922026503553181e-01
4.834075228390071755e-01
4.462062788473437069e-01
3.900811945490774146e-01
4.442801979994653316e-01
4.213032905798723693e-01
3.877744060853124397e-01
4.098885693220004622e-01
3.861670385012204720e-01
3.497320414479987427e-01
4.382046051706892098e-01
4.444127968715147481e-01
3.665567756214400674e-01
3.495972375227650586e-01
4.508799365391041314e-01
4.350162724599617725e-01
3.809870407682725002e-01
3.970619520182117612e-01
4.682771435244387215e-01
4.740399465530368839e-01
4.432405352664625098e-01
4.923692109975228992e-01
4.548326543609633732e-01
5.109132129953837254e-01
4.835790123604445934e-01
4.878633451220819595e-01
4.581587959279901368e-01
4.862295478013867744e-01
4.885826853463506314e-01
4.124155041651451081e-01
4.039949031337701779e-01
4.478951419823783420e-01
4.542111681666338718e-01
4.034395429704171199e-01
4.837942131890895503e-01
4.532191700322107941e-01
4.598193915032923185e-01
3.742970721526550082e-01
4.278357733265675256e-01
4.993915483979426972e-01
4.904160536005010562e-01
4.052681437187656832e-01
4.681546019016977755e-01
4.479754224629619030e-01
4.918515061700361457e-01
4.249344600781731485e-01
4.959247822353489155e-01
4.491983321691168096e-01
