6.052631578947368363e-01
5.916799696935951536e-01
5.350676521290338439e-01
4.765025535922919331e-01
6.518776632875732391e-01
5.588226709009777027e-01
5.131614526462936476e-01
4.605072231767179392e-01
5.820366110073782462e-01
6.429393086142036751e-01
5.690714228862479018e-01
5.540993881292980427e-01
5.255067711671349562e-01
5.686610279094701514e-01
5.457965222064136146e-01
6.166305657429627107e-01
5.882124764890303004e-01
4.842516365637378750e-01
4.855460782288660848e-01
5.204839972018999728e-01
6.678741154127740831e-01
5.196053069203275809e-01
5.077764773943919119e-01
4.663774309381189531e-01
5.639239882516331459e-01
6.513452993887548503e-01
5.983382576024716126e-01
5.531931160155176830e-01
5.271526802717524385e-01
5.745656655574502558e-01
5.610958237154233252e-01
6.044794587550499365e-01
5.652769269270899732e-01
4.977486962257551828e-01
4.741072382273882613e-01
5.309905887451384920e-01
6.058776252337050305e-01
6.805294795512051298e-01
5.936350217483197245e-01
5.784348084125936484e-01
6.094807963104159620e-01
7.141749771646214162e-01
6.407726232919074283e-01
5.615925054866800492e-01
5.801736628262540441e-01
7.317608122746973587e-01
6.583120607137254998e-01
5.330092201529048612e-01
5.565331432547737656e-01
7.252030323097018449e-01
6.875533537721277844e-01
6.002844729678281643e-01
5.886894521304951722e-01
6.682501492882438887e-01
6.343165134712747122e-01
5.092800647390686164e-01
5.369661687823324980e-01
5.354778125228767394e-01
5.475533296777600478e-01
4.572052133762442017e-01
5.343121500887364483e-01
5.393113909559965613e-01
5.864300572709817416e-01
6.040399978367910760e-01
5.999759357709035790e-01
5.555593988120649529e-01
5.510311195390195094e-01
5.341579449749003228e-01
6.077879812715459851e-01
6.519396767175403840e-01
5.890936132260686797e-01
6.305184568102983889e-01
6.334696168081530576e-01
6.512837467174003026e-01
6.125003570545416443e-01
6.590631743075534565e-01
6.612055023503315976e-01
6.753674039300897602e-01
5.853391212348925121e-01
6.747646619569305226e-01
6.693961402356484180e-01
6.401888874942314178e-01
5.780226755396546956e-01
6.959352636527375013e-01
6.856989793523829979e-01
6.580754023964988653e-01
6.617516643606183857e-01
6.259335299920980589e-01
6.472983878216581610e-01
6.552134237188695920e-01
6.861098210461932245e-01
6.269655261331840146e-01
6.195333302583024837e-01
6.529453347904436988e-01
7.006999408254765971e-01
6.941654794308936838e-01
6.322042256487682144e-01
6.443918035030907765e-01
6.731291242959417387e-01
7.482671773710902752e-01
6.991688877658652768e-01
5.640247437195494706e-01
5.831232194840230143e-01
7.080845592514088960e-01
7.396516868458914429e-01
6.672829547218418478e-01
6.167105620175183933e-01
6.329602904086625292e-01
7.404121297945297497e-01
7.057137336960054297e-01
6.256746773751069579e-01
5.977667019408540172e-01
6.451753101218702380e-01
6.771809769122204559e-01
6.138275836390756357e-01
5.727049170128279965e-01
6.029018241479956464e-01
6.641949389513682744e-01
5.859110821745130426e-01
5.556692498822082271e-01
5.554102694248438388e-01
5.668247152273688805e-01
5.555896447746443423e-01
5.910788813324667768e-01
6.552425437562099386e-01
5.919911462377043243e-01
5.786262828902974942e-01
6.106697733179682341e-01
6.645894246405006367e-01
5.794362519308453585e-01
5.129077761838317651e-01
5.935050280279344781e-01
6.614053297680118071e-01
6.020201888824796566e-01
5.485419904018743464e-01
4.764922523345829775e-01
5.028797573414477418e-01
5.411690026693513067e-01
4.499090593360356438e-01
5.280510151481365710e-01
4.398558820107375533e-01
5.073269943004433680e-01
4.400074137505929905e-01
4.731216486261489163e-01
4.164037134029236475e-01
4.522819225147714506e-01
4.224421140753710779e-01
3.429604994261455375e-01
4.273367774325774748e-01
4.467633994760286664e-01
4.380742041266647013e-01
3.672877037632046315e-01
4.176758295012917288e-01
3.968701631172735778e-01
4.052180282214902785e-01
4.190227459366738794e-01
3.122971460520503340e-01
4.099890376720548013e-01
4.864419032551809408e-01
3.676155787349955073e-01
4.708728769099436717e-01
4.404903216073223216e-01
4.347628552378550171e-01
4.879608115356222631e-01
3.922836918767838577e-01
3.657534097755515967e-01
4.952428729629257953e-01
4.893423263690162561e-01
4.402216757441624329e-01
3.567335815518262176e-01
4.648154789172082579e-01
4.579423683642507847e-01
3.505527918296742484e-01
4.478035318101544759e-01
4.334653780792031563e-01
4.533897805933067016e-01
4.321143630125268698e-01
4.922908957220816228e-01
3.959115696751230318e-01
4.950004680188220263e-01
4.268500798440996169e-01
3.609019413647151509e-01
4.196171906680267738e-01
4.612953446823998549e-01
4.447991799471637253e-01
3.747012870375975857e-01
4.169099013885948501e-01
3.914327715942931829e-01
4.180485437830407935e-01
4.590666627694849899e-01
3.718826750506652457e-01
3.248338721661055972e-01
4.319786970826457462e-01
3.926026274719473519e-01
4.064683416601295729e-01
4.868240126539021828e-01
4.472717371903877082e-01
4.540443775988162178e-01
4.708188481552915694e-01
4.067757297556393037e-01
4.942199872080495493e-01
5.125346641806700632e-01
4.043435465490357594e-01
5.063646052901629169e-01
4.890766111821293061e-01
5.164004619444064748e-01
5.097460414808182572e-01
4.733240616952287816e-01
4.908694605474825390e-01
4.986900465051649078e-01
5.399306359183956294e-01
4.558637463951572544e-01
5.367599762768846539e-01
5.491350624066285713e-01
5.900723539156713660e-01
6.017177261973265523e-01
5.804755059790911442e-01
5.241869316737374218e-01
5.266429249579966942e-01
4.728272478831831438e-01
5.210679010528482813e-01
5.376165145307804094e-01
5.877358912779752087e-01
6.249354899080749037e-01
6.055217594851945995e-01
6.090051913641086889e-01
6.434539425291238013e-01
6.573844861444048115e-01
6.519193592909525714e-01
5.686502023727592059e-01
6.427397780561344698e-01
6.243369027022542816e-01
5.808981989063718432e-01
5.322980080492180077e-01
4.367893590149136140e-01
4.929471304341287441e-01
5.363809648485983184e-01
6.882484401793921291e-01
5.157744144838364297e-01
5.309902519376432650e-01
4.786147752849674863e-01
5.632190308237139398e-01
6.229091482149171632e-01
6.118657392970053843e-01
5.558974013536356340e-01
5.713373664801267848e-01
5.961552575544323274e-01
5.882598063480857231e-01
5.435243608922858405e-01
5.945220585079995512e-01
6.127603808162972454e-01
5.729562324945191021e-01
4.734618610211551726e-01
6.532782296182340076e-01
5.382372287430469138e-01
5.036266767367194586e-01
5.414244388842675004e-01
5.908184800618182519e-01
5.986151763486302624e-01
5.735465593878262824e-01
5.043062097820720791e-01
6.191970104555410970e-01
5.923362298277319304e-01
5.305112235107806162e-01
5.120118661852653963e-01
6.274737973648449874e-01
5.850367396410065535e-01
5.385467671404348122e-01
5.028139117783156919e-01
6.208828197698555984e-01
6.076646605316509131e-01
5.391300970872198173e-01
4.933552868203286978e-01
6.420699862275822678e-01
5.817150701245472622e-01
5.198460106091371546e-01
5.044293747679862161e-01
6.176645661733325410e-01
6.203486082096056897e-01
5.456000373564595662e-01
4.845340088863799299e-01
6.521455993559698294e-01
5.708654109075929073e-01
4.915685422639571311e-01
5.322960363730523392e-01
5.856067062435693638e-01
5.992382703212701944e-01
5.630498780534320957e-01
4.863729052525738172e-01
6.084250566058851950e-01
6.253372121113631721e-01
5.221424339025844130e-01
5.118782760450419911e-01
6.429013235993078501e-01
5.870299759986405963e-01
5.007302535200642835e-01
5.116073000111418523e-01
6.034370535526085710e-01
6.312245725096435889e-01
5.717533540155633753e-01
4.514193180358776480e-01
6.003438919141433905e-01
6.168412574959841743e-01
4.985764447440325653e-01
5.343631001058783969e-01
6.446607347106803054e-01
5.749594725672475537e-01
4.804434362619576238e-01
5.608615692559300037e-01
5.825595846100027897e-01
5.613114710104375460e-01
4.601478584750889889e-01
5.630883726817370594e-01
6.237533183634677014e-01
6.701972949910522948e-01
5.850350911258263009e-01
5.636648679334802514e-01
6.213803981015232347e-01
6.854653086488243785e-01
5.758476602713690218e-01
5.412905905750817759e-01
6.247084191173030154e-01
6.620302448883739199e-01
5.361612479128636810e-01
4.622593586188698533e-01
5.482703100850631062e-01
5.389970493320063172e-01
5.707783390888879760e-01
5.871658871702293281e-01
6.186344849976812554e-01
5.709255959977375117e-01
5.650031097977644690e-01
5.470958807089635334e-01
6.204468508033855745e-01
6.550569688590471840e-01
5.806849169417109824e-01
6.145325761540216813e-01
6.327527157222552212e-01
6.520474936821151202e-01
6.241252293093384473e-01
6.451630310482312503e-01
6.694701984615668566e-01
7.195069777925010568e-01
6.663466837599938408e-01
6.318609493358067208e-01
6.507089232788493272e-01
6.915248336718834432e-01
7.527156379671295916e-01
6.685929509614830790e-01
5.544845983621519148e-01
6.173102569634187908e-01
7.215914425159528633e-01
7.423231436706613229e-01
6.871559299400434861e-01
6.504738501079204704e-01
6.251792223705471274e-01
6.776477226683771393e-01
6.726748312228651994e-01
6.862819244956984699e-01
7.366582683821877309e-01
6.938757368951864457e-01
6.095315310337240389e-01
6.216718925648200278e-01
7.029393200677105380e-01
7.312081619164099155e-01
6.433408323310535470e-01
5.981687194544673680e-01
6.247154878864549232e-01
7.520858214233513417e-01
7.288274309322014810e-01
6.575538513018597264e-01
6.581787259699385384e-01
6.246623692072970080e-01
6.922569329773856639e-01
6.901031200862255410e-01
6.810635775378873769e-01
6.690822986563123020e-01
6.292508134703603817e-01
6.108803423602831018e-01
6.558630939098415435e-01
7.369882450317736255e-01
7.014413444203130288e-01
5.986102642504594895e-01
6.003887675415593428e-01
6.840505781080165049e-01
6.906950990511826483e-01
5.837248922050094491e-01
5.975005847484624599e-01
6.572476679266928690e-01
5.927190461985131220e-01
5.795695379663738933e-01
6.157431136826008178e-01
6.430922579735040001e-01
6.015949016582167186e-01
6.192472930091963423e-01
6.580760287424312072e-01
6.396241350710867302e-01
6.235553906185956619e-01
6.168358486048426403e-01
6.396801698893759269e-01
6.379862087603043186e-01
6.665989789877893035e-01
6.007534182135070289e-01
6.220191023055614554e-01
6.406155336161625247e-01
6.577238602194347417e-01
6.166498923393297638e-01
6.653842670139600290e-01
6.599470342421368541e-01
6.600839946769182509e-01
6.054072857202472679e-01
6.566011921271242002e-01
6.637745013865093968e-01
6.361523355739082675e-01
5.560371480180344994e-01
6.621442221600796207e-01
6.667940178151646746e-01
5.793028076042282537e-01
5.615599542862957927e-01
7.122090373386098516e-01
6.781620408027787539e-01
5.559418774202863345e-01
6.006092009365507911e-01
7.300873784770307573e-01
7.240863348114552345e-01
6.272990736136510037e-01
5.926270045388066787e-01
6.395846456995913920e-01
6.985538835679878655e-01
6.002997456217005201e-01
5.556432810421750856e-01
6.310287394400397876e-01
7.091001329019893662e-01
6.232027251606317986e-01
5.926513638283199548e-01
6.583494203014842450e-01
7.312055081461237283e-01
6.606330491753871215e-01
5.958179859605032824e-01
6.194134304811309555e-01
7.180376043179511614e-01
6.591968703473322089e-01
5.923646315883400737e-01
6.303013575068322494e-01
7.168614036237302978e-01
6.746041937502267327e-01
5.826772720326170996e-01
6.138878554867736037e-01
7.215668104830689211e-01
7.602656093116855196e-01
6.837021609673933353e-01
6.393983795962306926e-01
6.344480891174479886e-01
6.939730574050814171e-01
7.132496367305738438e-01
6.868356266291600898e-01
7.149632011264021036e-01
7.167898379641712836e-01
6.022988689879149593e-01
6.236817236443635837e-01
6.872779797707402327e-01
7.556336228982474257e-01
7.196358429716764871e-01
6.121914732420309369e-01
5.601219055218251697e-01
6.842449804793472312e-01
7.307194406570816092e-01
6.936951930135153432e-01
6.879717580749803441e-01
6.763159132302227761e-01
6.463146617669215388e-01
6.626040144709880453e-01
6.706441286506023003e-01
7.411584953015271093e-01
7.515085182926805052e-01
6.385317520819999704e-01
6.055323156730015866e-01
6.559456382181507728e-01
7.397696389582902876e-01
7.021161408188474340e-01
6.310299077637573362e-01
5.938675478340288416e-01
6.659750767419060358e-01
7.190929561604170184e-01
6.692691913444194229e-01
6.593353519251161643e-01
6.550678447654091352e-01
6.052343253507140863e-01
6.525943839036504324e-01
6.857503431034627228e-01
7.012502004994974891e-01
6.136513840887923843e-01
6.522688739928442780e-01
6.564460320984831787e-01
7.205765256625363824e-01
7.249719761335662316e-01
5.706925798533902805e-01
5.822637814114062227e-01
6.778408953804498926e-01
7.527429172902394550e-01
7.131302297038486504e-01
6.454306267058184110e-01
6.160428189981864699e-01
6.674361144102950449e-01
7.080188694143155770e-01
6.859335916739923711e-01
7.055845205557665922e-01
7.264953319695438561e-01
6.353165602385947297e-01
6.184116353281857714e-01
6.676756222581877731e-01
7.343832504541202288e-01
7.057664439520573429e-01
6.083269718056959485e-01
5.624442827086925112e-01
6.734792074488173963e-01
7.538983801949957764e-01
6.857468103316678443e-01
6.477159753256588326e-01
6.385179402754738165e-01
6.586042727432916966e-01
7.129304376091400997e-01
6.756032396204562085e-01
6.630593223475773623e-01
6.388629029808431392e-01
6.442927754485504588e-01
6.409504475983568428e-01
6.626090420781660661e-01
6.585198993592333849e-01
6.341722163724227146e-01
6.551601454315022499e-01
6.737412279126219206e-01
6.891535509550311689e-01
5.953667991357063372e-01
6.288446562822287422e-01
6.556824101255454007e-01
6.719996572203712493e-01
5.698744266411845949e-01
6.458618551996740953e-01
6.310695910832624378e-01
5.880897098168555992e-01
5.366330828284009424e-01
6.587520486009316167e-01
6.153519561206619581e-01
5.484177816220858759e-01
5.648168981207467576e-01
7.051343336147272156e-01
6.259565837324104765e-01
5.486149799838299090e-01
5.748307069610394393e-01
7.050674374786535248e-01
6.177871093790755497e-01
5.117217341044467682e-01
5.509039102769043295e-01
6.958953391808266886e-01
5.750359866562556599e-01
5.077718648586894146e-01
5.410952105050794714e-01
5.555415888475896402e-01
5.880242312959833573e-01
6.044381196210258933e-01
6.002864773953432431e-01
5.312639993419424611e-01
5.382253461827669616e-01
4.962262106503277370e-01
6.074630585040144970e-01
6.378344887494514781e-01
4.819192027073084805e-01
5.005981698705903593e-01
4.993005532424812376e-01
5.583345372723785838e-01
6.209544577205994287e-01
6.173194730472318925e-01
5.881561013875140631e-01
5.228495768414465061e-01
5.098319668218314060e-01
4.515623568172098534e-01
5.433403257219847626e-01
5.300791528126628238e-01
4.526063376139995986e-01
4.700701926722817281e-01
5.120127016110459506e-01
4.973135901167584638e-01
5.001568452964892941e-01
4.243339854092750829e-01
4.978978312760719005e-01
5.266703182390038984e-01
4.576954064175970394e-01
3.860755987761193553e-01
4.218459906629843936e-01
4.648904311091418551e-01
4.530787288101019161e-01
3.476470622083141504e-01
4.070679458131878925e-01
4.771053866992052139e-01
3.623403668272162648e-01
3.964773621654878455e-01
4.271374443500592921e-01
3.864390346487415751e-01
4.869127853964743680e-01
4.854563398265895335e-01
4.110167839559878966e-01
4.303663632965046282e-01
4.454831381661895628e-01
4.133809514237849481e-01
3.984760083327650304e-01
4.536005045694871396e-01
4.428216810549525650e-01
5.081447666207657976e-01
4.149861269726459190e-01
4.248187685939581737e-01
5.133930822169373576e-01
5.245001660533218368e-01
4.954207932923600510e-01
4.881961296536631578e-01
5.229436483922238477e-01
5.382627202678885725e-01
4.589790386422793467e-01
4.906854829428290432e-01
5.028910625381595167e-01
5.345665061622425496e-01
4.523736345718843976e-01
5.480933054341431410e-01
5.300510303246013244e-01
4.750879921003972051e-01
5.056595985236763680e-01
4.692680281685008836e-01
6.299072492280837210e-01
6.130272970110733910e-01
4.920559947376619836e-01
4.589369738979486857e-01
5.916258019962330472e-01
5.783714764206028258e-01
5.274203603875777802e-01
4.563835632001534970e-01
6.467996091064217579e-01
5.355434867526100984e-01
5.413893135681430158e-01
5.276962520342689533e-01
6.071239330429585301e-01
5.597640724794301637e-01
5.943077089611684682e-01
5.791820601765840237e-01
5.525253835030363714e-01
5.080552877074423490e-01
4.735937590303830880e-01
5.025371058328461649e-01
6.606447612662116331e-01
5.583591450559451941e-01
5.335383463330781728e-01
4.729044081647100217e-01
6.519688305539620421e-01
5.338729142956695206e-01
5.524882473393872839e-01
5.547875946719367235e-01
5.745012573577347181e-01
5.697180586116299406e-01
5.870451428078782286e-01
5.679448951501417930e-01
5.395288029153842979e-01
4.968289022776892772e-01
5.077587383890416195e-01
4.774010861791127547e-01
5.989281486973970781e-01
6.473224833537413181e-01
5.249432227891561720e-01
4.313010216494127524e-01
5.680399554007496965e-01
6.612061203787958918e-01
5.491867244578974017e-01
4.745675920893505650e-01
5.482379769882663734e-01
6.527123940736316854e-01
5.991110219165051154e-01
4.801462200211292775e-01
5.629763547924735434e-01
6.521418008054741255e-01
5.526749764837917134e-01
4.370307323117473275e-01
5.573990756566169491e-01
6.684734040432611657e-01
5.743367713325282509e-01
4.684284004712522265e-01
5.485163920497371226e-01
6.552209056106965690e-01
5.913261308118589188e-01
4.518353648539363276e-01
5.611985388135211084e-01
6.594755756067650632e-01
5.566068851438695786e-01
4.306748818906787624e-01
5.462696713117316527e-01
6.724836021877407255e-01
6.023055072458926018e-01
4.643491740900541065e-01
5.487826125460539828e-01
6.571628262031663503e-01
5.888106470639041801e-01
4.378353130584380359e-01
5.527163333578923865e-01
6.683527000129948492e-01
5.701405015756574324e-01
4.440186886529540744e-01
5.377539167978575563e-01
6.458119737336340815e-01
6.319932302566243498e-01
5.020829474735124531e-01
5.049814298180522742e-01
5.470175088845398159e-01
4.520891702189389627e-01
5.519830246103797355e-01
4.787471443973145835e-01
5.081951316521774453e-01
5.038068208421433436e-01
3.869889712225641487e-01
5.118395009315079847e-01
5.021711555022998485e-01
4.436281359281002423e-01
4.847380507689605933e-01
4.807956639386720132e-01
5.238521381728226123e-01
4.555896148251959987e-01
4.912368752189245624e-01
4.728803130211670647e-01
4.925532876655063230e-01
4.931822622042862370e-01
4.782996702459777483e-01
5.234915237486211792e-01
4.652449797113431540e-01
4.665256576833703983e-01
4.236695292819520064e-01
4.360021335981676405e-01
4.398932877318685319e-01
4.004694155258349264e-01
4.328541626916782015e-01
4.657901044738468888e-01
4.940756020713383267e-01
4.569779331988565452e-01
5.291270465958527458e-01
4.461205987691327368e-01
5.353308556373856941e-01
5.130337402452337381e-01
4.866576213788485483e-01
4.851249407380445744e-01
5.196667990042649343e-01
4.911355312003941043e-01
4.994607084559899990e-01
5.093219049435134815e-01
4.810348855182943195e-01
5.145409971500574109e-01
4.621496179123305015e-01
5.377028397488369249e-01
4.907140700764509034e-01
5.583832695403184720e-01
4.759929086332557180e-01
6.459171852356009325e-01
6.917755788507885528e-01
5.079447860418220273e-01
5.162436880624305946e-01
6.734138787729591069e-01
7.177820299076236310e-01
5.733848627280391241e-01
5.353539646497035287e-01
6.159482773801878697e-01
6.908691648383560313e-01
5.339301238160416574e-01
5.255966564058857093e-01
4.998474376968522481e-01
5.602263437656352929e-01
6.282116037973574096e-01
5.825632865479716260e-01
5.312277301394463525e-01
5.790243577535627573e-01
6.755464133917201686e-01
5.879133593138933245e-01
4.954330598810458564e-01
5.353861323650278559e-01
5.153410274598434482e-01
4.353077124665437059e-01
5.208603481608868879e-01
5.439200806286124124e-01
6.175026032779226126e-01
6.174856688101943991e-01
6.067554256302224447e-01
5.954720475676403835e-01
6.535042795661429871e-01
6.415346877497050126e-01
6.302948068286090555e-01
6.081959749938831150e-01
6.110002794432849438e-01
6.304722001783167329e-01
5.866647808409688469e-01
5.450629317007530394e-01
5.491619554852164020e-01
5.799001575979529921e-01
5.732125094993931747e-01
5.899814612986645779e-01
5.396373012427512217e-01
4.380662477243475461e-01
4.411415450031656582e-01
5.230920331341093465e-01
5.261121356144914385e-01
4.308420026725520713e-01
5.069871807288777177e-01
5.220480680698831311e-01
6.786489213635713558e-01
5.510148403301153852e-01
5.170394775024134137e-01
5.483843689158353074e-01
5.585307763130261671e-01
5.894103848584015815e-01
6.125313994055646694e-01
5.815264738117250642e-01
5.670795523074451117e-01
5.895334840635767515e-01
6.070090881305857389e-01
5.691084374944961333e-01
5.787553780410967796e-01
5.860249894561291306e-01
5.768105318846885599e-01
4.988614222460214798e-01
6.548832786880838253e-01
4.938388765632375499e-01
5.291642501281945687e-01
5.627040034947010660e-01
5.887968068744412475e-01
5.721766567859470909e-01
5.837897906794302649e-01
5.400426022028784745e-01
6.224907977463288722e-01
5.508869367813621354e-01
5.511424597393388414e-01
5.261763971040124277e-01
6.226389871324721215e-01
5.504043223721781786e-01
5.571609335510656624e-01
5.578289050957452311e-01
6.007392983669722630e-01
5.953576864223731890e-01
5.681941903519993620e-01
4.858025482591307176e-01
6.564203237498228427e-01
5.067309734766100027e-01
5.099374486062372425e-01
5.469641837751003655e-01
5.897298877538114104e-01
5.977948942550158629e-01
5.829976969948212906e-01
5.049804137362057244e-01
6.275154849330555340e-01
5.670606735697588663e-01
5.361555604295337174e-01
5.107927000628894598e-01
6.186638720060780861e-01
5.839647083133161498e-01
5.603188918141771557e-01
5.045039741593422278e-01
6.282925052845088620e-01
5.801635738544420606e-01
5.379788212458112007e-01
5.014891201013551569e-01
6.259328333529405874e-01
5.855242405994762755e-01
5.519984211131446772e-01
5.062778186510219491e-01
6.202158494549799839e-01
5.998783854810754157e-01
5.429847618950307542e-01
4.887909359248917007e-01
6.344819660344739320e-01
5.822796336640773118e-01
5.378842952562641333e-01
5.022716498851625966e-01
6.166426331478755962e-01
6.105038581530711772e-01
5.446477325914914625e-01
4.823246220386592786e-01
6.398187835923850875e-01
5.741464129819646711e-01
5.196597271619963765e-01
5.071625134225510312e-01
6.081195931347245232e-01
6.253517616318629013e-01
5.580365531550451896e-01
4.691698211762265203e-01
6.463574595097762998e-01
5.800708219014218958e-01
5.046844532489955792e-01
5.096514421979517762e-01
6.043543060544408485e-01
6.181270992991033664e-01
5.639496115046116476e-01
4.594838036935038894e-01
6.276715264720866827e-01
5.970698681134498642e-01
5.061418698033706143e-01
5.057090691211890698e-01
6.049280316709245708e-01
6.143002280200410281e-01
5.642117524059337974e-01
4.618689980972489062e-01
6.151402017675420275e-01
6.127704206407645904e-01
5.121703374160000433e-01
4.961590669452461966e-01
6.216991342095170570e-01
6.018173685333692013e-01
5.450238440403408768e-01
4.762001500174991020e-01
6.090320042703771808e-01
6.223748102785060521e-01
5.342855074736940768e-01
4.816864856507596659e-01
6.205180677136309386e-01
6.050565547072468409e-01
5.347860455334876306e-01
4.790480016087399484e-01
6.099652950468950063e-01
6.199876361935177105e-01
5.389524165466474948e-01
4.797105636750046975e-01
6.189675127298974733e-01
6.042248988407409316e-01
5.244329124402544728e-01
4.931843612200502158e-01
6.081054134642731590e-01
6.134740464274220928e-01
5.469042453424030059e-01
4.785718516709651649e-01
6.091167679937833368e-01
6.085321759469897174e-01
5.198255280365347009e-01
5.063737632416923651e-01
5.991680408669977087e-01
6.088276188481800411e-01
5.582002197426682022e-01
4.769744829879975501e-01
5.980839678171937512e-01
6.099758361241144344e-01
5.162454160968020789e-01
5.173352838687550470e-01
5.977297953819812326e-01
5.980625593035451271e-01
5.652157655491354404e-01
4.757967868955757518e-01
5.789958369858088094e-01
6.174921525285744783e-01
5.200869313384470782e-01
5.212961776496811694e-01
5.995583985624615142e-01
5.880707275376824139e-01
5.611173686734816091e-01
4.917649893964597396e-01
5.749654598706878117e-01
6.142695105638136255e-01
5.465576222360082337e-01
5.133264218727399131e-01
5.905806408570555277e-01
5.847348847827487095e-01
5.531614562991462591e-01
5.075235078738816741e-01
5.747585330109649115e-01
5.991616429406017019e-01
5.592099997428950919e-01
5.113337486471533078e-01
5.779567135964412961e-01
5.869878454996022565e-01
5.562661342135555298e-01
5.215383375038969982e-01
5.700707944792552384e-01
5.919387205027272225e-01
5.677562291552150642e-01
5.161495750985511943e-01
5.703735449202992358e-01
5.869455940120533732e-01
5.503654357049670987e-01
5.386796725922575746e-01
5.656209350111692791e-01
5.821251740913747641e-01
5.844521062160847880e-01
5.171973898383658286e-01
5.556685008094459644e-01
5.887986823773653233e-01
5.533106166298517037e-01
5.469696919868961560e-01
5.611023185138597213e-01
5.727577976738794652e-01
5.917861919617660726e-01
5.208132949843516935e-01
5.427387332453209590e-01
5.871481073335483858e-01
5.551467385110541164e-01
5.645454274925061355e-01
5.590364604708035756e-01
5.527236128838004525e-01
6.067585176548024872e-01
5.234527747571884326e-01
5.174426839672783274e-01
6.008548328326013266e-01
5.549990590290471149e-01
5.757593302218702025e-01
