3.526315789473684070e-01
3.598958003961899021e-01
2.888979972117208805e-01
3.657122927689734904e-01
3.626082087690012390e-01
3.889542661803432333e-01
3.436368655104845016e-01
3.133225111764474380e-01
4.373499935506809932e-01
3.508058005066043705e-01
3.520850943994682791e-01
3.013730852799223481e-01
3.846237475732430244e-01
3.203212782028787564e-01
3.340170523032198746e-01
3.498615422216491133e-01
3.292262611839443243e-01
3.749428702657069401e-01
3.056744018068662250e-01
3.706626008969707287e-01
3.475517282946624653e-01
4.004816221809038290e-01
3.108168423467877473e-01
3.110575038996747921e-01
3.966046217997172829e-01
3.672114128611459472e-01
3.612874086088614378e-01
2.930455393656349883e-01
3.862897666775854666e-01
3.515785019935224187e-01
3.778033913653717213e-01
3.311871938348115996e-01
3.384028108946187663e-01
3.688374120942394807e-01
3.319040016977267693e-01
3.601194113173688538e-01
3.165256945882082840e-01
4.017910780531478987e-01
3.186658963975469439e-01
3.315939462229539614e-01
3.816941751814024730e-01
3.758401887330120039e-01
3.521769286600209825e-01
3.061531916784642759e-01
3.859851702692634334e-01
3.476001139094552217e-01
3.808511581848425531e-01
3.049823149519084176e-01
3.286635140355834150e-01
3.649773727556616110e-01
3.586361974408496245e-01
3.553498202261010097e-01
2.916434175518878846e-01
4.177687923978208873e-01
3.424944808020649600e-01
3.558754279253011354e-01
3.126607879652791300e-01
3.787961954960641919e-01
3.328741394301584777e-01
3.125365865461641746e-01
3.493685789552969934e-01
3.149342245607026358e-01
3.801380507473556269e-01
3.039986649332246937e-01
3.506022713347158315e-01
3.598039089512947153e-01
3.993118405904282908e-01
3.530821720604903069e-01
2.946528097933739376e-01
4.077769110713668210e-01
3.579720105768098293e-01
3.594081017635877284e-01
2.961950678111053281e-01
3.441449190120056678e-01
3.537921596130771396e-01
3.540628519757434423e-01
3.547324726761789115e-01
3.043130382084872076e-01
3.991603846293697577e-01
3.283716917994737861e-01
3.577872910243662941e-01
3.230605310137507069e-01
3.720585055775177397e-01
3.242880586842611934e-01
2.915793430454453605e-01
3.717673988574455302e-01
3.463285427073961587e-01
3.726690349198498731e-01
3.027679698771362782e-01
3.679181968288661730e-01
3.645750287848243398e-01
3.832133695953950925e-01
3.439224831283692607e-01
2.931758421212157795e-01
3.691686762004693922e-01
3.422031155007295711e-01
3.494638874768691839e-01
2.982060514451763122e-01
3.637831762954577552e-01
3.483672220932951258e-01
3.308301685459459351e-01
3.612996074374857369e-01
3.322382608418850136e-01
3.610000131172754201e-01
2.990139337201473957e-01
3.506925956349983275e-01
3.161023081326996276e-01
3.614468425824588493e-01
3.283690872047239639e-01
3.033405124645100481e-01
3.720378976558044171e-01
3.712010443407540161e-01
3.826605093305703309e-01
2.857497110792436845e-01
3.786268457521103636e-01
3.555930711179680626e-01
3.462058810963154487e-01
3.115787536041396688e-01
3.036064061183386120e-01
3.547047846846205221e-01
3.246896520355593840e-01
3.567193166362339629e-01
3.076068801912075212e-01
3.789829568446744235e-01
3.467093460197020471e-01
3.376507718398593094e-01
3.566109072190644103e-01
3.587650739513974507e-01
3.599326659990850774e-01
2.838357352850575666e-01
3.620489239618885913e-01
3.375467085589795579e-01
3.545092163288853793e-01
3.184245163167512827e-01
3.059624366878072599e-01
3.678359290590115238e-01
3.680930634513618349e-01
3.725272914209898922e-01
2.890121004278176087e-01
3.978693461928882735e-01
3.607659146527291694e-01
3.609756969422066031e-01
3.064676863591836442e-01
3.417510076557979115e-01
3.489062579276358544e-01
3.054694163678525198e-01
3.551458373832113713e-01
3.152549133573893658e-01
3.675292890858449235e-01
3.146396041895560547e-01
3.628476847509415903e-01
3.383374833100031287e-01
3.675971148072864625e-01
3.462487707220755495e-01
2.959750452563820744e-01
3.576195564973548846e-01
3.554733886071314020e-01
3.703737966445389551e-01
2.847752611442178616e-01
3.613045694525789386e-01
3.752706126319643176e-01
3.651385147336811410e-01
3.426738826701190566e-01
3.178231132904736356e-01
3.688075608548708750e-01
3.316171520143885720e-01
3.546756612860108571e-01
2.841203447272717120e-01
3.388557848529407668e-01
3.345177899961713774e-01
3.205824849469894877e-01
3.372974657144435784e-01
3.361749528747305926e-01
3.895559780508310865e-01
2.890188643922472767e-01
3.608651138556178695e-01
3.485593718877917357e-01
3.544723966331977949e-01
3.067764795271996636e-01
2.960888227799255423e-01
3.469248632994539894e-01
3.436190726192780986e-01
3.691030887679722650e-01
2.830822921344130494e-01
3.418166424047753282e-01
3.631996497402614210e-01
3.358221375508014250e-01
3.336941594933009458e-01
3.050002354738356458e-01
3.556725547913196506e-01
2.952126344889327569e-01
3.211755463480635564e-01
3.224647429316659375e-01
3.361913832634921273e-01
3.614618788034606456e-01
2.746937910152032480e-01
3.477312654838980444e-01
3.495634511111204712e-01
3.469284146254043022e-01
3.104309530645781301e-01
2.941453366688140947e-01
3.584485160565559214e-01
3.227722193476558199e-01
3.525175564416068164e-01
2.929287730169757853e-01
3.283029298210018432e-01
3.484231862376807043e-01
2.954723418592001272e-01
3.344541394787205468e-01
3.296306379866484892e-01
3.547265915806684378e-01
2.973626977321078280e-01
3.197046179880430605e-01
3.640299130037490949e-01
3.461240323486219350e-01
3.556497462443401480e-01
2.771055144427843064e-01
3.424119789820390669e-01
3.447230208093987058e-01
3.483629988177078807e-01
3.143808341290607600e-01
3.016142615710956099e-01
3.752076925752338421e-01
3.015267954899500391e-01
3.413174246715161564e-01
3.181514648540250123e-01
3.304295455876191667e-01
3.431117809122353202e-01
2.777256884897075229e-01
3.404248324365936607e-01
3.509104115446192163e-01
3.809945531469975388e-01
2.973522042951480815e-01
3.095380531133045676e-01
3.651227570392184818e-01
3.257507878649641420e-01
3.376760804012927109e-01
2.830111499102003214e-01
3.280894060467444140e-01
3.406780310405200796e-01
3.115383644556871667e-01
3.272098991908808929e-01
3.161536463315925971e-01
3.794013313138462351e-01
2.804209533519686492e-01
3.156856910668401905e-01
3.444332926567136854e-01
3.297355536747203497e-01
3.509506441703055257e-01
2.791614680837569140e-01
3.530212536262974377e-01
3.506394518085998446e-01
3.584001083803404208e-01
2.990905898601366464e-01
2.950477175926365936e-01
3.638936161558073423e-01
2.962891634039001021e-01
3.253888433252264401e-01
3.250895686757218073e-01
3.256180916651513768e-01
3.372605179082495130e-01
2.763988724173418454e-01
3.292152264131842365e-01
3.416613972466952531e-01
3.509182214738737482e-01
3.163239663414422198e-01
2.783144033620246760e-01
3.557452709621359843e-01
3.061475969953698639e-01
3.152824569776416785e-01
3.074212321225746614e-01
3.005177360508463069e-01
3.714614444282702821e-01
2.802454025495273449e-01
2.959191118327854086e-01
3.441313479407748788e-01
3.196711238356158558e-01
3.397784954746609354e-01
2.797491098706786916e-01
2.994332973192420644e-01
3.671536974169425371e-01
3.016877382092999493e-01
3.186956237862337837e-01
3.068960534347397462e-01
3.245700158435722571e-01
3.295821326490009362e-01
2.772347435836984286e-01
3.386060635525828810e-01
3.418656627889562483e-01
3.590175242475668327e-01
2.964243773884180366e-01
2.760508662111971767e-01
3.580906183288032341e-01
3.093099236774266569e-01
3.215196848741423974e-01
3.131374762625511177e-01
3.037399708078798999e-01
3.508612312613353379e-01
2.763108232855979174e-01
3.016870375542837213e-01
3.462211947567993553e-01
3.409829932522149276e-01
3.354826056055619232e-01
2.736410075396059627e-01
3.249950814501327279e-01
3.241144620524056275e-01
3.042145516616884260e-01
3.135740015356033861e-01
2.988671958041568266e-01
3.464923280294591179e-01
3.057396504742408427e-01
2.687472198145078872e-01
3.251934125849235135e-01
3.258661354090310325e-01
3.386943817676346113e-01
3.046047324891042463e-01
2.705915021304721169e-01
3.528999446170902332e-01
2.976950583317817811e-01
2.874863334987020624e-01
3.160787821448315937e-01
3.098977683335101263e-01
3.472802989516849403e-01
2.927288732527403292e-01
2.620823665396390667e-01
3.384903885369824339e-01
3.123906316147924134e-01
3.075995811101906452e-01
3.025307871425069739e-01
2.856674977340531441e-01
3.377049958315183065e-01
3.018246606312097180e-01
2.635776227072748612e-01
3.307857410057919445e-01
3.146895481980703235e-01
3.184706250002437566e-01
3.009951385884606645e-01
2.712859112966574116e-01
3.282927867972166291e-01
3.047866097327818213e-01
2.657657705093581235e-01
3.022850874999377102e-01
3.217029383982858426e-01
3.255258585998650478e-01
3.069304877710470891e-01
2.704989105401697791e-01
2.938625521560565557e-01
3.288533401076267348e-01
2.800373819931805119e-01
2.937217647770903328e-01
3.213791174451902655e-01
3.213947236322242662e-01
3.241668073926269877e-01
2.835052704967788717e-01
2.794271982126380616e-01
3.329549912304367587e-01
2.910793481013940753e-01
2.828029048876967155e-01
3.168188516776468400e-01
3.097647566664493146e-01
3.317498755912532959e-01
2.892793724541367628e-01
2.651363175991129917e-01
3.416181766395969266e-01
3.092306194467366876e-01
2.940160413315212606e-01
3.088997933534221585e-01
2.911268756592538254e-01
3.403728513739149864e-01
2.969309029725638038e-01
2.718718180266309070e-01
3.470131020372382857e-01
3.225202227292288115e-01
3.166525084716039773e-01
3.043267856442910535e-01
2.764011821515079959e-01
3.463718437110757109e-01
2.951390107100641536e-01
2.821351950173144885e-01
3.261544548263113907e-01
3.169548235140354775e-01
3.340240759389811465e-01
2.965706238596096944e-01
2.692698578973745649e-01
3.373454924449648673e-01
3.081200851558240084e-01
2.897598516337531738e-01
3.158856272218922845e-01
3.001496417754969670e-01
3.342026713207802424e-01
3.016720338504948473e-01
2.622600753769084303e-01
3.385025826842584240e-01
3.220838379694522247e-01
3.040747188114036326e-01
3.091203450587692303e-01
2.802085483537234412e-01
3.355240005767021194e-01
3.079564192127522415e-01
2.749749787127064860e-01
3.388082655076052885e-01
3.246524919988099667e-01
3.255018888052466086e-01
3.102237039369684646e-01
2.697955152717377847e-01
3.462866424480563476e-01
3.127507383647278316e-01
2.968780879275172979e-01
3.195124627620115065e-01
3.090771299854903620e-01
3.390840490008092400e-01
2.984112208042796754e-01
2.809057223891126553e-01
3.362868369437858607e-01
3.282049996011128234e-01
3.170243137416992041e-01
2.968646167068658137e-01
2.952274736223443052e-01
3.316452838410734461e-01
2.879369670760126843e-01
2.965861006591695714e-01
3.233647786178595607e-01
3.348420337759094312e-01
3.377450876126892321e-01
2.726354611346881174e-01
3.034667656187030049e-01
3.277551622704226730e-01
3.053670645800145578e-01
3.142342414290314467e-01
2.991659621275422620e-01
3.184281156793934975e-01
3.315580115515980864e-01
2.677614912087276644e-01
3.008493628313487767e-01
3.256310533285266540e-01
3.268841989392488045e-01
3.243409276155477805e-01
2.834195809735913230e-01
2.977750163715758847e-01
3.269833467369683278e-01
2.835863119797303322e-01
2.990408200393745441e-01
3.184733861738618943e-01
3.308289839114885167e-01
3.316842970508088184e-01
2.764262260001740801e-01
2.965305637306687170e-01
3.343652572898088704e-01
2.980137389956464822e-01
3.088693574573467271e-01
3.024949903281644037e-01
3.189917040053200648e-01
3.400770373451566519e-01
2.692666046646756683e-01
3.002476884931009615e-01
3.255484788981784505e-01
3.150655151130157261e-01
3.155445944620086651e-01
2.897948339764245818e-01
2.990967739624595390e-01
3.288798122612403563e-01
2.781242321696443254e-01
2.796490636386319562e-01
3.213185686085383019e-01
3.290571739756099068e-01
3.200572846328114118e-01
2.918981544865662525e-01
2.781796349411452263e-01
3.223936274667952295e-01
3.031000373087655020e-01
2.778702275119962484e-01
3.155638390115733660e-01
3.253843953148042867e-01
3.223512238842384803e-01
3.065064888354729344e-01
2.672765510762418195e-01
3.177475797899135257e-01
3.162808623668019181e-01
2.807930377624976992e-01
3.114704105536688639e-01
3.129483029023167884e-01
3.205628742557252164e-01
3.216730828353714933e-01
2.575335548491220483e-01
3.101483121726341108e-01
3.358660619693614180e-01
2.963050604678497679e-01
3.102332585238727902e-01
2.904536195157845779e-01
3.129315655041050026e-01
3.348515286335670971e-01
2.613657496587806772e-01
3.190586657765911993e-01
3.356864715026547374e-01
3.120425945460578165e-01
3.211153095496347976e-01
2.743227349671110149e-01
3.156127268969718958e-01
3.248337108657288197e-01
2.765373796510071092e-01
3.130085685715149335e-01
3.240148575936577791e-01
3.250806228660503838e-01
3.183384875149212201e-01
2.645267452322688229e-01
3.178365238834452433e-01
3.286936901197590744e-01
2.961880933710878128e-01
3.108409575796987623e-01
3.006077775573957611e-01
3.197681425633384644e-01
3.234022056555951874e-01
2.602718893751141960e-01
3.120181406272492519e-01
3.405354939182429486e-01
3.157046956184566544e-01
3.100131225815694336e-01
2.765514960861737426e-01
3.088762038637571372e-01
3.329008086521214604e-01
2.696286052153016310e-01
3.134392521734476467e-01
3.281904551387683777e-01
3.205912046798252146e-01
3.225764888675816677e-01
2.664247079315408828e-01
3.149291941161110331e-01
3.319481148779021007e-01
2.937625215268792611e-01
3.074758815564018755e-01
3.071058489992808949e-01
3.243624516394209012e-01
3.191131730360343699e-01
2.695308707275756999e-01
3.242509095570921818e-01
3.344350612281686841e-01
3.246461410170095596e-01
3.102049876933037353e-01
2.830797876363686516e-01
3.289584700595618583e-01
3.008818123945571910e-01
2.804008175112449597e-01
3.112902331379856502e-01
3.243736945767827784e-01
3.378797641894892845e-01
3.038937070848039546e-01
2.657619214905638239e-01
3.176910075870029160e-01
3.230401115214500130e-01
2.891040570221887207e-01
3.081675930982694100e-01
3.073060873008500726e-01
3.285268818823085524e-01
3.163671850180089229e-01
2.645759267906215850e-01
3.201172623341514423e-01
3.381029189873325236e-01
3.210152591232580122e-01
3.081251887965167913e-01
2.869017493680030007e-01
3.276769449434319692e-01
3.083950469323868959e-01
2.865299667067292555e-01
3.288882093167038168e-01
3.252700693167396295e-01
3.520918932175428617e-01
2.977054541398030940e-01
2.733328153628090673e-01
3.536707469767394474e-01
3.093041333873272070e-01
3.177906079282819540e-01
3.056007523070890519e-01
2.958790666057196095e-01
3.659763528715161973e-01
2.827024195751397517e-01
2.921562947967350499e-01
3.466229283733061606e-01
3.223939994447900248e-01
3.395644191909941156e-01
2.808802601100049978e-01
2.957763634554044230e-01
3.679771737937259091e-01
3.054873843897125685e-01
3.202914642973483939e-01
3.031228531240433011e-01
3.304305888316172446e-01
3.224525295642076683e-01
2.791065345133946218e-01
3.380213618869212788e-01
3.391739573018737741e-01
3.603792429611523129e-01
2.957949486358333879e-01
2.757552036039292442e-01
3.593621026882536929e-01
3.077683108065049078e-01
3.143728821845898636e-01
3.108301273714129676e-01
2.986891994494100810e-01
3.491898841474980197e-01
2.765537711311732427e-01
2.897282405401793159e-01
3.474115668155361436e-01
3.316338215950088153e-01
3.343347724303743496e-01
2.775361180590100729e-01
3.044354994766554356e-01
3.317870153655166354e-01
2.983169858779210482e-01
3.097449720530120465e-01
3.063696814770141552e-01
3.309143249610975723e-01
3.213742554356299741e-01
2.657673187522089919e-01
3.059268012662653691e-01
3.397083158279018411e-01
3.209515090916755242e-01
3.124867347551369412e-01
2.805652825405093309e-01
3.095033110238717411e-01
3.255856810382023458e-01
2.761624427987703911e-01
3.100990509067424461e-01
3.308733467061646949e-01
3.359478346314983543e-01
3.187828001059337946e-01
2.706432132860870365e-01
3.117225923790803988e-01
3.250912450594574676e-01
3.011085374776202861e-01
3.110384972258109504e-01
3.017869218619602112e-01
3.343438781522583558e-01
3.189530753553305731e-01
2.668619425262672706e-01
3.345671094493694597e-01
3.229196768824579844e-01
3.308781057940067272e-01
3.114476202503033142e-01
2.708381286737380211e-01
3.450358237538815875e-01
3.069161099849164742e-01
2.836923659429092526e-01
3.260018505592552907e-01
3.076846261448894504e-01
3.455096207469330882e-01
3.068019181464463618e-01
2.699084505894590036e-01
3.612172220594556116e-01
3.196606294025572392e-01
3.120601228054064036e-01
3.108137124795916639e-01
2.861637332649742960e-01
3.531111690284988169e-01
2.922799459840495495e-01
2.955403027320193110e-01
3.378438205313783471e-01
3.286072390852023406e-01
3.361860479483545494e-01
2.865181268775036094e-01
2.980272320794118968e-01
3.415615879318065762e-01
3.169131503933418359e-01
3.177474904205362938e-01
2.988427125283907859e-01
3.227626187525838297e-01
3.321308568326811761e-01
2.738344496870461775e-01
3.233561701870200089e-01
3.218420242421184962e-01
3.372999462960227790e-01
3.262011956355437836e-01
2.663113815615001934e-01
3.419925261818224649e-01
3.228305246714612275e-01
2.955113459164960266e-01
3.237114028817526523e-01
2.956608422147273818e-01
3.443639537970659692e-01
3.177478535972552698e-01
2.761736736440222884e-01
3.566331937761807458e-01
3.364187138459440174e-01
3.312648853716231856e-01
2.995790444579737311e-01
2.828818567290112829e-01
3.492273599588705535e-01
3.175423904204292547e-01
3.321714066111186026e-01
3.077440064049350443e-01
3.366072814428667237e-01
3.250120812173443730e-01
2.704915823652186968e-01
3.363057607580040576e-01
3.279499358608669035e-01
3.483504330454507691e-01
3.212869470975832642e-01
2.753158654653599657e-01
3.511801228260166274e-01
3.282967533460209864e-01
3.166779826595357838e-01
3.057369884253525183e-01
3.033571641057895563e-01
3.400312997978286456e-01
2.889034492494408912e-01
3.070593527107908782e-01
3.237179822409115282e-01
3.375603610353877237e-01
3.421647704068091489e-01
2.709993356082229243e-01
3.255741823319336370e-01
3.349771640686234897e-01
3.076038351055293552e-01
3.252214021439991387e-01
2.841703127566631015e-01
3.319055307055436277e-01
3.311842620163109041e-01
2.866996783720349717e-01
3.455953542950336299e-01
3.325777059348886677e-01
3.387516706857853221e-01
2.996475194610951909e-01
2.829949206389485994e-01
3.478043031970610710e-01
3.409692614694228019e-01
3.520060181232171348e-01
2.905869178470357195e-01
3.358817749803332253e-01
3.317913249490833660e-01
2.891083397647528086e-01
3.281017370522267829e-01
3.061551968112660727e-01
3.391401520452441143e-01
3.178196959230551455e-01
2.815286884926244126e-01
3.420460065818374251e-01
3.407016882332841168e-01
3.367452536061709689e-01
2.960849337543882132e-01
3.019803811824156581e-01
3.464551861662816257e-01
3.053159983634953778e-01
3.317845674082249841e-01
2.950811650555891785e-01
3.231681727203485344e-01
3.389123765701232416e-01
2.704895410563621372e-01
3.365511677700433468e-01
3.431324205105857894e-01
3.385493628572279756e-01
3.114636867535397480e-01
2.785037625316482135e-01
3.362822492318323087e-01
3.270031332017451220e-01
3.219944773995706000e-01
3.110484009062349786e-01
3.095201867725787537e-01
3.489264607383752992e-01
2.764751447743225010e-01
3.099479186885882864e-01
3.220319891271043455e-01
3.309644088340901180e-01
3.485954520539046864e-01
2.724684027137539433e-01
3.067737097902593080e-01
3.346424838410008706e-01
2.897824473940676659e-01
3.124423775945338599e-01
2.966224347515924453e-01
3.164248535146322872e-01
3.376519304751356976e-01
2.643254514114905529e-01
2.992752016258791725e-01
3.379562724265723905e-01
3.123254238120651838e-01
3.246092056675339288e-01
2.802480736172524023e-01
2.994708618336600625e-01
3.422841987406359254e-01
2.717029182839782453e-01
3.066786107697623831e-01
3.278531770096624887e-01
3.221493364498055900e-01
3.413967081166820461e-01
2.743025137839325556e-01
2.981332046617584108e-01
3.511513602157327330e-01
2.920334664596587748e-01
3.179751647885564747e-01
3.016235132553485854e-01
3.150685376504977486e-01
3.524036612096310694e-01
2.640111046456901089e-01
3.154792713751539135e-01
3.411004692805565952e-01
3.122047709288732209e-01
3.254013703055653184e-01
2.770407987085901080e-01
3.145627211376167964e-01
3.371398907110570442e-01
2.789196248091186381e-01
3.175495164761370503e-01
3.263338013007507366e-01
3.265728171458812112e-01
3.285894498402522901e-01
2.680865122957286628e-01
3.268661226545709342e-01
3.327625624988486130e-01
3.109042838786595930e-01
3.120898768667026979e-01
2.977228635356521935e-01
3.325101965462397557e-01
3.015780123812570324e-01
2.774095243674661315e-01
3.214805705312145934e-01
3.315242174109223616e-01
3.362579914403262538e-01
3.055388777013846036e-01
2.754040133772316934e-01
3.301143487548071076e-01
3.039856184009885331e-01
2.849151942303388418e-01
3.091063703112270078e-01
3.164683485448898659e-01
3.369848514306869602e-01
3.018318622041500920e-01
2.649789242408245871e-01
3.207552641469814669e-01
3.290865036962373202e-01
3.033446616202289392e-01
3.052407459562868075e-01
2.990401748071312427e-01
3.246222201070140811e-01
3.120576426394084946e-01
2.737731851212139578e-01
3.295497773027488142e-01
3.326168463737724790e-01
3.348516747901541524e-01
3.044375327000263809e-01
2.787608002736688961e-01
3.382715574206755504e-01
3.004039901286443270e-01
2.918843804483233217e-01
3.146699733605854421e-01
3.177993912361963269e-01
3.512026842977683527e-01
2.953896081867959378e-01
2.722885942459561393e-01
3.443169360220494912e-01
3.068274939654153100e-01
3.080663943388581849e-01
3.026913908137532916e-01
2.938542227914002214e-01
3.524790485536337115e-01
2.864820780731276995e-01
2.709190439673355710e-01
3.255938810949524642e-01
3.239343066464775434e-01
3.286546460026337768e-01
2.967097705218944559e-01
2.759823820526668414e-01
3.266091475912168973e-01
3.048599970790475955e-01
2.758890646929120227e-01
3.169612203743725209e-01
3.258099506373795529e-01
3.327491280208531022e-01
3.078663108910122959e-01
2.694364680294293324e-01
3.213224762027151460e-01
3.096055037260986853e-01
2.864701933002460899e-01
3.028084800937380083e-01
3.101660204946266597e-01
3.341061093163692486e-01
3.131287765965230507e-01
2.619084928662300249e-01
3.052079594334024537e-01
3.313172771882573198e-01
2.948883219917038945e-01
2.997639249445773202e-01
2.999705694973566761e-01
3.088397034148554487e-01
3.364046659770307812e-01
2.683649379114023126e-01
2.970749294882689129e-01
3.484593297321893490e-01
3.137816193221452110e-01
3.104977492025773889e-01
2.933960468353533635e-01
2.979051548152715223e-01
3.365602576856787098e-01
2.748990343566136141e-01
2.991560680465522037e-01
3.324241637807577865e-01
3.271855866827971804e-01
3.262048181907856170e-01
2.769338438771444255e-01
2.949276246449415995e-01
3.315437509612720879e-01
2.884003786821798809e-01
2.978034347614403332e-01
3.200592863175513170e-01
3.222067412100039219e-01
3.297903227812476468e-01
2.709212410065278687e-01
2.878528972501586125e-01
3.473131751241016474e-01
3.106168619701206723e-01
3.078857013717205549e-01
2.948430005539389720e-01
2.995018551284301944e-01
3.422334054703597972e-01
2.768638246245369028e-01
2.978147726911742899e-01
3.444981223053140140e-01
3.299744173580758111e-01
3.228422536553202105e-01
2.820426464808831191e-01
3.034123012289843269e-01
3.358220468492278399e-01
2.975973483151748145e-01
3.156053632773420659e-01
3.134911444449661189e-01
3.368220026244423959e-01
3.268724943964089191e-01
2.685940438450653556e-01
3.354455557234565233e-01
3.287066283951176615e-01
3.312585082675281178e-01
3.147206763529719620e-01
2.739686880863557161e-01
3.435260434545508446e-01
3.097977622106268258e-01
2.852400616779726117e-01
3.309620753608459864e-01
3.097597919253370913e-01
3.466008899473616012e-01
2.983152903752087637e-01
2.800289032264154376e-01
3.617318503509268646e-01
3.349449002016360866e-01
3.283018057021042102e-01
2.886751209620193603e-01
3.054656132472570729e-01
3.377727694663284486e-01
2.950501286755958241e-01
3.249408894685090754e-01
3.244219466299871901e-01
3.496402608212187957e-01
3.220078892942285775e-01
2.649921036780408246e-01
3.433548393129500775e-01
3.303804261225496419e-01
3.348745360492925704e-01
3.262739445764500923e-01
2.772917988760418839e-01
3.530070383757020758e-01
3.065862640230497815e-01
2.952649348912342320e-01
3.318554241583678288e-01
3.210390049761435716e-01
3.499769785437608083e-01
2.856722283860420042e-01
3.208474470072922302e-01
3.362520196133254591e-01
3.456129725279350473e-01
3.314841160343909299e-01
2.678693134038936385e-01
3.468896197466588838e-01
3.282023074038384336e-01
3.049116227411240998e-01
3.248940911644727092e-01
2.947108050405151114e-01
3.436923959287123131e-01
3.045908922982279998e-01
2.979513924468504826e-01
3.505196385380017765e-01
3.510445727560136953e-01
3.494371594479963594e-01
2.701392554625874354e-01
3.354090231672169353e-01
3.311994650256808170e-01
3.170350425873183497e-01
3.328727509087016090e-01
2.844690829839134349e-01
3.498632785517067356e-01
3.156263451726965541e-01
2.942023744514810635e-01
3.327944687236144561e-01
3.201253517701715956e-01
3.396506916539864807e-01
3.023437791446676459e-01
2.864260722584276442e-01
3.483398807190057345e-01
3.392811195283755854e-01
3.366199037716401388e-01
2.878118820981679371e-01
3.169024264087609843e-01
3.358824946022628821e-01
2.885630262921222156e-01
3.360189011828305095e-01
