6.894736842105262387e-01
6.713689923134025239e-01
5.914981977572333349e-01
5.906504734453226213e-01
6.961285172309303881e-01
6.858481329602251764e-01
6.030100814966230516e-01
6.078789732795557565e-01
6.869953385623401854e-01
7.300706644057998185e-01
6.454520645373682530e-01
5.619625146688371764e-01
6.259466119248737748e-01
7.466352968467060425e-01
6.746555758236774114e-01
6.027070212860077270e-01
5.968041560668535528e-01
6.694169048732010463e-01
6.228143900838067903e-01
5.034626270001822945e-01
5.540884536425446649e-01
5.455745069439529304e-01
5.712178489117312186e-01
5.458449098314620551e-01
6.234598468699747986e-01
6.411079870098729261e-01
5.298179479206927001e-01
4.853122734165336016e-01
5.524767411597384381e-01
5.206845439151249755e-01
5.868297327103586536e-01
6.099336640206169946e-01
5.843613482483561716e-01
5.375479515590445567e-01
5.167160423812301451e-01
4.560764324975413175e-01
5.527241404101509437e-01
6.677894007447557900e-01
6.058228879616164297e-01
5.562682995032833810e-01
4.758794739653798289e-01
5.565627965770384433e-01
5.649500967144687191e-01
5.723732660308158415e-01
5.970113688152496323e-01
5.816962629289026410e-01
5.211816369684078021e-01
5.266092146017351538e-01
4.283807610791185438e-01
5.381335784514652554e-01
5.577578760487778009e-01
5.730749305942386407e-01
5.990597586919372830e-01
5.954310912494804597e-01
5.299141490951043698e-01
5.078202940189817660e-01
4.907353656014269982e-01
4.891648301079092875e-01
5.383790693535555061e-01
5.236756549727024090e-01
5.901451489627856928e-01
6.301141094523592390e-01
5.426656134444090007e-01
5.038145874776275290e-01
5.151354584572011008e-01
5.014673135650059566e-01
6.100010129276028925e-01
6.278012244579413981e-01
5.206037051769538682e-01
5.426731483518199006e-01
5.532030219342632948e-01
5.294969781039331469e-01
5.567248774189538230e-01
5.698793170234420780e-01
5.640767988059733895e-01
5.546920670570788525e-01
5.274153644204919722e-01
5.691757373747768911e-01
6.146449916378131650e-01
5.868793436846374556e-01
4.521439301961501789e-01
5.477917872099057339e-01
6.456647860370695602e-01
5.222880755235924655e-01
5.336799141844734695e-01
6.269158708561677340e-01
5.869742023657071872e-01
4.835742331324886512e-01
5.631478438298695988e-01
6.378749441590552127e-01
5.884845790847822444e-01
4.998612082385213151e-01
5.471967977817293605e-01
6.201479323583635184e-01
6.230215245637484855e-01
5.595985103851135456e-01
4.558303892701986437e-01
5.324318573859526671e-01
5.303284189004007221e-01
5.450780096739451519e-01
5.904670084926726403e-01
6.244996854274514897e-01
5.594805733827129535e-01
5.282327424426095375e-01
4.447893991676976078e-01
4.823615539319529022e-01
5.567602686525344735e-01
6.121005796442225977e-01
5.905702644952260938e-01
5.688382285059205845e-01
5.330240065948886885e-01
5.134025487487577921e-01
5.730841272584301649e-01
6.268063515873882885e-01
6.171831505566142129e-01
5.715706354425790225e-01
5.378743958664606861e-01
5.763136100033910969e-01
6.781377908617164385e-01
5.931877440749308006e-01
4.824203584306838155e-01
5.307887215580889828e-01
6.712691280956304407e-01
5.799243031809323545e-01
5.349653785153684060e-01
4.638710745341846908e-01
5.254173503670037659e-01
5.787713898050748096e-01
6.443708014142173202e-01
5.970279305855961116e-01
5.502754233028283037e-01
6.093549295800928522e-01
6.607735454646167517e-01
6.010916123094179886e-01
5.703767572672763242e-01
5.682477571861408450e-01
5.709056015616912338e-01
6.198518712777775219e-01
6.100372741255898346e-01
5.674789818313639156e-01
5.093693669932367607e-01
5.275500932914286567e-01
4.989615432303378673e-01
6.709355297201808899e-01
6.399439536720683552e-01
5.195403429670395479e-01
5.685327495766345773e-01
7.008956081085152556e-01
7.033757817014756331e-01
5.459264805580996693e-01
5.275901423842741522e-01
6.409742422226643033e-01
6.810517954286793296e-01
5.217442724567071810e-01
4.450421498656534358e-01
5.594738080715908612e-01
6.581751755124091163e-01
5.559480565527409324e-01
4.655114541142636453e-01
5.652143105236731024e-01
6.459038147167797117e-01
5.592987734976816450e-01
4.693551224103805763e-01
6.064690851472344102e-01
5.780712226207006532e-01
5.953654851437560902e-01
5.331930086083497278e-01
5.161064534532417980e-01
5.798195618442889554e-01
6.324676456095863486e-01
5.326118261672833087e-01
4.836334170975931102e-01
5.523436172842789427e-01
6.244627896756095309e-01
5.924165851711062913e-01
5.371344338010612951e-01
5.716988742315829430e-01
6.602309285866091448e-01
6.090422347581354590e-01
5.789241705828128692e-01
5.796776174834027406e-01
6.080669687313204896e-01
5.948004675775478978e-01
5.616286877555770607e-01
4.988536866754578747e-01
5.846966150317313149e-01
5.894611771058079208e-01
5.600180043622468018e-01
5.035348276472032536e-01
6.366811662198212929e-01
5.082386387469332023e-01
4.954185853277572327e-01
6.009630184094568728e-01
5.851906730397935519e-01
5.418379174956889921e-01
5.159131222122163019e-01
6.236681408150727135e-01
5.663110325000521028e-01
5.042419372267357147e-01
4.379200267667282542e-01
5.585600124229775920e-01
6.541130309751710392e-01
5.713768882308758457e-01
5.489382292037140454e-01
4.718570448302406573e-01
5.703698866585067417e-01
6.263998893821212111e-01
5.787599041528205257e-01
4.849624606230185653e-01
6.127746719967444022e-01
5.686207318460971827e-01
5.151997900290178345e-01
5.591898664291808929e-01
6.302561867929369344e-01
5.579734004219804033e-01
5.065298056952277639e-01
5.633609492749688252e-01
5.717083226592368783e-01
5.876311973114400899e-01
5.574159320843870002e-01
5.153778346517299269e-01
5.808242149835280976e-01
6.183290165837760366e-01
5.446400141893478208e-01
5.103108210810713974e-01
6.539432103950546527e-01
5.427031513544138264e-01
4.599141431660528911e-01
5.933168982548190362e-01
5.926654005727350905e-01
5.524465767404720395e-01
4.592106401242116442e-01
6.154459057866255023e-01
6.710420577236230200e-01
4.876691026309685206e-01
5.413330567463535692e-01
4.993040306300252640e-01
5.565140488605713198e-01
5.466956041323419724e-01
5.205867236634494910e-01
6.159754053356809589e-01
5.967982550084459659e-01
4.823881142261784993e-01
4.461703779283607840e-01
5.487814097195844454e-01
6.614941911130353125e-01
5.721566116308647310e-01
5.419740297602927415e-01
4.657376039601808793e-01
5.389935459290753350e-01
6.367508348498646109e-01
6.042624829585737656e-01
5.454230064450279469e-01
5.628386453232623321e-01
6.997313576497112830e-01
6.254731943828910623e-01
5.495467438411145711e-01
5.493574198655583052e-01
6.760275251930302209e-01
5.554700916829599100e-01
4.712155361293715594e-01
5.516725610973322036e-01
5.060120895365924909e-01
5.039416498313760151e-01
4.770194556959412302e-01
5.246607699736872688e-01
5.440787288798331067e-01
6.079580162331866822e-01
6.149882198839506930e-01
6.054532804799513945e-01
5.973821502238072512e-01
6.632104183114285734e-01
6.290841178240688114e-01
6.032315838106976358e-01
5.998534318405911447e-01
6.801370185891519871e-01
6.060265583865650507e-01
5.636481235121588718e-01
5.746210476050741534e-01
6.882353764172595145e-01
5.717498207556653833e-01
4.612371511527854073e-01
5.678263412366022500e-01
5.452136446994791941e-01
5.603683967967010293e-01
5.705045196579864308e-01
5.731500209283628688e-01
5.721978659044880677e-01
4.793179119971294200e-01
5.739674990422570788e-01
6.529082307209964631e-01
6.016313541881929128e-01
5.762309997616443802e-01
5.435945001213171590e-01
6.268691288211147850e-01
6.899606511475612214e-01
5.618225652644369683e-01
5.288667373677945482e-01
6.369825419886432361e-01
7.094418379703196775e-01
5.783222327324967216e-01
5.722674121705469963e-01
6.500367881822419758e-01
7.478893645950545066e-01
6.847436932698742762e-01
5.937464762144035735e-01
6.179462379784573800e-01
7.120177450969893407e-01
7.248263148967736269e-01
6.387442323379333153e-01
5.734569745266664409e-01
6.313491595141696999e-01
7.475152245540579443e-01
6.639369452040316810e-01
5.644295386443877183e-01
5.748941022087162844e-01
7.002985024935592939e-01
6.853165327714174637e-01
6.197210416482743511e-01
5.995884196906933195e-01
6.760271924514464903e-01
6.422381390959251979e-01
5.287674377344835364e-01
5.488517146511593392e-01
5.189065531009421361e-01
4.921021670330905651e-01
4.801892712001211705e-01
5.103670978000706127e-01
5.407500895946573127e-01
5.737196180791070965e-01
5.551262370623207820e-01
6.096164540212585248e-01
5.976399658923106095e-01
5.065993034331348621e-01
4.719798368826878532e-01
5.264342001664126247e-01
6.023509449861244036e-01
6.802194331664884741e-01
5.848631381636272275e-01
5.601573317212963365e-01
5.531414894606857535e-01
6.940412877625004029e-01
6.248555398363774271e-01
5.590953016154904809e-01
5.863152770545778658e-01
7.289105426219637529e-01
6.529982078039273663e-01
5.184850449372528924e-01
5.535591723794767161e-01
7.277420396836711269e-01
6.642245884001586331e-01
5.267833505887681289e-01
5.805887260702812247e-01
7.116477382087316172e-01
7.034352546778658288e-01
6.076426627945135106e-01
5.838988973623424616e-01
6.748526044340142915e-01
6.374298086154511767e-01
5.421125191603050064e-01
4.935081571094813713e-01
5.229101775488367299e-01
5.552353425952193389e-01
5.360794753168487414e-01
5.709342013238702940e-01
5.666042672977976702e-01
5.626264728107959190e-01
5.365164463317531052e-01
5.572918311576422479e-01
5.623376307975981314e-01
5.774634938142541030e-01
5.933016151999318533e-01
5.261196552766712609e-01
5.443784384222827288e-01
5.949517148065024408e-01
6.095163399151145578e-01
5.036612654108839626e-01
5.379091976447080148e-01
6.159156593052814710e-01
6.100670831528318683e-01
4.859711878130403839e-01
5.339707129256959783e-01
6.272207253193663457e-01
6.254995659969544430e-01
5.204491670997145603e-01
4.945899804797294075e-01
5.933546621055627579e-01
6.358797388476937762e-01
5.202161507101169535e-01
5.437177186280918173e-01
5.532725885688672962e-01
5.981944189046105587e-01
5.479297768305402272e-01
5.542452175268164360e-01
5.735867784081069010e-01
6.135332261425281430e-01
4.919687674521677767e-01
5.319208244132314078e-01
6.328897694061885737e-01
5.564194249389936564e-01
5.263786699118824242e-01
5.977214972742134202e-01
5.862718262227597510e-01
5.048837368780288992e-01
5.758081491380396821e-01
6.111668266432560559e-01
5.601234567194596226e-01
4.833605938132194413e-01
5.441115775337937999e-01
5.644491048859304749e-01
6.823484859770077016e-01
6.101665023279756461e-01
6.022579448900413635e-01
6.319209815723709767e-01
7.165580626438065037e-01
6.752751171418513998e-01
5.184290621413055744e-01
5.809983608269396749e-01
6.992550227737678314e-01
6.704048004163163377e-01
5.213574650425732981e-01
6.028608702410807041e-01
6.806453425423061310e-01
6.598306632581767417e-01
5.783815902254192398e-01
6.421360621818055225e-01
6.735589724502955011e-01
6.624918590395768581e-01
5.975803474836590690e-01
6.371684297364892391e-01
6.333307842483120176e-01
5.729758968762600491e-01
6.018165306057021713e-01
6.567770027632513496e-01
6.124176464813287923e-01
5.304401387878908691e-01
5.521253004038282342e-01
5.615022472594176639e-01
5.805742273810998721e-01
5.927978112171470304e-01
5.429661189391657983e-01
5.253112414593504864e-01
4.260456638547437946e-01
4.780964358813639126e-01
4.873977414485816673e-01
4.533513472773669783e-01
4.298967800729600608e-01
4.538082878960989497e-01
4.997795724738690049e-01
4.430890702980425644e-01
5.142327187460652427e-01
4.730599133725268968e-01
5.237208618835269558e-01
4.505362209224647030e-01
4.999680197753533228e-01
4.533399504616884568e-01
5.071282253713164101e-01
3.983615077918253311e-01
4.310702438006963066e-01
4.636876209662252890e-01
5.062173553499703660e-01
3.911556931720042152e-01
4.157750047444431218e-01
4.872349147714640782e-01
4.926600398450059481e-01
4.700171858550923343e-01
5.227932803426553754e-01
4.750414358641006918e-01
5.139231999277427132e-01
4.642744818879541713e-01
5.013389332267169651e-01
4.769152687651554423e-01
5.346817436561541736e-01
4.517962294805752399e-01
5.035217186223813757e-01
4.757490065083236908e-01
5.316960328586937123e-01
4.301235815849581146e-01
5.113278111123573666e-01
4.709086570093740098e-01
5.225253958280164923e-01
5.774171107581942408e-01
5.855764561571814575e-01
6.416155610636504747e-01
5.695669965861090978e-01
5.150658256935436441e-01
5.391516070817142792e-01
6.687838060084533298e-01
6.853676912603572369e-01
5.481623425397801341e-01
6.002766980571135891e-01
6.872583591846247453e-01
7.407851511514355058e-01
6.444556053063972278e-01
5.943673948050337552e-01
6.567245973085052979e-01
7.197318971769679496e-01
6.307776451107531823e-01
6.182377565040276801e-01
6.496247065528458764e-01
7.127153522638328687e-01
6.849309198595798787e-01
5.805887642879173915e-01
5.918353223379650974e-01
6.995051260575532170e-01
7.452188711231222396e-01
6.056518000677968416e-01
5.715895025216820580e-01
6.377726586221521554e-01
7.257003806230206688e-01
6.634170206256660984e-01
5.905968101477282461e-01
6.022737484496405447e-01
7.045759183295616790e-01
6.665685297509722496e-01
6.013783668638855717e-01
6.356302249987544339e-01
7.025558709485119069e-01
6.342067604714338724e-01
6.227103362960152433e-01
6.367986410814843179e-01
6.998832645496332328e-01
7.038527788899712201e-01
5.579475967343738851e-01
5.760886482655798169e-01
6.813884767740592263e-01
7.432529086732285739e-01
6.043460573041447015e-01
5.754837359183064827e-01
6.375054477802957198e-01
7.223407714127246804e-01
6.585645710883624160e-01
5.903122519929205891e-01
6.055768081286502236e-01
6.933370121256016150e-01
6.275935971631007027e-01
5.604884668611990195e-01
5.107028585698439871e-01
6.385221334043361674e-01
6.828768531293742949e-01
5.792342880790868342e-01
5.886022934421893948e-01
6.769089123325887636e-01
7.373655907516099006e-01
5.850109075493371558e-01
5.182520466141835591e-01
6.391446602577967040e-01
7.244850559304462090e-01
5.776744572237121345e-01
5.702814175096200255e-01
6.398946886462005823e-01
7.056091865340868852e-01
6.020310702101301370e-01
5.826828426982529896e-01
6.059731722301815449e-01
6.553310726797908492e-01
5.649721607298244797e-01
5.363803107478675170e-01
4.609163642226674074e-01
5.040706973506938748e-01
5.294204178894701407e-01
5.856962001421969211e-01
6.139434227533733246e-01
6.146855608900223533e-01
5.527244201960500591e-01
5.007593314497944537e-01
4.896694752008342588e-01
4.897985019256865802e-01
5.835299055344417285e-01
6.304100930248852652e-01
5.737963939320815943e-01
5.765056114268316545e-01
5.373477914562577729e-01
5.666323449315646688e-01
5.980089874913496750e-01
6.208255181668216327e-01
5.553006614834933297e-01
4.688376888180572077e-01
4.821376968875004110e-01
5.184598045115463849e-01
5.319574911353519564e-01
4.539682745698986333e-01
4.985515614973892173e-01
4.624622218269529572e-01
4.785610370508224243e-01
4.984263731066663206e-01
4.331171902679472052e-01
4.804852614189171756e-01
5.362935331902090041e-01
4.719164887409159070e-01
4.432451613397492274e-01
5.119435473914651924e-01
4.864519324788044163e-01
4.866599908830894217e-01
3.902467048096553981e-01
4.351274497321774293e-01
4.274381879035101806e-01
4.184311086161802140e-01
4.434718514028559433e-01
3.742573591714873915e-01
4.362956173306366536e-01
4.514360936112742362e-01
4.320395852276660564e-01
3.666873364407120528e-01
4.630027493277726336e-01
4.450189660132199410e-01
3.416558849199123893e-01
4.116744365929195792e-01
4.355283022148138117e-01
3.993947389590464803e-01
3.967112704467764539e-01
4.161654498375094713e-01
3.758231444021946643e-01
4.870526698299999513e-01
4.715045006277603923e-01
3.890254718848376037e-01
4.952091396501733245e-01
4.318978399313541661e-01
4.003899893759396700e-01
3.993280335060029329e-01
4.566880588621544668e-01
4.000520964163764015e-01
4.725710615571079853e-01
4.227427631457401080e-01
4.315015096347020740e-01
3.956667832424904940e-01
4.540314918781510611e-01
4.055009776709367353e-01
4.487631929694199662e-01
4.390971928334004293e-01
3.982410397945063685e-01
4.244863393175855037e-01
3.431764695285949851e-01
3.655239904960774222e-01
4.581458563967878983e-01
4.005855381802751469e-01
3.942431260275677252e-01
4.180683466219513589e-01
3.847529143649508487e-01
4.368974034318683364e-01
4.207751484917736651e-01
3.965865762593320243e-01
3.948366167724591258e-01
4.832218739920438044e-01
4.469608874016601785e-01
3.784284802249018864e-01
3.819351915072259351e-01
4.469574325102732559e-01
4.972614430158193710e-01
4.511835250383837703e-01
4.197669383295978829e-01
4.261468274247612875e-01
4.946671081747325838e-01
3.695829300648406646e-01
3.687009514801506405e-01
4.627612634952474324e-01
3.882490920851709992e-01
3.754597174096074852e-01
4.096588161419271179e-01
3.946427580868883678e-01
4.109014806777758766e-01
4.495643830270967811e-01
3.778733970704096778e-01
3.635652401172034254e-01
4.404675581152899810e-01
4.727421954076603816e-01
3.832226341002461512e-01
3.232255716788922650e-01
4.425189722468386155e-01
4.515088896476261437e-01
3.494349225991884023e-01
3.900144928555573376e-01
4.368406461653494555e-01
3.880772451583266447e-01
3.866684035002183051e-01
4.047521317848286615e-01
3.806542557872805155e-01
4.153923226021046800e-01
4.840818530536713515e-01
4.371600028656869030e-01
3.919312622780984356e-01
4.028776270258137560e-01
5.214964884494729391e-01
4.383578389988198043e-01
3.455790734642777973e-01
4.185560506244725421e-01
4.831928460627136768e-01
4.385621218078634143e-01
3.502758672356881542e-01
4.499958695651623541e-01
4.225432175584081240e-01
4.028245201450098012e-01
4.289343391513785742e-01
3.888133532326277231e-01
3.860119131745099463e-01
4.316230710410813298e-01
4.322714963308587066e-01
3.551391630985241687e-01
3.972608400587624988e-01
4.973204712524064708e-01
4.292879265583261494e-01
3.401910837519084296e-01
4.108041816007929614e-01
4.675980787050306176e-01
4.395265846124171705e-01
3.488032761653751535e-01
4.361844964950352121e-01
4.186756050182728339e-01
4.031385064090396986e-01
4.374469345196534409e-01
3.800500236172896229e-01
3.730537050495398854e-01
4.192789372269238868e-01
3.953960222221813980e-01
3.269263499033615017e-01
4.383970159618606477e-01
4.741471838626268864e-01
3.964145663836420308e-01
3.704185320106328505e-01
4.938512200238979744e-01
4.339845330823273728e-01
3.895795121251038884e-01
4.049518483147726555e-01
4.495581281274959040e-01
4.154536060880503756e-01
4.337245297893954632e-01
4.302928876554673598e-01
4.038293059999243373e-01
3.887508463067205766e-01
4.418763485686389436e-01
4.512492166326285692e-01
3.649546080866906128e-01
3.683884833952231208e-01
4.401175048451786420e-01
3.862683558207490320e-01
3.317405293522588949e-01
4.562345967898765453e-01
4.426825994556113364e-01
4.170998023596534376e-01
4.434057613452547786e-01
3.374449409556444235e-01
4.464111861934044190e-01
4.718662975970136508e-01
3.307414903358836811e-01
3.821095899245154359e-01
3.989208148650449370e-01
3.925156105570349330e-01
4.192094341504690180e-01
3.474887141736920371e-01
3.580260350895320687e-01
4.123943867242557682e-01
3.266180804364053891e-01
3.898177576794454868e-01
3.900678422529816336e-01
3.798493372924827138e-01
4.133320286628283657e-01
3.085369778582071065e-01
3.685268178937035621e-01
4.364512711688383617e-01
3.812785631423357691e-01
4.531195820459210100e-01
3.895031179985684600e-01
3.773710757568897733e-01
4.672226330285502716e-01
3.527276652270336377e-01
3.620335028757102336e-01
4.187382021036870072e-01
3.983268576931592309e-01
4.031785376107055452e-01
4.010813632965088971e-01
3.554898153478977529e-01
4.086305282237253644e-01
4.294766128196081389e-01
3.245048712144043002e-01
4.479379937505673648e-01
4.853113191568368956e-01
3.993812916243918432e-01
4.473607931046399422e-01
4.466381052520558281e-01
4.545792068043880696e-01
4.761085185195804148e-01
5.238300953422128092e-01
4.315445212388216434e-01
5.326527136470387003e-01
4.597476280331349585e-01
3.689077248780484597e-01
3.746005087540510425e-01
4.547302698452896919e-01
4.955291771243280907e-01
3.813948881842997851e-01
4.051255988262735253e-01
4.941800935718219101e-01
4.988994955818378263e-01
4.581347635919771344e-01
4.690233004261388228e-01
4.932171794194242787e-01
5.009291764502116218e-01
4.106078435569033847e-01
4.410463429230769283e-01
4.863076615311008877e-01
4.382065878229980393e-01
3.978301343615871510e-01
4.101747931958139026e-01
3.904323721930235691e-01
3.985843833186520913e-01
4.691607890744397547e-01
3.702582221343791447e-01
3.611641247925612142e-01
4.960090676374946383e-01
4.517052926989140738e-01
3.676623050341821242e-01
4.549556825538935145e-01
4.581575068394107553e-01
4.386485131740451293e-01
4.387514605201161544e-01
4.558562629027835267e-01
4.643449534671311163e-01
4.200102598359112815e-01
4.207936585977709032e-01
4.305511980093785218e-01
4.026810835103843411e-01
3.929313966910664702e-01
4.513725200844515562e-01
3.641760778282497335e-01
3.130959967939149768e-01
4.175259890686617292e-01
4.567405704552821022e-01
3.995984243854781570e-01
4.516374082564866832e-01
4.218486683807999293e-01
4.142313358417211711e-01
4.770813779068893146e-01
4.212802603378254518e-01
4.032363519544500674e-01
4.720187026524855223e-01
4.627018829811278544e-01
4.761706714888963576e-01
4.431957274919928746e-01
5.113402841574541391e-01
3.996419980872950584e-01
3.558153961002309962e-01
4.014683920008783602e-01
4.489282667003193228e-01
3.792716981520266040e-01
4.034229925918851878e-01
3.768210592833899919e-01
3.516984661814770430e-01
4.567912312621393300e-01
3.115202742070080633e-01
3.602010569355751923e-01
3.725471023262726944e-01
3.676273888514370869e-01
3.577775172088269451e-01
2.988410701114506685e-01
3.869283189063851269e-01
3.758303115717597231e-01
4.162550279988211366e-01
3.797923122888903769e-01
3.315734347661429271e-01
4.055371598122133325e-01
4.080377390277971639e-01
3.244891085733593306e-01
3.866175942494491369e-01
4.019074877706730331e-01
4.023568726621198910e-01
3.981128832065510825e-01
3.504066915569727936e-01
4.074231337710637058e-01
4.467324611154923075e-01
3.701147472791697091e-01
4.076869238488330383e-01
4.423722071678754530e-01
4.814238344789968926e-01
5.194444113719594025e-01
4.391048621862742585e-01
5.413225617765639042e-01
5.178964557818732661e-01
5.508346128971021161e-01
6.037005074803369897e-01
6.539861227318732873e-01
5.668510651896834229e-01
6.085892795878055095e-01
6.261052572451525355e-01
6.320845320381515142e-01
5.673542854368923694e-01
6.511786669225411162e-01
6.287916311033141525e-01
5.884172100556260832e-01
5.509855504122133096e-01
6.854343724185709696e-01
6.122779607593641371e-01
5.484822497466801394e-01
5.523923273582255211e-01
7.014030601987025770e-01
5.856760647937973019e-01
4.693217397867076590e-01
5.128004389046132427e-01
5.118302227199942322e-01
4.400745347236835747e-01
5.257027121250379409e-01
4.596909217773169631e-01
5.032731958295814101e-01
5.084702810934560446e-01
4.613340361512082155e-01
4.946361398713355340e-01
5.177205283043911921e-01
5.142720339324835521e-01
4.542027534922425946e-01
5.473456553029879545e-01
5.671804327813046998e-01
5.521409800220563602e-01
6.049871797381145555e-01
6.047841108182043790e-01
5.166967190283279221e-01
4.755537364226466446e-01
5.276060875575383502e-01
5.174726171959499466e-01
5.153160568056477375e-01
5.044169416151316199e-01
4.303826648941597166e-01
5.244949850975830774e-01
5.251779240120715286e-01
4.503182050414315518e-01
4.439865446885455924e-01
5.388546080443060715e-01
6.289057485300892925e-01
6.149908968450653601e-01
5.891346388242888477e-01
5.371136945434099585e-01
5.473524909532677674e-01
5.019230409521243663e-01
5.968347772753226366e-01
6.770072383312213393e-01
5.721876870382928137e-01
5.895787436305035545e-01
6.402596073134929622e-01
7.026306703474622939e-01
6.292266902184203703e-01
5.577531874897169173e-01
6.073087222835723553e-01
6.556200314559754716e-01
5.595071307498816759e-01
5.621663302534971596e-01
5.169274503408542998e-01
5.148622697199923826e-01
6.924206938429122715e-01
5.756858624704030980e-01
4.443370440795045839e-01
4.745225958187896942e-01
6.003116200736586805e-01
6.120301280521442955e-01
4.889294155872838110e-01
4.667110249603270700e-01
6.556921131930466551e-01
5.324133840138310925e-01
5.479597249012336801e-01
5.538627562965939832e-01
5.966361491119213101e-01
5.249148387005272420e-01
5.952528946663085962e-01
6.072017109199894236e-01
5.598434836678081172e-01
4.816865835654370320e-01
5.302721031899041426e-01
4.719463083089535105e-01
6.709954211890080122e-01
5.691824683471018442e-01
5.232515445405669929e-01
4.605502150902036629e-01
6.554259173946078709e-01
5.440834965398425593e-01
5.469903647720750772e-01
5.296004004778033236e-01
5.953455099044254739e-01
5.167493827678785179e-01
5.533141283247918762e-01
5.680730168717124107e-01
5.873987556179844916e-01
5.226542028445267940e-01
4.972384935898257474e-01
4.147208619402143470e-01
5.310957887711479364e-01
4.973745766026164139e-01
4.406665042849768898e-01
4.804178697293320366e-01
4.933385020977528179e-01
5.201384911317338267e-01
4.687286024698306131e-01
4.662786781005098802e-01
5.230913959240298672e-01
4.802660507839247583e-01
4.352286765239464228e-01
4.075662705983396084e-01
3.932328249572015766e-01
4.391393054237993088e-01
4.091865151780972876e-01
3.934625588507692506e-01
5.090452204625474097e-01
5.166718574785673646e-01
4.258741963447058021e-01
5.034052154784477429e-01
