8.578947368421052655e-01
8.257237392551929345e-01
7.914281083680830831e-01
8.158533469840459906e-01
8.530892277806029211e-01
8.096767732276739515e-01
7.606746050715527119e-01
7.849438420057023302e-01
8.379357236670564868e-01
8.315780926836843223e-01
7.890229099946444169e-01
8.034100199928246866e-01
8.611995418751736686e-01
8.367233653534116300e-01
7.800333629172843120e-01
7.766226304871779451e-01
8.172742567387074608e-01
8.301204603179755948e-01
7.830105349929444847e-01
7.905203559809431679e-01
8.490399296126791562e-01
8.625378309133182597e-01
8.022432536340674547e-01
7.737554553652832290e-01
8.153847450001647790e-01
8.294816313919227690e-01
7.894069242131602770e-01
7.740811425905146370e-01
8.188144634949079403e-01
8.693049353359687537e-01
8.196803776637521244e-01
7.868275321070384853e-01
8.176578673082048887e-01
8.429596097792492193e-01
8.018566154355708520e-01
7.588606407520638308e-01
7.943363368635649735e-01
8.529225289139999999e-01
8.338358390746574145e-01
7.946139116518893264e-01
8.099174104719438771e-01
8.561919659462943200e-01
8.224746448380975128e-01
7.677690035701887350e-01
7.795685553539267731e-01
8.312248535705137886e-01
8.366668689014412630e-01
7.917032859504110620e-01
7.983813737809249966e-01
8.566103185068333348e-01
8.510886522422993483e-01
7.904847187954728849e-01
7.754393287926010236e-01
8.140403526960953151e-01
8.352646358211268662e-01
7.893532217177841037e-01
7.848180386448002643e-01
8.406226537813497046e-01
8.691436675914017140e-01
8.145816900770788127e-01
7.779117140425880761e-01
8.108100202377611643e-01
8.382845773448092119e-01
7.961769429604207415e-01
7.730619807976323310e-01
8.085091618925319690e-01
8.686259827821819490e-01
8.313138232643352277e-01
7.904516354896710117e-01
8.159088866855068733e-01
8.474050816724885138e-01
8.153811147780015700e-01
7.627448380214515433e-01
7.847317585307981291e-01
8.486480527948120356e-01
8.410419107327542498e-01
8.004513338009768830e-01
8.060349788213724276e-01
8.571414648643405076e-01
8.382789519492840347e-01
7.763429055252957234e-01
7.791025895147040137e-01
8.237285660187603220e-01
8.428538023693931125e-01
7.964546396621584590e-01
7.940392785455201441e-01
8.522868868954202037e-01
8.636801621447270927e-01
8.048759950383423956e-01
7.768044058821335085e-01
8.120181871565600451e-01
8.400346261149660432e-01
7.963083661758744158e-01
7.828337295830317677e-01
8.303248940330090200e-01
8.739386134558768671e-01
8.273956224211908017e-01
7.838378190750989738e-01
8.096211950173152205e-01
8.447991691607288356e-01
8.074167745589719836e-01
7.732557347468594910e-01
8.010488392196298824e-01
8.646885720386094931e-01
8.425025317756779097e-01
7.957307874742408638e-01
8.116162986528123735e-01
8.500994384827973427e-01
8.274903918581711926e-01
7.713414328311258839e-01
7.784359787208831039e-01
8.436329364249389728e-01
8.484876791005412366e-01
8.061695359008055339e-01
8.034814889041596020e-01
8.525847974423640396e-01
8.520279701277864159e-01
7.855725948417043858e-01
7.775675017651725307e-01
8.184961813770280648e-01
8.475221557734984312e-01
8.047435282224076891e-01
7.895216509835134566e-01
8.452453191965798585e-01
8.706278998943711711e-01
8.160650674733410659e-01
7.785379572927797476e-01
8.044518122086696810e-01
8.441536469084723882e-01
8.028539687902466193e-01
7.828041211884936290e-01
8.206208124496039424e-01
8.738421369373586822e-01
8.395110918823210922e-01
7.865524223736554132e-01
8.058384881673301692e-01
8.453819361050683989e-01
8.177425921760879124e-01
7.756482532860424772e-01
7.927451355626172758e-01
8.587725650789328480e-01
8.514265129480430572e-01
8.022744058902485653e-01
8.058952391362791401e-01
8.479942372919762050e-01
8.377501992947489207e-01
7.779320818192968501e-01
7.752795459347349150e-01
8.353490250098278835e-01
8.548439392883123711e-01
8.117505833587990161e-01
7.998935402029877517e-01
8.445253194423207876e-01
8.598481306339958996e-01
7.952010412729914046e-01
7.733464129740904580e-01
8.125035977105256046e-01
8.489843564756630601e-01
8.132708643335332388e-01
7.874658574040934722e-01
8.347709014829197693e-01
8.736806158007087708e-01
8.244113322048608472e-01
7.805271520029368748e-01
7.956625184257388739e-01
8.434645753324643280e-01
8.114218986235323117e-01
7.824642830158475837e-01
8.128128349083577620e-01
8.694005748083116769e-01
8.504063671999082530e-01
7.895250146263100843e-01
7.984028702509468056e-01
8.424270564689168017e-01
8.233974965740878948e-01
7.803183069845355257e-01
7.832212472651137736e-01
8.496942827810154419e-01
8.586138473015576533e-01
8.075253631237035989e-01
8.013720745845659410e-01
8.412363078222809820e-01
8.453301174905464288e-01
7.815948045715892523e-01
7.701064732599087748e-01
8.241735269111160056e-01
8.557817697803991042e-01
8.180049160200350000e-01
7.948157847681746047e-01
8.361265822392275338e-01
8.647249857985864763e-01
8.048458929762291048e-01
7.716478227354893749e-01
8.022980954843811352e-01
8.462875811566753503e-01
8.172750709044838135e-01
7.860128570697785255e-01
8.231251684754489206e-01
8.728489744609382317e-01
8.346374703198373712e-01
7.826017538310893196e-01
7.900149443514569159e-01
8.379086897463946526e-01
8.190713201106161190e-01
7.817124857690648243e-01
8.029414154867831055e-01
8.617399704453549969e-01
8.582633605568316115e-01
7.961452947804241731e-01
7.920784380060843510e-01
8.380457438734516540e-01
8.283213760786468649e-01
7.839157384724246835e-01
7.750595188187837659e-01
8.361390661799927848e-01
8.631986772049634604e-01
8.118510809324253064e-01
7.979268082504198389e-01
8.341098384553323752e-01
8.500634348856821454e-01
7.886772830898353126e-01
7.634570769364380505e-01
8.127007566781809800e-01
8.526505795566482471e-01
8.240533690597630079e-01
7.913682851384895578e-01
8.260153226115334313e-01
8.675520870671680207e-01
8.130938734990956762e-01
7.729841769727217038e-01
7.913924110778687293e-01
8.393534852301414162e-01
8.196408218267225987e-01
7.830734634058951205e-01
8.121485295668887661e-01
8.677257773325077750e-01
8.456852991609059567e-01
7.858853769732937478e-01
7.843140895083865471e-01
8.318289248952545067e-01
8.217945172825164013e-01
7.816431377324219998e-01
7.903454344008740140e-01
8.496438782263716627e-01
8.627855062045922674e-01
8.025286449693437296e-01
7.880415397709852332e-01
8.310159605441959085e-01
8.346379547001779864e-01
7.857145452667904095e-01
7.683512317722180907e-01
8.209614896216060886e-01
8.628052456631255529e-01
8.173094063180459390e-01
7.942696022122955890e-01
8.274478063383483573e-01
8.528313765572741456e-01
7.989306862791261121e-01
7.598518086918943926e-01
7.997878845990109564e-01
8.470649601991943056e-01
8.273695630828743486e-01
7.900625011126279906e-01
8.158778687931763640e-01
8.679696187369321247e-01
8.239455894597511598e-01
7.759996345912839599e-01
7.851013732585753191e-01
8.298172507498551287e-01
8.247401570045603814e-01
7.812710022094226936e-01
8.021786695548737134e-01
8.611245813592904863e-01
8.551205857165161683e-01
7.932654433637421620e-01
7.793154653591471970e-01
8.265864653398062867e-01
8.249517055501562890e-01
7.850140755156186367e-01
7.820108544383864713e-01
8.367030913130705239e-01
8.679382302843183794e-01
8.100195540580935605e-01
7.876302486465712738e-01
8.259683011837072319e-01
8.412502612661661994e-01
7.919401272627694111e-01
7.637514044348183706e-01
8.092642377724857949e-01
8.600807412357970305e-01
8.254662680262256913e-01
7.937078472515596284e-01
8.213800031183556838e-01
8.574189895185211352e-01
8.108817673695345452e-01
7.638263110944636392e-01
7.899609323900255164e-01
8.427922845245743311e-01
8.316850131805739732e-01
7.910243101105559616e-01
8.087568795265359656e-01
8.659941032369822267e-01
8.388004039705270198e-01
7.825167700928679082e-01
7.829191117234028940e-01
8.238153506254454195e-01
8.319284882521836844e-01
7.844997315447066466e-01
7.940037755468843939e-01
8.547594374247297067e-01
8.635485590100834274e-01
8.041664745615126897e-01
7.791251659938819296e-01
8.209559108707982222e-01
8.330576219031576857e-01
7.899021195557087704e-01
7.786902548220315801e-01
8.249498821515698355e-01
8.719589384743339222e-01
8.203669793113632647e-01
7.893992584441946736e-01
8.237718925504396994e-01
8.466053640760556886e-01
8.039455601688273445e-01
7.626274777741346433e-01
7.992739016712120392e-01
8.573568184327210462e-01
8.339711742846017684e-01
7.971418297359645910e-01
8.154029250341783275e-01
8.608420478345153448e-01
8.239424960378312068e-01
7.699806609501947952e-01
7.854327230118304248e-01
8.369061485256594768e-01
8.386090933654875013e-01
7.938172783919167363e-01
8.033377896545093044e-01
8.618623889013200534e-01
8.527492617877453496e-01
7.925236036811403872e-01
7.807305046711122687e-01
8.213448499195404873e-01
8.375572388398224710e-01
7.908681459878864617e-01
7.884942585330386722e-01
8.462357095099876103e-01
8.709149540145062485e-01
8.153543773206779477e-01
7.822085469239884459e-01
8.161648009688279304e-01
8.419720902961939091e-01
7.971790589951023298e-01
7.766993194642466403e-01
8.152608934663895246e-01
8.715201629819803175e-01
8.316719890669057591e-01
7.915713052351890378e-01
8.201179059235095270e-01
8.507198570802121385e-01
8.160347630516684436e-01
7.667300139597746922e-01
7.892669773803644429e-01
8.541104486993875700e-01
8.414317785397165128e-01
8.018831226498885911e-01
8.108609545032420263e-01
8.598314941730952343e-01
8.383258974201358571e-01
7.762157327410026397e-01
7.830005315981221070e-01
8.299248910658598710e-01
8.452066736769808797e-01
7.991837067376149628e-01
7.972456145898595414e-01
8.563037496528764780e-01
8.626252119915740479e-01
8.031066643157179774e-01
7.790939519066488739e-01
8.155578415212332288e-01
8.426769713837540809e-01
7.973453676382237232e-01
7.863415060188181371e-01
8.359618430916517795e-01
8.753314598583995521e-01
8.260230401023965774e-01
7.836833590817613437e-01
8.111242620767598055e-01
8.457118478783316462e-01
8.073986808739276322e-01
7.762316510517849322e-01
8.076005634701879377e-01
8.685598771881203328e-01
8.422151191818991744e-01
7.948172041053616077e-01
8.120924164524392364e-01
8.503285634028269202e-01
8.249524325310800821e-01
7.728588324813180366e-01
7.823891602337949003e-01
8.490611300751338408e-01
8.497819520446184827e-01
8.061279125991041017e-01
8.066126903996972963e-01
8.525751842703003236e-01
8.488463700173851656e-01
7.824333038194525303e-01
7.772444004930125772e-01
8.239561655535921902e-01
8.496331717184553156e-01
8.076649662708477173e-01
7.920294628673889559e-01
8.473862820713018440e-01
8.683115845950796219e-01
8.104300638639562182e-01
7.782442281995427535e-01
8.046640684901810170e-01
8.453099315962768756e-01
8.035399091041218744e-01
7.845868332562397907e-01
8.262910832328143051e-01
8.749288136289246065e-01
8.370665541001403032e-01
7.838625534132812600e-01
8.042867279236903810e-01
8.443785068108652370e-01
8.149336144597917331e-01
7.777197806136529890e-01
7.973208521616965694e-01
8.626337011173876856e-01
8.506725243236735734e-01
7.996661973919391153e-01
8.053389621993732872e-01
8.467582833853269930e-01
8.334951107573581597e-01
7.756235980881783787e-01
7.765185384954829129e-01
8.385578084169772461e-01
8.546260626232543567e-01
8.104519238304295214e-01
8.008294783210596623e-01
8.449300706939586458e-01
8.560981992121530215e-01
7.910295591976669316e-01
7.714441722119123046e-01
8.150145065667588895e-01
8.492720918322722579e-01
8.128874306910153225e-01
7.886499536767208607e-01
8.357879181168834659e-01
8.718899421153862850e-01
8.186574718321038002e-01
7.788331486912216661e-01
7.961661354973478266e-01
8.425495556034213740e-01
8.101080932392640266e-01
7.813444789441629235e-01
8.162295282049489842e-01
8.704435386291652366e-01
8.470575277124630098e-01
7.873878821820176066e-01
7.967586454441422106e-01
8.418503247773232445e-01
8.187235995081987294e-01
7.794821557785618360e-01
7.851560863856168471e-01
8.513852774048934480e-01
8.569107286233778042e-01
8.038286954352072966e-01
8.015235818338227736e-01
8.415560152236887248e-01
8.417540590602534678e-01
7.790628581942883324e-01
7.694167826623109496e-01
8.266872032786790614e-01
8.549563165861548963e-01
8.164372749528394646e-01
7.953956251471254735e-01
8.374530901559756879e-01
8.627600522573243280e-01
8.004333562504071242e-01
7.704741653974791493e-01
8.034889562346425596e-01
8.457100467621733175e-01
8.146851416009066593e-01
7.853330071640864940e-01
8.244171863848829274e-01
8.721952692072044711e-01
8.305095077670326953e-01
7.805438571630167743e-01
7.911025471807375808e-01
8.374153166409434856e-01
8.161243032713058065e-01
7.796379289504112853e-01
8.044483517830629538e-01
8.631270703601926497e-01
8.548123844795744164e-01
7.940609270638766537e-01
7.913869240531524740e-01
8.380610103876855455e-01
8.247025562382439556e-01
7.811569330973761049e-01
7.762585491161847484e-01
8.372165535421741689e-01
8.612100861382959716e-01
8.081805414157559042e-01
7.977149869827967477e-01
8.358689902591029952e-01
8.471770904106653566e-01
7.866766356269103699e-01
7.618977682568411902e-01
8.140922620137560628e-01
8.516615585176335879e-01
8.211808153501982677e-01
7.917163186287563548e-01
8.276399568156370679e-01
8.670862202066949020e-01
8.091146618766228427e-01
7.718534508506103009e-01
7.936104583603517115e-01
8.392266845658906682e-01
8.178690121782908884e-01
7.816931213803423040e-01
8.139715633152710961e-01
8.688932617253088964e-01
8.427098269466712921e-01
7.849645409088901182e-01
7.858011267748415962e-01
8.334113543280565750e-01
8.191341125051682104e-01
7.802707537139245142e-01
7.922369707305660924e-01
8.520967322719008585e-01
8.612308568371886963e-01
8.010533539606569109e-01
7.895400590830743415e-01
8.335119746834254162e-01
8.339879193098805876e-01
7.840560505725552298e-01
7.703150119202406554e-01
8.240244943449639425e-01
8.623451930407950439e-01
8.153528728838674855e-01
7.947798512666370829e-01
8.308217989666284442e-01
8.527171483157137688e-01
7.981319936298125750e-01
7.607787912409804676e-01
8.024021343956752039e-01
8.496168513989293958e-01
8.259161657309406213e-01
7.917064699991246401e-01
8.193581433093382049e-01
8.694252730329629086e-01
8.224172613295028800e-01
7.755445034045891362e-01
7.894944088597249943e-01
8.324072694793412941e-01
8.255189970769285512e-01
7.817416424777001716e-01
8.049856018121864798e-01
8.649103762851638733e-01
8.532801099659591548e-01
7.935805766599965949e-01
7.820671198654374212e-01
8.294003898807227326e-01
8.255688640065215189e-01
7.849210875874778059e-01
7.863001474350181930e-01
8.415892991526358058e-01
8.690470404298145102e-01
8.096267101470562277e-01
7.895866023926847443e-01
8.301927643767330611e-01
8.420246973397010892e-01
7.928379890407502018e-01
7.668623550822181167e-01
8.142755724771786330e-01
8.628469898978008423e-01
8.250760262422888180e-01
7.952432149228081393e-01
8.249992169065480940e-01
8.587476990177157488e-01
8.100348258821922220e-01
7.653504796746264383e-01
7.942332825228345383e-01
8.476734881249260445e-01
8.327129268441431087e-01
7.934203267868660259e-01
8.127195783989281663e-01
8.671457830129344346e-01
8.364404378625567293e-01
7.807267524358779687e-01
7.857847753984446015e-01
8.284157972467478537e-01
8.337294324920782040e-01
7.868342877158536197e-01
7.974169936838624295e-01
8.597148279376236601e-01
8.623476560686955672e-01
8.035102853322746430e-01
7.816075337856678296e-01
8.228977128345748016e-01
8.354456276725656938e-01
7.902531456737548199e-01
7.834020115707946985e-01
8.317147877632993236e-01
8.738559176553887253e-01
8.196839904611912253e-01
7.884103220680309665e-01
8.253449958883731785e-01
8.455352506273166036e-01
8.039550520595177829e-01
7.663938926996237688e-01
8.039153126935536520e-01
8.628095216763261854e-01
8.341100764644455712e-01
7.986267573046220702e-01
8.188128444671520789e-01
8.610258505211570990e-01
8.223646066900843765e-01
7.696123214570891324e-01
7.897149003841616999e-01
8.427625540869116971e-01
8.414716997073465876e-01
7.970495333019332884e-01
8.065706618236176961e-01
8.628745149474568166e-01
8.483591156190736227e-01
7.884504464900455867e-01
7.809906464749665211e-01
8.247783916278053074e-01
8.404177249626124668e-01
7.940053362559889027e-01
7.927364257207213383e-01
8.511919000931978951e-01
8.697274897413388439e-01
8.121207388945120842e-01
7.813955602992139760e-01
8.151892637796489538e-01
8.428069763841695705e-01
7.982024282728880094e-01
7.812845631550193737e-01
8.241081840292809879e-01
8.745111481978259382e-01
8.308036520150657855e-01
7.880901190839765258e-01
8.172193628289796674e-01
8.470682827425655148e-01
8.124754342131189633e-01
7.698585596734771608e-01
7.935786231966752702e-01
8.608297710010782700e-01
8.423627047853412542e-01
8.013192145471080829e-01
8.127016971971957604e-01
8.559034624200626551e-01
8.331903445921475804e-01
7.716387835917869475e-01
7.828137188577465322e-01
8.351950286516642841e-01
8.474111981244669689e-01
8.025650096376201192e-01
7.989883873684676674e-01
8.562736436239214433e-01
8.565865752713951453e-01
7.956406928626738040e-01
7.770707662702054375e-01
8.147186183244895519e-01
8.436469998863360686e-01
7.981640757499183225e-01
7.886063426476748184e-01
8.400007579679222847e-01
8.736023698119763647e-01
8.214231279436201572e-01
7.797485217810612435e-01
8.082000625834715457e-01
8.429277274203678116e-01
8.048778153437687877e-01
7.777811278961845876e-01
8.126491833917128815e-01
8.705350982254590475e-01
8.396316116315546418e-01
7.909336475213922801e-01
8.087390326910632865e-01
8.468644759845976866e-01
8.191800710876263603e-01
7.716389858261311074e-01
7.843033610264595890e-01
8.520645607437709046e-01
8.488696395703498876e-01
8.032940138358481974e-01
8.065184103632806467e-01
8.491862000653834786e-01
8.420525962126245156e-01
7.761853660832161994e-01
7.731077576799046946e-01
8.253509051914592609e-01
8.476592194049913376e-01
8.065758051090128333e-01
7.917679103648310734e-01
8.460357875661709270e-01
8.629166562086403314e-01
8.019045286479533630e-01
7.753313638401314600e-01
8.023492749276212033e-01
8.429980071586409274e-01
8.012444874800421779e-01
7.830863165757285804e-01
8.287441803233933646e-01
8.729865226406996470e-01
8.318984688521049442e-01
7.796994125238774220e-01
8.006047682541781452e-01
8.404687067682191648e-01
8.081250922758150823e-01
7.754384864397744215e-01
7.974551948723489492e-01
8.620678351078103763e-01
8.461876163299442144e-01
7.941698311834027857e-01
8.026527633951640039e-01
8.432239782099892889e-01
8.269711619009342263e-01
7.706763042768633998e-01
7.749038961875837073e-01
8.386274798872559444e-01
8.512029580447959543e-01
8.066232712501694158e-01
7.992062402717580172e-01
8.429002213928208365e-01
8.496680852536182549e-01
7.839596032869021736e-01
7.665786721173668550e-01
8.132628413385071253e-01
8.445944859966661999e-01
8.075387795881927566e-01
7.862231897633806810e-01
8.344115510337363206e-01
8.678094971873880903e-01
8.115368582701381062e-01
7.750509392246570650e-01
7.947667638335607077e-01
8.382829758208696358e-01
8.049333560486062744e-01
7.770066907862185346e-01
8.161504508136352420e-01
8.685656236036811695e-01
8.410384776224135717e-01
7.834045332059066391e-01
7.929399973911608335e-01
8.384865398727823216e-01
8.109227260640210488e-01
7.750803134956139040e-01
7.838518811184923551e-01
8.496306243112772272e-01
8.522017420421394984e-01
7.975511651055648965e-01
7.990143736043968659e-01
8.391006043530708780e-01
8.348988605614204861e-01
7.735135422698079521e-01
7.649795091661715229e-01
8.250247361644480470e-01
8.497850844208032495e-01
8.112505185461490465e-01
7.930888689602927366e-01
8.359392913171431738e-01
8.577797141768160882e-01
7.928038845700112747e-01
7.665410904388910707e-01
8.019622056074593441e-01
8.421844042859120139e-01
8.098466437038470689e-01
7.824744727884773710e-01
8.238496040844258683e-01
8.693197577003182186e-01
8.242579690526262715e-01
7.764082066934678839e-01
7.899191955984138369e-01
8.345157287552882330e-01
8.104991482619378074e-01
7.756109325059945547e-01
8.038888169143284523e-01
8.623233964381449290e-01
8.492795453410734163e-01
7.897734644733845899e-01
7.883708951588402902e-01
8.352517974248865329e-01
8.193194211005905281e-01
7.771881175206409864e-01
7.771859011734753020e-01
8.379364759115295325e-01
8.587087049754422718e-01
8.037490333801473597e-01
7.957669592230970368e-01
8.355599630047970683e-01
8.417601256190468950e-01
7.838882367254728090e-01
7.598799241277679473e-01
8.147732027259598775e-01
8.508408198497456887e-01
8.180566706134567712e-01
7.921155015922405340e-01
8.285970294474129805e-01
8.651538833824060637e-01
8.040748477339165756e-01
7.693910039017303193e-01
7.953740808142293339e-01
8.385231141314050118e-01
8.165186011035832081e-01
7.805859613088667048e-01
8.155038146343798200e-01
8.695202085573158213e-01
8.385884875530875693e-01
7.833762706361072636e-01
7.863815930019445455e-01
8.339871534968418265e-01
8.163918813486632509e-01
7.789330961873144332e-01
7.945492081062744960e-01
8.545770962847142327e-01
8.596073486419093523e-01
7.991819481054325269e-01
7.902957310700803317e-01
8.350556559545021518e-01
8.323852954050219299e-01
7.824812523765489747e-01
7.724088455688171706e-01
8.274587242889895888e-01
8.621461902286132739e-01
8.135201121509371136e-01
7.948679702634384725e-01
8.331435947222149974e-01
8.514078414153444241e-01
7.966592520919221210e-01
7.617886846963075609e-01
8.049263127969954468e-01
8.520234815959162322e-01
8.244580810384105618e-01
7.932653249380765548e-01
8.225382573810813280e-01
8.695990722263513550e-01
8.199969318379701777e-01
7.740080786705145766e-01
7.929841319836575808e-01
8.349789461776941923e-01
8.262626269547550528e-01
7.828061130571511983e-01
8.076494535706946198e-01
8.682953973785320079e-01
8.507443927710470755e-01
7.933431623717133174e-01
7.845941624831245242e-01
8.313377998116132650e-01
8.260431828522697417e-01
7.842502939498047221e-01
7.900863776230956370e-01
8.459769343928944529e-01
8.692528352617907572e-01
8.086249479100363624e-01
7.904214602310317694e-01
8.331179991072589219e-01
8.412532542040540573e-01
7.929399414498022880e-01
7.694945140950295581e-01
8.184255361681431751e-01
8.646636479475714454e-01
8.239402569454056247e-01
7.964988225094752350e-01
8.283905661792608788e-01
8.597496176056808048e-01
8.089609490893713284e-01
7.665382841775035816e-01
7.982433571258032989e-01
8.509162911092467141e-01
8.324039666138978166e-01
7.947045301060338129e-01
8.164883862144252102e-01
8.687644832287740870e-01
8.348345262902583386e-01
7.799546472575508149e-01
7.887414453057397523e-01
8.329916638968143383e-01
8.343635576586670988e-01
7.883337854439496084e-01
8.001816620264785573e-01
8.633291013443383788e-01
8.605195234267849491e-01
8.020928430006381005e-01
7.838957065834016857e-01
8.246126677794307636e-01
8.364230746824643514e-01
7.894185212194515522e-01
7.862399391368565249e-01
8.370394620728635049e-01
8.741102333508928846e-01
8.186535062156800047e-01
7.880444921393540136e-01
8.272125331406787740e-01
8.449100265085213168e-01
8.027421080631925721e-01
7.691186512000517395e-01
8.072848266643757320e-01
8.657064288068789804e-01
8.322329612971801627e-01
7.983553009585190319e-01
8.212734735767176497e-01
8.602634150949308722e-01
8.197224628720823913e-01
7.677855977649611363e-01
7.915933324933097648e-01
8.450585752171059228e-01
8.403373868433375860e-01
7.971928180934652053e-01
8.082949481417568416e-01
8.639970471070897995e-01
8.448080776355142429e-01
7.855232596888596097e-01
7.816309806215994138e-01
8.268253786062137456e-01
8.395379808144258771e-01
7.930374332297257522e-01
7.941265925865986786e-01
8.533835007700673048e-01
8.676440545151196115e-01
8.090081495958680868e-01
7.813478177091504051e-01
8.160536812541548946e-01
8.416247202664106641e-01
7.959314140872072452e-01
7.816029240829905911e-01
8.278637390904501903e-01
8.741088876705893629e-01
8.283006633569517385e-01
7.868634268902462425e-01
8.173185349248029974e-01
8.465149895373397237e-01
8.088571785282734350e-01
7.704217620712487946e-01
7.956668503354455968e-01
8.623340502498609839e-01
8.397649883199439502e-01
7.992464275610416946e-01
8.147091152215972798e-01
8.554617017797708778e-01
8.299694723713542110e-01
7.687589263933829464e-01
7.821642699906914409e-01
8.367440463197289846e-01
8.444624018046574809e-01
8.011711972378844360e-01
7.994597349926069185e-01
8.570707566737554295e-01
8.531150603315188485e-01
7.913338267152333350e-01
7.773459781378677658e-01
8.149222741012805971e-01
8.416177706059525532e-01
7.949662960918256749e-01
7.878436316871615386e-01
8.417785937171373689e-01
8.716622267940751234e-01
8.182602880612482865e-01
7.788065402252040137e-01
8.090082397500476530e-01
8.408753993929202197e-01
8.006124220312268447e-01
7.764107369444483986e-01
8.138614713163645487e-01
8.699394524826183916e-01
8.359178242109057688e-01
7.889835402102741702e-01
8.090444747104200696e-01
8.464898493376294963e-01
8.150358771981556227e-01
7.693546789176580747e-01
7.851239660657766128e-01
8.522463204239578705e-01
8.454346701123748309e-01
8.002814625236965851e-01
8.071879333989275818e-01
8.495915054138399869e-01
8.384147998652700107e-01
7.734067892861463678e-01
7.715948092966953276e-01
8.270815796166077760e-01
8.450889535470537117e-01
8.043816464131389177e-01
7.924231131606602752e-01
8.465961139880503472e-01
8.602758775104200062e-01
7.970848905842169430e-01
7.750462411306973110e-01
8.036708680801865068e-01
8.414092664806976929e-01
7.987728613360933760e-01
7.816211180767288491e-01
8.310435509557165812e-01
8.720690636402884666e-01
8.285500708734828690e-01
