5.210526315789473228e-01
5.215507322521307776e-01
4.717620396008663786e-01
4.491633657075376207e-01
4.876823441500789391e-01
5.062035735192113028e-01
4.559386940443483915e-01
4.809132820578504441e-01
4.989563064367971146e-01
4.893366498848849555e-01
4.240671784141717415e-01
5.480981855079983811e-01
5.273656712597128982e-01
3.937815174839389698e-01
3.696519873787474930e-01
4.405693384620389952e-01
4.169316549102211056e-01
4.064001752566634984e-01
4.120492845548590632e-01
3.942951614557186346e-01
4.210685368819838681e-01
4.262401296710583987e-01
3.500519610136095805e-01
3.378047896352814883e-01
4.314729089750191093e-01
4.010051983901002925e-01
4.004791301598369935e-01
4.016797494479089625e-01
3.790651224262757690e-01
5.036081000868555257e-01
3.807342445995132718e-01
3.446762213433751110e-01
4.222513422009105954e-01
4.468364842149646909e-01
3.869990573481809082e-01
3.799937017152982821e-01
5.163299363749244142e-01
4.149364980238340883e-01
4.285508871354603566e-01
4.547605352829196534e-01
4.465238956719554397e-01
3.831843093912093434e-01
4.490657969771035263e-01
3.969970736245800880e-01
3.288092365585122967e-01
4.729886855641786680e-01
4.092790348388801736e-01
3.830043618076622303e-01
4.369337776235318604e-01
3.983486263515747527e-01
4.286071404362882808e-01
4.739919086598224363e-01
4.056372630457147355e-01
3.993990657772750197e-01
4.526991569656866332e-01
5.057192107710548612e-01
4.112172144384333983e-01
3.333576183919982339e-01
4.636821319008870845e-01
4.330302693648429568e-01
3.333341417117524075e-01
4.015881236867692716e-01
4.538292294906450253e-01
3.801539107897776715e-01
3.920741936585060428e-01
3.909776456081120455e-01
3.658643940711847065e-01
4.661299566673157146e-01
4.254891463023267595e-01
3.547613856126699550e-01
3.662394923370833055e-01
5.031293641260959904e-01
4.098342910861275668e-01
3.639027327762494601e-01
4.000586391270276598e-01
4.330766136259379118e-01
4.269297013244655048e-01
4.139306040035446999e-01
4.259114966452685613e-01
3.564840405245666144e-01
4.588852771043048229e-01
4.572450472249945941e-01
3.795897073003653976e-01
4.340651254227161915e-01
4.975352979516862728e-01
4.489166112691505006e-01
4.346204138212945156e-01
4.182362508084637720e-01
4.278172968544399768e-01
4.686260467614233316e-01
4.772325875842917120e-01
4.136576091635931207e-01
4.049395374539541126e-01
5.173698911076016760e-01
4.164563605764434739e-01
3.217832510610942331e-01
4.407563181393960861e-01
4.274344617420710035e-01
3.523189365813648721e-01
3.972732843125122981e-01
4.122913741595643500e-01
3.845460658554317179e-01
4.129727252438505358e-01
4.480414996214305834e-01
4.019633261046618999e-01
3.869375739238274381e-01
4.358423487165034582e-01
3.958420527627795060e-01
3.508090912694121211e-01
4.142698948030889561e-01
4.858622310189058546e-01
4.315474410935867255e-01
3.459269709678673976e-01
4.519696846907870769e-01
4.696901520501650107e-01
4.395075673598198285e-01
4.725798803662130121e-01
4.753912687748483301e-01
5.102459954621503257e-01
5.194596098172499232e-01
4.394470240026394081e-01
4.787440601564252329e-01
4.913709593060066050e-01
5.046974985273369185e-01
3.862842261625801243e-01
4.979473114631041142e-01
5.123574038406349951e-01
4.439816837609555922e-01
4.560973124618188934e-01
5.264721653680616287e-01
5.506981450274266443e-01
4.583352820014130469e-01
5.277817462496348089e-01
4.736231487071998481e-01
5.368541017260346493e-01
4.859209504621960218e-01
4.974613294515329298e-01
5.303824580988716342e-01
4.843574882923002978e-01
4.964108009040802960e-01
4.903096951613568066e-01
5.298158646377507663e-01
4.578647965510156959e-01
5.070665664825261265e-01
4.260849293745043731e-01
4.734035399572420477e-01
4.554915480708487951e-01
4.519961305685716857e-01
4.516128098653066081e-01
4.701818484004920418e-01
4.007832945616076059e-01
3.853024662435002856e-01
4.505710600608697769e-01
4.581467300397878417e-01
4.369973693932792114e-01
3.733904013338701366e-01
4.142199319833523852e-01
3.941912232134506811e-01
4.029897590220530845e-01
4.173300845877210841e-01
3.125561755028031796e-01
4.130336123955399286e-01
4.929442832999849644e-01
3.732627842021896680e-01
4.702174186720299853e-01
4.318391291675062194e-01
4.345518930618972875e-01
4.681390153927928455e-01
4.296795872089359536e-01
4.227201035385981243e-01
4.403917909678225495e-01
4.033375109466003083e-01
4.299256212559989243e-01
3.880081415856915239e-01
3.485075849373030499e-01
4.145309319989816665e-01
4.265368488847451900e-01
3.241835045339732657e-01
4.024551700022350742e-01
4.677291598497492764e-01
4.253272161942627250e-01
3.362873972244941334e-01
3.966100502074091372e-01
4.339888238058227654e-01
3.912702219571169704e-01
3.992449620628928941e-01
4.655748836803851876e-01
4.212039323253906620e-01
3.974732003201804642e-01
4.319197989252115955e-01
4.397553675335952317e-01
3.899333169399517018e-01
4.393257455252320143e-01
4.859409783549414885e-01
3.972511549597306790e-01
4.327606433607896208e-01
5.273916439719690263e-01
4.173113415283153382e-01
3.832830506763827971e-01
4.213675698355964228e-01
4.106188216105336464e-01
3.795475288495327448e-01
4.354457905331797773e-01
4.460313431664104655e-01
4.252062722259781213e-01
4.452631875986821641e-01
4.387836880083554880e-01
3.866081015970020407e-01
3.360739838920159817e-01
4.312737695491241641e-01
4.654295706294132029e-01
3.437479107558618630e-01
4.063891774197145312e-01
4.291652499435819057e-01
4.810699582480061909e-01
3.811727965758534564e-01
3.758893744790027802e-01
4.484985313201408919e-01
4.202086094033001817e-01
4.446978435468363355e-01
4.077146311045643512e-01
3.410176162058438654e-01
4.202744669417157741e-01
4.621448307251649901e-01
3.412285889479720336e-01
3.543198240423115486e-01
4.827709578918148448e-01
4.179465436710837478e-01
4.685230027432196187e-01
4.168641494446691520e-01
3.695083396194203673e-01
4.556828067519816949e-01
3.993097106874513580e-01
3.205428353329691227e-01
3.817044618826926916e-01
4.029408204804377225e-01
3.689729029516845005e-01
3.858128444489749564e-01
3.394389967960415588e-01
4.368200448119060053e-01
4.263040206742206295e-01
3.144077226049397100e-01
3.936413937116602924e-01
4.237686056134843948e-01
3.756772159054462268e-01
4.039695333844662839e-01
3.714087381221176098e-01
3.586289403360827244e-01
4.468465777959667040e-01
3.290854536650927309e-01
3.792926348470962439e-01
3.706551267165519303e-01
3.705111961157019351e-01
3.833234997969859337e-01
3.019201104246000966e-01
3.883509611263847860e-01
3.927585664834750134e-01
4.420060231354571156e-01
4.061457014735890825e-01
3.502030686796415715e-01
4.272844070818567763e-01
4.518909060416170242e-01
3.391952311481268856e-01
4.062606199190643141e-01
4.300939720293278090e-01
3.813741667503580124e-01
3.966228836179442330e-01
3.291540040905046594e-01
4.175490969415789344e-01
3.895931136490516367e-01
3.641357455509371399e-01
3.982921959680016388e-01
4.470352483068582572e-01
3.871067545662181808e-01
4.250407024132453193e-01
3.929269781848910292e-01
3.864882596824062988e-01
3.868235362238418018e-01
3.996296460110164150e-01
3.200223620300283178e-01
3.911115052849338802e-01
3.968142429239349678e-01
4.211801178518280731e-01
4.062205756781670507e-01
3.436207617878250797e-01
4.141081073684237390e-01
4.560404818823780571e-01
3.454388771400090374e-01
4.183803404206056786e-01
4.219714245299842070e-01
4.130111175976439730e-01
4.261556127380157766e-01
3.419495858831738122e-01
4.130324552894528156e-01
4.568878305853363853e-01
3.790473407919165982e-01
4.170518642827686362e-01
4.951079796732477112e-01
4.080887537156612233e-01
4.412496433569492726e-01
4.121233140256493344e-01
3.542986196882016992e-01
4.510179888804980997e-01
4.341886177537186975e-01
3.410375257908849211e-01
4.051088575667026737e-01
4.080972356540543133e-01
3.998087332664679860e-01
3.823124365755938836e-01
3.308876805348489047e-01
3.957650761637229730e-01
4.637488707433224389e-01
3.457592720123051078e-01
3.983210859706992624e-01
4.944512680743058941e-01
4.187899290619208070e-01
4.494535194508906262e-01
3.792679583813239330e-01
3.254009530113670112e-01
4.857601945008651612e-01
4.256838825499347223e-01
3.231693022059537457e-01
4.081395679421073730e-01
4.675778832267427632e-01
5.174276235869263996e-01
4.746703172372488955e-01
4.461687784703289306e-01
5.088789547762527787e-01
5.388699522373565642e-01
4.502651845202501057e-01
5.391594758850621893e-01
5.351021656494359124e-01
5.742480896719633909e-01
5.895847108886107524e-01
6.172562945002338930e-01
5.715392000936019290e-01
5.615355145425419137e-01
5.439999695531761992e-01
6.216972865479343247e-01
6.725419593193110446e-01
6.076401287391104411e-01
6.291657987308766353e-01
6.581156937460658218e-01
7.142654544494030366e-01
6.363000601375051746e-01
5.630893278902633359e-01
6.184771325105123951e-01
6.738113876271177860e-01
5.725319879087302777e-01
5.712172129849285573e-01
5.481951764396961746e-01
5.957882139029490043e-01
6.591569870700502154e-01
5.623312677849326979e-01
5.189297330399702535e-01
6.013082927412199963e-01
6.784418466456897390e-01
5.568517902962394350e-01
5.228145557934812393e-01
6.129640699294913730e-01
6.837942555631416619e-01
5.873193756086571016e-01
6.106971225204551601e-01
6.470450885955585374e-01
7.019836402195624991e-01
6.407457719552150932e-01
5.812681056060653439e-01
6.238775054119798380e-01
6.624866759553583728e-01
5.760088064929338447e-01
5.902033233652507205e-01
6.259512728956955208e-01
6.367594367966976643e-01
6.061676232845851775e-01
6.174132749182994484e-01
6.376763521677004665e-01
6.350249159849227221e-01
6.451393949042930620e-01
6.008312404476534585e-01
6.272124346219454250e-01
6.020966452752819498e-01
5.667857779934732942e-01
5.420509561084377870e-01
4.899557285395301220e-01
5.266870469837191537e-01
5.861077964230690940e-01
6.919327089284973420e-01
5.920203757551801838e-01
5.455145745436410509e-01
5.774838613277541999e-01
7.161232445185988782e-01
6.611002333329646374e-01
5.353637304233941352e-01
5.334410579246442463e-01
7.067197587904499034e-01
6.693621963669638131e-01
4.944983486815482943e-01
5.182683913516908936e-01
6.742405546058076737e-01
6.501052508976324917e-01
4.966613048891663773e-01
5.124226297820154707e-01
5.497198444345523516e-01
6.303487396392488673e-01
6.177394974829557572e-01
5.619880592543610165e-01
4.979748956576527386e-01
5.476202353952821511e-01
5.030403247416151968e-01
5.016908803541235695e-01
6.667560813125116281e-01
5.762424317286743980e-01
5.402809808468597152e-01
4.658415935424090049e-01
6.386592092626858230e-01
5.641962406078299130e-01
5.585785044401215815e-01
5.255968014497970353e-01
5.670350626380070702e-01
5.896110619897326766e-01
6.248957904102712124e-01
5.135315885173566963e-01
5.463044232540955614e-01
5.980989181964343482e-01
6.455364032677993746e-01
5.416514363622605410e-01
4.935998383622295371e-01
5.421867053136207870e-01
5.103081453790074828e-01
4.980594231073462441e-01
6.182084218877030857e-01
6.720396594100823684e-01
5.381554845662220865e-01
4.210059474604094798e-01
5.453804243477938796e-01
6.666251810904461061e-01
5.963985146958481476e-01
4.833600907681663283e-01
5.439533607310178542e-01
6.040028270883188721e-01
6.584967040798436200e-01
5.293083288194340152e-01
4.866035926622042096e-01
5.491669713131209773e-01
5.184218189698058810e-01
5.122722258044939414e-01
5.122404803963589437e-01
5.929001016289335846e-01
6.764079412883144959e-01
5.970738844051064476e-01
5.326360208498448490e-01
6.377369891018506154e-01
6.975390496884431579e-01
6.373244708545657833e-01
6.189228090103375823e-01
6.102736024616470800e-01
6.731722025869394388e-01
5.868556369729573952e-01
5.502912995913814553e-01
4.952916064771336613e-01
5.540679473758929330e-01
6.057000449943314990e-01
5.725852616751120339e-01
5.120195451433336986e-01
6.168514120694672531e-01
5.422918167525879740e-01
4.857214152365386672e-01
5.974318119653770909e-01
5.886637469463925632e-01
5.640557718882985849e-01
5.505323736482478081e-01
5.517936106169116783e-01
5.418358368375263412e-01
5.959598918830212311e-01
5.696184103670886012e-01
5.132563419589755149e-01
5.751754911006711213e-01
6.088950084811904917e-01
5.375414135246976421e-01
5.358550616800780153e-01
6.406276378736448507e-01
5.341914586061613512e-01
4.705044770797350839e-01
6.084936090248636020e-01
5.857732482051725142e-01
5.506635759226098381e-01
5.159191363595443391e-01
6.177605596677534505e-01
5.735659116825678749e-01
5.178390296374281165e-01
4.384638462043365936e-01
5.666824050746869235e-01
6.614809266721989323e-01
5.873470515061988140e-01
5.221977639057121534e-01
5.223694416701618604e-01
6.261980756988295704e-01
5.840559634014633739e-01
4.812280442719026885e-01
5.644892246589927609e-01
6.332257131736952482e-01
5.713717636483961471e-01
5.100099165798507306e-01
5.590693595449409692e-01
5.739187519548925032e-01
5.924974347785632034e-01
5.436013073315477673e-01
4.948975042285670978e-01
5.715117468387415078e-01
6.299450420564565167e-01
5.250863236375094001e-01
5.162586129883746100e-01
6.383637752302125934e-01
5.706680298286921360e-01
4.511990325886653941e-01
5.919338502429618565e-01
6.206473967391858970e-01
5.745228049812994842e-01
5.215516895022790367e-01
5.387510511028262838e-01
5.743322500556501398e-01
5.884007674740784344e-01
5.421603459352596355e-01
4.860640350166473556e-01
5.589887307928422810e-01
6.309214538957313989e-01
5.502079292381646392e-01
4.720674491651751792e-01
5.450655142280268484e-01
6.194502474859414631e-01
5.759462698456959684e-01
4.999044267858310797e-01
5.431763231876435283e-01
5.449651916562295861e-01
4.279906706895725832e-01
5.300803126656662423e-01
5.115034923464535366e-01
4.599621090640995669e-01
4.892748936840271567e-01
5.160085544407340130e-01
5.283692891580804574e-01
5.877209889035244217e-01
5.950747052553930772e-01
5.951737656859975578e-01
5.508121437864318404e-01
5.053864244559894692e-01
5.605221133920594845e-01
6.334872539642072420e-01
6.489270580742654282e-01
5.327155037250296266e-01
5.691594752637803012e-01
6.046727607672359728e-01
6.452333693665064374e-01
5.599080006492768158e-01
4.645566944303148871e-01
5.079207902764595328e-01
5.192608009780516065e-01
6.675704761422457389e-01
5.213004064410570182e-01
4.857255295673233442e-01
4.850843168378923820e-01
5.895148935272005453e-01
6.137748392415636189e-01
5.385051959999557214e-01
5.679244596108671272e-01
5.386606148425230334e-01
5.451000011716147231e-01
5.662691113991701330e-01
6.370367036027305696e-01
5.757827711003909998e-01
4.682831141299433897e-01
5.019060076813738336e-01
5.318843146504650399e-01
6.822406953605493207e-01
5.368925133109575532e-01
4.680117042811482442e-01
5.517182416196917405e-01
5.395468179189607527e-01
4.956717226340305871e-01
4.887210321912914823e-01
4.863997548295818096e-01
5.616667766136671514e-01
6.390082712571396595e-01
6.065866299559525832e-01
5.935877880490671998e-01
5.966933417632561687e-01
6.793968868075963563e-01
6.314315688906084745e-01
5.989731697283343648e-01
6.089627204011689443e-01
7.150402137978478789e-01
6.521008816386159035e-01
5.733168775383423732e-01
5.626112963329075178e-01
7.262293456596022878e-01
6.451758011164148154e-01
5.365666064528118451e-01
5.865200526112325230e-01
7.221102605289207998e-01
6.949142426479529844e-01
6.482063031825061605e-01
6.412708001183839990e-01
6.672860735532588627e-01
7.032047961534600988e-01
6.540711674224087835e-01
6.275456570065447437e-01
6.357157284972406730e-01
7.118317966470572022e-01
6.888514011776970536e-01
6.787499848805911284e-01
6.832059866606263743e-01
6.310216788574645186e-01
6.146708910397562509e-01
6.655975175862943738e-01
7.452910882068144449e-01
7.455816742827846566e-01
6.652599102204438397e-01
5.937159126756836880e-01
6.065860245323128064e-01
7.345174072265837628e-01
7.144962472466733772e-01
6.909412873002340749e-01
7.126024618293652635e-01
6.594863365801195698e-01
6.582288875442188214e-01
6.450746992438567418e-01
6.937215199548623090e-01
7.789670875138103856e-01
7.246743536836640631e-01
6.455776972943592096e-01
6.400748821549463452e-01
6.729971029468798660e-01
7.374966427312185102e-01
7.034627788553844407e-01
6.832581605378069689e-01
6.870873306598209718e-01
6.456899027301905569e-01
6.345157327766259847e-01
6.726432898368093216e-01
7.510207570835336632e-01
7.652496051431546542e-01
6.888288178770336501e-01
6.267252075809951473e-01
6.068317990648037785e-01
7.086939354682054715e-01
7.063582550684123218e-01
6.937534264251293825e-01
7.286486800606779557e-01
7.017797669519025838e-01
6.527378600523563446e-01
6.308765879730833248e-01
6.665298994471667848e-01
7.749551529546685469e-01
7.476479223699729060e-01
6.786931632556848504e-01
6.749948489160656484e-01
6.392656134466766504e-01
6.940977751123799111e-01
6.815856164364546554e-01
6.981545692126116531e-01
7.678859707940924872e-01
7.330223497384518172e-01
6.449217059216324488e-01
6.331471250965051700e-01
6.697861145187841148e-01
7.545786039714327265e-01
7.232566519782205328e-01
6.869842504704493091e-01
7.033389005203913857e-01
6.746031069015767656e-01
6.374364368115239543e-01
6.532837809237028726e-01
7.113091003609260943e-01
7.777109385984769530e-01
7.289219728974359880e-01
6.461481204686612134e-01
6.264927798082314814e-01
6.782362380924757961e-01
7.063875522504018400e-01
7.007147297599669589e-01
7.188164689499393356e-01
7.286947403175276783e-01
6.783386725389450866e-01
5.933542005826014654e-01
6.183982365033334760e-01
7.329360054634563859e-01
7.626423470922263359e-01
7.158201778259660752e-01
6.833749208560357946e-01
6.572056364328545675e-01
6.653220701107135371e-01
6.327701520349369169e-01
6.695398412365730634e-01
7.480793526303394225e-01
7.769984182129314743e-01
7.128252229862608313e-01
6.417517867240603024e-01
6.254154727433732797e-01
6.880177491264557466e-01
6.928181409709642802e-01
6.984093757984439765e-01
7.362271963447127865e-01
7.587943879689033055e-01
6.940743857823519214e-01
6.162289053052546484e-01
6.275432144977769466e-01
7.247361825927253198e-01
7.471230786003920654e-01
7.132829493264435383e-01
7.142913274176170280e-01
7.192406493707560466e-01
6.774308805165195624e-01
6.344415858435488165e-01
6.491692986490672501e-01
7.492879158846106336e-01
7.793719480021313872e-01
7.194843632332069694e-01
6.898785900284727379e-01
6.700339063461947520e-01
6.783793567481288811e-01
6.591642651490099425e-01
6.709198944716380231e-01
7.511831408086460105e-01
7.861884903140847758e-01
7.240182520974594027e-01
6.620597335257741856e-01
6.286015770646714573e-01
6.884820946803472674e-01
6.863644686562501152e-01
6.956309829645066500e-01
7.388992244004706222e-01
7.746487722083229555e-01
7.250240478676422962e-01
6.298804828634022579e-01
6.153406748750630539e-01
6.925895983510773624e-01
7.223143664212262616e-01
7.145355993943499628e-01
7.182898296529398596e-01
7.423889933592981993e-01
7.048317806383058715e-01
6.132230589465711423e-01
6.236691358230428417e-01
7.137827174668818220e-01
7.659862938998809323e-01
7.286630813922512218e-01
6.952290576316854098e-01
6.904275610921124517e-01
6.733859754718588553e-01
6.434953614858796023e-01
6.535068215569455052e-01
7.326929178055442415e-01
7.845140470527581789e-01
7.272937833082602221e-01
6.666891861423657195e-01
6.280209358727470992e-01
6.708628317478264602e-01
6.918741632274385545e-01
6.866180002033073215e-01
7.322587500123410864e-01
7.668109976941606121e-01
7.082744055642655745e-01
6.343569151187773425e-01
5.980740136434263832e-01
7.005195574058061814e-01
7.412088864676729116e-01
7.172944477689244813e-01
7.188548985565198501e-01
7.324566262546383655e-01
6.983084477634043941e-01
6.224512511640076795e-01
6.256963465121738732e-01
7.204241186658294493e-01
7.743259597427790686e-01
7.382128607195229675e-01
6.994046877828815623e-01
6.960528221605902788e-01
6.897516144157634921e-01
6.440589030313870200e-01
6.556229569469091967e-01
7.254717188688807328e-01
7.881273929671932521e-01
7.471706553853885158e-01
6.818156838542557274e-01
6.587182547741965433e-01
6.768325302480263650e-01
6.807569322297373215e-01
6.802292017934334911e-01
7.260013255883358552e-01
7.840833625880149205e-01
7.539659785584441609e-01
6.733545677344405789e-01
6.271156806127485828e-01
6.709915938013309988e-01
7.001833618634959455e-01
7.033020606876101422e-01
7.196364609572201143e-01
7.618242186294300611e-01
7.534269829026691845e-01
6.514980931226047600e-01
6.028557745488325459e-01
6.691660736619283734e-01
7.208345066451300465e-01
7.323260775394050404e-01
7.086238927241328422e-01
7.222099932845466030e-01
7.239651990522809610e-01
6.136876775786521687e-01
6.126338221673908180e-01
6.834495080399189959e-01
7.582426030740642142e-01
7.541139126198886933e-01
6.882303581284539007e-01
6.626302306384138641e-01
6.673677279038042753e-01
6.523834826056207348e-01
6.680682823618496746e-01
7.074206728771514907e-01
7.597480488309251712e-01
7.162765475592736131e-01
6.338910738885991103e-01
6.133639261933181430e-01
6.865669542839706319e-01
7.541120131591499964e-01
7.172132036258135335e-01
7.011170113326096187e-01
7.201879639513102394e-01
6.712827664171596709e-01
6.580709863255167491e-01
6.495590751879368741e-01
7.204340481057520673e-01
7.889982187104033207e-01
7.165345500618418573e-01
6.656075663217806415e-01
6.634916906169996409e-01
6.526909414981967306e-01
7.086049312173845482e-01
6.839967990203397186e-01
7.255702196302233897e-01
7.808160923521162422e-01
7.034460027183789821e-01
6.506566311796252444e-01
6.363205765490640431e-01
6.896455770456082490e-01
7.502691224685015259e-01
7.097772448426188374e-01
7.147522296000128339e-01
7.491052117042712455e-01
6.915616578597134634e-01
6.474142416426851288e-01
6.382327762004881277e-01
7.134973733062625056e-01
7.784913964646951179e-01
7.266394941289368026e-01
6.937068597070851217e-01
7.077523615126273260e-01
6.806652044118247646e-01
6.663626706225512786e-01
6.601656471096947199e-01
7.213229356291934735e-01
7.920668689503541637e-01
7.357073862083880478e-01
6.763697663226911905e-01
6.782872132743582583e-01
6.681022342487588084e-01
6.980819508023912157e-01
6.784998822458385703e-01
7.186698155985847825e-01
7.903838174786511628e-01
7.393088478996159285e-01
6.732583896065162943e-01
6.524694671083257624e-01
6.567038602737200748e-01
7.221989772715842193e-01
6.969597091996685423e-01
7.206316433577527603e-01
7.791184991433131035e-01
7.524347602515316646e-01
6.822850624961461774e-01
6.276931119671818049e-01
6.614935873880248840e-01
7.223437936099114109e-01
7.173447336776037631e-01
7.205460892723848376e-01
7.575043242321609638e-01
7.651821449445705969e-01
6.853046702966754111e-01
6.193433673836538089e-01
6.602595654629296318e-01
7.172981774046848225e-01
7.364004490587473528e-01
7.150327052290106344e-01
7.323713351872341848e-01
7.546481425338087412e-01
6.837975234936904956e-01
6.209753886843257797e-01
6.515380184330850089e-01
7.272328288151074238e-01
7.592641287492928326e-01
7.195160885998388434e-01
7.082023593139539219e-01
7.225417867430212748e-01
6.775315296695855194e-01
6.239451645530543766e-01
6.565095236521834021e-01
7.304611115279830980e-01
7.793061506571554720e-01
7.241525074595004385e-01
6.744367212493429520e-01
6.807264596922681932e-01
6.618957845587000177e-01
6.551733546255665841e-01
6.794517466094642799e-01
7.313701095236423422e-01
7.845742955336351132e-01
7.157339258115439362e-01
6.311862589089263231e-01
6.460248158337343893e-01
6.659965084894301501e-01
7.085445096239770812e-01
7.018645316628301378e-01
7.172208808368241151e-01
7.487605476294288964e-01
6.729461734426971375e-01
5.876099481564327487e-01
6.344527213536245158e-01
7.145191325792389359e-01
7.553455841049001585e-01
7.067541306409127477e-01
6.723691875947963581e-01
6.611101160958406942e-01
6.545591737975391400e-01
6.551724107944751907e-01
6.828420314807572833e-01
7.511399368782099017e-01
7.448616167201957960e-01
6.609292002671321997e-01
6.231558517605275682e-01
6.445270016773237964e-01
7.482691916976852431e-01
7.312053012084258619e-01
6.961846638909652274e-01
7.204608105475581725e-01
6.933670171345290845e-01
6.546555941678608992e-01
6.502980758228954494e-01
6.830591369008023328e-01
7.809549593835768411e-01
7.493182214520037743e-01
6.693921555655264477e-01
6.686821374548834740e-01
6.439145745070411486e-01
7.022114042702377601e-01
6.924349607408244456e-01
6.995548802919033804e-01
7.630498932396794221e-01
7.260612229933769424e-01
6.335653497339478468e-01
6.338210874884468993e-01
6.724472285285507667e-01
7.571556131022364466e-01
7.241518645828374234e-01
6.792758554736796350e-01
6.895258048329148126e-01
6.606693542330985824e-01
6.429931858013281376e-01
6.667191038057307395e-01
7.233025393869702002e-01
7.751790167977183899e-01
7.168167054631517932e-01
6.287756394310337615e-01
6.065760871714627189e-01
6.918621012904334622e-01
7.204537134709473323e-01
6.939931481980653460e-01
7.005858079784911263e-01
6.778865444712508515e-01
6.540851576206553331e-01
6.600224386023263445e-01
6.746682448271733579e-01
7.575501163885921541e-01
7.403586241893884701e-01
6.307412322358647572e-01
6.275065496075221683e-01
6.550544669742315307e-01
7.446229100925079170e-01
7.244182097530207365e-01
6.689902313365611031e-01
6.684379248493135250e-01
6.439994402780613303e-01
6.359923822323199083e-01
6.696326202998689192e-01
7.183850217093136203e-01
7.308972744393130716e-01
6.514396782039308942e-01
6.189572959312201750e-01
6.636979501367902268e-01
7.422098220713772010e-01
6.997938026298210490e-01
5.784054426455277342e-01
5.506590772924923050e-01
