2.684210526315789491e-01
2.528979736291145919e-01
2.226945518796303869e-01
2.381563095860218804e-01
2.710042031747187941e-01
2.486507072424370968e-01
2.311965010831884548e-01
2.404971107741770697e-01
2.604713492778803485e-01
2.690331863666421963e-01
2.327116870249967828e-01
2.251026101683216429e-01
2.608903376637619065e-01
2.609357388072340855e-01
2.365853732551182198e-01
2.319015081112107413e-01
2.544453785344219510e-01
2.706268337931476142e-01
2.500164297089429999e-01
2.237613903696047402e-01
2.395058590208642424e-01
2.697377650463945176e-01
2.447130969326486438e-01
2.282731962470370135e-01
2.460702305873801732e-01
2.644613401645591888e-01
2.672200368528663827e-01
2.327795981412311976e-01
2.266089849303261072e-01
2.618955883726412637e-01
2.582284391853376104e-01
2.319315400880052613e-01
2.333687777921885920e-01
2.596401517090888289e-01
2.707790909860149364e-01
2.471222046780166826e-01
2.258144669865631282e-01
2.422968025668864878e-01
2.686382069412469042e-01
2.419491411790432034e-01
2.259233190917059875e-01
2.515000369596054886e-01
2.676669720057071600e-01
2.626419800955827055e-01
2.329830217306422535e-01
2.290235432516228020e-01
2.638998231445734977e-01
2.558810971717553895e-01
2.282963779846652608e-01
2.350490340401609757e-01
2.640554015911162899e-01
2.696843394061093635e-01
2.435245543933209633e-01
2.287274366654880597e-01
2.451830397820014551e-01
2.691499080356321016e-01
2.397349535848216362e-01
2.239128915875155668e-01
2.548734601367234065e-01
2.686803748019339633e-01
2.566048498735193917e-01
2.325545531640908214e-01
2.325879956893514566e-01
2.650503634032871925e-01
2.549568926287555937e-01
2.255140576797802499e-01
2.368513346206721215e-01
2.658596073033520080e-01
2.662731936230584018e-01
2.397011526219408883e-01
2.317240192833125434e-01
2.491737437644324094e-01
2.685595619311904603e-01
2.386339612999698323e-01
2.221811752216906743e-01
2.572854033105613780e-01
2.668960466656696839e-01
2.496789759580845813e-01
2.326784179833777111e-01
2.373865094672907017e-01
2.672609898550618590e-01
2.541700278920435707e-01
2.240625115091648134e-01
2.379531799155270300e-01
2.666712740310271390e-01
2.605497544303097546e-01
2.351824955505517345e-01
2.351943822226105762e-01
2.544651550105100357e-01
2.672589603987519102e-01
2.379606188702414749e-01
2.213052167525992597e-01
2.581061699997020398e-01
2.648385361341359934e-01
2.427169383081702325e-01
2.329839603291289918e-01
2.427774287843154355e-01
2.706172217922736545e-01
2.531411951744211852e-01
2.236611582183245794e-01
2.384382652730067109e-01
2.662122319823241878e-01
2.548471649246064064e-01
2.307254851858350775e-01
2.387255563622057153e-01
2.596241508319782065e-01
2.662828656008712769e-01
2.371938121133318755e-01
2.216736400356362768e-01
2.575430757032479145e-01
2.628759177441276074e-01
2.364780531890797732e-01
2.334392250842108052e-01
2.486629273075038338e-01
2.724071148627506544e-01
2.525001361348775397e-01
2.239257940568644412e-01
2.397315613275539103e-01
2.644871169419304446e-01
2.501927362065650140e-01
2.271003060080400981e-01
2.424270995374547266e-01
2.648466777475360079e-01
2.637149651375456094e-01
2.373402643817580371e-01
2.232863473120188236e-01
2.582979863495797335e-01
2.608458789761339824e-01
2.316808111435009754e-01
2.342017195782512273e-01
2.547509233779073901e-01
2.726482601292937180e-01
2.499487077694419190e-01
2.248922101312416655e-01
2.412004571631775618e-01
2.641600480217604074e-01
2.463008389474959092e-01
2.246493606588270686e-01
2.457229108474751622e-01
2.696673243130887632e-01
2.600679886547214159e-01
2.367609526080326210e-01
2.262279522135338949e-01
2.591835099953725408e-01
2.602474388974767017e-01
2.276918731192770495e-01
2.348003426265281024e-01
2.590907891184208167e-01
2.710024604159025352e-01
2.465244232705020300e-01
2.264215726831651232e-01
2.438184811991690459e-01
2.645195608161054479e-01
2.441840865113318049e-01
2.231794774985492447e-01
2.485905745414487833e-01
2.719628495404372015e-01
2.556617470954793969e-01
2.359261105722704477e-01
2.306239473998308032e-01
2.602626390500840103e-01
2.606388857297368689e-01
2.250580717972587019e-01
2.352840934171814558e-01
2.620264405121232043e-01
2.666992991147206782e-01
2.427600101180067693e-01
2.286484972847756814e-01
2.484430121485224352e-01
2.646968163277144681e-01
2.436053573134582262e-01
2.219160832921840409e-01
2.507354348992008597e-01
2.718171528776181511e-01
2.494824874709902773e-01
2.349634100309735685e-01
2.359464140441755176e-01
2.628951299159554833e-01
2.600620797595878386e-01
2.237544620003013573e-01
2.348181198317403906e-01
2.643940919807403755e-01
2.611685492381114471e-01
2.382924551584644501e-01
2.318368022685645402e-01
2.542671825927611540e-01
2.663679791632119764e-01
2.431548936225693680e-01
2.216524409963976650e-01
2.510076359410092217e-01
2.709457215709344946e-01
2.428021970269389762e-01
2.335826689763332020e-01
2.421307836979977868e-01
2.659623176174945591e-01
2.603074045108718648e-01
2.236808473374214679e-01
2.347724957744029561e-01
2.649962740118317894e-01
2.564268468888713515e-01
2.338398957288482238e-01
2.353917086802786440e-01
2.604622532814851454e-01
2.672351198296242791e-01
2.423388959764732065e-01
2.225015510150376574e-01
2.510788935254421039e-01
2.685065850571042301e-01
2.372227248018340118e-01
2.322563819299923726e-01
2.485626151935070305e-01
2.677865480259147279e-01
2.593251574229022971e-01
2.241122195648525828e-01
2.356384893581102702e-01
2.654864496210483926e-01
2.520044524737868885e-01
2.299688190853149405e-01
2.388146845598016765e-01
2.663367734485055371e-01
2.656014859165660713e-01
2.405995834534037370e-01
2.241838577322095571e-01
2.517644944775985216e-01
2.660443077058093353e-01
2.325544149734905253e-01
2.309167121270853940e-01
2.546704286862345179e-01
2.687897131957601160e-01
2.558336253284691497e-01
2.249484352105055318e-01
2.372131054516667392e-01
2.668217685487114799e-01
2.481754742227124944e-01
2.270847878040306578e-01
2.414237977777642929e-01
2.700825890739725343e-01
2.631141747869431557e-01
2.375885390342013237e-01
2.270503857519071134e-01
2.526157979374255014e-01
2.654910777192037719e-01
2.290881303256210588e-01
2.305664865884376469e-01
2.599860197313251242e-01
2.679907192648300907e-01
2.521090426308062460e-01
2.264794043230176079e-01
2.401267874589411710e-01
2.671816143647203212e-01
2.457085380889206805e-01
2.244589302447552448e-01
2.439849627204259408e-01
2.709608531353291938e-01
2.590124356137618600e-01
2.351186889128660806e-01
2.311837935970231517e-01
2.551213850951832840e-01
2.648196189015765145e-01
2.272510705384349627e-01
2.303554852303030531e-01
2.647947546000323782e-01
2.647477207273812305e-01
2.471014553513887768e-01
2.287440753537056393e-01
2.440684871046044924e-01
2.685876939056866530e-01
2.437841103580772051e-01
2.227712112188530713e-01
2.465237887638252190e-01
2.712010791586298986e-01
2.539092351862700658e-01
2.331233569028519914e-01
2.364025928275079735e-01
2.590397569184632043e-01
2.640526821913227185e-01
2.265401364998241851e-01
2.302226008449374250e-01
2.677167663829910782e-01
2.609363997081662889e-01
2.415678788010185707e-01
2.316251820671071660e-01
2.488945135190649138e-01
2.711545331664068081e-01
2.423094022859995922e-01
2.222236148026951741e-01
2.486874073491089354e-01
2.701689724125528880e-01
2.485797186015993310e-01
2.317948358279145749e-01
2.426835544689767421e-01
2.627433276398448148e-01
2.641128349327465097e-01
2.267096553719955554e-01
2.303660988589748826e-01
2.680753092764318612e-01
2.565553896152727442e-01
2.358295337256822444e-01
2.348187909604429469e-01
2.546962206772721560e-01
2.717225376118883595e-01
2.416249875020127225e-01
2.226446214477799668e-01
2.508983071463687931e-01
2.674518389200277180e-01
2.431490097556589514e-01
2.303595351494673871e-01
2.490685568181856824e-01
2.667045841628061242e-01
2.613481613697650752e-01
2.274939284483852298e-01
2.308312930644429994e-01
2.688292568323127352e-01
2.521643113377339263e-01
2.310187634578830251e-01
2.386074656158466423e-01
2.603743579885138271e-01
2.716017174071123086e-01
2.404226283862560543e-01
2.243162899105759500e-01
2.523518298269569193e-01
2.659553837751434946e-01
2.383413968299506747e-01
2.290616068293825081e-01
2.546805626914416809e-01
2.698100784319369394e-01
2.572055569839288847e-01
2.284597722434989764e-01
2.325868006200992877e-01
2.686800414942823734e-01
2.495135343286322971e-01
2.270454562896152273e-01
2.423946649078026205e-01
2.643744620365164888e-01
2.699187809785488223e-01
2.390469373619139304e-01
2.267781546520882818e-01
2.539789750711350380e-01
2.647123344293675906e-01
2.346662517110385260e-01
2.281023872513086304e-01
2.590389966364600172e-01
2.698967120917693530e-01
2.522824485516381721e-01
2.298160700055999761e-01
2.356997622487204957e-01
2.683903453077591261e-01
2.482068799105687229e-01
2.239125134996695909e-01
2.458526311814295262e-01
2.669869493795792859e-01
2.652640645056604241e-01
2.373822686082706634e-01
2.297987421911508454e-01
2.570263416756980446e-01
2.626533342268155269e-01
2.322135174944605918e-01
2.278543374889396567e-01
2.624360792592990155e-01
2.687220916902089973e-01
2.466852439368654726e-01
2.317997701745934114e-01
2.398245379482100426e-01
2.701849995152688089e-01
2.473080447624537159e-01
2.218457477603190120e-01
2.478283065591206091e-01
2.682161214951158668e-01
2.589511209036282624e-01
2.348578612087154627e-01
2.338268585714498027e-01
2.601334065549181229e-01
2.624189175402040775e-01
2.310171141610069256e-01
2.279081531781672609e-01
2.635400138304604956e-01
2.661802987233322648e-01
2.410715731627686709e-01
2.343061201451818731e-01
2.454302148132957717e-01
2.716067011493609185e-01
2.479508601958939906e-01
2.208420004672467241e-01
2.489172551129197608e-01
2.669997369228234163e-01
2.523982624246079998e-01
2.327738444740826973e-01
2.393895849407389198e-01
2.645453739135167903e-01
2.624293825844353223e-01
2.318686903264694232e-01
2.280261600506391095e-01
2.640775691010329163e-01
2.622318592070799759e-01
2.354604410948643034e-01
2.373536271997147840e-01
2.526329763289595354e-01
2.723765614178981220e-01
2.484389546560311079e-01
2.214363762629846522e-01
2.493121907746410626e-01
2.656396229443411250e-01
2.461841714261890912e-01
2.305810223432578632e-01
2.453727725068831911e-01
2.699906943956666416e-01
2.607862698908072763e-01
2.334037689212567490e-01
2.287624728953410180e-01
2.643309189298793105e-01
2.590969889229222112e-01
2.299262551436492830e-01
2.392253679734176741e-01
2.590713447134430081e-01
2.720264611015686396e-01
2.469795468932082516e-01
2.232865717918437187e-01
2.490791644769017599e-01
2.653938210213078741e-01
2.415302777614400931e-01
2.287179232450133881e-01
2.502600317924157380e-01
2.735735050878543295e-01
2.582234506942397978e-01
2.339932120952927519e-01
2.312609493891581713e-01
2.634831821870324275e-01
2.580731869236597142e-01
2.255670715995184150e-01
2.405770310469581008e-01
2.635761574794977524e-01
2.691073913157657760e-01
2.449108343069572591e-01
2.260966107731442465e-01
2.506980101607437228e-01
2.649609204914621374e-01
2.392817580771369190e-01
2.269977706690556318e-01
2.540384980519269087e-01
2.740287308715672054e-01
2.532763021187297570e-01
2.342878589511815379e-01
2.351846417983160242e-01
2.637047201120706341e-01
2.572405971080580778e-01
2.227291397342347212e-01
2.408542389586920129e-01
2.665949271663969888e-01
2.634225697116949205e-01
2.414105057677427002e-01
2.292607918512820642e-01
2.543355244878389154e-01
2.652836532077291753e-01
2.385950128881863530e-01
2.253121095263814766e-01
2.559435979376803449e-01
2.723756534536051488e-01
2.464133445248076759e-01
2.343033274146385792e-01
2.403525751119660880e-01
2.657949140936815002e-01
2.569604499862149782e-01
2.215604381324264571e-01
2.401896266630434429e-01
2.680472740133371667e-01
2.575705060582350603e-01
2.376371414310552987e-01
2.338633778188118073e-01
2.592332050768644813e-01
2.668961960445094261e-01
2.384812255262357128e-01
2.249066595978647387e-01
2.558301162597979572e-01
2.699382476240272943e-01
2.400114240498235629e-01
2.345297185016942954e-01
2.472539844027757949e-01
2.678170352239699903e-01
2.578815302853354474e-01
2.220617880583346804e-01
2.403302316128522742e-01
2.679353803891173502e-01
2.524049869709897309e-01
2.337173217358895494e-01
2.391447579773210153e-01
2.654175689123013382e-01
2.668521671320203126e-01
2.388861216741090532e-01
2.255574773314388548e-01
2.560330816972615775e-01
2.667159174512014341e-01
2.344108408444821601e-01
2.343168373432452933e-01
2.545697585581003231e-01
2.693210036145255448e-01
2.568374238691288891e-01
2.238767900266397382e-01
2.408044059418222305e-01
2.685190803005781945e-01
2.482335843683160792e-01
2.302249577649859991e-01
2.436821985653841449e-01
2.710899818865038502e-01
2.646573929762270905e-01
2.382371085620577367e-01
2.276527306030782516e-01
2.562675988366573399e-01
2.651307031186230789e-01
2.300350509600427307e-01
2.338186619513948628e-01
2.609599916229181638e-01
2.696796377602295736e-01
2.535252698457808873e-01
2.262128191111119901e-01
2.422528265294022487e-01
2.691100015490036634e-01
2.456506523779062312e-01
2.268968873967001365e-01
2.462119317464757373e-01
2.734843739661496631e-01
2.605180766042861085e-01
2.364505603515559273e-01
2.313296435405964580e-01
2.566370525120098556e-01
2.652626029102143623e-01
2.271252736801676608e-01
2.333922058911186981e-01
2.652702789665996597e-01
2.668940064123469513e-01
2.490602943456055873e-01
2.288807302923007436e-01
2.456706727926343814e-01
2.689679482869429261e-01
2.446768427030923954e-01
2.242860924406444023e-01
2.482762893866794496e-01
2.729132510184223981e-01
2.548381008606012688e-01
2.347888304819653882e-01
2.366519605534975479e-01
2.595839320895083069e-01
2.653283780555564797e-01
2.263849867098871871e-01
2.326206209718463813e-01
2.688194180950419510e-01
2.620820301377456696e-01
2.434010213057924421e-01
2.323303611386297596e-01
2.509939292966130719e-01
2.707425188242333913e-01
2.441720642646108552e-01
2.232202369739226533e-01
2.494011249014565501e-01
2.721888898415642521e-01
2.483075039686917784e-01
2.331864596206782436e-01
2.432693826993669040e-01
2.636587246694219178e-01
2.652900470945721012e-01
2.270255982720407462e-01
2.319802462589088676e-01
2.695759764631409650e-01
2.574795731328600179e-01
2.373709151753390367e-01
2.356483582041479785e-01
2.572052227700551419e-01
2.724576183173200716e-01
2.434422735359728085e-01
2.236708731879580025e-01
2.498091087654908116e-01
2.704686521233786167e-01
2.422766893786209852e-01
2.315326160497770402e-01
2.504017479052692008e-01
2.670795049888017303e-01
2.643888167776772269e-01
2.282789579829369864e-01
2.321768207197207334e-01
2.686178338462613113e-01
2.538120626137022606e-01
2.317827970682372618e-01
2.385771479381778304e-01
2.630401208168010041e-01
2.711589821085726992e-01
2.423347610988128287e-01
2.255036127469695617e-01
2.508108100698365761e-01
2.681696820161905692e-01
2.378063249172284177e-01
2.294800693606753039e-01
2.567562723374425815e-01
2.692281593095633418e-01
2.598532117717846646e-01
2.297334579694178536e-01
2.333619836957135929e-01
2.688965110475314835e-01
2.508838076129631944e-01
2.274060267752912867e-01
2.410063069491767684e-01
2.674952322888076717e-01
2.685574883755993403e-01
2.402053058590252477e-01
2.288894658692422479e-01
2.521796477313252849e-01
2.679656191600581217e-01
2.349779409737090818e-01
2.277016378244988704e-01
2.610436242254713379e-01
2.694561988960697541e-01
2.540527080733915311e-01
2.310077959956781668e-01
2.365297810769016462e-01
2.696717517931627173e-01
2.498978926630164021e-01
2.245530075406926007e-01
2.434981196286163663e-01
2.694776163489410736e-01
2.644454794783447360e-01
2.380062539356248563e-01
2.334666263641142769e-01
2.549091916616368914e-01
2.683717786832926500e-01
2.337782369161040819e-01
2.263985724209057748e-01
2.635937165125881165e-01
2.667248375591008691e-01
2.475212495923810319e-01
2.326789145596755704e-01
2.417131242560687510e-01
2.708087066015570366e-01
2.501762681693437962e-01
2.231166530056668540e-01
2.450887378621425527e-01
2.693494518845215291e-01
2.578309372602635707e-01
2.347361120627852182e-01
2.384074302983353599e-01
2.595498076061622528e-01
2.671325172792263225e-01
2.338982885727618755e-01
2.252227390371775995e-01
2.647917225190076773e-01
2.628164288852598562e-01
2.406764825367342653e-01
2.347835523618643505e-01
2.480641568693620624e-01
2.734945897592869213e-01
2.497633384341605978e-01
2.233007970109265050e-01
2.450330197067308036e-01
2.688035408774281376e-01
2.510326334530633141e-01
2.308693358523165040e-01
2.439765750354985496e-01
2.646694647785721721e-01
2.659375784423271827e-01
2.345419256759845028e-01
2.252572566209129767e-01
2.635722050886840084e-01
2.601280191282085985e-01
2.343241349391723682e-01
2.363887532990626705e-01
2.546037668334125703e-01
2.748641670012100247e-01
2.491861224524254403e-01
2.246363904082925855e-01
2.451930364904659210e-01
2.671586583268914517e-01
2.462781021828520378e-01
2.274503765368542929e-01
2.486733085978686253e-01
2.685017257537568036e-01
2.628910821704116274e-01
2.351390555416391637e-01
2.270211562360245072e-01
2.631155251054060340e-01
2.584457657784153262e-01
2.296496870693289505e-01
2.378518978683143992e-01
2.604021779201707298e-01
2.734282138560790165e-01
2.472518249361745080e-01
2.269886661164308705e-01
2.465984463170330654e-01
2.659389708038182865e-01
2.434241111595541740e-01
2.250526424660783398e-01
2.526944533433189699e-01
2.713280160873939306e-01
2.579565769256087493e-01
2.359242070621221099e-01
2.304073692137613705e-01
2.647318728042711844e-01
2.580239138240166263e-01
2.267238841239038183e-01
2.384884158054142722e-01
2.645770556264445128e-01
2.698624023110603454e-01
2.432988346828053872e-01
2.301999698068834255e-01
2.492128552100467964e-01
2.667201400260222344e-01
2.423240605952420024e-01
2.231507561366781744e-01
2.545339392987221450e-01
2.718744042660874993e-01
2.519338566367916310e-01
2.360142579998708023e-01
2.356217160579056336e-01
2.664037012895200118e-01
2.592251489577873658e-01
2.252096722930025385e-01
2.382899902008737691e-01
2.652052249649407556e-01
2.643379814827871432e-01
2.382544656161681151e-01
2.341293440864423980e-01
2.541090696704277896e-01
2.673403006952759231e-01
2.432423672866665942e-01
2.217493002258097978e-01
2.550080480748753708e-01
2.696243256844573777e-01
2.449130837155027440e-01
2.356141019724284358e-01
2.425334162762462498e-01
2.692482653701093742e-01
2.596407287577101597e-01
2.254304230100626361e-01
2.371535940878019832e-01
2.647415814255013045e-01
2.583279588180623643e-01
2.328782844002040830e-01
2.379274919078102346e-01
2.609283797083350454e-01
2.669955168303864701e-01
2.441258655421598978e-01
2.219281228623958269e-01
2.546923606293257092e-01
2.673403202703343862e-01
2.384700146354092609e-01
2.343165696989350233e-01
2.492850027444625249e-01
2.726139887046771237e-01
2.579666950968096950e-01
2.267996483891877302e-01
2.366200603421254045e-01
2.647624514340600199e-01
2.539992481007853353e-01
2.286949700990885959e-01
2.410101788472308326e-01
2.671904923830097367e-01
2.662303917240809170e-01
2.433191565435142700e-01
2.242245497022939127e-01
2.542176047304680608e-01
2.671173338871494218e-01
2.337328794142908284e-01
2.333256294311264190e-01
2.546269113604460177e-01
2.733925979299806075e-01
2.554059244603955614e-01
2.279614750393065825e-01
2.385866204897772458e-01
2.644507442932700902e-01
2.525731658726939610e-01
2.252998096935918404e-01
2.438274035613390012e-01
2.714911918381812117e-01
2.628351132186227956e-01
2.420440040149363925e-01
2.279924319125695986e-01
2.551833417541566340e-01
2.666719167035442872e-01
2.309857776197811186e-01
2.318620868251559941e-01
2.588584894088717392e-01
2.710171054027141202e-01
2.507218996120263999e-01
2.295405328604898654e-01
2.425808466715407563e-01
2.653860174583765330e-01
2.521706887249129392e-01
2.229370420617867166e-01
2.451869220422247253e-01
2.737891846897991255e-01
2.567489433478937211e-01
2.393235429703140515e-01
2.327515905568731946e-01
2.579349369809056380e-01
2.665949755669140830e-01
2.297207029872231909e-01
2.301002812643845319e-01
2.614921199078573122e-01
2.673530261418501364e-01
2.445378051063051839e-01
2.314670144173924249e-01
2.481230669430139757e-01
2.676247331542386254e-01
2.513326860984325117e-01
2.218964643043090379e-01
2.447679010666392874e-01
2.735884057886915355e-01
2.499162093449199262e-01
2.355556793711261199e-01
2.381553931509210187e-01
2.614413257752110087e-01
2.674744790085902268e-01
2.293168883386750290e-01
2.291824378506679138e-01
2.619754204681541410e-01
2.633959770429998848e-01
2.383891913117878736e-01
2.333530009590661369e-01
2.549447267248037274e-01
2.686496891840320922e-01
2.509047395556334159e-01
2.220453413709615187e-01
2.443899996857632206e-01
2.713208548343230553e-01
2.441179266786578095e-01
2.320605618685740446e-01
2.437172046564382577e-01
2.651784728100460842e-01
2.661704151490597026e-01
2.293996116472221125e-01
2.295234294291338684e-01
2.632015698330231190e-01
2.592350652747455464e-01
2.335593955325147020e-01
2.352063404547112546e-01
2.615825086501899488e-01
2.689152713765358693e-01
2.484282075907609522e-01
2.235501376678897256e-01
2.448406339164602985e-01
2.703151804437402550e-01
2.393933451945221558e-01
2.295205712327435810e-01
2.495159710332716940e-01
2.684725774374995266e-01
2.634828334271764883e-01
2.297305073097218320e-01
2.314712105916046647e-01
2.647275024307348401e-01
2.564522341370548686e-01
2.295771176275488712e-01
2.366041618697801163e-01
2.664685066028471550e-01
2.683037412711632430e-01
2.449777823651387298e-01
2.263560984937721121e-01
2.461418424491399193e-01
2.705659099526576128e-01
2.363713977447972625e-01
2.277960078371629726e-01
2.550862128110993332e-01
2.695989617339306088e-01
2.597543932519669196e-01
2.306200729069735889e-01
2.347705401509169731e-01
2.653432507625652637e-01
2.551556644368857540e-01
2.262787584824758058e-01
2.381278912075008858e-01
2.693456127480694517e-01
2.648735997980835033e-01
2.412331897964126448e-01
2.298471039181570197e-01
2.492871677268977681e-01
2.698046522411771120e-01
2.348848600224537064e-01
2.261475591438509569e-01
2.598329299287454597e-01
2.680260921021754283e-01
2.535821919196991625e-01
2.314499304273911484e-01
2.389445575900070451e-01
2.675890053792396861e-01
2.533881659703372535e-01
2.241963834861008809e-01
2.390004371188445276e-01
2.711615238356083757e-01
2.596857799693984559e-01
2.371354257871439164e-01
2.344060914197094725e-01
2.533545966364771918e-01
2.701873154494345841e-01
2.342561227475938868e-01
2.247948874518480855e-01
2.616213324507520865e-01
2.655031229688227246e-01
2.463184260161263850e-01
2.319271411489043921e-01
2.442319709191199950e-01
2.699354626964473591e-01
2.519342627908740528e-01
2.233070593153725081e-01
2.396759699553611955e-01
2.702629783514758910e-01
2.541292005694145151e-01
2.331083381308359792e-01
2.394562007702110418e-01
2.579606502210720631e-01
2.700365376616751245e-01
2.340964719275381856e-01
2.240803279289372840e-01
2.619166774533658315e-01
2.618490602366583819e-01
2.395034694445951906e-01
2.325493651205807200e-01
2.499326884571436702e-01
2.713749309914286201e-01
2.505277148797868114e-01
2.236601191401525746e-01
2.408211113131322190e-01
2.683367657395684946e-01
2.490314324885375130e-01
2.293815153986278055e-01
2.444266053619908174e-01
2.632082153323955231e-01
2.670999005504030022e-01
2.342925239063239351e-01
2.244975510015758680e-01
2.626373275464388146e-01
2.584264750913599640e-01
2.338438712944832520e-01
2.338317205749685102e-01
2.556089475883595585e-01
2.730334615026814848e-01
2.481156264050783100e-01
2.252951009273447269e-01
2.422025656402843341e-01
2.681386079476310025e-01
2.448908962144121793e-01
2.262766622054462051e-01
2.488830972780899931e-01
2.674702975608934663e-01
2.635725854532137702e-01
2.342639853725250743e-01
2.266854580063060176e-01
2.626373402699702098e-01
2.573078855990041935e-01
2.295718773388148171e-01
2.358615803353838747e-01
2.606069840310555885e-01
2.730323519641828511e-01
2.460847263508473826e-01
2.277685178809460698e-01
2.449024094027142662e-01
2.675917634104725273e-01
2.426970361939300436e-01
2.243019693689081440e-01
2.530289728876903843e-01
2.693146642480332975e-01
2.585530640401717539e-01
2.345093332156558685e-01
2.302968756263781003e-01
2.640713018345589025e-01
2.568826704025113372e-01
2.267576619374932489e-01
2.375528420022443021e-01
2.643453047848807747e-01
2.694145617600477438e-01
2.425612858872065181e-01
2.304842280355250961e-01
2.486355585977112204e-01
2.668432757024431501e-01
2.414793723997634423e-01
2.224575259245392955e-01
2.555426764633520476e-01
2.694906746142465281e-01
2.518942304111400077e-01
2.347947277396326415e-01
2.350609493597623223e-01
2.669331756634030217e-01
2.566193578245226647e-01
2.251486628758187225e-01
2.376719589774764774e-01
2.659582583718088089e-01
2.638651662405150922e-01
2.375547093345011518e-01
2.339633251396829039e-01
2.531115544653144700e-01
2.674122650704365278e-01
2.409668896709951658e-01
2.213924483241446195e-01
2.556236015950026363e-01
2.683775204252251134e-01
2.450726498439601275e-01
2.346001541004358870e-01
2.411052932028044105e-01
2.695040233638398841e-01
2.572872379957525379e-01
2.245959708216567208e-01
2.378979011195138660e-01
2.649231765985751164e-01
2.582660257079573696e-01
2.325431048309107296e-01
2.375041205730445415e-01
2.588864196912715743e-01
