4.368421052631579204e-01
4.096281843949509671e-01
3.157079677314391097e-01
4.044362074912177807e-01
4.866816605933130813e-01
3.699834013639713981e-01
4.090436725419001052e-01
4.621839356160138967e-01
4.593164622715596446e-01
3.917812603732559462e-01
4.263189861432110095e-01
4.199774514656008928e-01
3.601972887720134575e-01
4.942723495162157366e-01
4.828119946303913723e-01
4.085671260637086522e-01
5.263039637836939288e-01
5.458641567923013804e-01
4.335439096743138321e-01
4.845896283942244254e-01
4.940836437244734980e-01
5.249840471018711874e-01
4.155829846050471121e-01
5.255431713191469623e-01
4.680340416746909260e-01
4.801161003271806615e-01
4.719468776780722519e-01
4.549208121174688202e-01
5.167762743536179482e-01
5.155856193014760613e-01
5.018001402815873702e-01
4.462322879168235668e-01
5.509501153158263831e-01
6.118605498115220476e-01
6.128698776666970938e-01
5.685233341411604080e-01
5.212624123080823457e-01
4.982621981458945082e-01
4.602803136652021676e-01
5.360561862599709793e-01
5.208703198038524551e-01
4.544484520834395913e-01
4.590714272443744415e-01
4.299062327197210598e-01
4.664582558477100016e-01
4.624685819297663647e-01
4.392122926529363758e-01
3.832579802023006743e-01
4.814322360388296196e-01
4.982249569133773703e-01
4.382175185664257677e-01
4.543516892895468340e-01
4.847830190237796266e-01
5.097831891665539628e-01
5.088722987077134441e-01
4.360517933237035293e-01
5.345802401514055946e-01
5.387363641160041183e-01
4.788247392635943678e-01
5.568164745467852894e-01
6.616051725744994672e-01
5.749544488342085424e-01
5.262102193385893578e-01
4.555751511646836671e-01
5.276564686963863826e-01
5.478663269832939609e-01
5.236819876731659829e-01
5.978892710156327173e-01
6.301926682301288718e-01
5.315772162493069830e-01
4.832707965426402130e-01
5.266721521648471960e-01
5.941988680778783616e-01
6.951660357293085735e-01
5.977306147998876495e-01
5.663584102257206432e-01
6.204807247722726737e-01
7.204920745331716558e-01
6.376606494510370648e-01
5.556316740207526417e-01
5.866642629585018254e-01
7.356060095625150952e-01
6.883489458628833102e-01
5.536631911770477643e-01
5.451597185459372552e-01
7.054721949606682641e-01
6.985587819032468282e-01
5.841301380734627013e-01
5.765983442260780301e-01
6.633001520012266061e-01
6.278384741415452552e-01
5.239311542567824942e-01
5.707795866773103244e-01
6.409161490994842447e-01
6.592141927303053484e-01
5.631816615441257445e-01
4.509322725262913667e-01
5.214228873391272279e-01
5.663084973010092948e-01
6.068882203302488065e-01
5.691643567500175305e-01
5.463515191053454068e-01
5.375759979879242145e-01
5.127041109808894159e-01
5.772753572787724385e-01
6.020472431496459720e-01
5.617157182764804801e-01
5.492198168758988253e-01
5.306218325630749355e-01
5.538243017160526804e-01
6.203063328120593800e-01
5.874873072504215310e-01
4.734148188030593563e-01
5.679106095105520557e-01
6.366160403073753971e-01
5.368844237506722461e-01
5.175297626749204571e-01
5.788547774118197875e-01
6.729007703836634713e-01
5.814906056705050341e-01
5.001502751574022909e-01
5.017060636794977713e-01
6.744427924621657633e-01
6.229766396736137191e-01
4.786151148783702181e-01
5.007773654949178033e-01
5.851331436595350599e-01
6.680554732111537719e-01
5.400121342277308667e-01
5.449747310508227249e-01
5.282323196129229403e-01
5.821022259649903940e-01
6.353629884591354138e-01
5.843181125021751354e-01
5.178227101807603150e-01
5.408809826398882636e-01
5.133994477337393558e-01
5.589063387683964601e-01
6.335173416153895287e-01
5.475789663011088049e-01
5.282903143188825146e-01
4.979253121647945202e-01
5.406645904730217334e-01
6.808319421739893462e-01
6.417876144783148940e-01
5.720323784919764121e-01
5.649173321038954976e-01
7.079355154472564138e-01
6.662000592751552430e-01
5.720677068791284459e-01
6.204373917348811052e-01
7.195040056664333550e-01
6.881752421225445504e-01
5.584939871406588985e-01
5.661598649168945174e-01
6.911025240664798730e-01
7.327056032998809920e-01
6.279158620769783594e-01
5.815235697171973195e-01
6.698731656434779858e-01
7.331513736567609740e-01
6.462561840198295382e-01
6.108348590083797491e-01
6.385828703430608266e-01
7.373002604128499060e-01
7.184866904966763501e-01
6.004401504570686665e-01
5.480409364556712015e-01
6.730018625303273438e-01
7.204938498227198007e-01
6.828290158001747434e-01
6.739727427236430479e-01
6.522697709515457021e-01
6.627472782114327554e-01
6.854265566274571064e-01
6.875945797336425747e-01
7.380279315230665604e-01
7.287575904659674420e-01
6.135157336252125004e-01
5.977019551918095752e-01
6.739432772301457986e-01
7.502060189113530786e-01
7.109076127767969266e-01
6.469269430856582348e-01
5.972301283306546971e-01
6.462369845385207423e-01
7.087952588599590875e-01
6.514153160967750544e-01
6.276070384489075282e-01
6.228810411765082211e-01
6.416927167961302692e-01
6.576920275557591733e-01
6.744295264363658893e-01
6.567718401049247312e-01
6.150488300368871508e-01
6.795344552425539586e-01
6.683387230477183527e-01
6.609299031012068060e-01
6.163409701211265412e-01
6.538613927096602607e-01
6.448073720535356657e-01
6.620871925865980945e-01
6.247003243203776979e-01
6.258144985992322162e-01
6.356232599283629936e-01
6.603596168044868486e-01
6.448245419937396194e-01
6.141543206927269072e-01
6.445521238506454198e-01
6.892829750621675133e-01
7.175797354274666695e-01
6.173507931978470253e-01
6.400813159510195804e-01
6.621297801351342383e-01
6.988834860350334743e-01
6.486063603363284580e-01
6.241671350229818227e-01
6.288552676687614307e-01
6.984224761761566036e-01
7.148171942837793225e-01
5.530650755730776025e-01
5.971863637629755139e-01
6.834742168489841285e-01
7.543930631226807293e-01
7.004514038871751946e-01
6.204069529811797601e-01
6.262133726123797484e-01
7.156173410947850311e-01
7.528791602208784184e-01
6.893221044205817272e-01
6.610952262657602274e-01
6.674399597142609553e-01
6.432582103079245162e-01
6.661640567306584826e-01
6.913253315792194931e-01
7.430539750214424366e-01
7.356885059994789922e-01
6.294403509890372783e-01
5.590121471253121088e-01
6.565962683617756479e-01
7.467308963520637999e-01
7.120426396211685383e-01
6.716835149575294261e-01
6.485228429577568621e-01
6.280624955929027253e-01
7.007663103560345386e-01
6.761163180897311609e-01
7.093090077645116676e-01
7.439033709089876156e-01
6.292823348769072123e-01
6.156321773021710131e-01
6.489481434137872595e-01
7.325630218226600876e-01
7.504986745019478489e-01
6.580639608555273190e-01
5.986655883879873352e-01
6.108163009625949824e-01
7.017019292915182005e-01
6.747570934864860481e-01
6.425930619736716087e-01
6.369802971423104143e-01
6.521652826223927057e-01
6.899060319117700235e-01
6.807803561130010284e-01
6.866584878242895096e-01
6.279862085943587191e-01
6.667549225462022777e-01
6.548149349672744979e-01
6.811390580758389657e-01
7.043773872989244067e-01
5.564083108446050696e-01
5.975100351334035054e-01
6.677759246077098476e-01
7.253446056016080723e-01
5.997732439332864596e-01
6.026673010459253632e-01
6.450783828791797347e-01
7.082568080662747789e-01
6.719459548386106373e-01
6.082342746988687043e-01
6.233483373308282838e-01
6.706544372845524293e-01
6.128827329967312387e-01
5.858986799303187443e-01
6.077925844163718505e-01
6.421477456261307504e-01
5.981315942154085130e-01
6.204463752228356332e-01
6.254237522378994774e-01
6.619155744540132780e-01
7.053392638103249679e-01
5.449163009881752284e-01
5.980818478002740690e-01
6.513287350846479473e-01
6.925876057997260027e-01
5.597241229394246398e-01
6.431913633955541609e-01
6.572280316884842044e-01
6.685469000302933784e-01
5.979756139995272557e-01
6.608878496134490410e-01
6.623082185065928273e-01
6.790596955341526852e-01
6.502393757993923940e-01
6.403113821205594913e-01
6.461358604526226124e-01
6.600697360085323595e-01
6.670815137662727823e-01
6.255821878174420148e-01
6.263990103921606156e-01
6.761749653998812004e-01
7.502209495499260195e-01
7.072855509020028464e-01
6.345536565099120230e-01
6.087804257456729262e-01
6.615962533523667144e-01
7.655347295785565054e-01
7.048587055225398190e-01
6.441544805519276995e-01
6.540393220630467130e-01
6.492330722114080244e-01
7.000907676893093345e-01
6.874467282874291429e-01
6.927433383967577241e-01
6.682726674241710185e-01
6.352278113542092486e-01
6.374913338923786643e-01
6.771898686539211676e-01
7.299906558392870171e-01
6.405055517834733481e-01
5.596469840196051093e-01
6.162654754968464044e-01
7.186882126119363834e-01
6.688386289072167923e-01
5.716904282017634120e-01
6.176413508549644105e-01
6.926955054885355345e-01
5.991210860851946540e-01
6.077774921239803563e-01
6.429232704554808109e-01
6.566115915925868629e-01
5.682865191465360510e-01
6.697819137016429725e-01
6.641671939586745177e-01
6.443449408172254866e-01
5.950300266904752222e-01
6.511331507012120268e-01
6.535158145977759681e-01
6.290550804398241658e-01
5.877276773178068403e-01
6.052116085832783821e-01
6.376163472872961036e-01
6.191543886511410300e-01
6.012405911238857259e-01
6.179697653773378319e-01
6.557104027938472912e-01
6.388014553286679442e-01
6.501708232637605223e-01
5.966907457133645565e-01
6.669258108005325925e-01
6.209054375936249315e-01
6.021636907384518844e-01
5.435922062091738116e-01
6.433855504177753426e-01
6.482464229793329924e-01
5.933033158520846229e-01
5.700716565879625497e-01
6.989315180163323538e-01
6.831146766719912167e-01
6.348023841102704568e-01
6.062125242372722322e-01
6.311223689491051170e-01
6.631678320915613822e-01
6.266778698410147008e-01
6.113460745341315894e-01
6.373371750066288977e-01
6.814571833588048966e-01
6.596066641980011802e-01
6.630948489909312960e-01
5.816604479959042173e-01
6.754024935555573705e-01
6.517182130325596123e-01
6.090120826555032174e-01
5.851354576182830058e-01
7.064678271758634276e-01
6.454785256637368684e-01
5.891056397995534377e-01
6.338069572534608120e-01
7.213041262640875750e-01
6.360002492955741937e-01
5.989551470367485697e-01
6.531335813807536139e-01
7.459588255550554381e-01
6.971054484269176843e-01
5.786411992301780938e-01
5.243386484029032291e-01
6.985354662089022781e-01
6.874934692883518661e-01
5.290758242510548159e-01
5.296089252393101354e-01
6.770950278472601669e-01
6.676161100834785422e-01
5.088023834535611023e-01
5.658846601852254299e-01
4.856340095359397147e-01
5.093364540768171578e-01
5.094294450244426509e-01
3.843100404069726417e-01
5.003097078217064730e-01
5.190782832993696694e-01
4.238792131929031148e-01
5.068185835941163564e-01
4.868297227085132128e-01
5.282294824525715082e-01
4.428988440887930422e-01
4.990458897153036144e-01
4.673020550375633353e-01
4.568733602246730086e-01
4.350949438637786715e-01
3.769647578653151365e-01
4.076664624550064286e-01
4.796147730058802350e-01
4.251771736630053922e-01
4.695362063163004973e-01
4.280375051026846789e-01
4.479009238903507995e-01
4.057455353720316737e-01
4.183380773757860993e-01
4.627978720417362246e-01
4.223358685719608707e-01
4.475112107563926633e-01
4.261584857515750002e-01
3.834186417859425933e-01
5.016450309996702828e-01
5.255696556909768002e-01
4.448327203294446530e-01
5.193798667414795123e-01
5.004990452080941843e-01
5.380861722200601660e-01
4.562251578378431760e-01
5.172080884142267188e-01
4.874845535769177229e-01
5.478222388698513745e-01
4.646728311649508392e-01
5.190752947642750526e-01
4.983860361956871654e-01
5.222990804271785414e-01
5.450493077470844883e-01
5.465814155984428657e-01
6.893406382167329705e-01
6.608856991669010972e-01
5.727530122297826987e-01
6.137205294182281889e-01
7.175828661390810659e-01
7.444094738175934811e-01
6.356167721013404881e-01
5.914063660508465103e-01
6.657423322458388970e-01
7.369340861508442142e-01
6.641957956795132567e-01
6.105043505185485664e-01
6.199278947480806323e-01
7.276341229344724937e-01
7.326525782832720157e-01
6.294570289830649923e-01
5.752917658997782624e-01
6.387714850617781659e-01
6.937879266197134465e-01
6.790232855829370084e-01
6.749058018141398385e-01
6.517159214278269719e-01
6.479301557017864699e-01
6.844319956002909988e-01
6.813345098148456680e-01
7.242854044017776882e-01
7.116754731866146155e-01
5.922098238078301602e-01
5.984230041617161211e-01
6.819464218948868561e-01
7.559150199484306887e-01
7.124606126957283569e-01
6.440947824965740365e-01
6.037207492359822902e-01
6.545954479784279467e-01
7.116094582564046478e-01
6.728820943390620979e-01
6.773380248581634122e-01
6.781978804980098863e-01
5.874826322871450346e-01
6.443013324031084954e-01
6.799202988666441794e-01
6.956303995258342754e-01
6.042278987970690629e-01
6.621885143691722542e-01
6.642668584129823861e-01
7.180680132514567493e-01
7.152796943149838382e-01
5.696353136299727726e-01
5.971824747399759881e-01
6.933170563237682771e-01
7.620204874320548605e-01
7.134222281087931883e-01
6.462240386084776578e-01
6.211924725082953458e-01
6.753550618880648226e-01
7.125771037249979400e-01
6.909197178225706670e-01
7.127198253636297665e-01
7.388147937247991903e-01
6.549887795154680781e-01
6.261764637305071712e-01
6.614338847985570258e-01
7.405598713333362282e-01
7.536492517742719999e-01
6.547289413258355895e-01
5.846890359814433946e-01
6.309349153751923067e-01
7.164307771477058662e-01
7.001592651718842042e-01
6.819970624755519184e-01
6.737374083655953694e-01
6.160743657162078835e-01
6.834166105932353297e-01
6.677065043955656698e-01
7.140795393801213642e-01
7.456396343241639135e-01
6.142869278291892554e-01
6.000082319889948890e-01
6.524401944553188670e-01
7.365913318219691197e-01
7.379420858231211522e-01
6.514489657588495852e-01
5.985760167840912249e-01
6.254695564820806908e-01
6.961789477527002834e-01
6.772360734539560889e-01
6.723045830946383639e-01
6.803304660799679437e-01
6.136045133035026300e-01
6.476576924966455096e-01
6.699547521011879336e-01
7.059566326578763373e-01
6.599595942996078213e-01
6.494426727359395857e-01
6.476510980805699758e-01
7.020214585423205644e-01
7.445870093210391616e-01
6.106532734828680198e-01
5.510307547877016932e-01
6.528798917669186297e-01
7.412691612349568970e-01
6.837966362994665204e-01
6.118548273677250071e-01
6.094610181318015352e-01
6.980411173978481321e-01
7.065804304514289313e-01
5.929402112033669292e-01
5.960987565256193887e-01
6.893521635896867616e-01
7.321996027501278537e-01
6.129571079524501753e-01
5.410027969492892108e-01
6.224211368145422529e-01
7.383201394613336799e-01
6.663506752173056213e-01
5.783368833282496180e-01
5.948437398701040824e-01
7.157217672288019861e-01
6.712909395160234771e-01
5.948769894008214543e-01
6.102797295135491407e-01
6.970180830574232989e-01
6.976319225521815381e-01
6.041349491311400755e-01
5.892435709596661741e-01
6.746529133659501243e-01
7.045046875195605240e-01
5.841225810063238599e-01
5.776577688940986999e-01
6.691613665079894080e-01
7.327657579548925160e-01
6.132510244320344972e-01
5.320919633341132382e-01
6.154652735877447212e-01
7.323966663113227193e-01
6.517102624147135259e-01
5.391951273539276057e-01
5.991736285877873325e-01
7.108183894500399447e-01
5.698138715568679125e-01
5.455346960613592922e-01
6.195967644679750697e-01
6.914909201496601820e-01
5.705003975420835927e-01
6.119541505724241937e-01
6.453770268973787472e-01
6.681292962053887452e-01
5.872532786975231955e-01
6.571051807323777805e-01
6.589420037757622861e-01
6.731246786557811834e-01
6.466749739869583902e-01
6.286060378157574124e-01
6.400537498520467716e-01
6.494206786078242644e-01
6.398114365835039230e-01
6.491971301891191759e-01
6.521633909389714656e-01
6.639909625136346527e-01
7.078163014704407230e-01
5.898047086031042996e-01
6.125167820224576287e-01
6.538489273265607471e-01
6.932709250965982672e-01
5.889817363814028317e-01
6.570917292938650567e-01
6.681997313732768173e-01
6.870374042468921916e-01
6.755843278766303639e-01
6.186323645987520381e-01
6.241663588088043335e-01
6.602105359594588885e-01
6.932170690075898367e-01
6.080924591620197051e-01
6.197140239002055795e-01
6.637283684178046927e-01
7.368548060041419934e-01
6.872440012371532347e-01
5.940378462362273515e-01
6.266648844750511982e-01
7.064622204458872456e-01
7.080656494320803906e-01
6.265498310344781441e-01
6.093828189123237093e-01
6.578197352615750004e-01
7.621885445127037917e-01
6.988024332104528780e-01
5.950469320906399684e-01
6.009644783163128334e-01
6.805847262576403267e-01
7.109722003508414101e-01
6.494527507780745168e-01
6.155271868871801111e-01
6.527290310882524205e-01
7.175189218915714040e-01
6.382559718491555012e-01
6.039729843974025458e-01
6.707219268558607395e-01
7.451017635774495051e-01
6.784295080380029486e-01
5.915177059367304757e-01
5.427310644153495733e-01
7.101245840548986443e-01
6.877830461935925399e-01
5.919985780330651037e-01
5.501335948326732117e-01
6.916097242850599569e-01
7.010604325067129050e-01
6.222439711424421205e-01
6.091221059507592184e-01
6.328095121601817752e-01
6.996082855178135107e-01
6.131789603359653062e-01
5.835605388418653172e-01
6.081583218390498313e-01
7.151017090688301936e-01
6.377640694576732772e-01
5.965429869734095725e-01
6.581607901008043049e-01
7.421379130575418426e-01
6.769008971288478227e-01
5.715421686593472606e-01
5.340124310991402057e-01
7.068685695273796421e-01
6.855461793390011938e-01
5.452654647863084403e-01
5.183112233760182042e-01
6.684738265354822628e-01
6.459297363092265654e-01
4.849768193174694986e-01
4.767497136371894872e-01
5.691570993430654646e-01
6.365100271088559580e-01
5.222734809331153194e-01
4.516687239024098632e-01
6.252328378684052224e-01
5.696658339221081224e-01
5.681382141557315135e-01
5.281007889424718105e-01
5.781057126550070979e-01
5.965353690424981536e-01
5.953711619014554479e-01
5.164123991717243234e-01
5.759879266121006314e-01
6.203465577495739236e-01
5.563034577031327199e-01
4.664843866615301926e-01
6.194546125616872123e-01
5.667906472570813925e-01
6.010467306106440644e-01
5.386528105732379945e-01
5.435657344193718377e-01
5.883275003923553736e-01
6.348600444711776092e-01
5.554261292630470193e-01
5.085585773236840357e-01
5.677234235826885689e-01
5.898616635028270938e-01
5.817618962019718287e-01
5.536112037880952519e-01
5.595413031530943604e-01
5.510566720533827123e-01
5.779596423285949802e-01
5.862541405212081669e-01
5.605871444111528712e-01
4.848062796504273297e-01
5.456091614019351610e-01
6.305633562493457855e-01
5.916644999881122136e-01
5.368952149006566144e-01
5.308452645131968017e-01
5.809718123644364018e-01
5.662634509913764269e-01
6.244507818037068336e-01
4.581347905532063280e-01
5.478660444230625259e-01
6.478872177335728288e-01
5.738104180130054743e-01
4.454747065223357283e-01
5.306496135359524136e-01
6.682329366340099552e-01
5.855670969776252122e-01
4.492832599120852866e-01
5.289040212067899205e-01
5.214479540421503856e-01
6.040687015497762102e-01
5.416339019187261794e-01
5.373395764898366567e-01
5.376900665508079769e-01
5.847466393346580915e-01
5.255131832351677135e-01
5.509892576634591865e-01
5.407895888221425640e-01
6.462766562057573605e-01
4.671629025689390535e-01
5.350855706919580568e-01
5.908471310174008284e-01
6.540834342459803663e-01
4.753610068981424797e-01
5.014856152617417351e-01
5.447029787243414800e-01
4.961340963921410663e-01
5.752785854766397922e-01
6.002024855156007366e-01
6.362961219738914043e-01
5.581559415570446214e-01
4.614270564138626685e-01
5.166896703614604069e-01
5.010364222326962880e-01
4.913568856294479037e-01
5.588455314731862744e-01
4.745827690581243541e-01
6.452649902009267580e-01
6.967020548958130499e-01
5.085556745914259213e-01
5.161448353770273778e-01
6.687933085307784520e-01
7.198173618082039926e-01
5.749665284810689947e-01
5.379762359772346514e-01
6.117146119000111959e-01
6.902451899890758025e-01
5.366284966983934090e-01
5.202540069842277459e-01
5.038753420248459625e-01
5.647592671997816449e-01
6.403915023956405772e-01
5.620271721600634818e-01
4.868827774416121246e-01
5.438004798926525662e-01
5.290483054793609918e-01
5.596952939920887271e-01
6.405003280486549766e-01
6.142738469665049994e-01
5.620493643337454159e-01
6.110065858299139618e-01
6.640492563648976443e-01
6.706276826301867944e-01
5.457190511573173364e-01
5.962360545723368599e-01
6.212153585039523751e-01
5.857114376434428005e-01
5.337591610528692465e-01
5.106755821724068278e-01
4.413888932124953590e-01
5.310510388379080515e-01
4.800088586321221151e-01
4.950644349375098452e-01
4.117812760837988306e-01
4.202065745598096980e-01
4.553449797498080320e-01
3.888498097789945818e-01
3.976227092431689480e-01
4.877656208845548846e-01
4.490982580281905334e-01
3.946424283856857507e-01
4.126751665895804222e-01
3.959290399337475064e-01
3.864722069405103211e-01
4.412194824521973868e-01
3.558614156159291553e-01
3.208277442179111039e-01
4.216295804074616238e-01
4.485184168720474096e-01
3.928662138829150940e-01
4.625994987980889261e-01
4.288788613851152731e-01
4.148021100693557450e-01
4.667249566278822148e-01
4.141047829509222344e-01
3.986229483146388475e-01
4.669320540734237523e-01
4.064413724766096636e-01
3.701498553400730529e-01
4.185629873039067861e-01
4.869002060381362740e-01
3.870040008430722378e-01
4.307719909645721379e-01
4.221131837564386924e-01
4.171265792687918195e-01
4.380413175814504845e-01
4.157790806042244713e-01
3.574566505634654834e-01
4.126377801325881722e-01
5.205478901247954093e-01
3.749171974722255163e-01
3.973998266198589535e-01
4.157687429344288366e-01
5.049536735042096103e-01
3.773434408866837564e-01
3.909364079301858030e-01
4.338479336962434707e-01
4.044087902286611635e-01
4.576663541475144981e-01
3.993959844800531456e-01
3.152477638105100621e-01
3.782843993116180581e-01
4.703925448012180599e-01
3.484462733990002503e-01
3.967610426449919570e-01
4.428914661252217888e-01
4.276366593372324387e-01
4.631297781120986556e-01
4.725760566525821771e-01
4.005594960195014154e-01
4.271176540783059306e-01
5.279925052415733733e-01
4.247495279208149399e-01
4.901963344264430589e-01
4.631163766839151985e-01
4.316566952547503111e-01
3.651418150841903021e-01
4.192607151711071900e-01
4.833328294282860926e-01
4.014896173943177660e-01
4.554155643667036069e-01
4.522493180887224851e-01
4.039502569565808221e-01
4.201833789541854491e-01
4.625351557589308382e-01
4.241445056768511912e-01
4.324823581775316117e-01
5.297241644034555996e-01
5.114608674291548640e-01
4.147325529383208975e-01
4.966497435585272568e-01
4.802484826004652652e-01
4.940099613746378182e-01
4.761584857975644791e-01
4.423962865561149038e-01
5.381505378133999429e-01
5.322793744730076604e-01
4.693319294517629414e-01
4.648570542288741891e-01
5.317455872794553118e-01
5.870821607178099422e-01
6.016582770733258645e-01
6.182693174429285676e-01
5.594176364646977762e-01
5.794974892713034009e-01
5.839167946605440251e-01
6.346910507137413227e-01
6.460989430916063148e-01
6.015597079318302232e-01
6.210385083152837327e-01
6.549678563768971395e-01
7.087609876996393554e-01
5.819499322020682541e-01
5.831702358572397049e-01
6.300363240008391985e-01
6.647559674602795399e-01
5.605436898634841292e-01
6.430020116420107623e-01
6.275126588738915157e-01
6.123093256077153379e-01
5.547515400922888862e-01
6.509402932183447898e-01
6.390131335956198422e-01
6.030196281689531590e-01
6.017389205025872601e-01
7.037529733808453036e-01
6.789263825694628052e-01
6.473182372797310347e-01
6.135154824224369197e-01
6.584938904092280110e-01
6.618286627348510809e-01
6.304873974822214899e-01
6.249000330117890911e-01
6.458090180387154877e-01
6.720262415402645795e-01
6.629970994233699289e-01
6.815472563019983054e-01
5.830732336371668989e-01
6.722930118383262377e-01
6.645670897438772373e-01
6.463025305652244645e-01
5.911746503130408392e-01
6.925876521336797875e-01
6.799237086860790980e-01
6.675716502557184073e-01
6.722975269702311518e-01
6.314294812943374025e-01
6.425125078426320302e-01
6.703302412980165492e-01
7.304620899712989113e-01
6.942754328489599835e-01
6.053469943055188596e-01
6.285424084688482349e-01
6.989587486787105508e-01
7.121731976349482407e-01
6.317951451731618207e-01
6.118130270479319455e-01
6.503483531676478302e-01
7.620483626009205702e-01
7.204892207369618662e-01
6.208027172323569154e-01
6.214896475621908278e-01
6.600978885901274129e-01
7.242880745923853114e-01
6.871005706088983978e-01
6.446438487481797042e-01
6.001106429216281901e-01
6.747546007265552426e-01
6.737024274164892246e-01
6.775324018591819542e-01
7.226024053755395471e-01
6.765675586633411731e-01
6.034088777407780047e-01
6.273380235291255991e-01
6.989850191075496211e-01
7.409101397023382107e-01
6.589835239010831680e-01
5.984847025702915158e-01
6.193497969794133917e-01
7.416474215346353649e-01
7.389181831389015631e-01
6.773960934707710102e-01
6.745685894572365227e-01
6.407194197289071136e-01
6.674962159301097708e-01
6.829046489354387850e-01
6.861113109076425465e-01
7.207458427359995090e-01
6.670814007258774048e-01
5.508913005856641565e-01
6.203225348414069806e-01
7.262890530101079323e-01
7.445837697886054096e-01
6.585328296767345435e-01
6.100885531262225658e-01
6.436005258080955693e-01
7.419734431179070278e-01
6.909356707757671190e-01
5.837785201097214216e-01
5.795395541503405301e-01
6.926761826318226234e-01
7.153139716313726693e-01
6.675037818272082646e-01
6.577451921831727333e-01
6.395917221075027026e-01
6.662947945564059449e-01
6.814258818729732603e-01
6.925695977242509738e-01
7.152914030227064401e-01
6.678659596747696936e-01
5.805219955197593595e-01
6.057315714873761081e-01
7.237194156046544702e-01
7.566557357992286237e-01
6.797283326117704583e-01
6.339787409712555055e-01
