1.421052631578947345e-01
1.273177197974432184e-01
1.118544245053562786e-01
1.233709726727632294e-01
1.415902855677493855e-01
1.314073835588876193e-01
1.128924212194132720e-01
1.196188866710473225e-01
1.396760953028547414e-01
1.349225841963811179e-01
1.147770092496405575e-01
1.165059817014001131e-01
1.372640310855132717e-01
1.383709491632172106e-01
1.175803479222293085e-01
1.139660100834084117e-01
1.336950945633080812e-01
1.404526363316107307e-01
1.209674030426170777e-01
1.124206737314490667e-01
1.298796851834408683e-01
1.418789528271604261e-01
1.247565997217770783e-01
1.117453082436497963e-01
1.259343808880253324e-01
1.420972684772965344e-01
1.289301850974035324e-01
1.121522643507932848e-01
1.218788303150204061e-01
1.409070504519580325e-01
1.326222959451227312e-01
1.134712102162269420e-01
1.184860830138564913e-01
1.390188297881676249e-01
1.364528206973028290e-01
1.157508676605275566e-01
1.154201227950079345e-01
1.359699690283859008e-01
1.391276645515383548e-01
1.187746537302062366e-01
1.133397181423819039e-01
1.323100758404227029e-01
1.411570040421751826e-01
1.222991653081321184e-01
1.120323108024927211e-01
1.285254513351417327e-01
1.421683602935678303e-01
1.263763195110247095e-01
1.118040005338998000e-01
1.242986655036216886e-01
1.416692211090795073e-01
1.302047699177921458e-01
1.125116848695097843e-01
1.206818151951851159e-01
1.404431294338634728e-01
1.342103724741879056e-01
1.142224128673030165e-01
1.172083108989110806e-01
1.379620428756423711e-01
1.374640974245192049e-01
1.167893860706489401e-01
1.146034504440873181e-01
1.346272921780350129e-01
1.399586827343420048e-01
1.199807636342290623e-01
1.127292309793117703e-01
1.310677492628947727e-01
1.417930096746102264e-01
1.238393881594658380e-01
1.118454112412253371e-01
1.268372717453525866e-01
1.419575615747802610e-01
1.277188989321496881e-01
1.119493911897324473e-01
1.230236710599190847e-01
1.414790094929986031e-01
1.317849836585597845e-01
1.130393710888537295e-01
1.192943429777040820e-01
1.396094546099119760e-01
1.355000620662899224e-01
1.151020978721034038e-01
1.161775822954510123e-01
1.367563899014800355e-01
1.383896429366630321e-01
1.178658813748079404e-01
1.138292600201220306e-01
1.334849790348583976e-01
1.409458980338621215e-01
1.214178579235071775e-01
1.122752008071388474e-01
1.294260193442458851e-01
1.417966514965629254e-01
1.251983463518560880e-01
1.117921651272814620e-01
1.254701303842793991e-01
1.420486637604461699e-01
1.292594999967589253e-01
1.122149219934613917e-01
1.216034952733728164e-01
1.408972503627274053e-01
1.332522104307380939e-01
1.137403285927615915e-01
1.180367952315135582e-01
1.385823371840357587e-01
1.365326196584673579e-01
1.159918248239503319e-01
1.152688880799336291e-01
1.357221870222423132e-01
1.396255420930805902e-01
1.191784948125405447e-01
1.130897962058177580e-01
1.319279846758572572e-01
1.412318492672041126e-01
1.227410880936165433e-01
1.120275906769772623e-01
1.279754554761368679e-01
1.421050422264028834e-01
1.267184072706217246e-01
1.117858737603837360e-01
1.240452606491300874e-01
1.417906222220319812e-01
1.308195529250535671e-01
1.127210219901849247e-01
1.201377629659313162e-01
1.400261094471848267e-01
1.344344245000955729e-01
1.144252590513170492e-01
1.169997108697699018e-01
1.377388620641889216e-01
1.379103627443117597e-01
1.171541029452558558e-01
1.142869672766380629e-01
1.342812472485913067e-01
1.402501692067017469e-01
1.204112529507490176e-01
1.126343406113644169e-01
1.304908452187763523e-01
1.416873988844696841e-01
1.241977043769945943e-01
1.117817591337943173e-01
1.265592610501015680e-01
1.422453307782819143e-01
1.282995053024740817e-01
1.120551764048028642e-01
1.224729190597393796e-01
1.410854456056488959e-01
1.321186396124940376e-01
1.132148265509084623e-01
1.189904870987253810e-01
1.394588375566816474e-01
1.358869160676430266e-01
1.153727013984122418e-01
1.158517589603802328e-01
1.364459574295223687e-01
1.388505623530253696e-01
1.182888055422315482e-01
1.136023597898789261e-01
1.329247134154940002e-01
1.408441084587034042e-01
1.217456340750685678e-01
1.121884319694554100e-01
1.291022305220678457e-01
1.421970807475599063e-01
1.257758642745717970e-01
1.117685194607323101e-01
1.249365610691440809e-01
1.417443671369725267e-01
1.296481992004072381e-01
1.123734701417641452e-01
1.211892208022694178e-01
1.407645443485235071e-01
1.336426278802674839e-01
1.138949057885458305e-01
1.177219924630653058e-01
1.383698638074815912e-01
1.370525390705756852e-01
1.163991805183282324e-01
1.149151808314463480e-01
1.351708996576471700e-01
1.396207802736279813e-01
1.194410001655105968e-01
1.129873801387908661e-01
1.316283615478254232e-01
1.416302213425073009e-01
1.232944139824496688e-01
1.118821754932565610e-01
1.274641776181945629e-01
1.419903451708406927e-01
1.270958701126258250e-01
1.119021395662877505e-01
1.235678357965281637e-01
1.416090614756629895e-01
1.312362612173548215e-01
1.127879568923119552e-01
1.198236291093989631e-01
1.399884959549650976e-01
1.349612865427826103e-01
1.147824115514472360e-01
1.165711992583150780e-01
1.371666276998058098e-01
1.380331907117786638e-01
1.173779654480464063e-01
1.141351262732798189e-01
1.340452844186106052e-01
1.406054828098724230e-01
1.209039964248736637e-01
1.124203739558053416e-01
1.299875827424786801e-01
1.417844462656758509e-01
1.245926378710657118e-01
1.118114141912789211e-01
1.260667593231445394e-01
1.420092506352339801e-01
1.286839607951216213e-01
1.120699993817644013e-01
1.221349289551406231e-01
1.412182437410701152e-01
1.326643989834016546e-01
1.134619212905746688e-01
1.185161608122657223e-01
1.388758602564866274e-01
1.360881601387985973e-01
1.155894455114564318e-01
1.156152140812128359e-01
1.362551851740089748e-01
1.391945493954979962e-01
1.186630868905073632e-01
1.133491400418697448e-01
1.324460864617307276e-01
1.410778287059116509e-01
1.221803711799867576e-01
1.121016401910113897e-01
1.285870909664383055e-01
1.419863277788693812e-01
1.260848640395856035e-01
1.117582645577580303e-01
1.245912504685647432e-01
1.419584942612289180e-01
1.302338384977883845e-01
1.124850278319145525e-01
1.206903708655437529e-01
1.402846018562463326e-01
1.338594829093357197e-01
1.141211887299612426e-01
1.174116502862480593e-01
1.381604278546071374e-01
1.374567745247270711e-01
1.166556445132385933e-01
1.146400457601819411e-01
1.348145531404667252e-01
1.399230740532166062e-01
1.199168876940022999e-01
1.127953819827572507e-01
1.310526159972476290e-01
1.415351286608486636e-01
1.235445180300488582e-01
1.118462822037434717e-01
1.271621588932153879e-01
1.422205071962118761e-01
1.277238570523259453e-01
1.119137826600195701e-01
1.230316222972775569e-01
1.413216294286678831e-01
1.314766903552044564e-01
1.129862884147165292e-01
1.194809475960794398e-01
1.397207881947072627e-01
1.354015914647042351e-01
1.149540464559281605e-01
1.162539605972167378e-01
1.369833052646595994e-01
1.383953226275162762e-01
1.178287283994810947e-01
1.138715709207115678e-01
1.334004519932588395e-01
1.406277881438607880e-01
1.211448378521909064e-01
1.123258384239029933e-01
1.297442838444601287e-01
1.420279086008211233e-01
1.251848751804265913e-01
1.117506306162458635e-01
1.254877209645076097e-01
1.419012947881286568e-01
1.290130591488277412e-01
1.122072062543645055e-01
1.217588271640865916e-01
1.409162710004404351e-01
1.330821528710346702e-01
1.135979855223529650e-01
1.181639005098410883e-01
1.388435987117392079e-01
1.365640112875919354e-01
1.159675957351618963e-01
1.152938693540055404e-01
1.356083557186431587e-01
1.392714465021813453e-01
1.189350348788739270e-01
1.131952703333300031e-01
1.322395930874833425e-01
1.414072043811810120e-01
1.226791759186106612e-01
1.119910546371656324e-01
1.280432693357780594e-01
1.419899558395033290e-01
1.265331781013158408e-01
1.118221396987505584e-01
1.241624750158972362e-01
1.417291957400172442e-01
1.305858608940005383e-01
1.125990434822129183e-01
1.203412882867494066e-01
1.403166950450214501e-01
1.344796321347757895e-01
1.144094520575528184e-01
1.170129133385869880e-01
1.376034921115949217e-01
1.375406482260083385e-01
1.169534042773974075e-01
1.144413834861682244e-01
1.345623453101179312e-01
1.403495764995024153e-01
1.203102419872313783e-01
1.126108542721330763e-01
1.306061867597646253e-01
1.416055645355207004e-01
1.240494114369385809e-01
1.118347459794805515e-01
1.266363958632609199e-01
1.420911709780877386e-01
1.280081028884690608e-01
1.119693670516933165e-01
1.227435695321805048e-01
1.413860422364601188e-01
1.321500986602029970e-01
1.131896969635138306e-01
1.190019618213699198e-01
1.393165922399357270e-01
1.355253777637356882e-01
1.152224572151574755e-01
1.160497515864247903e-01
1.366843130073903401e-01
1.388558954775835075e-01
1.181442604328475643e-01
1.136174239751658599e-01
1.331113042384884371e-01
1.408039855540566265e-01
1.216285148430650692e-01
1.122539448517134025e-01
1.291365156996532870e-01
1.419542548661300307e-01
1.254537021511593353e-01
1.117323717572761971e-01
1.252651236664989176e-01
1.420420744766363874e-01
1.296409282112697403e-01
1.123337216675372452e-01
1.212165466271457465e-01
1.406193153041526145e-01
1.333112447082941410e-01
1.138041805807196022e-01
1.179274596860825919e-01
1.385425910559849316e-01
1.369675706579456809e-01
1.162353105893169369e-01
1.149856650024400212e-01
1.354048689456128496e-01
1.396277610530790025e-01
1.193781041789724329e-01
1.130474008883023962e-01
1.316133453033752621e-01
1.413230369931679220e-01
1.229793376951334727e-01
1.119184551925138937e-01
1.278167401662277380e-01
1.422665500018298335e-01
1.270834621294538169e-01
1.118681101131650951e-01
1.236264615191879634e-01
1.414895479930431965e-01
1.309508685717173104e-01
1.127579784746021718e-01
1.200325171292482979e-01
1.400893883802382389e-01
1.348038454090395022e-01
1.146232464775253368e-01
1.167144542596512541e-01
1.374586199842470491e-01
1.380667316575418802e-01
1.173423839734799579e-01
1.141983256096654742e-01
1.340070371855544284e-01
1.402643746531525293e-01
1.206172995527519803e-01
1.125265399403397315e-01
1.303446909691087785e-01
1.420056698186230870e-01
1.245491209727613430e-01
1.117819158664119100e-01
1.261735340141710848e-01
1.419291937286865091e-01
1.284580019615429447e-01
1.121004259522117574e-01
1.223164996766669538e-01
1.412209152322731476e-01
1.324479076529931632e-01
1.133253620959189384e-01
1.187367488808385579e-01
1.392193325632098133e-01
1.361446639066975217e-01
1.155856063155173835e-01
1.156755555048003398e-01
1.361851741165780727e-01
1.388590373413437495e-01
1.184393292930538133e-01
1.135147390527672939e-01
1.327955379673042835e-01
1.412324073729613605e-01
1.221122959878522263e-01
1.120992142985787060e-01
1.287378373431042888e-01
1.419548136569289964e-01
1.259312186495883390e-01
1.118290307251239429e-01
1.247349064244719224e-01
1.418738933966250393e-01
1.299870737296782430e-01
1.124041479950543404e-01
1.209684642247268738e-01
1.406495104554386089e-01
1.339435190019444555e-01
1.141283358577058898e-01
1.174668970408053181e-01
1.380739145287097625e-01
1.371262615643936977e-01
1.164942850582370848e-01
1.148512473037541642e-01
1.351258147841898627e-01
1.399975086359138143e-01
1.198137815871731099e-01
1.128293594949110329e-01
1.312576946705405756e-01
1.415459581756293717e-01
1.234495700592476430e-01
1.119384336710418648e-01
1.272677027002543093e-01
1.420523357844026002e-01
1.274416709117885960e-01
1.118833849454149432e-01
1.233629469839748471e-01
1.416815947573907275e-01
1.315362210024094425e-01
1.129780894085085224e-01
1.195466255101205882e-01
1.396321123696316058e-01
1.350844866385900456e-01
1.148603993859368677e-01
1.164795072576055440e-01
1.372207644274492100e-01
1.383817119496960346e-01
1.176846829563789748e-01
1.139462620750598398e-01
1.336611106593048048e-01
1.406622808189236240e-01
1.210932109012421987e-01
1.124142210852232260e-01
1.297900583477559211e-01
1.417874904222120591e-01
1.248821457540356950e-01
1.117730477660047600e-01
1.258553647344191895e-01
1.422251153500150578e-01
1.290461721654981297e-01
1.121907758425239598e-01
1.218319909462816514e-01
1.408401684854960201e-01
1.327967581581065426e-01
1.135572927802807747e-01
1.183891915997787314e-01
1.389868340853687989e-01
1.364655322333075127e-01
1.158119156481844936e-01
1.154187660814717936e-01
1.359170926892560582e-01
1.393238317630092205e-01
1.189090864426955996e-01
1.132757407632288688e-01
1.322348295013449082e-01
1.411155251858170478e-01
1.223851784674437337e-01
1.120678739690251502e-01
1.284193469152619116e-01
1.422503833338571166e-01
1.265169842626172048e-01
1.117916129056221314e-01
1.242588128412646098e-01
1.416728189960811402e-01
1.303344376287910167e-01
1.125996747465435321e-01
1.205528194425485450e-01
1.403612223732919051e-01
1.342884603230822815e-01
1.142501218308191596e-01
1.171976226972751417e-01
1.379626131094815467e-01
1.375952854997472552e-01
1.169234576671769887e-01
1.145209911789935447e-01
1.345260723672482006e-01
1.400142545965385454e-01
1.200424216954103090e-01
1.127458171632198525e-01
1.309817480801583611e-01
1.417915969233372597e-01
1.239717410749437698e-01
1.118189577511086163e-01
1.267802609146499726e-01
1.420633871651905411e-01
1.278175188881068014e-01
1.120035053316756207e-01
1.229043629228224466e-01
1.413284077582681597e-01
1.318812150296861108e-01
1.130577201468773024e-01
1.192384035245882268e-01
1.396762076750240333e-01
1.355908295212012726e-01
1.151952085666227837e-01
1.160972790594592824e-01
1.366020634362089814e-01
1.384907702505440430e-01
1.179265937899829503e-01
1.137848471636189185e-01
1.334223401483718152e-01
1.408997602772671942e-01
1.215052524885871232e-01
1.122524442508165549e-01
1.293258102955608946e-01
1.419426295543719796e-01
1.253174669261973295e-01
1.117876766934245286e-01
1.253707612042962438e-01
1.418946714923612074e-01
1.293240950990716676e-01
1.122473344700823245e-01
1.215171958519352530e-01
1.409686882383469342e-01
1.333647328125757703e-01
1.137699950858055142e-01
1.179755687972072475e-01
1.384675946159223126e-01
1.366116091399767474e-01
1.160825587002085185e-01
1.151849169211646845e-01
1.356475027343039541e-01
1.396302419317879961e-01
1.192141165997615271e-01
1.130786784763668229e-01
1.318579727993793860e-01
1.413402222796661112e-01
1.228873654129226528e-01
1.119856714249353874e-01
1.278669453050392257e-01
1.420382254061713367e-01
1.267396995460289832e-01
1.118263725653820401e-01
1.239661112854609504e-01
1.418035548397312828e-01
1.309679818759678371e-01
1.127136415023795857e-01
1.200711265351732393e-01
1.400045939324974786e-01
1.344801775143041334e-01
1.145176533264702923e-01
1.169150312468191233e-01
1.376090808640943741e-01
1.379607807914733919e-01
1.171485597404447743e-01
1.142680233915887023e-01
1.342913445972586106e-01
1.403062609055631405e-01
1.205478748107428055e-01
1.125820882526469696e-01
1.303443900077038975e-01
1.416984060289125102e-01
1.241975201377561455e-01
1.117950013222687444e-01
1.265305783379419569e-01
1.421960588640913958e-01
1.284183687288579789e-01
1.120420090516603823e-01
1.223848138552419695e-01
1.411540110917487156e-01
1.321605135087113303e-01
1.132671474756834218e-01
1.189313834746301979e-01
1.392879997658780233e-01
1.359352015723132023e-01
1.153827736181868013e-01
1.158103124062630357e-01
1.365153586150461285e-01
1.389057983103015037e-01
1.183666103273759707e-01
1.135682923993364402e-01
1.327724400426910090e-01
1.408695697248513179e-01
1.217864239104735902e-01
1.121755622970788402e-01
1.290931580762396391e-01
1.421609721257731385e-01
1.258358433514367436e-01
1.117744905595354776e-01
1.248685071917884221e-01
1.418289786533307451e-01
1.297421381123377848e-01
1.123891228332016545e-01
1.211401578142674434e-01
1.406279055355880714e-01
1.336388905607836519e-01
1.139345294396429814e-01
1.176793554248246609e-01
1.384295865927312741e-01
1.371773555077901163e-01
1.164357227514328380e-01
1.148945604287047173e-01
1.350797317493457883e-01
1.396097885360742807e-01
1.195273753378191806e-01
1.129668479240017315e-01
1.315868910559142846e-01
1.416637414827080776e-01
1.233044783670656369e-01
1.119023383096136165e-01
1.274518320037247854e-01
1.420425154226031272e-01
1.272522398922418529e-01
1.119124188375617834e-01
1.234959719301094161e-01
1.415648213790701160e-01
1.311999218042335102e-01
1.128400209566945145e-01
1.198266990798316639e-01
1.400004555156699471e-01
1.351367648193692317e-01
1.148155406278858204e-01
1.165310908163434689e-01
1.371669533032860433e-01
1.380189368032397890e-01
1.174792144310899955e-01
1.141373488137351067e-01
1.339467205162684915e-01
1.406959392303989975e-01
1.209349201165263732e-01
1.124250860035100330e-01
1.300379615643149633e-01
1.418298063678653242e-01
1.247602327985292692e-01
1.118412723224044419e-01
1.259538969568256284e-01
1.420308244012782328e-01
1.287026647852450578e-01
1.121142168459246524e-01
1.221742095353639396e-01
1.412098444715909618e-01
1.328205774162118380e-01
1.135162968094664826e-01
1.184586251889760966e-01
1.389380645790503910e-01
1.361539259217511844e-01
1.156830843041006529e-01
1.156312534165421929e-01
1.361422935957972702e-01
1.392652952716305070e-01
1.187363471154568723e-01
1.133434237163194191e-01
1.325325904794309728e-01
1.411986782667991602e-01
1.223184166024580272e-01
1.121428573470180101e-01
1.284717952780311812e-01
1.419917539807454276e-01
1.261800390974447406e-01
1.117911621947439843e-01
1.246225764428210703e-01
1.420080518119989643e-01
1.303489430751224309e-01
1.125593924899058601e-01
1.206388423750139605e-01
1.403249747555828097e-01
1.340143007046117329e-01
1.141886998451259183e-01
1.174063630936370284e-01
1.380945668410278881e-01
1.374569383836538039e-01
1.167448620654077812e-01
1.146337578487980069e-01
1.348512458012298409e-01
1.401159924899365861e-01
1.200091281527947834e-01
1.128068414839503986e-01
1.309889552734288254e-01
1.414881478406234683e-01
1.236632260110114151e-01
1.118780260802385434e-01
1.271373486854721346e-01
1.423273746466835465e-01
1.277896227586425848e-01
1.119619961231245464e-01
1.230357698526307747e-01
1.413324229847035263e-01
1.316647810335789259e-01
1.130570569605515580e-01
1.194305152442948076e-01
1.397127262539313020e-01
1.353884620645875170e-01
1.150262746824283616e-01
1.162845628805173476e-01
1.369842738085518263e-01
1.386079329550550521e-01
1.179225077246014858e-01
1.138482785550681275e-01
1.334032783488429685e-01
1.405930305472596342e-01
1.212455710335178932e-01
1.123776905942446280e-01
1.296789405942680440e-01
1.421319800052864013e-01
1.252540402457940905e-01
1.117662070720362305e-01
1.255459639185123599e-01
1.419444094992508842e-01
1.291714077077874556e-01
1.122900245113900297e-01
1.216749944011524115e-01
1.409089377070903981e-01
1.330976206444384746e-01
1.136326860350161810e-01
1.182265905171383524e-01
1.388688297813256145e-01
1.367150205980835198e-01
1.160675671730261455e-01
1.152525202886996308e-01
1.356229843099396593e-01
1.393181879490077157e-01
1.190018017169911096e-01
1.132537218862520595e-01
1.321852812164295843e-01
1.414317578639075201e-01
1.227639330128333373e-01
1.119864354124339850e-01
1.280974200696004262e-01
1.421145481389252674e-01
1.266228643342733884e-01
1.118843634796787140e-01
1.240925191947831741e-01
1.416584202182019081e-01
1.306419233763687071e-01
1.126200199629935617e-01
1.203903209834839144e-01
1.404068704006843082e-01
1.345491833411491256e-01
1.144869073267309190e-01
1.169930498636147648e-01
1.375931881085373509e-01
1.376572037740335097e-01
1.170040275544095426e-01
1.144743043289313533e-01
1.345583191121920708e-01
1.403017451536576754e-01
1.203720789062932561e-01
1.126341039060167609e-01
1.306465792595127018e-01
1.418024591434862980e-01
1.241330890840922352e-01
1.118691071052053537e-01
1.266153324603945252e-01
1.419858904800614940e-01
1.280751216146662486e-01
1.120133315984399441e-01
1.227528489245819365e-01
1.415162645363043925e-01
1.322028514799212795e-01
1.132270053684970162e-01
1.190252804426386868e-01
1.392924017699665451e-01
1.356531614338246094e-01
1.152971281230349143e-01
1.160297908033768866e-01
1.366916398617857853e-01
1.388094502642442107e-01
1.181759868317047296e-01
1.136695299101978807e-01
1.331303518003275621e-01
1.409881725656508267e-01
1.217439307735626725e-01
1.122467243791853281e-01
1.291413656006404065e-01
1.418970977335330952e-01
1.254897316448909117e-01
1.118018574288402733e-01
1.252424707735932119e-01
1.421178579693559985e-01
1.297300205477834312e-01
1.123394806822788222e-01
1.212560973478504084e-01
1.406586099836631965e-01
1.333976521029172080e-01
1.138992271704842435e-01
1.178825855608296169e-01
1.384970492729110103e-01
1.369768875139465991e-01
1.162333771468092997e-01
1.150444764472812187e-01
1.354712407647531980e-01
1.397263464340118277e-01
1.194908774838633475e-01
1.130290647409797206e-01
1.315901171021542360e-01
1.413551946365234346e-01
1.229956787506609334e-01
1.119799786144500403e-01
1.278149137807314539e-01
1.422495205316216815e-01
1.271688100765761831e-01
1.118644404879265558e-01
1.236572634067416299e-01
1.416231928355783931e-01
1.310074564429969113e-01
1.128337081727207453e-01
1.200086313445439395e-01
1.399776398872339955e-01
1.348404983521870049e-01
1.146274174491913184e-01
1.167547391906895438e-01
1.375861454063773415e-01
1.381244735528780465e-01
1.174259031173581214e-01
1.141973340198791237e-01
1.339434050407078414e-01
1.403463736919247640e-01
1.206505882244270494e-01
1.125538252646041820e-01
1.303732509859828192e-01
1.419397876605279774e-01
1.245977145769007061e-01
1.118015385189046335e-01
1.261705465429434625e-01
1.420920496161117985e-01
1.285383119311484246e-01
1.121298273546531415e-01
1.223040150762231548e-01
1.410892538404623087e-01
1.324560813680080440e-01
1.133601308790846557e-01
1.187371005710719518e-01
1.393298897716916673e-01
1.362069731071570700e-01
1.156032292841595727e-01
1.156916104493521946e-01
1.361417781115633052e-01
1.389040157983739976e-01
1.185035593856247627e-01
1.135092554954680172e-01
1.327970732431104084e-01
1.411975234336428076e-01
1.220978361463624234e-01
1.121366053238524590e-01
1.287628308796248122e-01
1.420681626303327560e-01
1.260463718074605055e-01
1.118236524574998253e-01
1.247078763658378275e-01
1.418084883084007874e-01
1.299509849665448913e-01
1.124541547751616577e-01
1.209694638720736348e-01
1.406842220540365229e-01
1.340419398392264649e-01
1.141188605357958963e-01
1.174752700135786448e-01
1.381022740803858062e-01
1.371396827915807581e-01
1.165864553073914095e-01
1.148318505758065544e-01
1.350474515565132094e-01
1.400270954180114769e-01
1.197928445721148372e-01
1.128550772674756786e-01
1.313187338212827848e-01
1.416019272649903238e-01
1.235819982898876679e-01
1.119255248641467110e-01
1.271820368483779773e-01
1.420651861341362676e-01
1.274170930235064558e-01
1.119282028294114051e-01
1.233806564869882327e-01
1.416427536079874205e-01
1.316528849014983182e-01
1.129842298203578704e-01
1.195125941637150135e-01
1.397279369091225520e-01
1.351184841408906157e-01
1.149337718782488110e-01
1.164771496039041371e-01
1.370902901607030655e-01
1.384233150182301864e-01
1.177034071101565049e-01
1.139487330812394145e-01
1.337650741424315781e-01
1.407263776370367425e-01
1.211926147346931298e-01
1.124253252941233711e-01
1.296929206569056303e-01
1.418231711890181601e-01
1.249126103162735840e-01
1.117948714242852776e-01
1.258886189560466662e-01
1.421911993004839891e-01
1.291010243348493236e-01
1.122175016638297523e-01
1.218013836817349177e-01
1.409489089996509847e-01
1.328953335315733453e-01
1.135989770652308245e-01
1.183867415415291446e-01
1.388810717056239430e-01
1.364528882972340096e-01
1.158598386337528624e-01
1.154177895720680386e-01
1.360011770979867862e-01
1.394572337607073165e-01
1.189731293532044210e-01
1.132894729676335172e-01
1.321693553288278977e-01
1.411122266006438197e-01
1.224846401383868771e-01
1.120794127356988801e-01
1.284051126081082739e-01
1.422833552540418989e-01
1.265400785233279091e-01
1.118363956007366322e-01
1.242569249611449878e-01
1.417360466522423479e-01
1.305164756086080735e-01
1.126412794309291920e-01
1.205031556201687365e-01
1.403247221920999876e-01
1.342645136511748105e-01
1.143306621874919382e-01
1.172072731867712519e-01
1.379662058124531132e-01
1.377910073044448236e-01
1.169901797789680009e-01
1.144968756566204920e-01
1.345226661831033232e-01
1.400059186130001021e-01
1.201722304549182052e-01
1.127631825853293857e-01
1.308866824038886767e-01
1.418761007852305522e-01
1.240199783608915557e-01
1.118383504664568068e-01
1.268145684235900128e-01
1.421010396469161718e-01
1.280110671937355338e-01
1.120546208103278957e-01
1.227995286422293442e-01
1.413366749209286899e-01
1.319009713371337156e-01
1.131150923718353130e-01
1.192644991937954618e-01
1.396406448496421704e-01
1.357664236829289606e-01
1.152776292881346892e-01
1.160420075937968198e-01
1.366466072717489322e-01
1.385588600898137734e-01
1.180453881113210785e-01
1.138104219288990082e-01
1.332980699084498621e-01
1.409622682535446037e-01
1.215971775180247350e-01
1.122535715915376209e-01
1.293840256162097913e-01
1.420508550621258637e-01
1.254790275513421038e-01
1.118461667345996280e-01
1.252504222421479130e-01
1.418834838574155877e-01
1.294239540766971008e-01
1.122902597128609126e-01
1.215248088466316934e-01
1.409796186860201306e-01
1.334891070185266482e-01
1.138657124463415410e-01
1.179090312300351412e-01
1.384820980226081633e-01
1.367790887271694567e-01
1.161766205802910873e-01
