2.263157894736842202e-01
2.073067530306919870e-01
1.864770958745150253e-01
2.019876840078016489e-01
2.265161384262357469e-01
2.132450541448356052e-01
1.901582581684539974e-01
1.965092089962340582e-01
2.208244127357004705e-01
2.161720449800688670e-01
1.902354855663108968e-01
1.935366952289007680e-01
2.214990796773740056e-01
2.235905277257468349e-01
1.968123438049461660e-01
1.888850488933635774e-01
2.122216526319920527e-01
2.226563023764726867e-01
1.986456616284245913e-01
1.886570117175818129e-01
2.107029939706745181e-01
2.273054306575104933e-01
2.063040706325862117e-01
1.864281552514936158e-01
2.026689417487423095e-01
2.255462779346158186e-01
2.101501967898057599e-01
1.891750031997440351e-01
1.989606137918430717e-01
2.226537532000265607e-01
2.153952686783184856e-01
1.891979577536490598e-01
1.939748256767876988e-01
2.225477297254395692e-01
2.214318854435049500e-01
1.952280161622757526e-01
1.903370294547907238e-01
2.135059232460025658e-01
2.218476660578573845e-01
1.965034818610348621e-01
1.885075663633180021e-01
2.131864344468837047e-01
2.274030421013781278e-01
2.048805163357669268e-01
1.867574467957216211e-01
2.035338454453934354e-01
2.245775704130300032e-01
2.071499151028895203e-01
1.880753873238463214e-01
2.015102118591798608e-01
2.247022273795679370e-01
2.146121720733305260e-01
1.886154790323782970e-01
1.945163592922173612e-01
2.226783729807621515e-01
2.187941301490754775e-01
1.933457403408158359e-01
1.920959186768464444e-01
2.155635644332827283e-01
2.213798414215218946e-01
1.950424344751328087e-01
1.884462225025838322e-01
2.151300087173548259e-01
2.267394489315276707e-01
2.029160599252078923e-01
1.875134271682697418e-01
2.048438480318110488e-01
2.240975058515018992e-01
2.047173536667527827e-01
1.871231737186214716e-01
2.040958284447429438e-01
2.264405333887105076e-01
2.135702959257922140e-01
1.884579454078789129e-01
1.953961250797921767e-01
2.226204814067657412e-01
2.160769749613569157e-01
1.914757965363997616e-01
1.941575656003285688e-01
2.182900086471436796e-01
2.212215386783919491e-01
1.941724592726946919e-01
1.887082765430661835e-01
2.163802879255680711e-01
2.254297722590714315e-01
2.006702499825061825e-01
1.886342487031440474e-01
2.069356299884535233e-01
2.241182218597320142e-01
2.031522612229236802e-01
1.864497836613079607e-01
2.064450882203431870e-01
2.276652318942416209e-01
2.120034764022138973e-01
1.887142775524227878e-01
1.965785022445419861e-01
2.226461219064837238e-01
2.136456520760273703e-01
1.897306258483203167e-01
1.963335323692441958e-01
2.210997355931554609e-01
2.211388687236843509e-01
1.937370722865088546e-01
1.891866345330825983e-01
2.170455690424573925e-01
2.234360383929365479e-01
1.981943123064583423e-01
1.898459304813722714e-01
2.096916679201076827e-01
2.245657850102033004e-01
2.020737730577097935e-01
1.860019839330143143e-01
2.080379871968005556e-01
2.279425432815923303e-01
2.096733498674580032e-01
1.889047737544064520e-01
1.983174200990711622e-01
2.227909064918641158e-01
2.118143258748514113e-01
1.881094672642106280e-01
1.981616026847834722e-01
2.235121093173649820e-01
2.201259764473293135e-01
1.932693648064751357e-01
1.898839879934685060e-01
2.174051746033506261e-01
2.211718875952680408e-01
1.955420846342536267e-01
1.909503855652563420e-01
2.126273580215168602e-01
2.250839120562288798e-01
2.011559783681012847e-01
1.857772436986340481e-01
2.089447344301098020e-01
2.270636745210191931e-01
2.067682622468937914e-01
1.889749725094903576e-01
2.005493075634140476e-01
2.233924103314426368e-01
2.104741755550254279e-01
1.867800295815226219e-01
1.994372472539636953e-01
2.252002242676222066e-01
2.182580455866438562e-01
1.927034012009000985e-01
1.910342255579983439e-01
2.176977995877378003e-01
2.193240980752638736e-01
1.930476571264341523e-01
1.918670368990549879e-01
2.155670566540782429e-01
2.251378149055598132e-01
2.003918296286059941e-01
1.858491301098837978e-01
2.095252829774671977e-01
2.255671279648017724e-01
2.036227270739408290e-01
1.889891579915017328e-01
2.032174716771901479e-01
2.245559686622325690e-01
2.094948729118430164e-01
1.858707198629169222e-01
2.002749949235099747e-01
2.258819795618676740e-01
2.157241154597284161e-01
1.918902442702114797e-01
1.927393487837127106e-01
2.184659135044937084e-01
2.180231291665375160e-01
1.910390779482924739e-01
1.925266885302285569e-01
2.182605944655720831e-01
2.244855458869834397e-01
1.994942199367450986e-01
1.864831274978654974e-01
2.100628899353230439e-01
2.242196929760090218e-01
2.006319084678375997e-01
1.889177687622528579e-01
2.062063952508618458e-01
2.257930016309054599e-01
2.089050385366508777e-01
1.854644988551995555e-01
2.009826380703699789e-01
2.257685095160802125e-01
2.127684767590918846e-01
1.910085821849682453e-01
1.949744975873171082e-01
2.200297818680682083e-01
2.172524197933280721e-01
1.896298253272228618e-01
1.930076389986839780e-01
2.203074505342868528e-01
2.231676476128656161e-01
1.982058061539800631e-01
1.876604348663970800e-01
2.110423811202385425e-01
2.232535193651876693e-01
1.981929253749416253e-01
1.888090123463098957e-01
2.093065627686348240e-01
2.266661603549735837e-01
2.080725797983736802e-01
1.855714933779333276e-01
2.017238436738739982e-01
2.254490005669057551e-01
2.097097724195358948e-01
1.899997384010185530e-01
1.976022060482033882e-01
2.220034341131268130e-01
2.169760666647659875e-01
1.887700676746036643e-01
1.936040511402230824e-01
2.216525719850886145e-01
2.211317230468735351e-01
1.966748211066416674e-01
1.893022815623592314e-01
2.127784226746413931e-01
2.227702886648788849e-01
1.964117239326722553e-01
1.887151144777195755e-01
2.120717905669356751e-01
2.270477137068893925e-01
2.067759763922182581e-01
1.861811384804911984e-01
2.027353196855374851e-01
2.249871856121783698e-01
2.070360054146547224e-01
1.889552941201322056e-01
2.004289609703100161e-01
2.240954278656860088e-01
2.166448294970378663e-01
1.883740953737671475e-01
1.941686622946057483e-01
2.223299218676651479e-01
2.184605685524871332e-01
1.948125543724021358e-01
1.911901426734193554e-01
2.149586259286448420e-01
2.228178028944140798e-01
1.950481026134665563e-01
1.886254435014925457e-01
2.140965619293501432e-01
2.263544802334861994e-01
2.047887099278867806e-01
1.869072301814304060e-01
2.041873615159078559e-01
2.246027885411774616e-01
2.047802900850032026e-01
1.878334975717119437e-01
2.029602088935391901e-01
2.258167135003534554e-01
2.155064514364196659e-01
1.881855816084673783e-01
1.948147022869991252e-01
2.224315035154282028e-01
2.156828608162523753e-01
1.926708232981700630e-01
1.931234252505356908e-01
2.173965932717684957e-01
2.228973989331762273e-01
1.940574158691925899e-01
1.885952321221556482e-01
2.154073232811406780e-01
2.245950137466795615e-01
2.022783990193328940e-01
1.878013427896021992e-01
2.061172892026887637e-01
2.247827932054932976e-01
2.030346708168388192e-01
1.868455537222717677e-01
2.049916283670958073e-01
2.267462335320121203e-01
2.137358460553029638e-01
1.881569233687631626e-01
1.958837414469647431e-01
2.222871447500106012e-01
2.133155108193827698e-01
1.905893557675775174e-01
1.950012185069865678e-01
2.200433846710035946e-01
2.225715720786266005e-01
1.934766599102124007e-01
1.887989175991087454e-01
2.160812157675287837e-01
2.224616064250841962e-01
1.994841124820236067e-01
1.888205091426766180e-01
2.086121318177070472e-01
2.254640015038681111e-01
2.018313397826779487e-01
1.862089011982586140e-01
2.066286952451562853e-01
2.266041021824624913e-01
2.113294228219573523e-01
1.882494639503407563e-01
1.975739403481824585e-01
2.227766029968641648e-01
2.115259262674258622e-01
1.889145146107956141e-01
1.967438569891624689e-01
2.224234024610376170e-01
2.217583657630916028e-01
1.930028754381404865e-01
1.895963365132846690e-01
2.165971968486172794e-01
2.205636852641937040e-01
1.968415781107740736e-01
1.899414854348363824e-01
2.117017704535471279e-01
2.262676626605765740e-01
2.012334722438486323e-01
1.860698984185364668e-01
2.078794307738541791e-01
2.259051705106801256e-01
2.085301144105628501e-01
1.885064270767196348e-01
1.999363350362581837e-01
2.240327717899108506e-01
2.104928740078751970e-01
1.877772860058303794e-01
1.982846117486199711e-01
2.240501041950600791e-01
2.203224221424175122e-01
1.926342073750129669e-01
1.909792458843364016e-01
2.174296056695565471e-01
2.190380220418448043e-01
1.946299234913368981e-01
1.909826858286299833e-01
2.148977851778983150e-01
2.268673318979620157e-01
2.007158303482551864e-01
1.864519180820222166e-01
2.087133389442964726e-01
2.248670920899819292e-01
2.055415992943421533e-01
1.886051375936304286e-01
2.028384936620319101e-01
2.255784750623754109e-01
2.099636902618272349e-01
1.870589389100263122e-01
1.994317991542030877e-01
2.247884612985779906e-01
2.179391006568986711e-01
1.919764735269881839e-01
1.927881694537837143e-01
2.187951277150028129e-01
2.179645701900772004e-01
1.927737353622439864e-01
1.917674958370572669e-01
2.174239403782624314e-01
2.266646743316289292e-01
1.997775591175443566e-01
1.871701924845527165e-01
2.096459453910838877e-01
2.236041218425419697e-01
2.027152504600822636e-01
1.884725667899976309e-01
2.058553541296981870e-01
2.271666490537143368e-01
2.093140022510841525e-01
1.867378448731075447e-01
2.001610159900084340e-01
2.247390835132157538e-01
2.148817668472246811e-01
1.909028798851511444e-01
1.949698678408224028e-01
2.205027543716923111e-01
2.174461584996658647e-01
1.913379415201353073e-01
1.922543978111399543e-01
2.191416956341544209e-01
2.252545876856472673e-01
1.983794567136005216e-01
1.881394246497297418e-01
2.108162471861904086e-01
2.225297585008192691e-01
2.001771925755510551e-01
1.881268302601687425e-01
2.085119927120858696e-01
2.283247526496375024e-01
2.082001030459134094e-01
1.866964410002004970e-01
2.008710474342648988e-01
2.240180108673553161e-01
2.117357383241067759e-01
1.895490067748560603e-01
1.972871686521437962e-01
2.225999246935864984e-01
2.169406331236768959e-01
1.903678128697898209e-01
1.926032217094850729e-01
2.200842057120975803e-01
2.228703132384824703e-01
1.964188653681522012e-01
1.894298870812659574e-01
2.124784867851060577e-01
2.221206922017416874e-01
1.981832165439056104e-01
1.878305056737213097e-01
2.107134253608666796e-01
2.285043015291503554e-01
2.065884365797778510e-01
1.869272615679512528e-01
2.019458289495161263e-01
2.233291599783887305e-01
2.089235183293628451e-01
1.882235406115843890e-01
1.996814604964128048e-01
2.249629331560505929e-01
2.162823261310258816e-01
1.898634196421422060e-01
1.930894828424812582e-01
2.203260614753968782e-01
2.202099636489571466e-01
1.942552849008431781e-01
1.910871028879484457e-01
2.148623521884677479e-01
2.221735807958969411e-01
1.969486852098999152e-01
1.876811087051315774e-01
2.124516722133449886e-01
2.277271780966377002e-01
2.044536565837865860e-01
1.875300118425702878e-01
2.035711123345549656e-01
2.232986388580833204e-01
2.067450183626085847e-01
1.871850376972530317e-01
2.019453385164423631e-01
2.268764756126288584e-01
2.152431196215644493e-01
1.896157153878861024e-01
1.940711173575835613e-01
2.203981354887669386e-01
2.177086439346384572e-01
1.922427717419281368e-01
1.929172787394654864e-01
2.178950907674823967e-01
2.222970233132722240e-01
1.962383816243106205e-01
1.878911876753025512e-01
2.135909925104017559e-01
2.263721035723454955e-01
2.019706271198160041e-01
1.884163923064071933e-01
2.059372719619738668e-01
2.238089917118308847e-01
2.054056345868405797e-01
1.864352110707917232e-01
2.038974133872396843e-01
2.279726864781940476e-01
2.135388363037628578e-01
1.895870245735105930e-01
1.954855028537610118e-01
2.207531767675117718e-01
2.154990807288366672e-01
1.904254153608789246e-01
1.946356416605933559e-01
2.208416547622762405e-01
2.221966624917318944e-01
1.955966239478916235e-01
1.884506322861420891e-01
2.142330751048023285e-01
2.245380924750014218e-01
1.993423249728070445e-01
1.892428504499924780e-01
2.088774599589356684e-01
2.245067378464617180e-01
2.044595752351787699e-01
1.859460797010937805e-01
2.052427319277742856e-01
2.281671330051607549e-01
2.110236197878869735e-01
1.894712727570877220e-01
1.973391120053829551e-01
2.213375112491939578e-01
2.139280664506405527e-01
1.887461524348311437e-01
1.959698570367097159e-01
2.231364458084623692e-01
2.212649089547310544e-01
1.949139558138100470e-01
1.891896679602830256e-01
2.146204634523924681e-01
2.223993839338735956e-01
1.966131546050594869e-01
1.898544766160309427e-01
2.119183542604410608e-01
2.253054806027894041e-01
2.036646668355924783e-01
1.857235971760545501e-01
2.058218735837233360e-01
2.273268172001531584e-01
2.079908171300706987e-01
1.891581912197601023e-01
1.997018214625153609e-01
2.222860933480813594e-01
2.129578357561314750e-01
1.874244397303138354e-01
1.968599880458476725e-01
2.246868486426648326e-01
2.193228090937638375e-01
1.940240016959079994e-01
1.904247184053383113e-01
2.152496883323071208e-01
2.208365379728755573e-01
1.942051322944529368e-01
1.902772557005820986e-01
2.148170880243915337e-01
2.256015602896896677e-01
2.026428951986240234e-01
1.859270576310630974e-01
2.064032248132668390e-01
2.259005923897857704e-01
2.048853664789380136e-01
1.886105600151831430e-01
2.024300812195901356e-01
2.237526143616107577e-01
2.120843401804245187e-01
1.866377383490560316e-01
1.973944220356491641e-01
2.253264451934100798e-01
2.167362378616817520e-01
1.927568640403136968e-01
1.922092963081680206e-01
2.163914159192305564e-01
2.199157044358782953e-01
1.922928031087701162e-01
1.905271724060150218e-01
2.173267726338934391e-01
2.249813589312047168e-01
2.013270057286435100e-01
1.865789469917254195e-01
2.071835130363534339e-01
2.247020462631188209e-01
2.020188604870237770e-01
1.880338695076292088e-01
2.053526922719945136e-01
2.253104093106069739e-01
2.112157283536730268e-01
1.863410202420129891e-01
1.980327672945785544e-01
2.251870421631191610e-01
2.139070816333155378e-01
1.913133763713832369e-01
1.944566601497337843e-01
2.183346984695488380e-01
2.193978888448428755e-01
1.911080211499338322e-01
1.908407791777771423e-01
2.193018714386590073e-01
2.236939355014835318e-01
1.996223858469568790e-01
1.877829022585564556e-01
2.084779269669273793e-01
2.241341975480778403e-01
1.997779163983666173e-01
1.876044220474362700e-01
2.083038921193978710e-01
2.264316864825818565e-01
2.102038603869845756e-01
1.865297774422807198e-01
1.988855990515182026e-01
2.248257593246271446e-01
2.110483783580445749e-01
1.898774792872709172e-01
1.970357763090898051e-01
2.208065945422868492e-01
2.191531736707819089e-01
1.904537861216999139e-01
1.912279455979117859e-01
2.203740362672688691e-01
2.218017212987190290e-01
1.975752514063566501e-01
1.893382923168617504e-01
2.105246069364841155e-01
2.240171182640642578e-01
1.982869173738534829e-01
1.872841978720572453e-01
2.108355982959483621e-01
2.268326669337546730e-01
2.084787591115664362e-01
1.870426748757110513e-01
2.000809610408672279e-01
2.246579664248549435e-01
2.085507430993102929e-01
1.885101875987765518e-01
1.996068027487159779e-01
2.230800055037596152e-01
2.186669124156176425e-01
1.900977300166328821e-01
1.917806882230427556e-01
2.208161495046741252e-01
2.193083221688025830e-01
1.952676430634718574e-01
1.910354096186021589e-01
2.131239238084239040e-01
2.242182629550402428e-01
1.972293515163817124e-01
1.870125476864371028e-01
2.124557282748827935e-01
2.262611826657739134e-01
2.060527591427593619e-01
1.876532225359972550e-01
2.017700905863333283e-01
2.246136483738800371e-01
2.066889991504234081e-01
1.871824325367199005e-01
2.017899934171661636e-01
2.248447974578319797e-01
2.173328449024174158e-01
1.898798798189614556e-01
1.924746377841202727e-01
2.209302007265422640e-01
2.167457433990328530e-01
1.928653458371528684e-01
1.926932825969205898e-01
2.158452680945189273e-01
2.244406152215243644e-01
1.963931036918817319e-01
1.869003771954311499e-01
2.133361639458060677e-01
2.246604051219880660e-01
2.031345905732500345e-01
1.882701022705036420e-01
2.040467032185996621e-01
2.250655241138335982e-01
2.053597409752614400e-01
1.860905544759150765e-01
2.033687718236704134e-01
2.257997846700231515e-01
2.150997344803673716e-01
1.896347770286631873e-01
1.937146703028352346e-01
2.210787372889608249e-01
2.147818332285342247e-01
1.906538302916461203e-01
1.941784122106710586e-01
2.184760922887639956e-01
2.240226547344076335e-01
1.957484680581552117e-01
1.871544656915429816e-01
2.139754338446827053e-01
2.227261041901521521e-01
2.001331273280747836e-01
1.889481249508363214e-01
2.067673910587308206e-01
2.260417189936361204e-01
2.043876395222920528e-01
1.854418788736718615e-01
2.045754442185767907e-01
2.258392468716678980e-01
2.123521258676950574e-01
1.894372765042362516e-01
1.956772914344276360e-01
2.218809892445372522e-01
2.135174219650856076e-01
1.889802845091680950e-01
1.954919023276870393e-01
2.208549404854611431e-01
2.228889856907041445e-01
1.951402759269139642e-01
1.880284221928745780e-01
2.145817542545752354e-01
2.212191405702542690e-01
1.974345604854045588e-01
1.896644092764484257e-01
2.098482448087377883e-01
2.269847768242732322e-01
2.038269713645480263e-01
1.852963882423389053e-01
2.055978876688847046e-01
2.252364073468184902e-01
2.093660196417556352e-01
1.892620361947053020e-01
1.981506429474624853e-01
2.234589779738301307e-01
2.127475849323666179e-01
1.878456222259623221e-01
1.965293452241436145e-01
2.225097548261428249e-01
2.211461864286356216e-01
1.943677546367650055e-01
1.895015673750196916e-01
2.156058583978656684e-01
2.201751787196353227e-01
1.952215853552395630e-01
1.902594113109127572e-01
2.129424820400286078e-01
2.274016522924995898e-01
2.031546575500436380e-01
1.856763107546973712e-01
2.064796410625304446e-01
2.244842172313290807e-01
2.063382642873553829e-01
1.889334361430140552e-01
2.010009060960043503e-01
2.253164414641968538e-01
2.123686824870769096e-01
1.871764264861702776e-01
1.974255008899122310e-01
2.232665245039726354e-01
2.186745225311156615e-01
1.933257412769505690e-01
1.913815222762101365e-01
2.172951634492025497e-01
2.195307885898657718e-01
1.935278727605606597e-01
1.906087516440567176e-01
2.154440561662867570e-01
2.270580932646207584e-01
2.019630903584556103e-01
1.864189951277117063e-01
2.073753506811924219e-01
2.236405156695173146e-01
2.035804815711573790e-01
1.883801951370177030e-01
2.038853527592149606e-01
2.269191886507099798e-01
2.117579104216795183e-01
1.868233505374736203e-01
1.980496861749587445e-01
2.232939581192592560e-01
2.155553145294065442e-01
1.918372984628919919e-01
1.934259928612998836e-01
2.193562022531876654e-01
2.192328121195088741e-01
1.921553116645055292e-01
1.908530902164263798e-01
2.170204761357538426e-01
2.255572591531010418e-01
2.001390268788619253e-01
1.873156491126573842e-01
2.088310421694732910e-01
2.229972073663113452e-01
2.012651773300338509e-01
1.877512472668823873e-01
2.064417836862770805e-01
2.280191162408964634e-01
2.104742528266162205e-01
1.867566636879187669e-01
1.987907345646439672e-01
2.229821138131854730e-01
2.125273216662668385e-01
1.901860218881241404e-01
1.956398504967811203e-01
2.216354403721884081e-01
2.189826251486750031e-01
1.912011263266565619e-01
1.910925619790604102e-01
2.179633404634405136e-01
2.231491287971550941e-01
1.979219091606566339e-01
1.884900033063806046e-01
2.108488735569535866e-01
2.229586727077004227e-01
1.994730341376226568e-01
1.872736717518152516e-01
2.084851421053970921e-01
2.282210646659252884e-01
2.086338556657259813e-01
1.868905815543536741e-01
2.000197045895552861e-01
2.226697857655897395e-01
2.099936194751931551e-01
1.886429687986601877e-01
1.978565688649089604e-01
2.240114441765257980e-01
2.183207971543855985e-01
1.906363850739962174e-01
1.915894654992536805e-01
2.184575313741668190e-01
2.205605560149829225e-01
1.955355558688215145e-01
1.899479589748247488e-01
2.134414047605674158e-01
2.233923679452795297e-01
1.982773186307606461e-01
1.870199187184973799e-01
2.100402328130935858e-01
2.273725082695907118e-01
2.063150286243660703e-01
1.873012952781239748e-01
2.019091076095506365e-01
2.230209304488014743e-01
2.081080107467560558e-01
1.874687400789284142e-01
1.998706995576351453e-01
2.259628439973473957e-01
2.172221095027436488e-01
1.903379424742012438e-01
1.925746782526051859e-01
2.187119477404698975e-01
2.183419417191291290e-01
1.933281831717443278e-01
1.915497566965974618e-01
2.165551454711061863e-01
2.237678225225805395e-01
1.976243684279253565e-01
1.871674678217074006e-01
2.112141930823440428e-01
2.260248858493334456e-01
2.036988243392581499e-01
1.879684303999692996e-01
2.044818780666096680e-01
2.240475036716853274e-01
2.069498495879785183e-01
1.866758376689556798e-01
2.015524099431682536e-01
2.269844695665879930e-01
2.154998914712394353e-01
1.900903058704961068e-01
1.941841530646161162e-01
2.194329208785535390e-01
2.165250358754268467e-01
1.914607664064786052e-01
1.929927845728360569e-01
2.195508679825492471e-01
2.237755970039762565e-01
1.969548502898920694e-01
1.876975546071811274e-01
2.118908517963596916e-01
2.243968667434500242e-01
2.008879858396157847e-01
1.885230483367039134e-01
2.074990517197204676e-01
2.251473251799817610e-01
2.061718173787483455e-01
1.861426025969378506e-01
2.027141156434478231e-01
2.270122136730281792e-01
2.128903798442978168e-01
1.896970749257808619e-01
1.961770568743748666e-01
2.205451503408932534e-01
2.151892297735482906e-01
1.898369276013429086e-01
1.940193024378429887e-01
2.216954254538072433e-01
2.229220793644262344e-01
1.959994985938732504e-01
1.885782333599297922e-01
2.126043578323149330e-01
2.226470829191725120e-01
1.982252423992019452e-01
1.887977915551050379e-01
2.105284231409101925e-01
2.260780521059088943e-01
2.052475299192015878e-01
1.859264198293345549e-01
2.033518736777447100e-01
2.263019426120525535e-01
2.097580092240451666e-01
1.890187469869595849e-01
1.985418708620019235e-01
2.218663089992037596e-01
2.143214288943955936e-01
1.884920791420739428e-01
1.946424515315547943e-01
2.229642219379893153e-01
2.209682542586708653e-01
1.946913232466597199e-01
1.898104724498516360e-01
2.136476605864387479e-01
2.212284342894349776e-01
1.958474561903052191e-01
1.888235424967954768e-01
2.131444640403635238e-01
2.265111441751709032e-01
2.039001576194602317e-01
1.860914430736621550e-01
2.040537359395319661e-01
2.250927008627234549e-01
2.066769792536247152e-01
1.881220139592363894e-01
2.011667500673187392e-01
2.235560263178402174e-01
2.134985753870576597e-01
1.876764467241263667e-01
1.950966781060070598e-01
2.235106207443086912e-01
2.183133906460844320e-01
1.930769849548479578e-01
1.915028883417563554e-01
2.151215105277215767e-01
2.205327128528532521e-01
1.939898553993248120e-01
1.888449564904235711e-01
2.153331465000959677e-01
2.260496153824613774e-01
2.022583882377047837e-01
1.866772973301130401e-01
2.051258250141127781e-01
2.240512824091407951e-01
2.039633524726732206e-01
1.872363921852236712e-01
2.038222814817934880e-01
2.253851834452945957e-01
2.124358650647647784e-01
1.873553699722053378e-01
1.957757654349667475e-01
2.234317210518707020e-01
2.155651171802726029e-01
1.913456927177611677e-01
1.935898337677340875e-01
2.172973413727722347e-01
2.202173490699217417e-01
1.928223772538273373e-01
1.889809743014217724e-01
2.170348688730852349e-01
2.247735341267178277e-01
2.002449558948732333e-01
1.877323934888788515e-01
2.066959471256671621e-01
2.237302556191289316e-01
2.018388193885383985e-01
1.865551755401554379e-01
2.063914630481803181e-01
2.267279490213594539e-01
2.111837075321475188e-01
1.874811133021603571e-01
1.967977820145606627e-01
2.231306162633719115e-01
2.129632946696077556e-01
1.896827877320089728e-01
1.959140715484120610e-01
2.200741987864503479e-01
2.199870690015443553e-01
1.922717758407339883e-01
1.893541828379683156e-01
2.179958066048733600e-01
2.229877647660702678e-01
1.980000869310278577e-01
1.891364339616417312e-01
2.089691287396392150e-01
2.239385897818423898e-01
2.004907224366275220e-01
1.860648573808765804e-01
2.085624618686646170e-01
2.271736718317239334e-01
2.092609412430364302e-01
1.878516071333239112e-01
1.981720733233018061e-01
2.231197823769212607e-01
2.106438368665909111e-01
1.880938933848426975e-01
1.980749791532910864e-01
2.226049088253728991e-01
2.193337870405502876e-01
1.918173327283217711e-01
1.899941428737834392e-01
2.183185301083526431e-01
2.207878897139702867e-01
1.955213145919649231e-01
1.905248024349947000e-01
2.118341121769899416e-01
2.242217482662003658e-01
1.995641264481753108e-01
1.857825973780256046e-01
2.099684945068645558e-01
2.267759801036920986e-01
2.066463765086733462e-01
1.882069725665409254e-01
2.000970723552201180e-01
2.234300851815872735e-01
2.089808823892882195e-01
1.867148143673570404e-01
1.999125413151129349e-01
2.244780587419406281e-01
2.178759135774840094e-01
1.914151378761923539e-01
1.909238614080248087e-01
2.186086154423420858e-01
2.184999682505228691e-01
1.930309226782514487e-01
1.917586044837412129e-01
2.147614317408158002e-01
2.243319407981405611e-01
1.986234902106755462e-01
1.857760826750476379e-01
2.106880798089107998e-01
2.255194938998724141e-01
2.036074111123280239e-01
1.884358260596803170e-01
2.025375922114290572e-01
2.239698039160935017e-01
2.077311338227269821e-01
1.855854277076930126e-01
2.011779949410127111e-01
2.255433138269177518e-01
2.155067893151776937e-01
1.909053982889307721e-01
1.922622773265280360e-01
2.190041922716619571e-01
2.167192671120015124e-01
1.907798918580243530e-01
1.928261312038939967e-01
2.174682489941647257e-01
