5.631578947368420796e-01
6.236273686596416344e-01
5.789994758638921102e-01
5.388119788059978488e-01
5.827800153918287762e-01
6.036095102114070743e-01
5.472374165252377187e-01
4.821905519104493498e-01
6.486176378884803695e-01
5.153111908298249055e-01
5.107403540465690339e-01
5.187919221590543417e-01
6.293535347903169708e-01
5.302117900040437259e-01
5.412756963713066805e-01
5.771308832861028471e-01
5.627836060415084551e-01
5.989406242488958254e-01
5.874359174263853456e-01
5.310765866046573969e-01
5.925218597214233496e-01
5.990177463441327399e-01
5.413999037238521606e-01
4.909426317932282235e-01
6.266137805610911826e-01
5.496825258623061483e-01
5.453843206564066293e-01
5.472747223100354885e-01
5.729680872905277278e-01
6.135036310572103968e-01
5.670825031434739705e-01
4.833507882237699782e-01
6.294422146439044852e-01
5.535666913845572745e-01
5.192638024120398432e-01
5.408515485633382802e-01
5.873668562699529971e-01
5.970427930642298042e-01
5.815818548395496057e-01
5.176888402115968901e-01
5.777921563966348373e-01
6.293490697910848475e-01
5.559125996055603869e-01
4.699753288995882627e-01
6.363308648790052535e-01
5.587382839493714171e-01
5.022301832969889857e-01
5.168058157302027888e-01
6.069960029798628920e-01
5.855621140941537073e-01
5.685866727893050809e-01
5.257576962721327574e-01
5.594883664693126590e-01
6.368033231491464496e-01
5.794232465956199452e-01
4.577862148265539610e-01
6.134175691735574976e-01
6.032357271168963253e-01
5.265215576580181134e-01
4.867562099110898099e-01
6.292591921494389284e-01
6.488704413255188541e-01
5.532780409529389765e-01
4.476176404318892299e-01
5.641229712898149229e-01
6.660603002403177042e-01
5.737591776943423705e-01
4.714876381845745645e-01
5.478679328575450924e-01
6.488415131836483551e-01
5.993864398255707160e-01
4.730951631906997745e-01
5.555107274283457297e-01
6.572859486939311990e-01
5.758510064632883507e-01
4.485177248487827173e-01
5.760729004972142686e-01
6.591509024243823456e-01
5.583148250681232438e-01
4.595896346870018689e-01
5.559913952898004608e-01
6.830757093073420716e-01
5.910355394424678943e-01
5.357822489255062992e-01
5.614246743083223246e-01
7.149373516711612364e-01
6.597403349652934956e-01
5.271508690739358238e-01
5.066179519120858066e-01
7.019321389902410946e-01
6.389188403666318239e-01
4.679720002357946051e-01
5.424244053361583218e-01
5.166197667023222362e-01
4.731336686598803798e-01
5.240164879960539368e-01
4.514498426834296918e-01
5.470046597784691267e-01
5.613410235683262695e-01
4.839369180854853902e-01
4.690169976318423473e-01
6.090780444750781841e-01
6.663472195050597069e-01
5.459696705836948327e-01
5.665354022678122936e-01
5.000801532105428882e-01
5.337283573598701203e-01
4.742948358963692268e-01
4.921565588437338823e-01
5.290965781961660674e-01
4.762556831084912012e-01
5.178491461929684014e-01
4.792182711469836764e-01
5.399414600301079004e-01
4.584349611600813668e-01
5.042734106432908980e-01
5.019230503016072209e-01
5.060803373412804396e-01
4.738531535709830655e-01
4.306111815903033158e-01
4.789085790302169965e-01
4.771867847151959885e-01
4.729295062181786968e-01
3.981124015826510432e-01
5.124410080452150851e-01
5.166422718477104992e-01
4.438660423200894156e-01
4.642956503562890580e-01
5.349027285694339939e-01
5.582328606971306284e-01
5.206337102148507201e-01
5.367703384597120042e-01
6.526512493475833399e-01
5.668047319125535388e-01
4.745813500453996414e-01
4.350760050615607444e-01
5.441900385884229641e-01
5.857906245098761788e-01
6.479734187647731014e-01
6.011331141889070251e-01
5.234401354369200288e-01
5.401043503441922411e-01
5.141106639986674498e-01
5.600056297754583134e-01
6.297792111929322312e-01
5.529648849421662238e-01
5.277706129582137029e-01
5.064842817441771450e-01
6.108172615878513234e-01
6.622946761332686449e-01
5.421780377007014984e-01
4.160084781166867862e-01
5.189403962936991466e-01
6.234154489858007020e-01
6.752776586452594598e-01
5.390578444822314852e-01
4.994184472358437210e-01
6.736536259389307446e-01
7.040720954632225803e-01
5.777417902848371867e-01
5.349921977675795581e-01
6.226814348260517606e-01
6.841156692331330502e-01
5.311211815849636864e-01
5.351287281710119803e-01
5.067708741267707984e-01
5.227411628370720598e-01
5.208712465278002579e-01
4.957520550322810915e-01
6.570139783889535900e-01
6.730192866413049479e-01
5.149575929729039991e-01
5.536177688959795784e-01
6.762348632056424114e-01
6.974048811465506370e-01
5.301891963567709753e-01
5.397220516194162210e-01
6.267276333428879465e-01
6.822356922848730187e-01
5.411111341003985720e-01
4.275617251862837143e-01
5.424921342733605156e-01
6.460808729260870686e-01
6.047548556150822430e-01
4.729532672342976474e-01
5.462813595171567282e-01
6.295785878328976626e-01
5.788467286211759211e-01
4.513154693632867587e-01
5.955610765284284902e-01
6.383707421156540329e-01
5.623257534070500441e-01
5.114949669806049259e-01
5.898338918294162569e-01
5.812659252850270741e-01
6.099383708728967068e-01
5.294336790543344717e-01
5.149804139755438381e-01
5.544297784389123906e-01
6.474434759312888144e-01
5.082278218589515451e-01
4.837981254242231244e-01
5.227207456924723994e-01
6.330159367735500586e-01
5.901352064445043455e-01
5.273207512139582720e-01
5.593745096955554663e-01
5.642283482896452984e-01
6.081705762457264575e-01
5.984798194611303801e-01
5.541085398128288153e-01
5.672421663475420983e-01
5.783432318055361510e-01
5.751115723850181993e-01
5.048159793282367414e-01
6.497200645692638998e-01
4.857542508944571735e-01
5.283682087400231042e-01
5.850644493460789297e-01
5.835504125188427649e-01
5.482525595591821732e-01
5.631373062026229226e-01
5.999802631822486187e-01
5.625390259366220835e-01
5.685513414405211075e-01
5.722233285624764854e-01
6.127183179875562713e-01
5.445059938764593710e-01
5.119865456845266172e-01
4.353242441170794841e-01
5.424518240188266338e-01
5.103384546252338616e-01
4.400289374762582639e-01
4.710498961684895236e-01
5.204570828712588026e-01
5.193650402372501640e-01
4.370781556175182270e-01
4.886912612417603774e-01
4.943066574449230810e-01
4.599478168297584380e-01
4.634111722643560194e-01
4.354754852228632789e-01
5.027400998491331485e-01
4.547240325543023265e-01
3.544164914566526048e-01
4.367585080221304539e-01
4.653417464521434899e-01
4.547068538553312167e-01
3.805097438627910167e-01
4.093841985563412833e-01
4.584802651742261315e-01
4.136626413170845784e-01
4.728522724296015389e-01
4.551166882683158055e-01
4.180833529519739078e-01
3.976040630902002437e-01
5.034327964227338637e-01
4.371325584281273713e-01
3.384462984933453988e-01
4.607340805187624122e-01
4.984648846396230737e-01
4.252480030945523515e-01
3.543565824405304765e-01
4.266601830776309834e-01
4.370312221125439156e-01
3.439453058150829245e-01
3.902729949701994050e-01
3.684805356217404904e-01
4.019338568563876612e-01
5.018432254861704411e-01
3.930710404906180289e-01
4.043439295084651497e-01
4.558804512508821682e-01
4.565751736777062253e-01
4.698030408488209075e-01
4.335978125272333394e-01
4.665901127840785256e-01
4.496301132396848810e-01
4.503628967814033435e-01
4.034666225534825901e-01
3.809070473683607294e-01
4.605320561844934435e-01
4.013809017175291594e-01
3.992401651627420778e-01
4.504550462805426148e-01
4.484540891815427255e-01
4.110021520430067743e-01
4.334938870471906625e-01
3.498276487439485605e-01
4.069572767116313994e-01
4.986392730477863799e-01
3.440207708651457641e-01
3.588432127079005385e-01
4.313025178807531335e-01
4.573032899021186592e-01
4.251966103345514725e-01
4.658859853136059770e-01
4.062877912867520758e-01
3.963652009650706076e-01
5.016604168977780720e-01
4.516140449292634362e-01
3.998085562838929463e-01
4.981934210068345026e-01
4.384423521152319148e-01
3.973959052194469543e-01
4.084229594276285180e-01
4.358688944146280053e-01
3.839365160775725649e-01
4.522664896267346579e-01
4.146577869644696435e-01
3.681354874989380965e-01
4.082548738726392012e-01
5.054854131089652203e-01
4.077473327934855174e-01
3.737511633067830963e-01
4.219283690749312532e-01
4.532029965095004109e-01
4.365933048220260737e-01
4.471062784829840653e-01
3.998011534489208652e-01
4.401385637763723935e-01
4.564784887380002876e-01
4.212006797193151852e-01
3.475428336996275180e-01
4.769338467081875033e-01
3.996987767145275816e-01
3.813654797766553584e-01
4.316839385597893153e-01
4.172842271414285986e-01
4.340510802261284828e-01
4.557347740066309272e-01
4.823427984387204104e-01
4.425422553353672295e-01
4.266420572016994539e-01
4.514308423128851055e-01
4.125788369457573657e-01
3.369994856409093131e-01
4.601860454296421987e-01
3.714445097826209463e-01
3.582118515596127151e-01
4.039391239633991493e-01
3.986929627526843434e-01
4.419504480073465635e-01
4.507411729524206101e-01
4.152835909399528735e-01
3.861993737258261894e-01
4.593236808088691503e-01
4.339578746585340818e-01
3.838783374374836188e-01
4.182960608301203864e-01
4.809083718452468181e-01
4.817898301734116484e-01
4.030439786717331940e-01
3.838241112013169309e-01
5.023673459425966881e-01
4.263205065821532025e-01
4.157937232223557489e-01
4.606565802446503932e-01
4.340391265822876599e-01
3.888764051533988853e-01
4.131745919830451252e-01
4.106501306966847120e-01
3.561745091325738133e-01
4.517949919684395854e-01
4.768218064389868061e-01
3.441346501368686694e-01
3.539638064581836496e-01
4.595519019248611725e-01
4.720391257020035702e-01
4.252002197519255122e-01
5.074929161936316824e-01
4.813217622003011509e-01
4.735148680333767790e-01
4.964124050688638046e-01
4.040704710416013756e-01
5.048874165239476408e-01
5.147733160850020973e-01
4.473592929476491453e-01
4.204878925872795881e-01
5.242373640526107881e-01
5.313230272258904208e-01
4.303771791877358810e-01
4.978674994452357283e-01
5.399835805468010674e-01
5.806650297096275226e-01
6.152376721404536619e-01
6.134358139176132596e-01
5.406095195435463019e-01
4.827038061071967090e-01
5.295258915604876826e-01
4.714400427104719071e-01
6.608337781968025570e-01
5.742790916170669169e-01
4.886209044090927822e-01
4.438091186896854223e-01
5.970909377816718822e-01
6.458982659087945111e-01
4.934330996095642186e-01
5.007763318682304510e-01
6.050584692902798434e-01
6.077168460525660398e-01
5.131417371531766802e-01
4.966546553760145533e-01
6.381330163649898690e-01
5.203926657329818184e-01
5.645304364118028939e-01
5.787546509912904202e-01
5.681895075827243513e-01
5.410027775480419354e-01
5.974952854689933313e-01
6.049968684279611875e-01
5.534594800633797496e-01
5.005899716448632963e-01
5.377703323666978008e-01
5.131521437561719079e-01
6.396938901405538891e-01
5.396822027038736813e-01
5.190769855497445739e-01
4.437107265051779548e-01
5.838125716383288921e-01
6.631848643186879499e-01
5.276998455251941111e-01
5.155100727386713322e-01
5.584359568795088657e-01
6.399615278231096660e-01
5.354324819072224795e-01
4.728499516863384766e-01
6.137904032049168457e-01
5.722095806332814227e-01
5.710448658050591986e-01
5.476156320083145346e-01
5.480806246417505578e-01
5.874724066134758838e-01
6.022892856587201971e-01
5.412967715936752855e-01
5.238405082729954421e-01
5.973796078796835829e-01
6.242144675486005490e-01
5.730138628065969408e-01
4.779113068263287634e-01
5.612273169286224883e-01
5.619740418360186229e-01
5.850010137105231545e-01
6.051755770551345837e-01
5.651868696582780238e-01
5.257658501648967420e-01
5.731787388868015976e-01
6.356229102299929545e-01
5.627669162281555559e-01
5.302310891661988768e-01
4.408152275278342525e-01
4.610130282677912805e-01
4.873686957364984917e-01
4.372287858666851768e-01
4.384683735971840468e-01
4.411547269831406215e-01
4.889293492046879464e-01
4.469778795958393447e-01
5.186384634146560257e-01
4.573654445313082850e-01
5.304749965862045613e-01
4.713792311298561910e-01
5.249938285567276042e-01
4.558404809522978440e-01
5.385798480761904150e-01
4.629033468125707262e-01
5.107404780893493035e-01
4.672642133064873193e-01
5.262144925972049858e-01
4.456878173778292540e-01
5.153028702749118395e-01
4.994966508782170411e-01
4.769166104970307130e-01
5.238788507645081305e-01
4.092257386310862444e-01
5.175799425297840095e-01
4.705558596465972410e-01
4.743569995504332004e-01
4.470395313391056225e-01
5.137896801615625675e-01
4.531202232366449145e-01
4.739361794034612219e-01
4.138739501956147371e-01
4.338253603942829328e-01
4.921448001597611976e-01
4.367243594787991179e-01
3.276661490415594402e-01
4.538042194840642973e-01
5.006806557332543761e-01
4.870283362112984293e-01
4.629110357755453209e-01
5.098923184126119557e-01
5.178071456174471177e-01
5.261935520463008054e-01
4.528305610174145901e-01
5.336133923927792733e-01
5.347498479671006777e-01
5.557249066661777981e-01
4.753242269329591707e-01
6.440192517071362532e-01
6.887044872173043730e-01
5.015176762044446512e-01
5.617988347243649816e-01
6.741855209269058680e-01
7.198571877286521481e-01
5.702884476072443976e-01
5.544419041764044875e-01
6.299527966149361946e-01
6.684590370403636905e-01
5.331250583755519079e-01
5.647133609684835687e-01
5.562225580061449515e-01
6.745716931218165291e-01
6.552001867440728766e-01
5.978317750468589153e-01
6.128390001791036434e-01
6.944599334392578260e-01
7.045140811115622181e-01
5.480708065642867499e-01
5.679184746220837798e-01
6.797466938145426685e-01
7.374044223220348471e-01
5.823881938736812369e-01
5.651279057981151155e-01
6.468147135510609047e-01
7.278085311268798208e-01
6.526386077970909305e-01
5.885104906605719277e-01
6.098226646826405695e-01
6.922618192791641922e-01
5.993792039610473799e-01
5.526879208284198874e-01
4.627662108887694026e-01
5.448174389609610202e-01
5.097393954898329360e-01
4.766023757489087909e-01
4.960915013621382541e-01
5.270978152745229295e-01
5.268957904654695268e-01
4.428756634059073383e-01
4.195510596544085868e-01
4.804142649843259338e-01
3.911150774370971139e-01
4.399617744467477221e-01
4.084807688938176251e-01
3.900165893891150426e-01
4.140594857595574219e-01
3.965822925852340308e-01
3.257226951645295077e-01
4.016041247674848602e-01
4.373503846896419356e-01
3.329353068576210717e-01
3.739370615277666787e-01
3.387528463237695631e-01
3.783857749792755576e-01
3.946107298327324875e-01
3.058803747907513082e-01
3.741164601214398977e-01
3.753466554962347490e-01
4.110939652738044292e-01
3.379793690013178087e-01
3.132811268602183619e-01
4.178713956307053001e-01
3.542535118851485310e-01
3.557524012964582427e-01
3.680956448344492871e-01
3.382408534131879918e-01
4.629655675911785728e-01
3.565600630529369153e-01
3.720045898577717391e-01
4.324865006208353235e-01
3.758777421140798713e-01
4.030108510776436170e-01
3.922091963453950281e-01
3.766612753217398746e-01
3.931708219153422501e-01
4.200969665328648794e-01
3.525643368851847925e-01
3.432254548716721643e-01
4.727286448003504282e-01
3.459136371485441730e-01
3.814451287112919364e-01
4.215456000609644205e-01
3.760798515158413902e-01
5.138874431583875246e-01
3.837008932537701589e-01
3.351913087195243501e-01
4.082278705901656313e-01
4.483521980397560114e-01
3.882488586924422447e-01
4.074649729784228791e-01
5.086092361434387810e-01
4.135546368240347048e-01
4.689875035594276986e-01
4.295097334406119960e-01
3.988692477541869730e-01
4.704446220245362964e-01
4.628019385792589424e-01
3.591879448901954541e-01
4.226484175736796023e-01
4.959089483417797317e-01
3.817250826391022644e-01
4.297193841567690242e-01
4.264588292667054192e-01
4.295259545696578640e-01
4.593786338206989894e-01
3.861861454571515750e-01
3.826466632092308529e-01
5.083389481652142994e-01
4.007806253039639111e-01
4.365076464992730942e-01
3.805080775627709411e-01
3.180895444080151790e-01
4.644752427798800043e-01
4.358887184505739198e-01
3.273314119509170839e-01
4.055669227832010004e-01
4.674137105042587281e-01
4.579317039406982648e-01
3.727619267656959723e-01
4.475969172552523578e-01
4.524180110371742725e-01
3.932979009214890298e-01
4.035285256295816358e-01
4.094834800715830281e-01
4.053320671655581964e-01
4.560371826399959305e-01
4.845890476633529786e-01
3.622376229891353105e-01
3.393848308823045334e-01
4.816458129022036516e-01
4.720612802537800246e-01
4.047950636914448008e-01
3.700995869627390911e-01
4.931440326368287108e-01
3.944694487431143481e-01
3.888016823129218924e-01
4.074155842797404503e-01
4.051857820039629354e-01
4.291396677165358886e-01
4.808522363905712860e-01
3.865795741732212520e-01
3.883826857507713393e-01
5.089183937759939047e-01
4.514911858148776824e-01
4.778716582112182976e-01
4.289012953334411238e-01
4.277872314505012374e-01
4.920366709496336588e-01
4.119467292253822244e-01
3.199807708887111302e-01
4.425459891793769862e-01
4.102756849019620344e-01
3.349522092494067738e-01
3.870450569436364452e-01
4.147171542900520702e-01
4.228940038648387190e-01
4.155769910283069191e-01
3.675339666301357111e-01
3.711691844932678563e-01
4.762975897609822429e-01
3.835821518151039111e-01
3.800622849530299052e-01
4.240807029326433830e-01
3.742030110720867553e-01
3.969037591659095310e-01
4.050765806181825801e-01
3.873666904799303867e-01
4.221334404413343844e-01
5.097474919553762751e-01
4.250663060414964223e-01
3.160438388296660794e-01
4.320465133546516623e-01
3.959252205737270880e-01
3.333653592644663655e-01
3.872914474164522725e-01
4.145519414154262838e-01
4.082315622700372626e-01
4.177120721793244895e-01
4.105083184676556196e-01
3.545212615349050966e-01
4.528002327542390293e-01
4.615511655923600354e-01
3.373292599301943584e-01
4.320979283820525763e-01
4.812928271230154098e-01
4.026103411418656686e-01
4.133483867595383887e-01
4.562300258149843968e-01
4.159884682855482518e-01
4.478120008203401725e-01
4.147877457262733603e-01
4.812417841588803036e-01
3.961492321030525843e-01
5.099141903141174437e-01
4.540150112376948321e-01
3.178620623943403944e-01
4.176582386603077679e-01
4.146584577561217011e-01
3.974348581969607830e-01
4.348441172710004188e-01
3.928588815641172460e-01
3.756839771209715684e-01
4.192372185444531163e-01
3.959291619412319552e-01
3.276052588947470645e-01
4.414075900622732029e-01
4.678028655472024622e-01
3.944628818076030830e-01
3.935508963138589777e-01
4.370247472528070443e-01
4.296411083114153318e-01
4.346378356978627400e-01
4.610103573117721454e-01
3.437211544124904594e-01
4.838655341633089635e-01
4.945203972138499937e-01
3.406022573653632035e-01
4.294980376750276441e-01
4.362638046854042106e-01
4.267832272105142044e-01
4.124091705635863914e-01
3.944717473518706830e-01
3.626337138495938639e-01
4.168353047363962394e-01
4.553639850847376880e-01
3.135503620646252210e-01
4.093713715969140576e-01
4.382330834200053316e-01
4.172261899569747468e-01
3.291691207614298453e-01
4.035435024883340382e-01
3.889246569603508341e-01
3.526452663969776302e-01
3.947335432462913962e-01
3.323922473644304598e-01
3.908575463485406964e-01
4.477644204750415580e-01
3.038053081223767160e-01
3.800290587872836023e-01
3.644651975472461003e-01
3.713484124121895213e-01
3.975128873419356834e-01
3.086952569888609110e-01
4.433435552092421794e-01
4.670074552633945997e-01
3.541336306261939071e-01
4.481989024340349292e-01
4.005393040738871591e-01
4.406264415045619276e-01
4.941937007534379367e-01
3.605368659671362996e-01
3.602796150618534088e-01
4.302406497625620441e-01
3.945996196284524138e-01
3.323354901124271343e-01
4.444641486934943209e-01
4.395461425182240478e-01
4.355672568650345022e-01
4.354495250486721813e-01
3.129033592881652615e-01
4.152947267522100749e-01
4.527829371367930178e-01
3.223923427195935498e-01
3.867032496315124246e-01
4.120357052181844448e-01
4.237012963921555908e-01
3.872880306091908698e-01
3.971831618671570197e-01
3.560607722284017118e-01
3.821637665529327155e-01
3.897179660137854440e-01
3.542714037925017156e-01
4.098237588614873084e-01
3.905453590648261808e-01
3.883067081043624080e-01
4.363456609803386677e-01
3.216951205257833069e-01
3.826330046842479904e-01
4.441527680580028004e-01
3.223072973723760670e-01
4.032899747350630060e-01
4.164230974522089568e-01
4.415557669744429314e-01
4.328432865535061236e-01
3.044808572323018936e-01
3.962436132929340604e-01
4.466204188432185140e-01
3.362075345090678735e-01
3.835107642950171813e-01
4.060696413820191197e-01
4.192241751575669917e-01
3.959824612236923502e-01
4.020652471536627082e-01
3.694720807204945334e-01
3.736918529768769037e-01
4.085815747871631709e-01
3.157451170261570961e-01
3.713461799292299137e-01
3.514411078179872083e-01
3.815508451218656005e-01
3.265878781736890057e-01
3.320390737684980609e-01
4.063797707849172713e-01
3.739231835050426667e-01
4.247492361542919426e-01
3.116521873223896399e-01
3.540000380196392515e-01
4.119039660768120670e-01
3.243966496277899680e-01
3.901122401341904911e-01
3.594087394145950021e-01
4.239608936807465200e-01
4.648809152009591994e-01
3.175598962715945328e-01
3.856587545413898144e-01
4.404507775848682805e-01
3.511080851691349425e-01
3.851406813658760919e-01
4.019295064892224323e-01
4.148191485075413132e-01
3.913120475109167495e-01
4.031814145577451991e-01
3.552612695035958223e-01
3.647486495366996095e-01
4.257586001858614799e-01
3.411285105262803485e-01
3.610666959584978297e-01
3.253181551201039801e-01
3.907211291999418412e-01
3.122051506952949196e-01
3.539583861695035361e-01
3.829710442099669709e-01
3.686055867106587947e-01
4.365271467967377639e-01
3.123435184976822709e-01
3.517435083606160751e-01
4.255013615128753202e-01
3.376319598566228652e-01
3.839234267033440617e-01
3.491825001591498112e-01
3.977933748611178766e-01
5.067662730755808642e-01
3.515936974402353865e-01
4.037934207417463450e-01
4.621781984897028739e-01
4.745615718818406159e-01
4.923220123385835811e-01
4.588961375515426266e-01
5.501239813650405930e-01
5.360050264349844884e-01
4.974785243800087242e-01
4.901377365510828366e-01
5.403430684624596081e-01
5.419453168441765722e-01
4.073381885978112904e-01
5.162179457090264600e-01
4.770788075867575251e-01
4.628932921105758380e-01
4.768957270041584429e-01
4.297560515071654486e-01
5.431234992262419237e-01
5.417321767014927625e-01
4.684801056355712423e-01
5.663583244771004388e-01
6.931567148595512151e-01
5.187324024755256557e-01
5.278353940206456096e-01
4.780251301288376831e-01
5.605119028811528237e-01
6.510412143545469821e-01
6.004736969855934969e-01
4.995670463533561922e-01
5.861852217424250444e-01
6.426731344670376656e-01
5.866678388171434610e-01
4.528093420358391685e-01
6.092680245472855693e-01
6.001039815848928649e-01
5.190729035839722894e-01
5.115328759755907173e-01
6.517592592553853592e-01
5.434091487531867992e-01
4.834157455467160691e-01
5.407065741929696356e-01
5.813638734337969183e-01
5.943311933495570853e-01
5.645555278636544827e-01
5.181297761488937725e-01
5.825962118075315166e-01
6.206959432285972245e-01
5.941123373210746017e-01
4.784488412825343429e-01
5.853184467006379288e-01
6.450261365322522700e-01
5.529806085671481464e-01
4.806361782311338593e-01
6.435832105481645860e-01
5.861413191860750382e-01
5.247854835948594365e-01
5.071622363587079407e-01
6.292943927322388609e-01
6.367515003620458636e-01
5.564145618995716136e-01
4.338541651255764520e-01
5.415575093887429192e-01
6.572221949258940654e-01
6.092669721752103085e-01
4.842057906039090587e-01
5.635680310515359670e-01
5.815520168779332311e-01
5.886625134311903595e-01
5.126676212509599928e-01
5.679951623750698619e-01
5.841072772107857025e-01
5.855033993181344432e-01
5.011098765766018870e-01
5.743249018058146360e-01
6.262664165807285688e-01
5.932355190803770828e-01
4.495800675878051100e-01
5.662118191590818084e-01
6.466187774971513536e-01
5.232825794007317510e-01
5.208265505282729801e-01
6.343126003866547125e-01
5.760194557106703694e-01
4.908608673196336869e-01
5.423406618294798198e-01
5.940245073996974767e-01
5.793831431965966727e-01
5.530887682674042738e-01
5.045626703381783651e-01
5.758299327046311200e-01
6.374667800113652527e-01
5.669641505885547605e-01
4.756318737020447385e-01
5.678654173032950947e-01
6.376045622875128327e-01
5.190611583790576411e-01
5.314200845526163564e-01
6.232029008298395345e-01
6.071883170809069252e-01
5.383304390923182581e-01
4.594535800786311852e-01
4.811679884428445297e-01
5.925270572926031321e-01
6.257657105290103106e-01
5.009220016887077076e-01
5.523012771603865723e-01
5.601778663197313213e-01
5.962173335284841613e-01
5.321946374856383333e-01
5.605755507733442000e-01
5.872326913920316027e-01
5.976388491135312675e-01
4.663535284511063916e-01
5.396813060607763557e-01
6.365227974570375480e-01
5.135463285890998764e-01
5.566101974892196935e-01
6.065069482477717377e-01
5.560383921757067194e-01
5.367028312500371490e-01
5.502227859925389319e-01
5.740907655231441975e-01
5.869478284296977266e-01
5.921512450732483446e-01
4.843969023962290121e-01
5.444754553775315031e-01
6.145767953156844321e-01
5.088864849847811733e-01
5.752384528535446906e-01
6.066119792824541390e-01
5.477467275966226845e-01
5.044376195876288937e-01
5.632584312964390438e-01
6.112974125577994577e-01
6.411108482157110711e-01
5.829879913162347993e-01
5.621723216018283953e-01
6.019881276772893752e-01
6.906724557422351252e-01
6.104920661809191129e-01
5.061564875370669903e-01
5.807284044843447068e-01
6.774451260304812372e-01
5.839683162685898044e-01
5.228075867320557402e-01
4.143905210059092292e-01
5.249591725003501796e-01
6.223723723554928089e-01
6.653832910382390109e-01
5.725973514802153996e-01
5.212121113128563854e-01
6.830327215784028905e-01
6.965515130590057558e-01
6.084806730272190878e-01
5.717164571226187597e-01
5.958355852646518569e-01
6.560511597516972548e-01
