3.947368421052631637e-01
4.312997124698971230e-01
3.840280019773906206e-01
3.653770616237285718e-01
4.903066041816384057e-01
3.370244067395891108e-01
3.710230695704652693e-01
4.253379972240091678e-01
4.115526892881112841e-01
4.836895672796777679e-01
4.227791673087246127e-01
4.030894977341092922e-01
4.200760625612781074e-01
4.135975504192757612e-01
4.240099124745451142e-01
4.243364765640074143e-01
4.429791962889523260e-01
3.797847081091593191e-01
4.762211943180964524e-01
4.034335731889982513e-01
3.734186970154567686e-01
3.852968163121148759e-01
4.782572549727909239e-01
3.911674443019838021e-01
3.876223752043844173e-01
4.931525003027114051e-01
4.107009033792834996e-01
3.620680018681017853e-01
4.150530776634173691e-01
4.095664287910631418e-01
4.147322431007325338e-01
3.911148569073539805e-01
3.148869073611303970e-01
3.877980402417613992e-01
3.909860348598598878e-01
4.020613564838403931e-01
3.964640573678356872e-01
4.007532611308808890e-01
3.783085245544033359e-01
4.435288289923868255e-01
3.805204833268875930e-01
3.447021229897443972e-01
4.547870225085585694e-01
3.720589903550548527e-01
3.740779240095097324e-01
3.455711290621742982e-01
3.530196579933052026e-01
4.243626752452790973e-01
3.208597773640054496e-01
3.417776668464300172e-01
3.963155380724710519e-01
3.778591798228672638e-01
3.703976585134008959e-01
2.992125944788240344e-01
4.004352817398798559e-01
3.814066908653290788e-01
3.708597181730281522e-01
3.756146946172612688e-01
3.065701134838967334e-01
4.077658343348438130e-01
3.443401019201299817e-01
3.475852308053801187e-01
4.049686597367851970e-01
3.585928725987144738e-01
4.040498962308770592e-01
3.123552347488864345e-01
3.477240251587666586e-01
3.787070361872021951e-01
3.793290870195902831e-01
3.841491976202148773e-01
3.078953914106047907e-01
4.138317716106162392e-01
3.493153562457273487e-01
3.540889219121190479e-01
3.088937646514829383e-01
3.599887588562703522e-01
3.354866044085125787e-01
3.126561541677658762e-01
3.460040245586491481e-01
3.052229490431840886e-01
3.770963697894448297e-01
3.108515624339830974e-01
3.442029664935813416e-01
3.501165075024239570e-01
3.875269942004019863e-01
3.386612983247758168e-01
3.021450354673990701e-01
3.816037729563756531e-01
3.583362252415047688e-01
3.526735651266683091e-01
2.800848966685661190e-01
3.440745334270293720e-01
3.442771161002047831e-01
3.496481943643038326e-01
3.425534736627608989e-01
2.942327557216714573e-01
3.822523622098328855e-01
3.397039989482155686e-01
3.581369075813437552e-01
3.012146782369009013e-01
3.709435570866597698e-01
3.217636304033640871e-01
3.012396160213638430e-01
3.484255349483123543e-01
3.295934531463159400e-01
3.589843541960624496e-01
2.936498477059966694e-01
3.430621021730075326e-01
3.451309098050246438e-01
3.650736650188770582e-01
3.450643858855855783e-01
2.786261499663443275e-01
3.645126190789030884e-01
3.444003736688530659e-01
3.435969314799000585e-01
3.026986857840151535e-01
3.437720072639897650e-01
3.546426481643792927e-01
3.256376847476363245e-01
3.519382304739092637e-01
3.134663455353995931e-01
3.628626751677337392e-01
3.061050416614419789e-01
3.419425178542050969e-01
3.236574453032983190e-01
3.585037387164822231e-01
3.604324118718316705e-01
3.018298287282927261e-01
3.898285177244722455e-01
3.884956561191142410e-01
4.197082004021928658e-01
3.286897778905139567e-01
3.485057826067128883e-01
3.814202810923614240e-01
3.499345504363423065e-01
3.865949251076669646e-01
3.285497122469099862e-01
4.433527348489474385e-01
4.283960525424941879e-01
3.037237976749072033e-01
3.956300633443906034e-01
4.049042712278134726e-01
3.954143294379419693e-01
3.944702603814601027e-01
3.145339610412236087e-01
4.492070620649331603e-01
4.588425888350828874e-01
3.617855954604267676e-01
4.573940571110954312e-01
4.118530300914339248e-01
4.488698522238115940e-01
4.745817786393066728e-01
4.084367684597593473e-01
4.196295132416273943e-01
4.799389751735000931e-01
5.062143027308537713e-01
3.816450648410315005e-01
3.561694326762825380e-01
4.611439557439664938e-01
4.570713733508532939e-01
4.748136739877940604e-01
4.350388863984672727e-01
4.924697588726499320e-01
5.143916734701937665e-01
4.653284099880607982e-01
4.651373604416167984e-01
5.242180022657006999e-01
4.829306488315508461e-01
4.518249412231485351e-01
4.223834235976727247e-01
3.784635543457484652e-01
4.422790159736205151e-01
4.361454826507963345e-01
3.534139911432842007e-01
3.752628246753745289e-01
4.426677489285011924e-01
4.400461432333613865e-01
3.228765312791385678e-01
4.359000248245966658e-01
4.834016742330086158e-01
4.054964022313332084e-01
3.784066375682442751e-01
4.077502559758877099e-01
3.862052396340702187e-01
3.800328624212522821e-01
4.297886618323026320e-01
3.390871709321131022e-01
4.252084715421429184e-01
5.011697357613050796e-01
3.737343230966399532e-01
3.827224055153253812e-01
4.415230118547829874e-01
4.625950227848572016e-01
4.094991792942657138e-01
4.494546633395811175e-01
3.897182322598197746e-01
4.591869787370378431e-01
4.818004382293156751e-01
5.314332367442508032e-01
4.338361026497992157e-01
5.362193148201279680e-01
5.198014384709622737e-01
5.111353486143829228e-01
4.510494204456041989e-01
5.330651961954018248e-01
5.080037982137078911e-01
4.640247432508555203e-01
4.989897830002734125e-01
5.236645854709954806e-01
5.230574037289893452e-01
4.696722155371718110e-01
5.508955576159062506e-01
5.358394887945210350e-01
4.575227696155164114e-01
5.303798033974999049e-01
4.540122344873241400e-01
5.267116535581134462e-01
5.132773924637632490e-01
4.634626930269535316e-01
5.997680813197684424e-01
6.973062642360935426e-01
5.102017055199583595e-01
5.205840246702962970e-01
5.691939332263735718e-01
6.411624579215274844e-01
6.635316764024458136e-01
5.685379035724099639e-01
5.063150770258424416e-01
5.310216229749123995e-01
5.028836230890568748e-01
4.578810728043979927e-01
4.969521181982500813e-01
5.035558683743246444e-01
4.343814048127637162e-01
4.902814340080355326e-01
4.494430269954707291e-01
5.075303304216138844e-01
4.784011990544936865e-01
4.607737594041262374e-01
4.668256283640748738e-01
4.834320345017528719e-01
3.885092720841346048e-01
3.751788336303820692e-01
4.033686874980307868e-01
4.757921155162798121e-01
3.704494992958660693e-01
3.955690977595037738e-01
3.892034288699638411e-01
3.730191097382209997e-01
4.636193009041466584e-01
3.585556892945694907e-01
3.514207946156761575e-01
4.468774255184778665e-01
4.262179427193044101e-01
3.991123412989213137e-01
4.147052133383304917e-01
4.126686619395118494e-01
4.249480024312291548e-01
4.669472379370964710e-01
4.538917545579556623e-01
4.859583853994592362e-01
4.977919390864719573e-01
4.560792810293500810e-01
4.962819949218607585e-01
4.822780803693082485e-01
5.239506031524593377e-01
4.652150385004900635e-01
4.783969838322785773e-01
4.886547873285568833e-01
5.082196204433411246e-01
4.814993541149671374e-01
4.205058963437716679e-01
4.696690962034253958e-01
3.802963837738970176e-01
4.690209952467853660e-01
4.151757739308223893e-01
3.986400580961189100e-01
4.555438668167129945e-01
4.311901802627992608e-01
3.485361647987939571e-01
4.026473668966865094e-01
4.799364885723371721e-01
3.697284785863084178e-01
4.193216663292865798e-01
4.493896132129940879e-01
4.083089431876741338e-01
4.287309451742232769e-01
4.231368405693182178e-01
4.694990352890875962e-01
4.594656811554097553e-01
4.865950794672442292e-01
5.295721697686360807e-01
4.203322029941243820e-01
5.005019215723646164e-01
5.224023479255865965e-01
5.506158427297368485e-01
5.999802732268624261e-01
6.054322134822290868e-01
5.627238483772353250e-01
4.383194038867309072e-01
5.202917153688578766e-01
4.871360381331277245e-01
4.845125464413029270e-01
4.670694968388137691e-01
5.268881351002415725e-01
5.016669237896971278e-01
5.869307434066012297e-01
6.079512372703054224e-01
5.854603354283939298e-01
5.454885854862064898e-01
5.910262703489159719e-01
6.205601726929269590e-01
5.704170342930244830e-01
5.630037644776342276e-01
5.340106490007378026e-01
4.344172305686728186e-01
5.249313433747080371e-01
4.644913793904561494e-01
5.627226205608382159e-01
6.081475266426129567e-01
5.478634924183386490e-01
5.707236172773815230e-01
5.616596239733495644e-01
5.091018951751012933e-01
4.904346243595503752e-01
4.904016388066302357e-01
5.106621678650241636e-01
4.643461373502023037e-01
5.232724253660092639e-01
4.670421589819517827e-01
5.022541627909028472e-01
4.752385221047369379e-01
5.194992492245965598e-01
4.967256364047498707e-01
4.865841684548677937e-01
4.576436155065013445e-01
5.086316660634346842e-01
5.132313248899205149e-01
4.590899607669122751e-01
4.880557279898208312e-01
4.748584243081455103e-01
5.090806064679638254e-01
4.504638269243525506e-01
4.288337404316763801e-01
4.463147661334609384e-01
5.185827083159502138e-01
5.344177224527489889e-01
4.286468814438683106e-01
5.436361005922402123e-01
5.318354629238962739e-01
5.137059027147918844e-01
4.343140698328206706e-01
4.879192009610986425e-01
4.809781796774469931e-01
4.086767827680277687e-01
4.349173346960257813e-01
4.589595301077207812e-01
3.954810960626546357e-01
4.322590066837885825e-01
4.048891066777107195e-01
3.981479177869186592e-01
4.902133051973890376e-01
4.728500915946929894e-01
4.961903659777471831e-01
4.401026310302620925e-01
5.040318693064407274e-01
4.974354612367931083e-01
3.943364757390017128e-01
4.169391181533907975e-01
4.714028584623561891e-01
4.242167621255395482e-01
4.427755383664321864e-01
4.412021900506512551e-01
4.186158403555991225e-01
5.077452054019989669e-01
4.236433848630054011e-01
3.166065551260509592e-01
4.311439609390795846e-01
3.778160472835723760e-01
3.509072935341450705e-01
3.839034147611096182e-01
3.277453751892313583e-01
4.277096132783471671e-01
3.918477113491961594e-01
3.033389821652981433e-01
4.068429468203287325e-01
3.658418486281082016e-01
3.671488433930152895e-01
3.134956846368732175e-01
3.386095177424567337e-01
3.822742245418964679e-01
3.682861224429540004e-01
3.847455395031566527e-01
3.254717266239298690e-01
4.474704945541201906e-01
4.263956331810245248e-01
3.344822140027602919e-01
4.631843876732033016e-01
4.259032128540607420e-01
4.321009535041699934e-01
4.342873535954409059e-01
3.337036608684134098e-01
3.970153214463862379e-01
4.336094096942145204e-01
3.558884940411797260e-01
3.658449615535941390e-01
4.736010189548893190e-01
4.470619094250148362e-01
4.192066917486088617e-01
4.286740345053219881e-01
3.881201079331448311e-01
4.849236425292859920e-01
5.102042047686610182e-01
4.455633714365480613e-01
4.733252338317001651e-01
4.710211383290855980e-01
5.100581518649789370e-01
4.819838456019185924e-01
4.552367263224445515e-01
5.227352498996005181e-01
4.839827408358589600e-01
4.462432541738341474e-01
4.417287117788498696e-01
4.301114248794215000e-01
4.543508790615835569e-01
4.155702483801762548e-01
3.529997420640262895e-01
4.064622676580756377e-01
4.679335308839804863e-01
4.326017174031068224e-01
4.569504577792211086e-01
4.251473205601046246e-01
4.283486448023972049e-01
4.394862453597052077e-01
4.540330496317783182e-01
3.924650454238655106e-01
3.533138685124654899e-01
4.193542000387238677e-01
4.235473067343603071e-01
3.204044943269270806e-01
4.435835871690225751e-01
4.646440816699853316e-01
3.991843396617820172e-01
3.723284265459778086e-01
4.537949377443532550e-01
4.634875948455572936e-01
4.241973738334356425e-01
3.870580773914278905e-01
4.159842690024067591e-01
3.908950805393369143e-01
4.195053409533676114e-01
4.623826509386453343e-01
3.674882431826158036e-01
3.571664187183590800e-01
4.555234942119663066e-01
4.081687780314210423e-01
3.408104783807731630e-01
4.313985596506390574e-01
5.024149943874173241e-01
4.145857279811687168e-01
3.501616009204902569e-01
3.991760388564489781e-01
4.252782902794113862e-01
3.945832060166618027e-01
3.976657393743011637e-01
4.000262652004864528e-01
3.733539094647318479e-01
3.853849573436076703e-01
4.239792363883381210e-01
3.467337401371473060e-01
3.696242251914358956e-01
4.915683044871689278e-01
3.621733830070422155e-01
4.574508328449085615e-01
4.294443696868564531e-01
3.986366848529102613e-01
4.581293074880926075e-01
4.045762476129506346e-01
3.286280913108519663e-01
3.901705872119977658e-01
3.827650163842400421e-01
3.443832968725193955e-01
3.858830965049064310e-01
3.632677652998865803e-01
4.548501066773380508e-01
3.842580299185485715e-01
3.108514648334227415e-01
3.973252091059217839e-01
4.357807099205328605e-01
3.578932823462329660e-01
3.735162430851538540e-01
3.227136243047383224e-01
3.898135184758423355e-01
3.380459819297350621e-01
3.503608730508818714e-01
3.724344093461134375e-01
3.681261532829787630e-01
4.179924280072059850e-01
3.002669186218445141e-01
3.928370482236878125e-01
4.088555970216899982e-01
3.592475393258955374e-01
3.996893216146099603e-01
3.406947243416644788e-01
3.662290084493697861e-01
3.758974818588047828e-01
3.585406269541465130e-01
3.536197069637788126e-01
3.335098023006178858e-01
3.917069126222812447e-01
2.965703088808166465e-01
3.645062951764114212e-01
3.760920810899885391e-01
3.758727965022318762e-01
4.002410867809136907e-01
2.977278097672899637e-01
3.697284187097436559e-01
3.757429481044217146e-01
3.870958390108889535e-01
3.387733795376606238e-01
3.220959714242661587e-01
4.249131753139710477e-01
3.491269912683820920e-01
3.416296518030733642e-01
3.719972681058932862e-01
3.610891217953918209e-01
4.485610168131032860e-01
3.284730902600492275e-01
3.777680474359232932e-01
4.430759554062487227e-01
3.468111747702711800e-01
3.944026620627546498e-01
3.938010618506542215e-01
3.999870547127121756e-01
3.943181518939284369e-01
3.910011769358271438e-01
3.245527383111838082e-01
3.829554342897338315e-01
4.113816124642937777e-01
3.734484151159634946e-01
3.657252725584740904e-01
3.249615341824100279e-01
4.000775805614202874e-01
3.529442701571402496e-01
3.374896014377332110e-01
3.962585913582133967e-01
3.699470264876334458e-01
4.662262391554831686e-01
3.352843670428667378e-01
3.350650706337125473e-01
4.566154902963807660e-01
3.514998103465802881e-01
3.891091924651727263e-01
3.666957267546331334e-01
3.442508118669555528e-01
4.460249549050565587e-01
3.149765642503061236e-01
3.675635149836483651e-01
4.213358364241472365e-01
3.555281889393528405e-01
3.889586418187865879e-01
3.806236866330298674e-01
3.492663290395315867e-01
4.326963615133040952e-01
3.289750378944836795e-01
3.312328570827852148e-01
3.834225916993135308e-01
3.501273974851458748e-01
3.979768294841903309e-01
3.183735365774765791e-01
3.446086906157733720e-01
3.998204474451721446e-01
3.795174415733674200e-01
3.247077976723177772e-01
2.992423277789821312e-01
3.960612707867519622e-01
3.267857914638747641e-01
3.463146645218546649e-01
3.057932221788914329e-01
3.555957265536294210e-01
3.280081673930321795e-01
3.415530035551516685e-01
3.530496738943583179e-01
3.332520448160377624e-01
3.722084744208318252e-01
3.087465225036242211e-01
3.641048307497383174e-01
3.471341538350132816e-01
3.972119167398164286e-01
3.079095054006531496e-01
3.081821605527818586e-01
3.921889559175260609e-01
3.736292442732163099e-01
3.624779376848525358e-01
2.936592570459822249e-01
3.882935630154407125e-01
3.485712245354265493e-01
3.757709445431954287e-01
3.206527006216758902e-01
3.250619078570815002e-01
3.609269542517661855e-01
3.218486062377263202e-01
3.454464037941650245e-01
3.091846487639306473e-01
4.109974235333077042e-01
3.145892638946505282e-01
3.352886496851850695e-01
3.528248093057043677e-01
3.879421997508368247e-01
3.347640093473225886e-01
3.090807331235817523e-01
3.682099119147839161e-01
3.390163990842403052e-01
3.675526077611823150e-01
2.880878753948489246e-01
3.378927137917943080e-01
3.558359469874282643e-01
3.704021569053255747e-01
3.353519276978886854e-01
3.031105806515487222e-01
4.197819195273823634e-01
3.784045985962700143e-01
3.728568441222722685e-01
3.236295869970179928e-01
3.765270350325644610e-01
3.493566535437421239e-01
3.345072446216466044e-01
3.689576908020275048e-01
3.254027813720555273e-01
4.136852386055251407e-01
3.216847918103154513e-01
3.420790048076166046e-01
3.749040250995213652e-01
3.789110334383223866e-01
3.306747023042298506e-01
2.830497032641003385e-01
3.853601700599468272e-01
3.474005286413242577e-01
3.635134802035037138e-01
3.065058389137522710e-01
3.394188862754175529e-01
3.649611897847365172e-01
3.573845541292188788e-01
3.532825206363033321e-01
2.971942928150314023e-01
3.766418839869058455e-01
3.158605924231032147e-01
3.333848871358813248e-01
3.268505362476897269e-01
3.590412686534232289e-01
3.361224965838262024e-01
2.962735342981098752e-01
3.785171930918064809e-01
3.499169935678307364e-01
3.741435703839660620e-01
2.946390544953244039e-01
3.672253645213399142e-01
3.447054813018607944e-01
3.752661602481274783e-01
3.236550511180258938e-01
2.988489170891003854e-01
3.662496894343895137e-01
3.504609220178779849e-01
3.579780410720688200e-01
2.889511908732669832e-01
3.822413655204645599e-01
3.468163297256601219e-01
3.421900827789273736e-01
3.323522521071738400e-01
3.357867082048170415e-01
3.521682822401602242e-01
3.042060048798612693e-01
3.496331126588290150e-01
3.097987871990420250e-01
3.689094962859707505e-01
3.200900122418881000e-01
3.317076236185675930e-01
3.633944578155332561e-01
3.781105208845128018e-01
3.698937584151933966e-01
2.817773059435492722e-01
3.834487864509746324e-01
3.518573412586621929e-01
3.497672495473334031e-01
2.982207813305414179e-01
3.095704419687440034e-01
3.513769291542950257e-01
3.374614240215310645e-01
3.581873552805426852e-01
2.931351139753325952e-01
3.909593859547144667e-01
3.332300471088755489e-01
3.359747267123730508e-01
3.378072729843330513e-01
3.445779631931178977e-01
3.385753490636637109e-01
2.789220905720178334e-01
3.521068770757273536e-01
3.342558454283210412e-01
3.630873517761701863e-01
3.181418840099106138e-01
3.183193097518853820e-01
3.613747852063529109e-01
3.677558040091457592e-01
3.609657817873787033e-01
2.794213028394836318e-01
3.708046150075446912e-01
3.463001624510991805e-01
3.405249391797136593e-01
3.042256755192975226e-01
3.265148823553847834e-01
3.492962465671042849e-01
3.040856614850644402e-01
3.506242424695125148e-01
3.054873885615518869e-01
3.552514505505910414e-01
3.119985817369634873e-01
3.137906667244201864e-01
3.375838446734594211e-01
3.477854839758464101e-01
3.656337700274786551e-01
2.754985081699407590e-01
3.577405323450672525e-01
3.592311548412364663e-01
3.457187623126813936e-01
3.247094562334644774e-01
2.902841817300382821e-01
3.444192533057179317e-01
3.181709740070171599e-01
3.310163206948401049e-01
3.103430044611825145e-01
3.310635787328153889e-01
3.569857779855808988e-01
2.809444786885280099e-01
3.447660826227729181e-01
3.290763356756744029e-01
3.371044588571130429e-01
3.317106042368571095e-01
2.745422181911355564e-01
3.567516506565797663e-01
3.513341497478424391e-01
3.564971130189030779e-01
3.001475288709348765e-01
3.229874161182658687e-01
3.465373178544394195e-01
2.930440227862449731e-01
3.362416521360245270e-01
3.088881911686348070e-01
3.409264926738957424e-01
3.365168622746814719e-01
2.829299345071364935e-01
3.462307445735893219e-01
3.451382693252628697e-01
3.483952813140750449e-01
2.946955179606454145e-01
3.082069959144575488e-01
3.568093968880425848e-01
3.201257771327736812e-01
3.467927771390593161e-01
2.860054232351978420e-01
3.249460656760592703e-01
3.393414177291576017e-01
2.923529904443387673e-01
3.412426131716074784e-01
3.357139127859513628e-01
3.640280287420749050e-01
2.883727038943711407e-01
3.232712039242428559e-01
3.508652309506574141e-01
3.365276174749983751e-01
3.506566101551171211e-01
2.702777986818366007e-01
3.333926982667822503e-01
3.520866070657888147e-01
3.368839572584645947e-01
3.287781826344233216e-01
3.077597722497493193e-01
3.665227143591071046e-01
2.895736236602026170e-01
3.246389650333971755e-01
3.162297833382144985e-01
3.268988367178963794e-01
3.645733148045668948e-01
2.723451583603583859e-01
3.440825013242251318e-01
3.547286465168265068e-01
3.495157436891571656e-01
3.106278919476199718e-01
2.882033946497820631e-01
3.501838191659095156e-01
3.137216565634629584e-01
3.325210930032266310e-01
3.034476489090748297e-01
3.165067044414621167e-01
3.579830602198706413e-01
2.758521702768319539e-01
3.268674747085997256e-01
3.397445511091500281e-01
3.387959161499026206e-01
3.259405127149277992e-01
2.882598608747818369e-01
3.583173543700708397e-01
3.383194198760404725e-01
3.565768234586187413e-01
2.866213744472926872e-01
3.021102256304484812e-01
3.609037475286057672e-01
2.992204490868010103e-01
3.375219633511190587e-01
3.211939158617094225e-01
3.371801675960510725e-01
3.171017157372831297e-01
2.865356526343406096e-01
3.380803892454387061e-01
3.409857939268225446e-01
3.700375476411300046e-01
2.975828209421689796e-01
2.956849314178188193e-01
3.693186532260594457e-01
3.149521163128656265e-01
3.366244231089688954e-01
2.963534296164372361e-01
3.137371552852973311e-01
3.634677991277504572e-01
2.915298692848695694e-01
3.399658862364671741e-01
3.360643215501712966e-01
3.829043647774518777e-01
2.940125204446092932e-01
3.004281787574118456e-01
3.542152127462047106e-01
3.257493612986561149e-01
3.545897686223136169e-01
2.823910344065251876e-01
3.257279964686229934e-01
3.629912330609795790e-01
3.266019615433746193e-01
3.229121823091697929e-01
2.985958086840472259e-01
3.535810630355809558e-01
2.979898933140298634e-01
3.043568935847997814e-01
3.464413393597797763e-01
3.306616720097519946e-01
3.617736099255871585e-01
2.746410269291127970e-01
3.254430075089779217e-01
3.548952315225668008e-01
3.426167880060063120e-01
3.268070541457242517e-01
2.839251894782971464e-01
3.532603797411532076e-01
3.110917321136906222e-01
3.243449715849429094e-01
3.219395938775751476e-01
3.085486282429752980e-01
3.721878875734466185e-01
2.820814918002908511e-01
3.189216448012507366e-01
3.562726887951724875e-01
3.776183978102419236e-01
3.251451948330583708e-01
2.913009838684429420e-01
3.727453859100904876e-01
3.323783487623275246e-01
3.530607674641694782e-01
2.917065723265661603e-01
3.121330599076052592e-01
3.639095198916051377e-01
3.272778299619817921e-01
3.388458452744254057e-01
3.044331566536565004e-01
4.105503854336087777e-01
3.003090865831530287e-01
3.221128035981830617e-01
3.274714248511877424e-01
3.281414547179763441e-01
3.419293752549895093e-01
2.825992965635970577e-01
3.528723673046779696e-01
3.443034835168856667e-01
3.840404226225716533e-01
3.106747251047957681e-01
3.162749334502598653e-01
3.989314334271641949e-01
3.573479031048221177e-01
3.329199830456800457e-01
2.813509171633376549e-01
3.712978205890327676e-01
3.179653628714581015e-01
3.305991328381188699e-01
3.271818930187463947e-01
3.132179091135852134e-01
3.577966087682830643e-01
2.995440968076145682e-01
3.432679801482798054e-01
3.313672724718019769e-01
3.716849847140393237e-01
3.041905483255573639e-01
2.880576632650579949e-01
3.762375134563536450e-01
3.489669500710728678e-01
3.610584495315509734e-01
2.895671777555849369e-01
3.445147455912898060e-01
3.370715824148883266e-01
3.386618357781868704e-01
3.241279270888737241e-01
2.864359848232869710e-01
3.703827085203789671e-01
3.061155752517948359e-01
3.143107837859395182e-01
3.380536045216573915e-01
3.558625877686333872e-01
3.397552367103666149e-01
2.865992226441850255e-01
3.571921774745995815e-01
3.270977859206156135e-01
3.622832038539138821e-01
3.083732452039157357e-01
2.998457912677924275e-01
3.799251878594600562e-01
3.545159235918871610e-01
3.511457575495673389e-01
2.835066473307829016e-01
3.956604166614500762e-01
3.287667504405589192e-01
3.290623057172135657e-01
3.123812909088355960e-01
3.081306757756340775e-01
3.512985244660052908e-01
2.997639875859118841e-01
3.489853558697526559e-01
3.301617944792329951e-01
3.832811401436582721e-01
3.138988929161939945e-01
3.100987650736978241e-01
3.654136903550829207e-01
3.565824230830312302e-01
3.401477328226111263e-01
2.729006117744367521e-01
3.522521079270654609e-01
3.379654288365429582e-01
3.472916081770804908e-01
3.290787067511067310e-01
2.904889218208109858e-01
3.665583794808707219e-01
3.230075424877495438e-01
3.380922087365506590e-01
3.052945126727223402e-01
3.475555154595869611e-01
3.209355239228698919e-01
2.803923274154679346e-01
3.538362725355815308e-01
3.306586691640351905e-01
3.607773399683746884e-01
2.988129439627386086e-01
3.041549692388696435e-01
3.436039519395392428e-01
3.344051363401905341e-01
3.325953796976357513e-01
2.850896523847704089e-01
3.349349802967290790e-01
3.303519402083563428e-01
2.935539131625277132e-01
3.324666066305585477e-01
3.024273639059409380e-01
3.477524729350897625e-01
3.194460501450629986e-01
2.846718395835173276e-01
3.617385364338952525e-01
3.468961032115613352e-01
3.412497397212639338e-01
2.809331293841675348e-01
3.093589820377486976e-01
3.356657317907332794e-01
3.130765118180308670e-01
3.337460024609953391e-01
3.018418700738698668e-01
3.437177316133598892e-01
3.204237088310356030e-01
2.707887257453034935e-01
3.364294040756413140e-01
3.250170947264499066e-01
3.407406348431442078e-01
3.239686027330669904e-01
2.708188892598192288e-01
3.509363409180143445e-01
3.239615711502963902e-01
3.086205817468434809e-01
3.164337632902259889e-01
3.031709658410398633e-01
3.414543035542320082e-01
2.930376677555402432e-01
3.014617278318491578e-01
3.291537405532296567e-01
3.389144923825359035e-01
3.422506007106753678e-01
2.736569406743599719e-01
3.276846061168081081e-01
3.414298446067325354e-01
