1.421052631578947345e-01
1.271350791930787871e-01
1.121992847499393708e-01
1.237642539499302224e-01
1.413874493782589781e-01
1.317284146450235782e-01
1.131938073698419561e-01
1.194927362632991208e-01
1.395893677824513179e-01
1.353312680732313145e-01
1.146207633396097852e-01
1.162210089034835941e-01
1.373379569744429263e-01
1.379844335351056717e-01
1.173724755374394441e-01
1.142715219724534936e-01
1.341438559205340997e-01
1.403956187139668577e-01
1.213295465127201544e-01
1.127578821654651731e-01
1.297324240002596385e-01
1.419303822383941038e-01
1.251622536906457639e-01
1.116554070498706475e-01
1.255156149419514588e-01
1.421394180502987825e-01
1.285619267487932149e-01
1.119510130234946249e-01
1.221882040417777426e-01
1.412111002790846503e-01
1.324903515000990240e-01
1.137795986839262585e-01
1.188381736259248450e-01
1.388343896746641881e-01
1.365925521754272898e-01
1.161080941726973931e-01
1.153934522405164337e-01
1.356274423573937959e-01
1.394392501707475973e-01
1.185767927412031270e-01
1.130670365669519534e-01
1.325303257224320075e-01
1.410751005122987956e-01
1.220634632896987898e-01
1.122741838067150416e-01
1.288761140738026167e-01
1.419350216107844176e-01
1.265873350711616829e-01
1.121630642463886801e-01
1.243298352604164658e-01
1.416614612146990249e-01
1.306991838025761132e-01
1.124452981857747835e-01
1.202575136910092879e-01
1.404476536903535855e-01
1.339265789212426561e-01
1.139858505249835285e-01
1.174198190566748401e-01
1.382897437098973281e-01
1.371865044952136625e-01
1.170251067363062281e-01
1.150007391968105031e-01
1.346710847485341200e-01
1.401828373686177520e-01
1.204463301964580624e-01
1.127251653434551831e-01
1.305459696464018604e-01
1.418060729233673878e-01
1.236246888767919827e-01
1.116048724627401872e-01
1.270340403822954045e-01
1.421728717223646465e-01
1.274171162227139553e-01
1.121253093157485586e-01
1.234397511727594876e-01
1.413463477456042006e-01
1.319746046177078524e-01
1.134478442458496938e-01
1.193247675794181228e-01
1.393057937093822307e-01
1.358091994673733260e-01
1.150202002226851372e-01
1.158774425929705032e-01
1.368526330843252703e-01
1.384069610789492866e-01
1.175955836309431624e-01
1.139057856254506867e-01
1.338156869483118627e-01
1.405346094034503890e-01
1.215469248976025901e-01
1.127070905125654721e-01
1.295322388550004256e-01
1.419235620125320341e-01
1.256894311714777390e-01
1.117981378428164752e-01
1.250642789473083993e-01
1.420430540769424266e-01
1.291665912941087069e-01
1.119878334125847946e-01
1.216053511903239792e-01
1.410864251615681075e-01
1.327838818851497793e-01
1.138240908908789289e-01
1.185401250042564109e-01
1.387251082421886161e-01
1.367686737738906533e-01
1.164668820835410429e-01
1.153100597716838621e-01
1.352637502994810115e-01
1.397506478864670443e-01
1.191068068008002134e-01
1.128714270714123585e-01
1.319323657369687597e-01
1.413263523745092176e-01
1.223796894275780284e-01
1.120467640132475767e-01
1.284745118961970745e-01
1.419950879549822798e-01
1.268117511029537015e-01
1.122326028988457070e-01
1.241352627021122812e-01
1.415314806918849533e-01
1.311870023931618889e-01
1.127390838326277206e-01
1.198894134739894868e-01
1.401175910247113854e-01
1.344896984641349158e-01
1.141693032867267116e-01
1.169259323056668354e-01
1.379895206601097490e-01
1.374482073616482836e-01
1.171579653642985941e-01
1.147743582514572230e-01
1.345035952366552268e-01
1.402696335487245149e-01
1.208679131813584634e-01
1.127547778280715701e-01
1.301636447702034516e-01
1.419020048391870792e-01
1.242395552788760210e-01
1.115677434733167578e-01
1.264108591022610195e-01
1.422061177100280016e-01
1.277932453919888300e-01
1.120400968570429701e-01
1.230210889977622069e-01
1.413177404522100999e-01
1.321754475981138932e-01
1.136368826966253354e-01
1.191703776395709458e-01
1.390833169388545065e-01
1.361965201892303412e-01
1.154601860278606784e-01
1.156304874984775272e-01
1.363528345835927635e-01
1.388428412109289634e-01
1.179124246915708857e-01
1.135462776464767204e-01
1.333870298044221303e-01
1.407247349996268992e-01
1.217368252269125650e-01
1.125899126241503428e-01
1.293287545659000948e-01
1.419186046187745076e-01
1.261233276944144499e-01
1.119644082681433700e-01
1.247197596242580059e-01
1.419111257290534278e-01
1.298000090724997779e-01
1.121119412537560922e-01
1.210358146507057447e-01
1.408951382923356588e-01
1.331723559248612632e-01
1.138651850234996682e-01
1.181596546340384218e-01
1.386068526371480591e-01
1.369219469619759599e-01
1.167503912433391772e-01
1.152305625243401493e-01
1.349897677137972818e-01
1.399845356134490071e-01
1.196639691635276725e-01
1.127676237515042729e-01
1.313490387053527775e-01
1.415600819104039509e-01
1.228019972579362934e-01
1.118390110961557660e-01
1.279762509040396623e-01
1.420784848649433718e-01
1.270246890961465036e-01
1.122394804950808817e-01
1.239248273744538165e-01
1.414415996216634441e-01
1.315759827241720359e-01
1.130494606364679799e-01
1.196241423823254657e-01
1.397847959005283358e-01
1.350551282035668543e-01
1.144475224366195837e-01
1.164662761794277301e-01
1.376043197804399099e-01
1.377885056803164754e-01
1.172976197817786198e-01
1.144791941531041052e-01
1.343051936141297087e-01
1.403581141240224928e-01
1.212016838279492414e-01
1.127796495836849572e-01
1.298791657114590214e-01
1.419456776407888865e-01
1.248578498543379683e-01
1.116164256987324799e-01
1.258270219745276641e-01
1.421919390011237017e-01
1.282750599480631526e-01
1.119804343317302858e-01
1.225158779522202701e-01
1.412740612397772599e-01
1.323794937255094173e-01
1.137573119641278885e-01
1.189864719761617312e-01
1.389239054720318445e-01
1.364887082188764034e-01
1.158999234606363643e-01
1.154724059474327297e-01
1.358831473593869466e-01
1.392550378528191468e-01
1.183278418704347273e-01
1.132300803615986506e-01
1.328670737688508463e-01
1.409562521039129379e-01
1.219434396486225175e-01
1.124104051631916318e-01
1.290726867841695547e-01
1.419331381581262763e-01
1.264568466093481391e-01
1.121149252836650956e-01
1.244638374073931963e-01
1.417617321672958730e-01
1.304076000923182765e-01
1.123181728085758252e-01
1.205225464149194819e-01
1.406350818461360452e-01
1.336496819931412283e-01
1.139369543159936271e-01
1.177074499071060210e-01
1.384362890403051105e-01
1.370906560059678703e-01
1.169553864394512616e-01
1.151116347752457469e-01
1.347854103473383192e-01
1.401411037810164906e-01
1.201956597971500784e-01
1.127374496552092792e-01
1.308213847470933722e-01
1.417475888520482452e-01
1.233218317360009336e-01
1.116803782733654382e-01
1.273963856350394941e-01
1.421589838130566386e-01
1.272702984866435072e-01
1.121882966463703390e-01
1.236499682645609416e-01
1.413866655962105479e-01
1.318663249472023513e-01
1.133324189399136650e-01
1.194322914730950452e-01
1.394770357611028466e-01
1.355746047140055088e-01
1.148099716630824052e-01
1.160751649424219406e-01
1.371467508620092812e-01
1.381891289001274947e-01
1.174806050249523892e-01
1.141294105729552810e-01
1.340302980765120666e-01
1.404723686466681498e-01
1.214519627770040550e-01
1.127618731852290807e-01
1.296606552660469480e-01
1.419500385194527314e-01
1.254273359435933988e-01
1.117326797733794452e-01
1.253215669268439858e-01
1.421233743984786912e-01
1.288446159188264273e-01
1.119762366466143105e-01
1.219500604401755478e-01
1.411847607630149493e-01
1.326309418703270626e-01
1.138215729523600894e-01
1.187356184080063520e-01
1.388057366814920701e-01
1.366976366270577503e-01
1.162959958123639670e-01
1.153729105631785684e-01
1.354756370039660041e-01
1.396084156994390757e-01
1.188259403572678591e-01
1.129879065661871101e-01
1.322866198033360308e-01
1.412088989313895482e-01
1.222119528528410048e-01
1.121924224981322576e-01
1.287310390350409894e-01
1.419800160547342871e-01
1.267124327793367478e-01
1.122212083080293549e-01
1.242627841282055445e-01
1.416215782722317629e-01
1.309487173186860420e-01
1.125910053853675930e-01
1.201011212431489644e-01
1.403253525428456994e-01
1.341944192647389067e-01
1.140755210863642760e-01
1.172188752828106084e-01
1.381888625113608104e-01
1.373145388011203227e-01
1.171058953940796038e-01
1.149291028691058064e-01
1.346189609415862076e-01
1.402453918748525208e-01
1.206644868664101533e-01
1.127561241632471511e-01
1.303841598672489388e-01
1.418774674255934842e-01
1.239143190090960939e-01
1.115969270456428908e-01
1.267763305748444147e-01
1.422145514475644246e-01
1.275916995597041748e-01
1.121060868309972647e-01
1.232859447994102409e-01
1.413555706980458293e-01
1.320876288254522191e-01
1.135600001692570332e-01
1.192775633368308580e-01
1.392210188189410836e-01
1.360147497155329843e-01
1.152326147922446281e-01
1.157758933846579769e-01
1.366517735298348746e-01
1.386227319404269853e-01
1.177433205839306801e-01
1.137623842079962116e-01
1.336584513776294392e-01
1.406339484612540158e-01
1.216514788846234096e-01
1.126823202356107279e-01
1.294656509020226387e-01
1.419408255124663121e-01
1.259138830250179364e-01
1.118899101012743313e-01
1.249183780737890964e-01
1.420088252142368834e-01
1.294669708684992593e-01
1.120506493255793018e-01
1.213677737392105799e-01
1.410311496355846073e-01
1.329642731367422226e-01
1.138594056564463664e-01
1.184007755909635001e-01
1.386971200204398513e-01
1.368574615854970811e-01
1.166213259304808431e-01
1.152957532587600697e-01
1.351518242215850041e-01
1.398845352730220537e-01
1.193722400643403431e-01
1.128331960758352792e-01
1.316893888062251050e-01
1.414547605099610583e-01
1.225730866857051293e-01
1.119691264087562810e-01
1.282853004681833164e-01
1.420517096356693487e-01
1.269246772099794640e-01
1.122620384732791882e-01
1.240666191325641293e-01
1.415077360680829510e-01
1.313920484988294890e-01
1.128958244798359128e-01
1.197796950276440037e-01
1.399894396760297255e-01
1.347628602772544537e-01
1.142995722648827289e-01
1.167349967010705286e-01
1.378496496438212926e-01
1.376101134402992199e-01
1.172353851876400677e-01
1.146701658651938238e-01
1.344423347055898332e-01
1.403270747693199094e-01
1.210453327869584483e-01
1.127869127315229980e-01
1.300463447677946971e-01
1.419473107387594080e-01
1.245345620306596429e-01
1.115971838998694315e-01
1.261640404459071219e-01
1.422262793853295570e-01
1.280124353418137517e-01
1.120263032867343939e-01
1.228257708869350123e-01
1.413220742097229532e-01
1.322816042537867387e-01
1.137160834116515279e-01
1.191133405886359714e-01
1.390253537644922377e-01
1.363562531829413393e-01
1.156749227193516055e-01
1.155688962119955365e-01
1.361587892971403702e-01
1.390495833779890056e-01
1.181014734530248106e-01
1.134160828164158530e-01
1.331856013384521142e-01
1.408418738421857164e-01
1.218406961682900191e-01
1.125342458017136449e-01
1.292428905372085823e-01
1.419407354245695863e-01
1.263001531103964126e-01
1.120518138771029459e-01
1.246153955892318754e-01
1.418648942916958255e-01
1.300925157698686885e-01
1.122104877039130366e-01
1.208175200665696641e-01
1.408070925875707369e-01
1.333914554137224096e-01
1.139078398117780860e-01
1.179846781329139949e-01
1.385588495958209321e-01
1.370108719333714697e-01
1.168669357973061845e-01
1.152019798631840480e-01
1.349112508848366587e-01
1.400810406571375566e-01
1.199217335510532612e-01
1.127634516372412188e-01
1.311249912293865616e-01
1.416681961348756902e-01
1.230377202905148654e-01
1.117779306104448728e-01
1.277462116167437656e-01
1.421345316197359654e-01
1.271438382763075692e-01
1.122393791475305852e-01
1.238318679611224993e-01
1.414332252773847776e-01
1.317339206296344323e-01
1.131972928725561295e-01
1.195505959221360159e-01
1.396638515268767422e-01
1.353114120208389060e-01
1.146157365164698627e-01
1.163015105123712117e-01
1.374291535668983877e-01
1.379783032347830229e-01
1.173881998741382465e-01
1.143470743822570246e-01
1.342135592143310352e-01
1.404225337894181302e-01
1.213381519163031635e-01
1.127955016539594207e-01
1.297950582550064236e-01
1.419699180634790003e-01
1.251347048884281499e-01
1.116774149695327484e-01
1.256104513765198827e-01
1.421869878080948557e-01
1.285345869525753304e-01
1.119867191938197226e-01
1.222893192871251505e-01
1.412605995479411791e-01
1.325002025857431043e-01
1.138080087382966066e-01
1.189029048757988122e-01
1.388870381217597039e-01
1.366076476883575641e-01
1.160984220640013526e-01
1.154400784987878043e-01
1.357125516257483844e-01
1.394378794228084417e-01
1.185557832103528580e-01
1.131298787721470023e-01
1.326347213800760372e-01
1.410851707994742743e-01
1.220693674604967083e-01
1.123342632844360617e-01
1.289524761018340238e-01
1.419689394653101400e-01
1.265951430279459167e-01
1.121857288057392793e-01
1.243891756124021614e-01
1.417168615902257567e-01
1.306743203179065171e-01
1.124485669181197606e-01
1.203419503054936474e-01
1.405221575493935948e-01
1.339014800832306618e-01
1.140048884635032206e-01
1.175114568694293343e-01
1.383566041874424446e-01
1.371994620136248455e-01
1.170435678745539998e-01
1.150571936571190973e-01
1.347284290095349391e-01
1.402104142578505241e-01
1.204288333129617944e-01
1.127584962184261103e-01
1.306346973328526839e-01
1.418309599424877609e-01
1.235931798109122237e-01
1.116499942546494845e-01
1.271435637356613246e-01
1.422062692257756999e-01
1.274178444308217140e-01
1.121706103441974245e-01
1.235192487743977663e-01
1.413900400759542930e-01
1.319879175817490757e-01
1.134574957397123801e-01
1.193795160996274779e-01
1.393750524344682384e-01
1.357969335442534287e-01
1.150066084544178330e-01
1.159482283478379255e-01
1.369494711936225517e-01
1.383956128402920871e-01
1.176011850319991503e-01
1.139842595509041462e-01
1.338973803001916874e-01
1.405554220226030993e-01
1.215605718928619017e-01
1.127515887547002882e-01
1.295922708466490381e-01
1.419644040787164108e-01
1.256697249889541235e-01
1.118146340335213762e-01
1.251482642199236162e-01
1.420958655587293840e-01
1.291313665361180918e-01
1.120142576216377472e-01
1.217099643441309637e-01
1.411436579685386994e-01
1.327831165600885932e-01
1.138552176988660014e-01
1.186154741843324645e-01
1.387766950011321276e-01
1.367888307801283232e-01
1.164644826767462782e-01
1.153546055550598581e-01
1.353399966311972513e-01
1.397563562881906640e-01
1.190777153682977541e-01
1.129242056641108355e-01
1.320399713028149458e-01
1.413362353135682592e-01
1.223737192446160277e-01
1.121080955736594859e-01
1.285641856754921875e-01
1.420260790128370643e-01
1.268241391812637286e-01
1.122627235534476853e-01
1.241948333158300749e-01
1.415842890379078456e-01
1.311719659936108340e-01
1.127377010190909884e-01
1.199631235135557167e-01
1.401957885084580135e-01
1.344596244005749341e-01
1.141772934989510185e-01
1.170180960775581147e-01
1.380673554236187539e-01
1.374508576151146910e-01
1.171775330223206318e-01
1.148393274692073723e-01
1.345613067685852426e-01
1.402980443267717869e-01
1.208578220763942834e-01
1.127846913762591136e-01
1.302395820011719718e-01
1.419314621018476774e-01
1.242009774926464000e-01
1.116009567635809774e-01
1.265190900903910287e-01
1.422421534536424670e-01
1.277786372548424254e-01
1.120829180251516899e-01
1.231104882398233319e-01
1.413589153487707639e-01
1.321886206364945304e-01
1.136517437407632836e-01
1.192237521877572010e-01
1.391434455692711625e-01
1.361922013982844182e-01
1.154407865231911051e-01
1.156888080795987345e-01
1.364485452676713895e-01
1.388286357925657966e-01
1.179026235967444297e-01
1.136198741576380788e-01
1.334780829586658946e-01
1.407354742439220208e-01
1.217471419526628823e-01
1.126390698424936110e-01
1.293883257162604106e-01
1.419532492297005399e-01
1.261095308097664458e-01
1.119755334748288589e-01
1.247881456530738481e-01
1.419628948560917592e-01
1.297576088116679516e-01
1.121232518627651581e-01
1.211336408294839823e-01
1.409561951967721882e-01
1.331541493626935968e-01
1.138902789166720414e-01
1.182412607157625750e-01
1.386572467384709628e-01
1.369374076977159793e-01
1.167519671802845632e-01
1.152724439387978195e-01
1.350517316630732712e-01
1.399945984824414180e-01
1.196286784790976249e-01
1.128061694814465887e-01
1.314496509022683446e-01
1.415683200953119225e-01
1.227776915941289071e-01
1.118926541098551469e-01
1.280737015154951031e-01
1.421028616329238214e-01
1.270308976273235302e-01
1.122726630224870348e-01
1.239848449665100771e-01
1.414849258733212878e-01
1.315677271726398978e-01
1.130434225512163132e-01
1.196831025478784782e-01
1.398583611360728618e-01
1.350223500004754384e-01
1.144403652060524412e-01
1.165506144397382843e-01
1.376895652788504287e-01
1.377781838600732056e-01
1.173108169515547639e-01
1.145493175466424790e-01
1.343662110511493479e-01
1.403809584495779028e-01
1.211980527298766597e-01
1.128092286882588224e-01
1.299424571915450966e-01
1.419775776267402645e-01
1.248169813255406019e-01
1.116372928931685937e-01
1.259269101193163376e-01
1.422314601904730025e-01
1.282443853936382494e-01
1.120162654116956535e-01
1.226135040858270381e-01
1.413162457907048142e-01
1.323869785358648410e-01
1.137776447216425069e-01
1.190436897006357519e-01
1.389747153435079707e-01
1.364919325128655658e-01
1.158792050214893926e-01
1.155188497544207826e-01
1.359712094693038831e-01
1.392416227948539698e-01
1.183037491097640448e-01
1.132960233267474026e-01
1.329678350286320199e-01
1.409609947701637722e-01
1.219477851188447842e-01
1.124657190822569847e-01
1.291410374737943234e-01
1.419645385842029373e-01
1.264536827304470201e-01
1.121294213232583575e-01
1.245236790844134467e-01
1.418146375583808350e-01
1.303691542816045879e-01
1.123200362457853901e-01
1.206129519968618946e-01
1.407045919836285297e-01
1.336207401615985557e-01
1.139563228231110642e-01
1.177971411846972100e-01
1.384951989247283632e-01
1.371017825032151416e-01
1.169650358194503914e-01
1.151601931806617019e-01
1.348410623791587715e-01
1.401594192666715533e-01
1.201646471482793466e-01
1.127685042478914906e-01
1.309144167710571960e-01
1.417614372246209231e-01
1.232848594881486015e-01
1.117262440014831215e-01
1.275031112998861182e-01
1.421841124542978230e-01
1.272689428243931609e-01
1.122271209109648588e-01
1.237199394900035943e-01
1.414257891670223366e-01
1.318679861929802077e-01
1.133307535722622161e-01
1.194843624734291121e-01
1.395464484728211330e-01
1.355480102858653002e-01
1.147924623714421249e-01
1.161497170741422474e-01
1.372396913452070544e-01
1.381713141362538033e-01
1.174857750854391703e-01
1.142052413044983006e-01
1.341025193834418094e-01
1.404903136259912089e-01
1.214563313260053484e-01
1.127977539401444074e-01
1.297176558634170196e-01
1.419846414173434601e-01
1.253926843215258380e-01
1.117453035301746167e-01
1.254100625948339209e-01
1.421680633696146279e-01
1.288025352711609506e-01
1.120025291713025728e-01
1.220528719455311606e-01
1.412324604864870214e-01
1.326283531931939652e-01
1.138457878147115521e-01
1.188016546686394420e-01
1.388524185352407181e-01
1.367081695386041240e-01
1.162806780260811496e-01
1.154133898432452704e-01
1.355545832331459810e-01
1.396022274467886848e-01
1.187917091863782970e-01
1.130431572631496046e-01
1.323927246719198147e-01
1.412108275685813319e-01
1.222062351508466371e-01
1.122516602780278677e-01
1.288119311735346495e-01
1.420074469530780148e-01
1.267166501133349943e-01
1.122422150879383712e-01
1.243190572221404971e-01
1.416727829286612006e-01
1.309194123902690521e-01
1.125853037773301701e-01
1.201795736671815440e-01
1.404000200745091076e-01
1.341578069593300226e-01
1.140846918863406556e-01
1.173117003167046535e-01
1.382587782150220823e-01
1.373170569002567509e-01
1.171205333549351080e-01
1.149871020706662167e-01
1.346729053999830561e-01
1.402686022037701319e-01
1.206422848290003152e-01
1.127829956403478134e-01
1.304660684859509090e-01
1.418990371694957564e-01
1.238698393018101834e-01
1.116331307909912002e-01
1.268868058673495725e-01
1.422442605713991615e-01
1.275790179948166903e-01
1.121476631666434853e-01
1.233690516544643651e-01
1.413936315827991896e-01
1.320958771566403123e-01
1.135664517318975136e-01
1.193280091284109889e-01
1.392837438210278167e-01
1.359986828113695090e-01
1.152089874917819751e-01
1.158395498083303471e-01
1.367485967374986455e-01
1.386023019434940162e-01
1.177369126425985429e-01
1.138391368668996428e-01
1.337445629521364920e-01
1.406457711401556954e-01
1.216601511454989959e-01
1.127271844083455321e-01
1.295236475572079660e-01
1.419767882091121369e-01
1.258908605850834750e-01
1.118998589575468938e-01
1.249956237775656093e-01
1.420598530557271866e-01
1.294202988955246436e-01
1.120670727902661201e-01
1.214719305170096769e-01
1.410887112575625602e-01
1.329504840906430285e-01
1.138857107670399049e-01
1.184789555786128351e-01
1.387455726972577075e-01
1.368723616133468990e-01
1.166158495908645731e-01
1.153364533287627863e-01
1.352211916964015381e-01
1.398882786683622037e-01
1.193336777640178759e-01
1.128782544556028028e-01
1.317965794280679392e-01
1.414590624934991547e-01
1.225533840801990709e-01
1.120264857959928778e-01
1.283798938043888005e-01
1.420764443432564195e-01
1.269313658685877755e-01
1.122915631617853321e-01
1.241249623681250774e-01
1.415545152467854728e-01
1.313746438259548177e-01
1.128873102931445133e-01
1.198462042994429821e-01
1.400661737200133150e-01
1.347244055187480638e-01
1.142967412516405906e-01
1.168250017647787381e-01
1.379309799492854371e-01
1.376020991649174741e-01
1.172496738971934432e-01
1.147376671413771337e-01
1.345000912009249039e-01
1.403508395287515476e-01
1.210338800498961115e-01
1.128142184150353194e-01
1.301166797963630162e-01
1.419759918516574349e-01
1.244884347539384900e-01
1.116230400723035310e-01
1.262717702655382912e-01
1.422626678673895584e-01
1.279866318580355489e-01
1.120661618017792793e-01
1.229215775896975449e-01
1.413625195270376278e-01
1.322907143625372539e-01
1.137317382492180756e-01
1.191684249457651557e-01
1.390817262167221013e-01
1.363528875956326047e-01
1.156509738297130246e-01
1.156221797234239096e-01
1.362542645795685459e-01
1.390319076999955716e-01
1.180826525070514804e-01
1.134891312892136739e-01
1.332849827988099312e-01
1.408486419068090689e-01
1.218483469382090623e-01
1.125881092459311700e-01
1.293081074434808686e-01
1.419750894989801338e-01
1.262898721859188333e-01
1.120636194719996231e-01
1.246820163485823502e-01
1.419193734765916703e-01
1.300481629590284072e-01
1.122170562043920405e-01
1.209167941613289582e-01
1.408747633713764436e-01
1.333662647074182472e-01
1.139315901210601889e-01
1.180739536298848064e-01
1.386146488452925651e-01
1.370250399100334804e-01
1.168719539164257554e-01
1.152480741888146365e-01
1.349724494936710983e-01
1.400952286021961979e-01
1.198855299722594442e-01
1.127998810951073849e-01
1.312277436029109234e-01
1.416791348529042316e-01
1.230060056105670152e-01
1.118312703016648424e-01
1.278536253595207173e-01
1.421600492649123249e-01
1.271475729722728876e-01
1.122772973232161603e-01
1.238979790999592406e-01
1.414752649640581561e-01
1.317286282006645548e-01
1.131909937544458289e-01
1.196074348385599839e-01
1.397383197187817283e-01
1.352774290360760912e-01
1.146012705548143246e-01
1.163842170705857298e-01
1.375209643916755486e-01
1.379618369064188610e-01
1.173974961605102757e-01
1.144228033103249498e-01
1.342812740920922843e-01
1.404435157613909968e-01
1.213374602832601318e-01
1.128281311899113626e-01
1.298572255225559080e-01
1.420042635278530030e-01
1.250932840054287121e-01
1.116944827733834383e-01
1.257100564099659645e-01
1.422303755535597736e-01
1.284958143405057207e-01
1.120199767755548498e-01
1.223944379085810524e-01
1.413063703890679035e-01
1.325030080659578002e-01
1.138306747561729504e-01
1.189660977755938043e-01
1.389372522633721407e-01
1.366140843164201923e-01
1.160779970158938301e-01
1.154849816154142617e-01
1.358005233882464691e-01
1.394260842464531691e-01
1.185246764304433015e-01
1.131943719179797497e-01
1.327436962518422636e-01
1.410881370160539661e-01
1.220689171917578031e-01
1.123938344689122404e-01
1.290288741424294172e-01
1.419989716460277329e-01
1.265946833013150419e-01
1.122026328664094824e-01
1.244486699774303706e-01
1.417708904269148196e-01
1.306365695165479235e-01
1.124453273486400451e-01
1.204304929334672480e-01
1.405967443254170501e-01
1.338654558037039588e-01
1.140196827627110721e-01
1.176065385032868948e-01
1.384217929187626928e-01
1.372056819345986167e-01
1.170549871985154672e-01
1.151109826177301731e-01
1.347838779618480975e-01
1.402307845109673490e-01
1.203981276858715616e-01
1.127871146012908998e-01
1.307262730058244005e-01
1.418475032105995515e-01
1.235488538501136879e-01
1.116931459816447730e-01
1.272570947202749103e-01
1.422332126324628854e-01
1.274104784981465732e-01
1.122123465062172532e-01
1.235974822902295295e-01
1.414288507084926760e-01
1.319917075995932776e-01
1.134576638174590313e-01
1.194315143208009022e-01
1.394438922090563693e-01
1.357716530781326592e-01
1.149831680141491230e-01
1.160203666012251944e-01
1.370483180895486208e-01
1.383734195020667468e-01
1.176002584775080601e-01
1.140640112280489893e-01
1.339782511653851704e-01
1.405700314444834342e-01
1.215665333991332864e-01
1.127922670858661075e-01
1.296514109098585166e-01
1.420011196408529353e-01
1.256374004620673113e-01
1.118255739187533349e-01
1.252359239287789416e-01
1.421455653058835977e-01
1.290833636028050901e-01
1.120372722378821378e-01
1.218194807262049095e-01
1.411978329813711741e-01
1.327748661835342625e-01
1.138817959530152718e-01
1.186902615888539569e-01
1.388255078290052680e-01
1.368019892296410689e-01
1.164521247410210264e-01
