7.736842105263157521e-01
7.250088678698985989e-01
7.060878415280247289e-01
7.410530230244978256e-01
7.697768341249858759e-01
7.472623422741302424e-01
7.197056783130406643e-01
7.279626592566429411e-01
7.594026093412431511e-01
7.659887757362695559e-01
7.212505142150847925e-01
7.056922165977698169e-01
7.448200515884475514e-01
7.764484054294277238e-01
7.154881211578950628e-01
6.855446874119669465e-01
7.342031051351350923e-01
7.800261180283685203e-01
7.136115056514518162e-01
6.816396532371955530e-01
7.313794994512110570e-01
7.795626095607035566e-01
7.222920433831939713e-01
6.943587243957275446e-01
7.340889166534938504e-01
7.743500351083828503e-01
7.409923129519300211e-01
7.140049466171040082e-01
7.314570421315614857e-01
7.637943297682885380e-01
7.599936186537733507e-01
7.269469441392006903e-01
7.168860071831033576e-01
7.474472418001628649e-01
7.737695302660499985e-01
7.275673519677383627e-01
6.956334279061637815e-01
7.301231787064501599e-01
7.803264083736161094e-01
7.236239575401115509e-01
6.810537563497111035e-01
7.214703297371026780e-01
7.817455894924495441e-01
7.262056037562190092e-01
6.847750159416505777e-01
7.224919952735197048e-01
7.787775679665818185e-01
7.379129622172632130e-01
7.035971466493549098e-01
7.268463636620366985e-01
7.692237117220463993e-01
7.553437181891096142e-01
7.245572747027868576e-01
7.229938676489098270e-01
7.526133063340388896e-01
7.690151903511437403e-01
7.355513656516825538e-01
7.070164638578688709e-01
7.324546414664216964e-01
7.770921801152005370e-01
7.355765537140819266e-01
6.888917785009512906e-01
7.161262297551266309e-01
7.799439879951191035e-01
7.338097597768941105e-01
6.817792806179019394e-01
7.122947324111466028e-01
7.791484441610043721e-01
7.400970551092066474e-01
6.934189616692992830e-01
7.174144643911282149e-01
7.733443959911679988e-01
7.525780341863533840e-01
7.164527136729335055e-01
7.218196876988972610e-01
7.590956349136386283e-01
7.658250708359353176e-01
7.364570193943664744e-01
7.155215796991101218e-01
7.376831141907825851e-01
7.727608961899167239e-01
7.446580952854384705e-01
6.992527341771216376e-01
7.167311607846119648e-01
7.754673653065118355e-01
7.444008270926233406e-01
6.862698284683740324e-01
7.049468992412889490e-01
7.756674432390954221e-01
7.454720067203124412e-01
6.880481603200286900e-01
7.074218556647041689e-01
7.731813588732563414e-01
7.536888692545968826e-01
7.069988307864633059e-01
7.157317604375772468e-01
7.640522833358167620e-01
7.637996879454321819e-01
7.315698331720639214e-01
7.182956264895888898e-01
7.448444498969497563e-01
7.705931234100203975e-01
7.483446780070630577e-01
7.089332202389465598e-01
7.210161106671854059e-01
7.710321531393852235e-01
7.535464477815828621e-01
6.943048108627632997e-01
7.030759307658693835e-01
7.701579323280546285e-01
7.537154518289309602e-01
6.890103523419205400e-01
6.989390186277116834e-01
7.692200585276153246e-01
7.571214247529778341e-01
7.000893677413271288e-01
7.075268344207096272e-01
7.649476652738588234e-01
7.647191648175089007e-01
7.241282979017684696e-01
7.165343809307187506e-01
7.514084445186824945e-01
7.694697226099515008e-01
7.468756491162013011e-01
7.150972134569882899e-01
7.277662144425347535e-01
7.689042790708060515e-01
7.588515507395059423e-01
7.036904859673003276e-01
7.052026627856131658e-01
7.650626374350091297e-01
7.617382654438551448e-01
6.933374599376441738e-01
6.942121332616865148e-01
7.634196769830300378e-01
7.624373949686984453e-01
6.979098118652384830e-01
6.993167320356279415e-01
7.620640512051576332e-01
7.667641904358850624e-01
7.172933481692155278e-01
7.119562172989885029e-01
7.543764308170933797e-01
7.700678470309199053e-01
7.422529410621581114e-01
7.175430683240222596e-01
7.351658525004262090e-01
7.681233984552802152e-01
7.602085905630369123e-01
7.115903834342799383e-01
7.100238413225011813e-01
7.620336518316537244e-01
7.670589698658052402e-01
7.004792681588601910e-01
6.929901642182624277e-01
7.570933357470756020e-01
7.685980448320166580e-01
6.987454231753786882e-01
6.922911020454535214e-01
7.568672040057206063e-01
7.698152374654189112e-01
7.127849190732487017e-01
7.051811678473772771e-01
7.539629776186476118e-01
7.715036214056825159e-01
7.363687054663882181e-01
7.170165828120167451e-01
7.404992961674813357e-01
7.683260765345897303e-01
7.584972300526813260e-01
7.170248925841321563e-01
7.166541167042866922e-01
7.604813307828907076e-01
7.700475892663050104e-01
7.079095221368403301e-01
6.945580780914551999e-01
7.524539841687928332e-01
7.734083954746887590e-01
7.020658623760163142e-01
6.881914215130421342e-01
7.503755495400631359e-01
7.737875661587978460e-01
7.108006795970208680e-01
6.981528938099260673e-01
7.507505468416603156e-01
7.734907488581106438e-01
7.314096766516994252e-01
7.139475399919860132e-01
7.432247949301784562e-01
7.699931207935793998e-01
7.548543378106625790e-01
7.204631071582541235e-01
7.234829103559548003e-01
7.601029284264181340e-01
7.706683790437044435e-01
7.150660528267530625e-01
6.989365159575268160e-01
7.495745778539572024e-01
7.767604400016493438e-01
7.076851956163650037e-01
6.864331984006588616e-01
7.445848772004080018e-01
7.778023032350348531e-01
7.107733768563684329e-01
6.923455239001802264e-01
7.458954040985416034e-01
7.761784471348320835e-01
7.282765436240005164e-01
7.093205920507088535e-01
7.433597955570380167e-01
7.718811994751787475e-01
7.511775153653801329e-01
7.217837341785664496e-01
7.283483999327491354e-01
7.613370079070131968e-01
7.696153041629857361e-01
7.204601609419467589e-01
7.043215309861290407e-01
7.484010778624664573e-01
7.783490119536935481e-01
7.130618841138329778e-01
6.867540663952440561e-01
7.403597837113233826e-01
7.805032021702370537e-01
7.127197255040220725e-01
6.881806046229674845e-01
7.405485520735914928e-01
7.788937918784070158e-01
7.263976734128848589e-01
7.042403009688250615e-01
7.417271272761636336e-01
7.735378292138911371e-01
7.477819174924500434e-01
7.208915695791687783e-01
7.315973274289978567e-01
7.629158601342678203e-01
7.672749487934300561e-01
7.245968445153149196e-01
7.098068849045454654e-01
7.476670812319561321e-01
7.786894917450745135e-01
7.187841379827825117e-01
6.889758065734729042e-01
7.368917412640006992e-01
7.821704994601285099e-01
7.160800953638548627e-01
6.850104411960963313e-01
7.350613318551235675e-01
7.814684809672596266e-01
7.255152033680120072e-01
6.991769804099642327e-01
7.383702865106940294e-01
7.758884146537389226e-01
7.452243211844662429e-01
7.184754313343041376e-01
7.332477049219783272e-01
7.648437947179397289e-01
7.650312654353226272e-01
7.275851876397547713e-01
7.146675996149409738e-01
7.486151911757695787e-01
7.783149566433698041e-01
7.238418814455644945e-01
6.926755261215749027e-01
7.352501595100073839e-01
7.831923320600615579e-01
7.196665940198976319e-01
6.839762000719006307e-01
7.314358349343128562e-01
7.830680981341276992e-01
7.257474731521891265e-01
6.958189580517055717e-01
7.351938348278859170e-01
7.776415583309276292e-01
7.438160576331207530e-01
7.160947218551800830e-01
7.336961725980005733e-01
7.665602767166780351e-01
7.630750301405240243e-01
7.290365469175109636e-01
7.180944047034316657e-01
7.499563726328288826e-01
7.772457218057206019e-01
7.277015384720609825e-01
6.960927336767858131e-01
7.342638587962445618e-01
7.834186682969161986e-01
7.231329992281922969e-01
6.839888288885286327e-01
7.285357899631166312e-01
7.839503187049665645e-01
7.270075297866726016e-01
6.927337009150779101e-01
7.317734382863748666e-01
7.793412657307844382e-01
7.427298777096017490e-01
7.132234549642267885e-01
7.333576234758483192e-01
7.681326828480476987e-01
7.619331881026031317e-01
7.294721955335039532e-01
7.209005942431873093e-01
7.512376849308510796e-01
7.761492176419313438e-01
7.308861641541714027e-01
6.993920941906741628e-01
7.338415630655958921e-01
7.834193109504676844e-01
7.261529212132621369e-01
6.847747252707228061e-01
7.264168687217644749e-01
7.843050503100970072e-01
7.283142254538310656e-01
6.907645944462617038e-01
7.292470372300335901e-01
7.804833711604484137e-01
7.422402999807229396e-01
7.112748791485040689e-01
7.325654125282822227e-01
7.694760716323812977e-01
7.609881531418849487e-01
7.293328669349190552e-01
7.225831493915270132e-01
7.524482515403435601e-01
7.753250420286572631e-01
7.330777304944471329e-01
7.017768116924278932e-01
7.338166509554688854e-01
7.832419442920857122e-01
7.282605768030804283e-01
6.856723650249967328e-01
7.252738293258997881e-01
7.846854289140089422e-01
7.294987535000427847e-01
6.895356487953980817e-01
7.273944427195139228e-01
7.813287504007274675e-01
7.420486812858960723e-01
7.098575467605716671e-01
7.317761246792359175e-01
7.706342013338460806e-01
7.605067288661967462e-01
7.290926047107381125e-01
7.237029381773374404e-01
7.534475466253987008e-01
7.750792490113220801e-01
7.345759131830702504e-01
7.036183217705097581e-01
7.341906703300096204e-01
7.830691899679103063e-01
7.297105782640382898e-01
6.863893045810384175e-01
7.244736346287932172e-01
7.848289264649319641e-01
7.304726441540785320e-01
6.889536399180586912e-01
7.263635533842627279e-01
7.818312739827180113e-01
7.420010614638506974e-01
7.092900521703208172e-01
7.315156249823629997e-01
7.713490142603588451e-01
7.605167157543237799e-01
7.291487367561977351e-01
7.242403481135797350e-01
7.539512201987890183e-01
7.750086270935599986e-01
7.350685402603781560e-01
7.041624418893812631e-01
7.343941890505050196e-01
7.830930339479255098e-01
7.303237762010567069e-01
6.867570818709322067e-01
7.243334893741458780e-01
7.849128219157159858e-01
7.307036442752169458e-01
6.887802172925796551e-01
7.260094850902134578e-01
7.820044175782007168e-01
7.420937436702109702e-01
7.090153919140341765e-01
7.313289901742483501e-01
7.716595828236326726e-01
7.605411711694166632e-01
7.291532350116095573e-01
7.244861663961118525e-01
7.541769209634854310e-01
7.749260915214694068e-01
7.353650897103157780e-01
7.045301713990903547e-01
7.346201678674590951e-01
7.831051233656357580e-01
7.308126017981162459e-01
6.871667329139923286e-01
7.243937550354869748e-01
7.851299258015856930e-01
7.311431715705591916e-01
6.890979507741512577e-01
7.262691688772712206e-01
7.822170382983358872e-01
7.423824230217709319e-01
7.092890941807381555e-01
7.315973974238363375e-01
7.717428925698849307e-01
7.607988073818671149e-01
7.293715537931236836e-01
7.245718593042205224e-01
7.543631105729659003e-01
7.754574365169903949e-01
7.353504409031205169e-01
7.044977376049791351e-01
7.349343216014198044e-01
7.836030003286242884e-01
7.304850676911185392e-01
6.872009815296366009e-01
7.251696930792218554e-01
7.852728821950459848e-01
7.308336737664087313e-01
6.897208319233532059e-01
7.272572816897673320e-01
7.820873525295125583e-01
7.427162319818486624e-01
7.105625549055418766e-01
7.323906413159904094e-01
7.715038369122440010e-01
7.616091909971280938e-01
7.300288998862410894e-01
7.242660238668242600e-01
7.541758412940848810e-01
7.764418015430212261e-01
7.345249329278914496e-01
7.034381157088412939e-01
7.355897275196976448e-01
7.845864531950433873e-01
7.295019465846022122e-01
6.872994667323171214e-01
7.274532486391558361e-01
7.859340562604646419e-01
7.305279003857992892e-01
6.922284750789204910e-01
7.305288697342297022e-01
7.820401779568832978e-01
7.441769023369640967e-01
7.131909920112112777e-01
7.339698954974375189e-01
7.705860871594514272e-01
7.630163632550005515e-01
7.307229170003172181e-01
7.227076291010561260e-01
7.531544934976436290e-01
7.776669119746519865e-01
7.320443424692416601e-01
7.006372667159839196e-01
7.358499831265020719e-01
7.851165015425786153e-01
7.267021944993220517e-01
6.865989268699368431e-01
7.295911047086207635e-01
7.858438234529586675e-01
7.297056420391682119e-01
6.950293632205900574e-01
7.338579294971291356e-01
7.812120808483131729e-01
7.454253527523686529e-01
7.163651330544738016e-01
7.354601309629033024e-01
7.695742585836308214e-01
7.652778087741466395e-01
7.310300784014713837e-01
7.205423902171693706e-01
7.525661292928830237e-01
7.797404982749505109e-01
7.288577630623288561e-01
6.976109153036594845e-01
7.376678605131657962e-01
7.856900512270552639e-01
7.235778655509440549e-01
6.873568075055108695e-01
7.340864715977190036e-01
7.855711807434327953e-01
7.290507636300315175e-01
6.996314009675859147e-01
7.386860098763222693e-01
7.796070973030125861e-01
7.476256986097397084e-01
7.201780339976366907e-01
7.357217948369930705e-01
7.679641097797553773e-01
7.677295473627453459e-01
7.296511371381888544e-01
7.168356526119972205e-01
7.514604771330493094e-01
7.810598204002251466e-01
7.242939510664545555e-01
6.939913582625257815e-01
7.397110207020877182e-01
7.850864730314487394e-01
7.196373100290183178e-01
6.887590446924656273e-01
7.387883850392078511e-01
7.837765481205538620e-01
7.290857546837428149e-01
7.040371708649031390e-01
7.424062869724403768e-01
7.774457914837991090e-01
7.498466980512943358e-01
7.227126202853401127e-01
7.340653568685784336e-01
7.658739296353143100e-01
7.699074064816443519e-01
7.264434154307990443e-01
7.116161191871472891e-01
7.510365140890792324e-01
7.812239483522370742e-01
7.191121030041254247e-01
6.911176162551057045e-01
7.419977297280481165e-01
7.838493243715809466e-01
7.168490956847658468e-01
6.914503828169524802e-01
7.435034470763122183e-01
7.817328362153443955e-01
7.302764580052438781e-01
7.086378510460958902e-01
7.453304334328179070e-01
7.761785938422167686e-01
7.532043727993105175e-01
7.243325967407171495e-01
7.322873840019619163e-01
7.652360967037593609e-01
7.726964468784341955e-01
7.229939474597222304e-01
7.071288396058063030e-01
7.525792665439997586e-01
7.810619342085699524e-01
7.143070287774387905e-01
6.909771324689910621e-01
7.473141269734927539e-01
7.820232932156435668e-01
7.156087615841242311e-01
6.972834455665853914e-01
7.503618742484118309e-01
7.794078444556672425e-01
7.337469402882623726e-01
7.151258604711040467e-01
7.464498857915150554e-01
7.743899389737483041e-01
7.580524574765132861e-01
7.235242425787727916e-01
7.266662178923415372e-01
7.646598043022622138e-01
7.742464798908039736e-01
7.158854668552980804e-01
7.013429480000208383e-01
7.559549207772073842e-01
7.784587625741149486e-01
7.076260517353550883e-01
6.934257224856695823e-01
7.553185391403810511e-01
7.774211590595777599e-01
7.162708192057175571e-01
7.053023586878358620e-01
7.564041767065740052e-01
7.767768651513665690e-01
7.396649123834060369e-01
7.202582569738231744e-01
7.446906144909849479e-01
7.732098388994562699e-01
7.627424549360269923e-01
7.195859065076660732e-01
7.191772843181014618e-01
7.658680589397739435e-01
7.726569875470679083e-01
7.077682416316158909e-01
6.986584401458673099e-01
7.611819545849342061e-01
7.733827322608705090e-01
7.042947276404273316e-01
6.985263714965549431e-01
7.624539138449815123e-01
7.734770707889200292e-01
7.196218575759278924e-01
7.128502935785463457e-01
7.582299916884315261e-01
7.752279978266938265e-01
7.454720163958244994e-01
7.211649198885783374e-01
7.394258479850639443e-01
7.731682525371377235e-01
7.639588809039019601e-01
7.133915591297423919e-01
7.131401366067392500e-01
7.682826839460485946e-01
7.686684201925164661e-01
7.009587353143296173e-01
6.993625977929335269e-01
7.670158644379705404e-01
7.678026030458517948e-01
7.035156545813183726e-01
7.048664302373184309e-01
7.669520109520228113e-01
7.709061170586217759e-01
7.246755017673607302e-01
7.183137402806645255e-01
7.572865066186316163e-01
7.747128146457690212e-01
7.501859887092218182e-01
7.196204961597580940e-01
7.334687626284052131e-01
7.741110067458568667e-01
7.624010168032291368e-01
7.064581813054131576e-01
7.099238230507584069e-01
7.718387894953947503e-01
7.628768761871868032e-01
6.966334241234729552e-01
7.024885696024446569e-01
7.724697423959067111e-01
7.635317829605341444e-01
7.057860614943946009e-01
7.122222073861926850e-01
7.691621738748377624e-01
7.698431290151800388e-01
7.309433716984709006e-01
7.214768894142299382e-01
7.537784325689125264e-01
7.753938726665974279e-01
7.524108462707056466e-01
7.158016969125784446e-01
7.284099739548240970e-01
7.762650497396178517e-01
7.587555242946163458e-01
6.998412795144689502e-01
7.093427043487063877e-01
7.763821712199457936e-01
7.569252981689592596e-01
6.946042567780845722e-01
7.079777389349994898e-01
7.763255597109600670e-01
7.606510605827733196e-01
7.105248758624916894e-01
7.188101685980666788e-01
7.691184725134813105e-01
7.698779921457727937e-01
7.368503802615037346e-01
7.225256092943596054e-01
7.488283580687842278e-01
7.767370826527550953e-01
7.518868458513153774e-01
7.096393939091982794e-01
7.244866938448208948e-01
7.791907834706475189e-01
7.525233413776843960e-01
6.942531019112678781e-01
7.110811511766347293e-01
7.809027103241774626e-01
7.514701533918203280e-01
6.954875993263144318e-01
7.152487950488907176e-01
7.785025168315341526e-01
7.592651798121704543e-01
7.173194784514265177e-01
7.241572640123872251e-01
7.662323599336240409e-01
7.711433168646811831e-01
7.405656053600938593e-01
7.205475188473366988e-01
7.439041676666450220e-01
7.791793880191354438e-01
7.483579437097489517e-01
7.024832043414930283e-01
7.227972070643507996e-01
7.832128344061135561e-01
7.449989679577041501e-01
6.901668959017436267e-01
7.159966794640195697e-01
7.838694604181948300e-01
7.472943331524333210e-01
7.001478140199823841e-01
7.234183613277737068e-01
7.784183254562029308e-01
7.598255477466850927e-01
7.253394333166294228e-01
7.278587269517485803e-01
7.616340074036662688e-01
7.737727299884497034e-01
7.412830268379653198e-01
7.142844657900790928e-01
7.393605891472809777e-01
7.826795443550557119e-01
7.403381464835162573e-01
6.944775967575738118e-01
7.241126328797088396e-01
7.867745689436513867e-01
7.370536739366277956e-01
6.902921370453134475e-01
7.248485055972553326e-01
7.850253700658611500e-01
7.454474760695128932e-01
7.091219115364818526e-01
7.318635061592979607e-01
7.749196098611822459e-01
7.625371473982169856e-01
7.307800864404682128e-01
7.268157197836631056e-01
7.569528253244086624e-01
7.775362739720014238e-01
7.370927884170191957e-01
7.063846465307369593e-01
7.378329620946503242e-01
7.860745544363726411e-01
7.313890116690728860e-01
6.893911940446599829e-01
7.294880126002538656e-01
7.875354007518627908e-01
7.321037109101216078e-01
6.951157986266551791e-01
7.336919912049548742e-01
7.829749378010328886e-01
7.466273164840485643e-01
7.170101123665144627e-01
7.363610140117444747e-01
7.712876125319143572e-01
7.665790784277137782e-01
7.321379840334213407e-01
7.218487445180984396e-01
7.539418000841422440e-01
7.811789849993621138e-01
7.292611120998585550e-01
6.981482157534495414e-01
7.394937756569082143e-01
7.866652339684563344e-01
7.233084736889645594e-01
6.892499553742151841e-01
7.373987933826932073e-01
7.859894476133104657e-01
7.305423603535461385e-01
7.038804391854615039e-01
7.424466497947538324e-01
7.794311310556913952e-01
7.506806177729103968e-01
7.233947346335459772e-01
7.355462937780444799e-01
7.676138925303372940e-01
7.713756532069643290e-01
7.277261292086566469e-01
7.129705565340455076e-01
7.529696351222169293e-01
7.826987160711141867e-01
7.194140206545045491e-01
6.927635630368030872e-01
7.453306075499073202e-01
7.847381322554649596e-01
7.177754708653287796e-01
6.953723389053735326e-01
7.479190700003578440e-01
7.817749666833631039e-01
7.331895144624083205e-01
7.133973922184060346e-01
7.472756605928724261e-01
7.761624297737870215e-01
7.571978353161794573e-01
7.250581492446439569e-01
7.299177279456965373e-01
7.659303150913892022e-01
7.749422048080597536e-01
7.191015916751631876e-01
7.038417637574833075e-01
7.558756003463105166e-01
7.802057004822484654e-01
7.096944111499121632e-01
6.933629010203392617e-01
7.542708260411989940e-01
7.790217604534195317e-01
7.166189387344769068e-01
7.044634780519040129e-01
7.563839458868094612e-01
7.777068236514818045e-01
7.395570725918206856e-01
7.204178339031444001e-01
7.455877096914025337e-01
7.740740167812129036e-01
7.632172094872278212e-01
7.204318763632550082e-01
7.201159569955963846e-01
7.666431064123653272e-01
7.732961149629585806e-01
7.083051472046414387e-01
6.997521190272982805e-01
7.627691145918158444e-01
7.735897173962656970e-01
7.052164461400012296e-01
7.010136346970710086e-01
7.647597864563858705e-01
7.738818503007809380e-01
7.220840004246625865e-01
7.156005552790266622e-01
7.592411687111292329e-01
7.760777830145673128e-01
7.486514083601825131e-01
7.216210764017795265e-01
7.376891553934352697e-01
7.745745171617083313e-01
7.641804475045905765e-01
7.104993885164816447e-01
7.122187139393471034e-01
7.714097949321708780e-01
7.661210942734313356e-01
6.992154704080297822e-01
7.028122801646154993e-01
7.722071063254652978e-01
7.656939288605011384e-01
7.064039933827563900e-01
7.118259367089087020e-01
7.698399789968844997e-01
7.711879061110873401e-01
7.321010718912026594e-01
7.224955631268383804e-01
7.545540787184789044e-01
7.766822758447411434e-01
7.533985423377093094e-01
7.159102642174456355e-01
7.288809871981617450e-01
7.779928329511047735e-01
7.584047500417014920e-01
6.996049253680386437e-01
7.109162727058258024e-01
7.791214372087292839e-01
7.556957035385766241e-01
6.957730721764258108e-01
7.119736717226941014e-01
7.783739769976212308e-01
7.608284240266055543e-01
7.150229088681336886e-01
7.227890087680806097e-01
7.685293336570616640e-01
7.715087797666706493e-01
7.406067195766485867e-01
7.223884839248092549e-01
7.464026923613967801e-01
7.795974292647794845e-01
7.504992631679162640e-01
7.052076656412161748e-01
7.241914984464691285e-01
7.836706264725228355e-01
7.470200215755841144e-01
6.917469454192373135e-01
7.165652223936251897e-01
7.846348142399384162e-01
7.482401246701819719e-01
7.009429472616219847e-01
7.241306844056933922e-01
7.790191918705984264e-01
7.606000170387805515e-01
7.260895679019961912e-01
7.284696472115844701e-01
7.621856802592292812e-01
7.747901803651701114e-01
7.418516637561081151e-01
7.145645629821119060e-01
7.400773240200299030e-01
7.839927851748704768e-01
7.399686134791398917e-01
6.944173143994464281e-01
7.256600791060051625e-01
7.879237527297633381e-01
7.368608264581614220e-01
6.920363669139034668e-01
7.276965196834285221e-01
7.856347048099454611e-01
7.466629357850781412e-01
7.125007049639855428e-01
7.343494545923889838e-01
7.745397930953972221e-01
7.647185834880194655e-01
7.325108917497841210e-01
7.257568815884021252e-01
7.562586271883097178e-01
7.799610475964641187e-01
7.345119813443669043e-01
7.032000783541425548e-01
7.392025216045061686e-01
7.875925887548272941e-01
7.278225277846517294e-01
6.897802723178554363e-01
7.347963457322197467e-01
7.877931662220689635e-01
7.319699875667060596e-01
7.016335493728109718e-01
7.405309245004464413e-01
7.816230744707547418e-01
7.502052112153023700e-01
7.226604526289037711e-01
7.369421285930952692e-01
7.691727648666687456e-01
7.710278362741929126e-01
7.296781131682954502e-01
7.156550738197391404e-01
7.538652289334574208e-01
7.833433341833605512e-01
7.216547093047053218e-01
6.940119658968781913e-01
7.451889130356734725e-01
7.857277999680684077e-01
7.189317505533336927e-01
6.953417971002605613e-01
7.477613465026515804e-01
7.828242622022453245e-01
7.337183753426418376e-01
7.135871223737585423e-01
7.479766886344175747e-01
7.770447261170666531e-01
7.582096937581881413e-01
7.256761031665615036e-01
7.302995411649416679e-01
7.669280327734481206e-01
7.757122184505033102e-01
7.187050485471949690e-01
7.039510421832539944e-01
7.573158214668285204e-01
7.802562771464666147e-01
7.097963113940155555e-01
6.950661664354239599e-01
7.567451094785189181e-01
7.788342541096956451e-01
7.180783569908275599e-01
7.074599872585458638e-01
7.583005808196140451e-01
7.781520788421042445e-01
7.426258356833024266e-01
7.221318709225242882e-01
7.449266484459913240e-01
7.751066108876520921e-01
7.650162761965905167e-01
7.185275704193074819e-01
7.179203122749425736e-01
7.686310475912084827e-01
7.723943701865365608e-01
7.053289203794292916e-01
7.007143499664801878e-01
7.667491696890955666e-01
7.711698450043682485e-01
7.054298413328184969e-01
7.050925694256685583e-01
7.680661321588571067e-01
7.731542395134025636e-01
7.263230351883905866e-01
7.195670187484699554e-01
7.588366107744078937e-01
7.770867925243224450e-01
7.524140801867680306e-01
7.204399341833198633e-01
7.339672154540940463e-01
7.765851990847632003e-01
7.630205930481306353e-01
7.053172222103205602e-01
7.113684107238870125e-01
7.760604080325437248e-01
7.610929754484793142e-01
6.971552735703610004e-01
7.078802093299939591e-01
7.772479661537403661e-01
7.631389860666517588e-01
7.117307850439310579e-01
7.197175148215954055e-01
7.706901170669534507e-01
7.722801520164788158e-01
7.390819888975925789e-01
7.239207780314192986e-01
7.497402475765707619e-01
7.793025816541737649e-01
7.528362992599193504e-01
7.088879138420246528e-01
7.255834400045070298e-01
7.829083425987415357e-01
7.503973195719096934e-01
6.937029954487408112e-01
7.156403936516729791e-01
7.848543261163407614e-01
7.502565181768219293e-01
7.006076164936685391e-01
7.232108088510921240e-01
7.800635847004875334e-01
7.615961029379810787e-01
7.261154590171393641e-01
7.290013120873614083e-01
7.635538572271295399e-01
7.754134022731229425e-01
7.426249781862573895e-01
7.156794070181708989e-01
7.410781736170994893e-01
7.846960404976930370e-01
7.407545734784438674e-01
6.952473845049402801e-01
7.267476265654326806e-01
7.886380941023238833e-01
7.371657985729926921e-01
6.932434322375017333e-01
7.292707789454599965e-01
7.859810821703689943e-01
7.474594208891661706e-01
