6.894736842105262387e-01
6.255919752619679697e-01
6.108525539747983180e-01
6.575730947666610371e-01
6.993078043655063247e-01
6.645314494592052812e-01
6.140154601436513815e-01
6.288742820604699135e-01
6.844382577962280223e-01
6.933481459594934559e-01
6.347349492678574512e-01
6.198489059019345326e-01
6.617396951114937753e-01
7.023048164467511345e-01
6.699533524615021163e-01
6.241549915306187080e-01
6.431384813584821725e-01
6.899826247084697162e-01
6.981500529786880405e-01
6.477253765572763555e-01
6.331956255087826113e-01
6.708812823561767225e-01
7.042577171558350724e-01
6.814586447518616863e-01
6.434898372321513627e-01
6.534199824840050130e-01
6.925450490922336888e-01
7.049852982517927913e-01
6.670252409574765062e-01
6.499327671985710708e-01
6.736051823087166879e-01
7.054983237478826830e-01
6.953929438815890096e-01
6.616506070927966610e-01
6.613673070045675839e-01
6.887564783020657666e-01
7.083238038374973788e-01
6.817961182428587952e-01
6.605597247331419508e-01
6.718848504995914572e-01
7.007230030716534719e-01
7.016573544554971509e-01
6.684467229710223668e-01
6.622611620154361667e-01
6.866600977316861254e-01
7.095422206168282564e-01
6.878441542091582317e-01
6.630531186248255215e-01
6.698592007288568517e-01
7.013074158817566017e-01
7.030722330528547115e-01
6.695000366396307578e-01
6.626963473252494019e-01
6.874433863923806731e-01
7.102056205576240400e-01
6.877486971116603121e-01
6.630859129740581670e-01
6.723167462845810460e-01
7.034796709723137864e-01
7.028434003574758338e-01
6.669753063602309462e-01
6.633878835418557385e-01
6.952285003588231094e-01
7.111906042784591486e-01
6.648513010696520675e-01
6.414003025168149019e-01
6.708820102820955977e-01
7.056264451996193676e-01
6.731473013704133423e-01
6.234029261184482751e-01
6.397487636021079727e-01
6.901155671204138864e-01
6.981620317222390071e-01
6.372870904619192256e-01
6.200293348066563404e-01
6.613440155859495739e-01
7.019283717276310064e-01
6.665617812112279994e-01
6.115770862780715023e-01
6.224961195620434262e-01
6.746586934181773021e-01
6.877784633933909930e-01
6.152086500169687833e-01
5.808099899178277292e-01
6.196417024079181601e-01
6.800587051870963240e-01
6.479253274933780560e-01
5.815425905338611479e-01
5.844123790634561111e-01
6.472712843908361435e-01
6.775392064836980310e-01
6.074452970100329141e-01
5.688392700573858818e-01
6.039730084967045443e-01
6.741593333725324211e-01
6.506364773743188445e-01
5.760168602969706342e-01
5.670429843089299649e-01
6.325159189122131487e-01
6.778866250389198322e-01
6.110930999816229781e-01
5.561856496383724702e-01
5.820784654137861613e-01
6.625822459009731435e-01
6.552519413237647417e-01
5.749866931084711696e-01
5.553685605081301047e-01
6.191660211256307944e-01
6.769128177553265235e-01
6.175362353387995329e-01
5.577497062482109635e-01
5.796269843167206615e-01
6.588531880927425144e-01
6.618945759391681172e-01
5.873237701010932676e-01
5.641936458738595617e-01
6.181785865570524896e-01
6.802355861170510387e-01
6.361817076655523762e-01
5.794497112746557210e-01
5.889213799180411657e-01
6.607581266340382120e-01
6.791369362825253608e-01
6.199768224249097015e-01
5.892935433173918103e-01
6.268785934765414014e-01
6.900437536331575084e-01
6.659776842516530460e-01
6.123910184030663117e-01
6.064034774211181089e-01
6.685992445345524393e-01
6.951396110574399323e-01
6.478229684411861422e-01
6.102191902450857519e-01
6.398220924439433910e-01
6.999382053896537892e-01
6.824286773266768913e-01
6.321506536098399076e-01
6.263243638676199154e-01
6.824818386480193677e-01
7.048562102058784085e-01
6.643508279184000553e-01
6.370979818490223323e-01
6.665435019585475018e-01
7.110154635627392583e-01
6.918435752562759333e-01
6.580157521365569417e-01
6.633452091744460599e-01
7.044786341998108270e-01
7.028481726563152732e-01
6.716644565699894098e-01
6.643545696789502353e-01
6.926205298576670888e-01
7.107305829036072442e-01
6.831967503607961900e-01
6.631086334328740728e-01
6.803273025944898134e-01
7.094237968831162977e-01
6.956114266066037999e-01
6.646555230456830943e-01
6.691310851574487906e-01
7.005240636337596305e-01
7.074648587488069351e-01
6.642264438890113087e-01
6.533101568147343663e-01
6.866355867481251929e-01
7.107036743184104166e-01
6.672940794772338480e-01
6.303584175061377470e-01
6.528645987221106672e-01
6.989543038396173191e-01
6.859913823776374597e-01
6.262415166409239786e-01
6.272440831398312655e-01
6.765131606195226022e-01
7.029284572184273383e-01
6.521365791969089276e-01
6.150832155071400686e-01
6.431899873345641172e-01
6.926967314376858420e-01
6.783432662294053284e-01
6.101003453394869824e-01
6.012824419798109554e-01
6.483737992308946652e-01
6.885670615026127095e-01
6.297003088165349372e-01
5.756619282082150457e-01
5.978463425971032308e-01
6.653953042888710590e-01
6.651489965232074697e-01
5.910957375551937343e-01
5.741762518085049560e-01
6.261120926203649351e-01
6.805836284510562439e-01
6.265901679034022731e-01
5.689528119639890580e-01
5.885711329852170159e-01
6.598742952485943114e-01
6.707362832152027332e-01
5.937645249848244600e-01
5.603480804282723327e-01
6.051816779729451978e-01
6.739663762090832844e-01
6.352462383366700438e-01
5.634948147362283111e-01
5.643196279529643089e-01
6.378279291182491484e-01
6.695926698796138554e-01
5.940179295792927805e-01
5.506607175979347790e-01
5.948585305462322781e-01
6.706354011568448348e-01
6.383867393977318283e-01
5.639054352969763428e-01
5.627250030328346808e-01
6.367753897357409931e-01
6.738080012064360247e-01
6.065436050801048529e-01
5.648211081238911913e-01
6.009655902206828548e-01
6.760737975945281253e-01
6.667530605603806393e-01
6.088320733724821299e-01
5.940253508408894767e-01
6.496090556029538998e-01
6.975252779485406895e-01
6.634869224790438391e-01
6.266890511417150256e-01
6.419224831075889259e-01
7.007682275436329933e-01
7.002528301702277691e-01
6.601658436751645098e-01
6.472386268533922848e-01
6.861306036275292008e-01
7.117955129679185422e-01
6.821160723842175644e-01
6.611741322383501984e-01
6.848396872932244195e-01
7.139717564212160195e-01
6.861810443612641475e-01
6.591942412956295350e-01
6.778966725422911344e-01
7.099032633740146592e-01
6.899941802722648898e-01
6.463545491209602423e-01
6.542767365860622242e-01
6.947925371085215129e-01
7.033790302405840134e-01
6.491296072087806568e-01
6.302799402097751802e-01
6.662880860411374284e-01
7.035459047867390625e-01
6.700577139376536762e-01
6.205093947048400116e-01
6.378828917326268000e-01
6.892916811315714654e-01
6.972020197274475528e-01
6.360450975371845228e-01
6.193943738701759294e-01
6.614646426450407901e-01
7.016718645452078018e-01
6.671450772302393029e-01
6.152815504970181593e-01
6.292403536548343279e-01
6.815143704459403207e-01
6.909189648370346326e-01
6.263540914090920397e-01
6.068021330580629646e-01
6.533536967299374831e-01
6.967973588669660323e-01
6.588104357360603514e-01
6.046145613422825305e-01
6.220750380691040249e-01
6.777114613093978557e-01
6.899197702752608574e-01
6.237607787753347566e-01
5.983498056393860010e-01
6.382050707422088909e-01
6.883488534403158221e-01
6.557958077676548925e-01
5.881100578789000277e-01
5.836586841804678460e-01
6.445471902063639735e-01
6.792880221518601269e-01
6.108050986247030023e-01
5.632444094543144208e-01
5.914331444516990333e-01
6.654631312920680219e-01
6.661603776703330926e-01
5.990006140676895630e-01
5.767066460730422284e-01
6.245817341375072829e-01
6.890096739285498373e-01
6.602216652025817423e-01
6.139760054240431808e-01
6.161243473943531779e-01
6.794432927298124092e-01
7.060595165251436489e-01
6.705732867387237395e-01
6.508253012308308216e-01
6.841962018775447074e-01
7.153191227237492011e-01
6.817864213286057851e-01
6.619712380532219997e-01
6.876969949871727383e-01
7.144192239899314067e-01
6.777163724941291933e-01
6.380324831963902765e-01
6.562999362751563703e-01
6.988567501994652487e-01
6.838367882926189578e-01
6.107512770071988895e-01
5.939228702863862397e-01
6.399249754035138960e-01
6.864121843953633340e-01
6.335734191908642954e-01
5.747456588128093680e-01
5.851536093400910854e-01
6.543023091339944530e-01
6.720492923814987973e-01
5.998796415289624484e-01
5.662120477962484522e-01
6.039995063502873185e-01
6.785890794779507740e-01
6.659867149221385674e-01
6.094076875466591936e-01
5.967663672695451282e-01
6.526497527059026416e-01
7.010815913544693467e-01
6.703023023446660345e-01
6.333191849333655865e-01
6.511669751131540229e-01
7.080046540394514532e-01
7.019985330034806958e-01
6.693650641326617245e-01
6.780052633765213388e-01
7.146017894101999168e-01
6.926858448381697508e-01
6.336863839812423294e-01
6.335853492261558362e-01
6.737712567697926591e-01
6.891305632690364336e-01
6.165412405588860389e-01
5.683930785013103781e-01
5.961388075757033667e-01
6.696968512441030530e-01
6.625781099579566291e-01
5.886781470943205363e-01
5.695735740581184814e-01
6.268016600920380821e-01
6.887144923548532693e-01
6.564453952084710053e-01
6.132287908874486382e-01
6.198444857272263908e-01
6.852190351352721587e-01
7.107862116590941692e-01
6.759261389625966787e-01
6.638788495029727121e-01
7.031945365730143394e-01
7.132699434829528062e-01
6.591451630836975273e-01
6.385064849333285109e-01
6.737295421947634422e-01
7.003398051463564089e-01
6.421598553800327291e-01
5.831631570264622644e-01
5.948827807554306624e-01
6.605577914697482456e-01
6.842790802908440551e-01
6.238264334196433891e-01
5.878000257797875161e-01
6.179804024501281967e-01
6.907721893860471196e-01
6.940068100336576062e-01
6.515922972713388273e-01
6.436012033518724307e-01
6.895248595916411150e-01
7.141240343011495684e-01
6.812940636692881302e-01
6.664539527801788266e-01
6.947847798162944954e-01
7.141955158695837413e-01
6.718932742077127207e-01
6.444092202038792516e-01
6.723166069083700291e-01
7.069933035394927456e-01
6.703708971707764697e-01
6.062838972742372601e-01
6.056242740239008437e-01
6.563561073945169966e-01
6.871385192868205705e-01
6.251727327062707174e-01
5.736620079318179855e-01
5.948943259695773644e-01
6.686149548230416739e-01
6.857346136822201066e-01
6.346958440763662557e-01
6.081612812317825911e-01
6.475962804779333837e-01
7.076508656103346340e-01
6.915076052457380662e-01
6.532103698576772199e-01
6.581391592776539845e-01
7.071431842971548365e-01
7.057348899060676972e-01
6.706603369972699014e-01
6.724215781435680661e-01
7.088067253836345394e-01
7.015472758835561429e-01
6.361261849548923708e-01
6.209807891570083838e-01
6.551998944219884491e-01
6.920093672187894729e-01
6.400213577656458375e-01
5.742302870651569968e-01
5.813627243357583074e-01
6.524241173355380674e-01
6.780512960686576607e-01
6.111948917850640317e-01
5.733193116649329957e-01
6.101969491647235566e-01
6.830147117645124499e-01
6.789273906500928879e-01
6.347901523855616901e-01
6.243103796701364727e-01
6.778362934229954506e-01
7.177682625810128947e-01
6.858795053348675230e-01
6.684677331533042111e-01
6.980309514417235572e-01
7.145861119702970887e-01
6.594498988265253825e-01
6.314270388167126935e-01
6.631967414021470164e-01
6.979124978091318932e-01
6.608209975001195779e-01
5.966122287804306312e-01
5.963876809066145368e-01
6.509836408224524140e-01
6.834673893119020960e-01
6.202063960352890426e-01
5.695715993017809176e-01
5.941437396133049109e-01
6.708523671415260736e-01
6.829156777234968168e-01
6.328905333779560882e-01
6.111454549701272887e-01
6.525340224329331251e-01
7.099429031114772304e-01
6.942752026921880093e-01
6.617172581427535061e-01
6.735055953170996368e-01
7.116124953787299479e-01
6.988620626673125447e-01
6.622440447567199406e-01
6.707385259447966597e-01
7.064439355091676198e-01
6.993849774894062010e-01
6.411155537019649353e-01
6.275889817462756426e-01
6.682938668718999553e-01
6.978427381871784574e-01
6.405292186560299639e-01
5.819946414058314588e-01
5.937970576771733899e-01
6.598731485684067311e-01
6.836337600114633650e-01
6.222708059598878183e-01
5.880742131217913116e-01
6.191521873747880544e-01
6.915404494948333980e-01
6.951851667550310587e-01
6.546618993065561609e-01
6.493112657720973013e-01
6.943564578999013026e-01
7.131510177895624691e-01
6.743399832552240403e-01
6.662862579420684161e-01
7.013204347185921783e-01
7.044517916216840314e-01
6.317218812669704864e-01
5.909327312847161284e-01
6.193693005915684724e-01
6.792295225918713042e-01
6.649135510880910260e-01
5.975832199598892780e-01
5.839379598477431044e-01
6.362815430335870825e-01
7.006226130967325716e-01
6.834127356034804812e-01
6.475903413638443018e-01
6.636390346301318521e-01
7.157465419960598041e-01
6.972080203632673445e-01
6.558452807830581488e-01
6.646261947433325101e-01
7.026097864609757160e-01
6.876086259410416623e-01
6.160984774353094329e-01
5.858940864991080133e-01
6.225229193110574100e-01
6.841983960784296936e-01
6.587328607989345608e-01
6.094829699928075994e-01
6.112332264741768828e-01
6.708477937475270103e-01
7.151050919797340422e-01
6.877608193962175820e-01
6.690563648221288240e-01
7.009674592658697856e-01
7.140747773308239177e-01
6.550967604602360161e-01
6.190077813928157591e-01
6.390711143322219678e-01
6.852498836920128955e-01
6.640763338690569562e-01
5.950545008034947569e-01
5.840025944285403003e-01
6.387102816684839812e-01
7.022151798226015096e-01
6.856996877545461500e-01
6.519062089515804681e-01
6.700693401878569100e-01
7.179686915520876456e-01
6.933766795265956517e-01
6.487406719316575199e-01
6.570860653533733275e-01
6.957903521542938563e-01
6.850352834682966741e-01
6.112454672220405394e-01
5.792785111814514609e-01
6.173357386651457945e-01
6.898860561920723278e-01
6.913766267279495281e-01
6.559892897045511706e-01
6.560216289145255342e-01
7.045110453473860668e-01
7.106965321291900395e-01
6.592597519496365965e-01
6.513138500380353246e-01
6.863071904219041341e-01
6.939590072284974598e-01
6.234600763903223042e-01
5.767360292832588442e-01
6.013332382418226096e-01
6.746321369607397589e-01
6.890597213366874696e-01
6.418438978012713791e-01
6.221514859576861012e-01
6.683821053771666909e-01
7.187882290701255172e-01
6.937066201256057996e-01
6.676085732815592033e-01
6.917316025737946239e-01
7.144386307211453291e-01
6.629880455997132493e-01
6.111806126696590624e-01
6.173838566354112878e-01
6.682635088462218764e-01
6.784362100082701463e-01
6.104326356920765084e-01
5.806455220287048968e-01
6.201906767323016600e-01
6.923706225318954077e-01
6.953088615017415375e-01
6.553824506594354560e-01
6.513048136211789796e-01
6.973878645372051377e-01
7.140980246692272271e-01
6.673680628439158102e-01
6.585991543976047469e-01
6.938412211708854249e-01
6.994676452843676673e-01
6.281350747277238966e-01
5.873977217856020117e-01
6.157481757249780863e-01
6.795396890863902861e-01
6.717048881835484542e-01
6.072234780173798585e-01
5.876137831240012543e-01
6.383235728902337813e-01
7.061515892211419620e-01
6.940108232296465784e-01
6.598882970284863925e-01
6.742076815326852879e-01
7.177285909080863835e-01
6.908701071295544338e-01
6.462511821751379948e-01
6.558189807031006291e-01
6.951805200004300689e-01
6.836940413884323720e-01
6.092091166310645844e-01
5.797438002567141258e-01
6.171997994148602507e-01
6.894047675922260199e-01
6.894079019600107827e-01
6.542802082595878810e-01
6.536813485514919586e-01
7.028070964842022539e-01
7.132743293245801253e-01
6.629133611195555664e-01
6.536815171033221183e-01
6.881359345518800463e-01
6.954084859190564627e-01
6.256239718443448172e-01
5.788282453078382739e-01
6.042287139187010325e-01
6.759387722878789084e-01
6.963687827654476692e-01
6.551579757494726541e-01
6.455514414393282996e-01
6.871878560553057458e-01
7.206205280887534315e-01
6.758566463906374722e-01
6.530970958486693734e-01
6.808148609913782234e-01
7.045307557479738580e-01
6.462104620575160885e-01
5.866089470838470321e-01
5.956249126266588423e-01
6.599112392551317319e-01
6.897669826326078280e-01
6.429039425322737866e-01
6.123545594795533065e-01
6.441226419562071648e-01
7.085037020521061102e-01
7.055812934452144747e-01
6.714526881104109224e-01
6.819051230384528539e-01
7.173663369907107290e-01
6.865867753135710405e-01
6.196454332893313044e-01
6.121287135780134614e-01
6.597673855525800768e-01
6.896176840423140497e-01
6.345793043396942279e-01
5.904640817958010102e-01
6.089685246858786982e-01
6.807955102328924202e-01
7.072387451927634183e-01
6.723540550318464204e-01
6.592471491871062517e-01
6.964609839721594975e-01
7.172438604154453001e-01
6.644137329925334789e-01
6.407324830931330206e-01
6.713746266207305524e-01
6.998650021739727389e-01
6.453227905621176097e-01
5.841784251704319475e-01
5.901801953007267398e-01
6.567724088003326077e-01
6.990883256930165990e-01
6.632303647994098883e-01
6.333444413633284586e-01
6.640528157714589153e-01
7.176938092655155144e-01
6.975519625211166197e-01
6.642119776436967715e-01
6.802713883985415100e-01
7.116326737809050007e-01
6.746120890771427625e-01
6.069132892229018861e-01
5.978948999301905154e-01
6.468915164736240841e-01
6.911545964995897684e-01
6.491667791158317602e-01
6.055692167383254221e-01
6.219993117555002726e-01
6.933191295513103647e-01
7.148917727852419635e-01
6.777846545346208895e-01
6.727355573650785070e-01
7.081645550576092241e-01
7.052961842969734940e-01
6.440672998931226134e-01
6.251928314891194161e-01
6.562796633502055998e-01
6.918586990825592586e-01
6.434227476669548418e-01
5.829569747900190668e-01
5.911151980023019448e-01
6.576334968171971829e-01
7.042500508678849469e-01
6.732403156311501657e-01
6.519188084899397717e-01
6.813855091118543594e-01
7.221611178226683414e-01
6.809684963246427358e-01
6.435392028121753594e-01
6.619833049741165043e-01
6.999217204732128828e-01
6.657082335521892213e-01
5.941484897681647004e-01
5.792369863249338113e-01
6.325720427484835540e-01
6.900368869108359782e-01
6.564177102024135735e-01
6.118708393200027462e-01
6.260928343840967969e-01
6.975617055998075688e-01
7.132644555471208125e-01
6.761821241037906383e-01
6.746567409118422454e-01
7.112937369811197508e-01
6.987715072727311849e-01
6.249078678307614654e-01
6.001778325018669591e-01
6.389129069237350356e-01
6.899065960097607864e-01
6.578398783471091082e-01
6.046225742332368425e-01
6.050888247788996921e-01
6.687412769615523889e-01
7.148841217959697181e-01
6.880481030246892171e-01
6.687932669521611251e-01
7.012183202517280334e-01
7.147247862225142301e-01
6.549601558553599379e-01
6.173189294922336590e-01
6.388456416735552867e-01
6.869570225485701620e-01
6.706511465049419529e-01
6.112198558852894870e-01
5.982433020978010774e-01
6.502138908292990349e-01
7.170394825791471805e-01
7.017266568882015720e-01
6.726685514704981994e-01
6.953539022005411629e-01
7.193591405678614326e-01
6.640393102884488696e-01
6.038972879254300707e-01
6.093496693264666142e-01
6.676056286227259884e-01
6.943759181625565047e-01
6.498074259061162872e-01
6.241305648587266441e-01
6.570783603798872052e-01
7.183296924279123363e-01
6.996146506726390601e-01
6.642036382478422318e-01
6.807493894543577007e-01
7.101145305913736383e-01
6.697172172610457164e-01
5.982959162234988693e-01
5.870551092549833871e-01
6.415619690105931472e-01
6.968840329591748928e-01
6.708044965427870654e-01
6.353614697271050549e-01
6.494855703880192399e-01
7.075791475488286686e-01
7.100661131589077746e-01
6.667705433900351641e-01
6.700011246650205976e-01
7.042709218050556830e-01
6.867289094739731370e-01
6.107670282887751600e-01
5.814612493645294755e-01
6.227945924568373259e-01
6.917111026233742077e-01
6.853052777632082648e-01
6.445787695360484237e-01
6.469802568432461154e-01
7.006134902409244525e-01
7.170988274140471797e-01
6.681049215545981079e-01
6.569718384523806076e-01
6.898262266367224393e-01
6.963432127552052764e-01
6.287543295014804690e-01
5.819601557737230646e-01
6.079414933130709020e-01
6.813732491283408521e-01
7.071737288804520460e-01
6.736521004970809079e-01
6.634853125282774711e-01
7.051122012380300896e-01
7.153445125279270789e-01
6.525276892856937128e-01
6.263941327712032603e-01
6.564314174013519132e-01
6.972065054611629176e-01
6.620887627971130396e-01
6.108827702025810824e-01
6.138297629219944263e-01
6.776046393603420981e-01
7.214036763534642516e-01
6.883132482831904042e-01
6.729941358735538337e-01
7.054412527365946373e-01
7.121927305846016409e-01
6.418146225505430014e-01
5.943770029803137067e-01
6.123179498806281540e-01
6.793466758375612535e-01
6.913769241898628515e-01
6.500532321460649188e-01
6.378864693736934210e-01
6.878791466080953487e-01
7.253170720508759217e-01
6.773321216095914421e-01
6.495190609731555931e-01
6.770637184669197062e-01
7.009754601344487801e-01
6.516342000965149595e-01
5.918261985205124365e-01
6.002755962187249494e-01
6.666306427767870746e-01
7.161621887222415772e-01
6.906217399301407545e-01
6.707401601004934211e-01
7.030598290590120980e-01
7.189833577539980203e-01
6.532835960299296918e-01
6.086452322552605709e-01
6.282139422510896187e-01
6.850676394035500882e-01
6.839201793555638176e-01
6.357131236623829729e-01
6.245784375486682638e-01
6.746366409126838271e-01
7.243283600874147465e-01
6.893593951310722501e-01
6.623299522693155694e-01
6.875071113987226701e-01
7.086823758995582923e-01
6.539798674385391974e-01
5.951869964715562622e-01
5.996937642628328291e-01
6.635026795109791875e-01
7.079072017412737505e-01
6.801108337950595439e-01
6.601415938725885280e-01
6.938615736034738912e-01
7.232920707424252971e-01
6.659983440716422676e-01
6.228119561573527418e-01
6.410322395270983131e-01
6.903735349041038027e-01
6.824662227732785080e-01
6.300201486972415443e-01
6.187695250409988024e-01
6.694940779151309362e-01
7.238526514908947274e-01
6.918329814009430700e-01
6.630154614300026727e-01
6.880570486080233028e-01
7.084451453463878057e-01
6.553357234566452583e-01
5.959513550745693111e-01
6.017649691106990995e-01
6.681399190905178420e-01
7.156870393760750293e-01
6.899391099491537505e-01
6.698707242461451328e-01
7.029794718828122901e-01
7.205062338343093398e-01
6.529473256207494192e-01
6.087649953500617883e-01
6.256951673443265083e-01
6.837717124094536691e-01
6.877957811047620273e-01
6.463232491653556622e-01
6.363944431125271306e-01
6.869824879834472986e-01
7.269423600425867216e-01
6.797379636345209919e-01
6.508709737836665399e-01
6.772414906643646759e-01
7.020199685104543397e-01
6.556484225705557778e-01
5.983727897387993711e-01
6.050934279873848576e-01
6.703698797096667716e-01
7.206630072616353466e-01
6.919450379969365184e-01
6.748592938260586926e-01
7.077348022135070416e-01
7.151249937408952206e-01
6.448801354324331658e-01
5.972860868858450578e-01
6.150732146852341264e-01
6.818124662670917990e-01
6.959145259690576735e-01
6.583173483694020334e-01
6.476318535446300428e-01
6.956652450220794925e-01
7.227526274400014605e-01
6.689694995367393426e-01
6.416106087162629645e-01
6.688378895973599025e-01
7.005276280239621789e-01
6.580230343930172365e-01
6.029650403552097027e-01
6.083128900912134762e-01
6.749625453143413001e-01
7.220370623713474600e-01
6.897230197019963427e-01
6.738127980235822934e-01
7.059328679340910462e-01
7.111826036731035972e-01
6.415205722601727834e-01
5.955513421111844341e-01
6.154331967068289444e-01
6.830048126375137807e-01
7.023126766963511125e-01
6.680287340199697610e-01
6.577254073456013650e-01
7.029096759901062308e-01
7.185799912452244254e-01
6.558919462780052889e-01
6.291237384921628539e-01
6.578836396843772416e-01
6.980219121501305413e-01
6.648834864554270530e-01
6.162983295957148444e-01
6.205424263034090560e-01
6.850477819714628769e-01
7.235410418251938536e-01
6.858387005885406840e-01
6.697017275903393019e-01
7.016772565753175428e-01
7.049889425325319703e-01
6.359757693688795621e-01
5.889593499358296569e-01
6.124742051259476350e-01
6.850566385450310714e-01
7.111413455713907483e-01
6.794811810331955471e-01
6.717375495665616203e-01
7.134180567620551638e-01
7.132265137034520253e-01
6.406126127810770621e-01
6.128391103565900000e-01
6.402156774344606172e-01
6.947449000810246300e-01
6.747922433132801379e-01
6.364498605189371494e-01
6.396619311572853128e-01
7.026565087948930532e-01
7.203256568762337331e-01
6.683025421251665987e-01
6.560183480674431911e-01
6.881117796809681497e-01
7.014554196797967434e-01
6.402919748305259118e-01
5.962698007007745105e-01
6.183680877268230569e-01
6.919733818520422686e-01
7.181001099940695909e-01
6.825644056106794366e-01
6.792322060658091409e-01
7.140152322163736409e-01
6.972528996189335526e-01
6.217677453456141867e-01
5.908723573994510980e-01
6.291434111322660172e-01
6.974608951581594551e-01
6.971309504723925965e-01
6.636989576604258589e-01
6.687072147612634909e-01
7.176584532548233586e-01
7.064393170315070858e-01
6.390078789709424667e-01
6.280316658796396556e-01
6.646629768889615875e-01
6.971524286877220922e-01
6.510346230576609106e-01
6.186061695061254584e-01
6.381182717677964522e-01
7.090211675996891394e-01
7.165981162095440560e-01
6.714297183423568738e-01
6.726499694282317421e-01
7.057636058301965942e-01
6.921468308468635700e-01
6.201971840077551423e-01
5.890328170683623021e-01
6.287788643355705087e-01
7.023591717277750668e-01
7.091537144240773749e-01
6.757368321856177529e-01
6.855537131159554765e-01
7.210863083973784171e-01
6.852929486225650679e-01
6.140757740814566379e-01
6.001292630826410290e-01
6.500440816077024397e-01
7.029076799681448495e-01
6.802738845437094062e-01
6.504536459404272053e-01
6.704921549106521717e-01
7.232393444253926162e-01
6.979447225662772647e-01
6.404246689324117892e-01
6.446442291715804851e-01
6.825535910269365791e-01
6.899905419809425622e-01
