3.105263157894736503e-01
2.878959486969894233e-01
2.659329517925121955e-01
2.836296214179374053e-01
3.116501493235721010e-01
2.956787756222579167e-01
2.670466800830375020e-01
2.760881303762116601e-01
3.058071853443649624e-01
2.987475350845513189e-01
2.683164348082830997e-01
2.712882570430498186e-01
3.028881293031640554e-01
3.031710681297714594e-01
2.728771346709416012e-01
2.691870270863548353e-01
2.998812756757465170e-01
3.097827669309868304e-01
2.794327428555198889e-01
2.667556496861110960e-01
2.921348239764584021e-01
3.099581391438775979e-01
2.829094170475226488e-01
2.639251282317136016e-01
2.853254378121334867e-01
3.093519036637520370e-01
2.881537158672529131e-01
2.653028577758358986e-01
2.819406987806550857e-01
3.109271499784820314e-01
2.962708845461773377e-01
2.680223974591853797e-01
2.763645434262064771e-01
3.067522190237658708e-01
3.015441640125439693e-01
2.697239215170885163e-01
2.701124780863758401e-01
3.005190075156646823e-01
3.033351409860250980e-01
2.729639712578589839e-01
2.678103840653250911e-01
2.983273006676322447e-01
3.093788615248350693e-01
2.799687467650449624e-01
2.667049299110040295e-01
2.921158994316502833e-01
3.115970603755290336e-01
2.855536142935266031e-01
2.647534530068998415e-01
2.841745246453525331e-01
3.089375857803505210e-01
2.889881932700030243e-01
2.645096375223425222e-01
2.794638454235202074e-01
3.092698820893058920e-01
2.962401994719339182e-01
2.683312670246088549e-01
2.760187037008081656e-01
3.071777514772102702e-01
3.032708893233156955e-01
2.713281249845806431e-01
2.700013153866167026e-01
2.997809186705545081e-01
3.051888496410562479e-01
2.740680206039605715e-01
2.664521514925919377e-01
2.954261787598691513e-01
3.080777350822852534e-01
2.797372722059432437e-01
2.660548180959578790e-01
2.917083705007946226e-01
3.125681548261547982e-01
2.875456965071147009e-01
2.656076242508098595e-01
2.837137690156730785e-01
3.095512106718112388e-01
2.913514323573761500e-01
2.649350398552743346e-01
2.775155460463024637e-01
3.073735308747403416e-01
2.961487205030836067e-01
2.677924234901241096e-01
2.743732866862214070e-01
3.064523174044594955e-01
3.039704693673750957e-01
2.728529518060064385e-01
2.705221290591190986e-01
3.002039724029913481e-01
3.074847872597868403e-01
2.758152798445869247e-01
2.657177795570072609e-01
2.929907576285220028e-01
3.078635076289631400e-01
2.802170375816493975e-01
2.650865594545409043e-01
2.897935284811681278e-01
3.116940054646754055e-01
2.879156845187340052e-01
2.659572634146580850e-01
2.838165669469867036e-01
3.110195461329328670e-01
2.942615530779003619e-01
2.661775665089567977e-01
2.763817477441781190e-01
3.059111195920567461e-01
2.969263676348481984e-01
2.675978431724664319e-01
2.724540086203240397e-01
3.047606507209704163e-01
3.036968958833548005e-01
2.731739564691263999e-01
2.700813569346824372e-01
3.002289757696696704e-01
3.090622292424568540e-01
2.779959335426178124e-01
2.662215149375966594e-01
2.921918159441267981e-01
3.087971135244097498e-01
2.813122450912071693e-01
2.640038254021538910e-01
2.869185777783734848e-01
3.100690404879790085e-01
2.878390061229775809e-01
2.657466638744569454e-01
2.832607305850897705e-01
3.115421462681089992e-01
2.958874491255535921e-01
2.672677446768139675e-01
2.760631939670832868e-01
3.059290516229311030e-01
2.994462915294099359e-01
2.686048939517072243e-01
2.708699716642589128e-01
3.021433741734645406e-01
3.029921895702658019e-01
2.727384140510905053e-01
2.687743374163749643e-01
2.995597836777329492e-01
3.097463927467691835e-01
2.796437458937535703e-01
2.667641954513976232e-01
2.920636078202915042e-01
3.103250663964360334e-01
2.835201274811694483e-01
2.640189172640967641e-01
2.848657355795460866e-01
3.091245554769867510e-01
2.882535138853940526e-01
2.650053226979570686e-01
2.812334547960583242e-01
3.104826237770454411e-01
2.962462428167161321e-01
2.681488012189779946e-01
2.763539941399555389e-01
3.069197842005638166e-01
3.020649713301051809e-01
2.700689907622735308e-01
2.699087374893142655e-01
3.000907801050045620e-01
3.036173315015647245e-01
2.731004438722693384e-01
2.673951682031617816e-01
2.976075044364116517e-01
3.089813712969379789e-01
2.798330659974357926e-01
2.665116055720588295e-01
2.920112076116772037e-01
3.118840794343417655e-01
2.861060806284144165e-01
2.649318537802027307e-01
2.839215615820083749e-01
3.088870966920617689e-01
2.893281910768580878e-01
2.643869497947385350e-01
2.787975817818951207e-01
3.087161760092018703e-01
2.961224392104898073e-01
2.681662886618182418e-01
2.756214025024089631e-01
3.069940697834737664e-01
3.034102468304113454e-01
2.716175895055039646e-01
2.700031709560292703e-01
2.997157056894119709e-01
3.055914538469564068e-01
2.742733513390778199e-01
2.660541489621070510e-01
2.946340760557258354e-01
3.077510133180969554e-01
2.796307951728381203e-01
2.657399585587420510e-01
2.912918227575056473e-01
3.123579730704634239e-01
2.875754478606702969e-01
2.655755129893117572e-01
2.835626338706178085e-01
3.096964574363811895e-01
2.918796769389004342e-01
2.650564564506863729e-01
2.770786531339226588e-01
3.068396805146135775e-01
2.960506542489927950e-01
2.675261368086162550e-01
2.738045587429340233e-01
3.060116601778205547e-01
3.038094450278479575e-01
2.728580731265227155e-01
2.703592203231915958e-01
3.000843084085815793e-01
3.076934940086935577e-01
2.761019190742630136e-01
2.655823080433517003e-01
2.925419945240100295e-01
3.078291131010648662e-01
2.802559930559492263e-01
2.646699959526608303e-01
2.890506949034931661e-01
3.111779630276898523e-01
2.877249263693805181e-01
2.658183776242349916e-01
2.836627608444289295e-01
3.111006076448558089e-01
2.946136914053352207e-01
2.662735467713041593e-01
2.760637312213640171e-01
3.055998199924004344e-01
2.972442731321530140e-01
2.675949564811407888e-01
2.719011987463979541e-01
3.040434106506016421e-01
3.033829411391242847e-01
2.729546939433379893e-01
2.696889397153946488e-01
3.000151201778887833e-01
3.091904258076251244e-01
2.783420140266985587e-01
2.662780119697783499e-01
2.920005154146982917e-01
3.089806528015681675e-01
2.815795689173352656e-01
2.637527461949962793e-01
2.862379753677667393e-01
3.096726457899651175e-01
2.877693007184986551e-01
2.655225677805536644e-01
2.828264145991847278e-01
3.112892860461672906e-01
2.958828110208696072e-01
2.673574675646933074e-01
2.759834622215474598e-01
3.059825681878827752e-01
2.999379898928942745e-01
2.687792297690861920e-01
2.704519310456918180e-01
3.014195233917308925e-01
3.028372081139040772e-01
2.725900682564570410e-01
2.683324084907031670e-01
2.991023122099104592e-01
3.095489545216103533e-01
2.796692740630439267e-01
2.666330150027018675e-01
2.919125560600054348e-01
3.105486180810533847e-01
2.839823155378146113e-01
2.640590849106345117e-01
2.844563498086238873e-01
3.088713948830831835e-01
2.882450842938324431e-01
2.646632439388111879e-01
2.805634476090568263e-01
3.099773520103386582e-01
2.960955596062382900e-01
2.681066437344228892e-01
2.761708246048386606e-01
3.069027863647629251e-01
3.023539992680535082e-01
2.702971208265839143e-01
2.697228178157674572e-01
2.997403554914614410e-01
3.039033270087674876e-01
2.732181228060327483e-01
2.669502167310823793e-01
2.968082189227916334e-01
3.085401955760719850e-01
2.796520192198593824e-01
2.662612898270809714e-01
2.918491562011379936e-01
3.120613088902826626e-01
2.865301059383595916e-01
2.650443625505711220e-01
2.836838415321164542e-01
3.088820666776852519e-01
2.897113368320232696e-01
2.643399065689024940e-01
2.782314889993598439e-01
3.081841972366212157e-01
2.959861242781894330e-01
2.679725288847203957e-01
2.751941884817390993e-01
3.067756531255976804e-01
3.034975072782883365e-01
2.718989294400068757e-01
2.700648971059260162e-01
2.997393027763453066e-01
3.060486974340637656e-01
2.745517127159188830e-01
2.657686605440331973e-01
2.939579968971895996e-01
3.075778779348936065e-01
2.796282981226286823e-01
2.654658382607446576e-01
2.908649169591291384e-01
3.121463831794569765e-01
2.876182537538627404e-01
2.655985855280332819e-01
2.835096624324899284e-01
3.099378535097513376e-01
2.924635300124535098e-01
2.652505811205354003e-01
2.767095409360099123e-01
3.063805943982744195e-01
2.960756657824229476e-01
2.673484006713310324e-01
2.732434343195938031e-01
3.055507134728286944e-01
3.037066180226472567e-01
2.729199286180127304e-01
2.702316013331997335e-01
3.000490028043303892e-01
3.080557976494470718e-01
2.765821605953617257e-01
2.656290746011789050e-01
2.922502680105275030e-01
3.079750283927812360e-01
2.804257622836264230e-01
2.643389298194677717e-01
2.882872437941902954e-01
3.106894241316826566e-01
2.876296017769222058e-01
2.657189684515123274e-01
2.835131668689309659e-01
3.112141003591831767e-01
2.949594546972381659e-01
2.664632355802845631e-01
2.758774147979110025e-01
3.054671317123717200e-01
2.976753773113570700e-01
2.677056985378033493e-01
2.714576502352921694e-01
3.034026075434340664e-01
3.031009958845514163e-01
2.727474760018810396e-01
2.693197026580097519e-01
2.998100404863289770e-01
3.092845710629351097e-01
2.786829403101639957e-01
2.663384830337534037e-01
2.918818108147768764e-01
3.092190503255075051e-01
2.819454016978092392e-01
2.636142172698636710e-01
2.856229673414731329e-01
3.093254181881746612e-01
2.877494428871306131e-01
2.652724387990219035e-01
2.823027503155712825e-01
3.109859591392377109e-01
2.959054873750768255e-01
2.675024372503060910e-01
2.759825809544108610e-01
3.061241924519385038e-01
3.004606072190326715e-01
2.689978006167655367e-01
2.701163116793484087e-01
3.008363375251104643e-01
3.028002005398650054e-01
2.725138928399818417e-01
2.679313249446419465e-01
2.986402649147689714e-01
3.093195627957457949e-01
2.796332325162395605e-01
2.664951540324554391e-01
2.917993662116616926e-01
3.107976221402753425e-01
2.844688462852401067e-01
2.641515928770272748e-01
2.840996680685214937e-01
3.086617980620250390e-01
2.883312831539232013e-01
2.643706666860732302e-01
2.798909869555972207e-01
3.094851714461930858e-01
2.959448201358501618e-01
2.680130868642050523e-01
2.759394337366253280e-01
3.068364251746514282e-01
3.025519586759596868e-01
2.705221833195737835e-01
2.696108480293980536e-01
2.995080122961921720e-01
3.042036329422446728e-01
2.733387121850900381e-01
2.665565398741651659e-01
2.960856424084243321e-01
3.081502909118696287e-01
2.794809361791881219e-01
2.660156897526523290e-01
2.916374328159717089e-01
3.120885436834675564e-01
2.867781144763369428e-01
2.651021128983318542e-01
2.834916259813419770e-01
3.089216434689490143e-01
2.901516744153193605e-01
2.643727690887003323e-01
2.777530168500442764e-01
3.076840650854112957e-01
2.958661385658083454e-01
2.677397644045381719e-01
2.747225772624937168e-01
3.065055150382219318e-01
3.035404249786921027e-01
2.721475621428469105e-01
2.701017211748517610e-01
2.997609864447592920e-01
3.064795610529820746e-01
2.748805734640109022e-01
2.655318138176887000e-01
2.933561211429233095e-01
3.074608171118488054e-01
2.796487316771296139e-01
2.651703364231784987e-01
2.903544623876286312e-01
3.118594360305491642e-01
2.876042800581372072e-01
2.655936757865595133e-01
2.834704709980424009e-01
3.101817436711873932e-01
2.929934371280759620e-01
2.654352961276646439e-01
2.764130955891603847e-01
3.060173389947752898e-01
2.961774834377851606e-01
2.672442996520776881e-01
2.727942400146486923e-01
3.051376548039105852e-01
3.035595168022480750e-01
2.728903324565989386e-01
2.700721452206375495e-01
2.999819245709440807e-01
3.082721154053091883e-01
2.769388615989475944e-01
2.656790647716520959e-01
2.920623729713991423e-01
3.081119579285348520e-01
2.805744861588654882e-01
2.641114884386232542e-01
2.877544165149650279e-01
3.103820488491826346e-01
2.875702122747297307e-01
2.656461197686300069e-01
2.833873551662897117e-01
3.112480139078856456e-01
2.951641902798146089e-01
2.665964087877947253e-01
2.757883641786209594e-01
3.054404479688626606e-01
2.980704480822226610e-01
2.678408877662722398e-01
2.711413730097995134e-01
3.028768254300241991e-01
3.029221619645811048e-01
2.726180021593464509e-01
2.690659493176152939e-01
2.996597141219937699e-01
3.093562364045285284e-01
2.789046317382277151e-01
2.663721750775269737e-01
2.918321028751357238e-01
3.094234230593151391e-01
2.822673138521241132e-01
2.636046457042232061e-01
2.852894409308424639e-01
3.091683898366893724e-01
2.878060576366435752e-01
2.651373717483517245e-01
2.819650953899383583e-01
3.108142545658181266e-01
2.959538365741244403e-01
2.676335816798210976e-01
2.760438700864069062e-01
3.063064496200860187e-01
3.008794642597941715e-01
2.692365311675607442e-01
2.699785741782534942e-01
3.005326764235682901e-01
3.029337867688569608e-01
2.726227433082409335e-01
2.677500052696610844e-01
2.983631057380345952e-01
3.092280581589035848e-01
2.796894950056920126e-01
2.664978868732019723e-01
2.918446506931658968e-01
3.110688271002797767e-01
2.848691233861144756e-01
2.643346616174380159e-01
2.840362033443840084e-01
3.086965360765415722e-01
2.885289234722582252e-01
2.643365132592039313e-01
2.796096042790311986e-01
3.093158241452469426e-01
2.960037629321811692e-01
2.680889376479771991e-01
2.759128491972454023e-01
3.069088606026875166e-01
3.027709925621883125e-01
2.707612987279919836e-01
2.696748275332225830e-01
2.995093226747452264e-01
3.044841078868766870e-01
2.735289146314821007e-01
2.664156555362106049e-01
2.957491648325782374e-01
3.080212138059185700e-01
2.794769042108798951e-01
2.659593678233453384e-01
2.915980358984001652e-01
3.121573879959908537e-01
2.869423863502340022e-01
2.651769148519692032e-01
2.834685587055695843e-01
3.090170377366610044e-01
2.904360794077933128e-01
2.644592362208388892e-01
2.775798238912535743e-01
3.074992732538253670e-01
2.958668474217787114e-01
2.676847230110926401e-01
2.745511503285036348e-01
3.064144477891941887e-01
3.035778899703962530e-01
2.722669697205999939e-01
2.701526776327639046e-01
2.997991748153293612e-01
3.066858405663088205e-01
2.750532821739018474e-01
2.654950073298562030e-01
2.931505824559556550e-01
3.074706529093377272e-01
2.797187349026429293e-01
2.650627716601950401e-01
2.901397533442502397e-01
3.117413342312898572e-01
2.876102466661782375e-01
2.656266634253552361e-01
2.834894356489570666e-01
3.103251762997812357e-01
2.932681361712367596e-01
2.655653591858178619e-01
2.763120120506514232e-01
3.058888485883879960e-01
2.962839174245409657e-01
2.672538581758844844e-01
2.726028818601455295e-01
3.049391110023987328e-01
3.035132940996361772e-01
2.729019400081881264e-01
2.699752450251748925e-01
2.999585759465306367e-01
3.084404683773483424e-01
2.771937132719216046e-01
2.657507098908998833e-01
2.919844263322055600e-01
3.082411770841045340e-01
2.807266970956755481e-01
2.639522117048977434e-01
2.873582238495023811e-01
3.101530190735116710e-01
2.875645287857942489e-01
2.655993300591877881e-01
2.832728037795170239e-01
3.112948201476476995e-01
2.953625509625615875e-01
2.667568108269222082e-01
2.757864931373605333e-01
3.055078012653728026e-01
2.984660013329301087e-01
2.680406686485510837e-01
2.709754101134516646e-01
3.025429925493401950e-01
3.028615433050338979e-01
2.725858309646210786e-01
2.688917136140097086e-01
2.995625081550096769e-01
3.094380471038639113e-01
2.791172878784342060e-01
2.664589775935144456e-01
2.918237074314057877e-01
3.096522837093177993e-01
2.826052095674664866e-01
2.636205682131999017e-01
2.849738587371795639e-01
3.090092424364146995e-01
2.878354128047500016e-01
2.649602737330998270e-01
2.815865247266535198e-01
3.105669632309557282e-01
2.959302138897109691e-01
2.677118507793156410e-01
2.760321409369671519e-01
3.064000563190851789e-01
3.012117101554686038e-01
2.694074356581604435e-01
2.697771866179887179e-01
3.001689226029259361e-01
3.030284061872092760e-01
2.726487397112241640e-01
2.674641121695685020e-01
2.979506258285750109e-01
3.089990950354119525e-01
2.796232244156083846e-01
2.663882740345498434e-01
2.917781975712571141e-01
3.112446851355121225e-01
2.852126417505405076e-01
2.644472264304397191e-01
2.838642070208682866e-01
3.086134011403954824e-01
2.886462704111212307e-01
2.642124541614514488e-01
2.791819624310061254e-01
3.089669041739237509e-01
2.959120762870804944e-01
2.680083880676852881e-01
2.756945198497298688e-01
3.068241702051820452e-01
3.029048351327812694e-01
2.709795184154827341e-01
2.696676920956879719e-01
2.994440443666292473e-01
3.048083385340896179e-01
2.736995305542441193e-01
2.661498060765958851e-01
2.951823741592657369e-01
3.077740651619241818e-01
2.793987077304198596e-01
2.657528803721884159e-01
2.913813337579972407e-01
3.121417595921129884e-01
2.871014539765308626e-01
2.652172272605804459e-01
2.833608468842039874e-01
3.091275075365851888e-01
2.908647671873565432e-01
2.645499674010519664e-01
2.772059667374093817e-01
3.070798006804492664e-01
2.957867679481669398e-01
2.674736509323432099e-01
2.740927254557043447e-01
3.060975039936204012e-01
3.035555874717383862e-01
2.724254941619438375e-01
2.701350439924847247e-01
2.998041695719529942e-01
3.070365056300232154e-01
2.753873992931024084e-01
2.653818495569389424e-01
2.927134303972861451e-01
3.074834308267141991e-01
2.798284135921827454e-01
2.647879327405085470e-01
2.895472309661963339e-01
3.113770789906932235e-01
2.875691622416243209e-01
2.656303384854992733e-01
2.834797102107248779e-01
3.106122090640028865e-01
2.938306048304521467e-01
2.658083058008384736e-01
2.760714311721689240e-01
3.055973250190346380e-01
2.965811531071178009e-01
2.672792027543594018e-01
2.721928368655344155e-01
3.044800742725095599e-01
3.033611209424220134e-01
2.728425976279965637e-01
2.697846453780967657e-01
2.998929505335317103e-01
3.086529609952448627e-01
2.775395205291311673e-01
2.658351184806196921e-01
2.918676057474233754e-01
3.084121258029925983e-01
2.809299939731513263e-01
2.637510008127447181e-01
2.867856468503789391e-01
3.098408514873142727e-01
2.875313662947930893e-01
2.654806614646839091e-01
2.830155055728200142e-01
3.111975800203519160e-01
2.954771387188978582e-01
2.668891475822608994e-01
2.757222114635463073e-01
3.055417959090624413e-01
2.989217829399794524e-01
2.681974142776138437e-01
2.706141525570410211e-01
3.019420480622194702e-01
3.026741266262484298e-01
2.724186456978726634e-01
2.685242140637336128e-01
2.992513922718119668e-01
3.093571645594735409e-01
2.792267322375706629e-01
2.664019500615807390e-01
2.917074409329927231e-01
3.098551211980566378e-01
2.829941144974610912e-01
2.636304441823721922e-01
2.846274800929603499e-01
3.088057587423470030e-01
2.878341299199236869e-01
2.647239511334632533e-01
2.811055365050036947e-01
3.102347755119483352e-01
2.958676247529407610e-01
2.677519113395285255e-01
2.759749459663464188e-01
3.064828855697626642e-01
3.015690398247661275e-01
2.696218693354665574e-01
2.696054011447891474e-01
2.998196688693253176e-01
3.031979847098492664e-01
2.727274963852570622e-01
2.671405187686836658e-01
2.974266676226046680e-01
3.087110506545845401e-01
2.795162370015468190e-01
2.662176643907075979e-01
2.916702175174533118e-01
3.113962740050463807e-01
2.855617171216316974e-01
2.645116549027397013e-01
2.836467886495101509e-01
3.085410762203802393e-01
2.888397391576950080e-01
2.640838689069540113e-01
2.787132741611403342e-01
3.085693405151738733e-01
2.957999422522264443e-01
2.678840943358811733e-01
2.754202337232196096e-01
3.066828480678431279e-01
3.029905315681510891e-01
2.711754940188538243e-01
2.696574634430713990e-01
2.993805565919586686e-01
3.051028598109925549e-01
2.738369958816403438e-01
2.658681152121111224e-01
2.946237417104908829e-01
3.075315979369545594e-01
2.793225471034838092e-01
2.655216460538581402e-01
2.910945943198876562e-01
3.120518867005731556e-01
2.871988724658877667e-01
2.652445696072066039e-01
2.832761763148408662e-01
3.092602857660032289e-01
2.912539381061901578e-01
2.646375537957103008e-01
2.769241722988811660e-01
3.067346248162725608e-01
2.957199712077612785e-01
2.672957854451623594e-01
2.737214293006649535e-01
3.058379142296826503e-01
3.034736501974613088e-01
2.724499965469718288e-01
2.700286995416241731e-01
2.997094882833711282e-01
3.071228853680452175e-01
2.755222238716366068e-01
2.652671169207947433e-01
2.924035911615960326e-01
3.074314585556461310e-01
2.797992709342624340e-01
2.645078432692487547e-01
2.890801698817213050e-01
3.110427660318562104e-01
2.874184032304960557e-01
2.654972522665287604e-01
2.833257948559155803e-01
3.105957764617496841e-01
2.939713567011660866e-01
2.658078020618125370e-01
2.758450274396027635e-01
3.053762410364375679e-01
2.966691619870100438e-01
2.672023380778480450e-01
2.718217140151747979e-01
3.040333404750159563e-01
3.031262223369904363e-01
2.726714218624104458e-01
2.695174050079440775e-01
2.997242045400493327e-01
3.086938848499246602e-01
2.777535822802974508e-01
2.658608244978449830e-01
2.917253591796515333e-01
3.084930139840069696e-01
2.810517206806361634e-01
2.635286538792563915e-01
2.862933314369363047e-01
3.095229827580069926e-01
2.874203043536919244e-01
2.652858618796779533e-01
2.827212055625470954e-01
3.110321342572422432e-01
2.954719472874357544e-01
2.669151071255438934e-01
2.756454374985506939e-01
3.055286311460588267e-01
2.991475513185248847e-01
2.682371549378355646e-01
2.703733949391489144e-01
3.015644674271110715e-01
3.025502916481302984e-01
2.723109240753012750e-01
2.682891823346698068e-01
2.990252233305283336e-01
3.092386121448880143e-01
2.792254636010477742e-01
2.663294644814346857e-01
2.916089031427244183e-01
3.099281886726749646e-01
2.832055005864773656e-01
2.636185315162966614e-01
2.843651857967276486e-01
3.086431318400287838e-01
2.878148236287068062e-01
2.645192250564933900e-01
2.807153196020889530e-01
3.099604307414486892e-01
2.957823779931552099e-01
2.677241384640902111e-01
2.758865366119934714e-01
3.064669507041304364e-01
3.016786586990141683e-01
2.696840146574212560e-01
2.694793240114899957e-01
2.996235556968152025e-01
3.032418154916106112e-01
2.727088177568395833e-01
2.669128754520130320e-01
2.970683348295577453e-01
3.084901039276966572e-01
2.793996077124497601e-01
2.660867840828184394e-01
2.915733930893014136e-01
3.114506200508623812e-01
2.857229543894306278e-01
2.645172845146321894e-01
2.834822629886608047e-01
3.084587611401597984e-01
2.889281506864182503e-01
2.639928420256824060e-01
2.783823156851640834e-01
3.082783132279732219e-01
2.956851645211936996e-01
2.677586739301816010e-01
2.751946361339164815e-01
3.065534855910764800e-01
3.030089098116900970e-01
2.712854956405140183e-01
2.696364647568333384e-01
2.993271149238130313e-01
3.052949873713950435e-01
2.739449264601358514e-01
2.656674420070062603e-01
2.942130045301200592e-01
3.073761174050265721e-01
2.792609002264836993e-01
2.653519924886057479e-01
2.908691800343470302e-01
3.119233515141207058e-01
2.871958971294113483e-01
2.652160001637185460e-01
2.832007913011362343e-01
3.093394590943349676e-01
2.915306787323967974e-01
2.647022593057867246e-01
2.766832029605924004e-01
3.064301087820078817e-01
2.956797921204757928e-01
2.671553054486532908e-01
2.734031487879973188e-01
3.055941518220502973e-01
3.034002792307955998e-01
2.724801695353605280e-01
2.699642047054006122e-01
2.996716962541588480e-01
3.072989092303240466e-01
2.757317061284956239e-01
2.652303151250520186e-01
2.922010795867818200e-01
3.074376580763595324e-01
2.798287638360945073e-01
2.643353503905566115e-01
2.887547145325543019e-01
3.108266847271168309e-01
2.873407853427570879e-01
2.654401107806412252e-01
2.832549920220671091e-01
3.106169143653205178e-01
2.941175062654973749e-01
2.658456215020076896e-01
2.756974945611582739e-01
3.052392432840343450e-01
2.967849036373308991e-01
2.671991716133345629e-01
2.715628619162921975e-01
3.036995756216683273e-01
3.029733931464315133e-01
2.725668884795213742e-01
2.693409071726667880e-01
2.996173406330207567e-01
3.087456318201594607e-01
2.779033232611304305e-01
2.658651063891580568e-01
2.916215183138172184e-01
3.085554505845929385e-01
2.811476482627097151e-01
2.634219909896136080e-01
2.860007448080391090e-01
3.093560280832262088e-01
2.873810722325715883e-01
2.651802566785924631e-01
2.825081517079274795e-01
3.108980231483969292e-01
2.954739384847137051e-01
2.669634435564176567e-01
2.756124361928504740e-01
3.055632009741902633e-01
2.994093758695255958e-01
2.683266733235379897e-01
2.701688456954521311e-01
3.012415711646968530e-01
3.024804965417037250e-01
2.722461248913708443e-01
2.680865319952020487e-01
2.988148757373768061e-01
3.091524115516778304e-01
2.792178549535452303e-01
2.662513553162418334e-01
2.915221507474921592e-01
3.100009441479101846e-01
2.833758066910348483e-01
2.636082928128606895e-01
2.841683136003753107e-01
3.085117827669273116e-01
2.878050065836370019e-01
2.643724812926468437e-01
2.804111539082194682e-01
3.097319306324319288e-01
2.957001320838171243e-01
2.676816099901715984e-01
2.757901028403143551e-01
3.064086792126026193e-01
3.017260670828127433e-01
2.697184900863931478e-01
2.693561357087460584e-01
2.994499834713705289e-01
3.032729839753627310e-01
2.726780391254823299e-01
2.667192314826466459e-01
2.967538469337065998e-01
3.082782129827457696e-01
2.792785094566128112e-01
2.659491400034995623e-01
2.914561125253830043e-01
3.114422936001774445e-01
2.858173450916202674e-01
2.645102004151412833e-01
2.833274280423204172e-01
3.083950057693207736e-01
2.890426604123725318e-01
2.639140412981153538e-01
2.780723081475718339e-01
3.079828985293337484e-01
2.955722463324105265e-01
2.675952161352369019e-01
2.749270615548647378e-01
