5.210526315789473228e-01
4.343260244742603859e-01
4.616201031788791931e-01
5.601017036945683536e-01
4.912963228126780435e-01
4.918454079088754316e-01
5.545360743818308347e-01
5.319754452487559515e-01
5.197633650640330893e-01
5.307881392372554297e-01
5.382375487947187453e-01
5.398070315379490669e-01
5.032855152044869440e-01
5.441439101496512443e-01
5.346555339261883644e-01
4.527299496892643327e-01
5.164556518538805374e-01
5.125838338109415249e-01
4.443257363288375394e-01
4.244501430392728647e-01
5.279798155125203785e-01
4.286073886820340739e-01
4.851859225993994107e-01
5.207786028297832770e-01
4.829351367997444799e-01
4.813405814001780469e-01
5.183480612985453817e-01
5.418284117327630822e-01
4.651907829388587379e-01
4.213587350461726611e-01
5.255574186096375611e-01
4.400235499623829649e-01
4.245231388169131148e-01
4.909060791309388661e-01
4.463262391550819053e-01
5.008331023986173358e-01
3.617349497444120043e-01
4.973575055624844810e-01
4.911830919686711039e-01
3.932753545405914264e-01
3.927653979225461112e-01
4.408870607511691242e-01
4.974031068605821448e-01
4.473879525049599404e-01
4.054481246821287077e-01
5.355688515289981355e-01
5.339526061064731044e-01
4.880225041747531245e-01
5.362260380709310548e-01
4.933501538641689721e-01
4.065829622056338355e-01
4.027778473326598108e-01
4.613424912371344999e-01
4.952411014379717868e-01
4.403858773538708027e-01
4.485957242874397122e-01
4.030193792611561632e-01
4.528258975490476179e-01
4.202396859056264367e-01
4.948234795966718891e-01
3.734702609539096163e-01
4.731060440703191983e-01
4.386543648436921905e-01
4.156481301949946916e-01
3.869646587291153406e-01
3.977105457361449492e-01
4.437363171973922604e-01
5.092194462740056160e-01
4.247956424760465644e-01
3.752981455085737106e-01
4.120369752878547676e-01
4.362703696635695794e-01
3.956475768466646281e-01
4.416599408314892394e-01
4.931046527940328161e-01
5.465224947267658395e-01
4.906195772119528176e-01
5.088385796170968867e-01
5.483379633565029776e-01
4.914455859237530921e-01
5.304761760272173055e-01
5.078671708011686103e-01
4.740462958114363134e-01
4.588656453568388249e-01
5.517986621102148881e-01
4.764420683122136402e-01
4.936160015875991625e-01
5.498847429853453983e-01
5.058417723416228640e-01
5.425340823373951959e-01
5.455661695953317736e-01
5.161459274564883515e-01
5.467894388599110478e-01
5.252763274633294177e-01
4.426134822353469667e-01
4.734188006109473768e-01
4.335230992116261284e-01
4.145333158487073955e-01
4.868402708753344910e-01
4.173148340249470678e-01
4.242905851381763016e-01
5.222762795337754227e-01
4.310120468653451109e-01
4.700117735624588788e-01
5.320480087394566793e-01
4.892409006266227323e-01
5.216828174506850102e-01
5.501097468037878802e-01
5.180940379532226192e-01
5.437451801491294257e-01
5.255518425158836049e-01
5.364112757564083456e-01
5.163623791911438055e-01
3.863485428967676216e-01
4.442770489701833858e-01
4.267107003682242827e-01
4.744433955312766238e-01
3.804177219437885893e-01
4.642717078364031469e-01
4.886567009365532788e-01
4.171280729014761324e-01
4.105658595899865926e-01
4.892686091114186731e-01
4.283375018694541292e-01
4.366265184294224055e-01
4.797953326256550466e-01
4.755779330631881296e-01
4.211528607450244488e-01
4.289804570255191241e-01
5.267384439404123597e-01
4.324611509628025763e-01
4.649069092248965251e-01
5.315152783819451221e-01
4.771800573121139921e-01
5.118788188022006524e-01
5.428492947897590737e-01
5.102019618601388862e-01
4.886863093451838669e-01
5.035717044839688183e-01
4.132256508132677308e-01
5.323197277124106508e-01
3.685122005541872081e-01
4.279187357290467064e-01
4.956343948025059287e-01
4.665880571236555863e-01
4.594937002213109745e-01
3.995166464570346077e-01
3.974955385800015284e-01
3.958414518504683177e-01
4.832977906948664470e-01
4.390076432309424348e-01
3.673558948846612493e-01
4.031187235673945879e-01
5.059165859340667426e-01
4.548168444121976628e-01
3.880289844745170580e-01
4.330266078868693636e-01
4.111696599871099700e-01
4.450736379298131373e-01
4.349026192865189655e-01
3.901228580896355380e-01
4.083147205796296975e-01
5.260101902861759049e-01
4.311107187421414633e-01
3.835104403457723077e-01
4.293107350664054356e-01
4.550931460280544516e-01
4.578878113623227053e-01
4.109561191348600206e-01
4.442630683294368499e-01
4.696650674734665354e-01
4.779102784060734743e-01
3.938183649599492075e-01
4.803540457295935040e-01
4.710899368480844229e-01
4.388830640324841714e-01
4.058677439886945182e-01
4.003122386594054061e-01
3.878839263939383164e-01
4.714708183029282518e-01
4.967384823975676822e-01
5.068528896876850487e-01
5.293894218821524333e-01
5.001349206806211534e-01
4.058139069480042882e-01
4.784611164795241067e-01
5.083351633945584203e-01
4.495404474096523217e-01
4.079282107907578614e-01
4.084745735956387680e-01
4.521731473202284524e-01
4.107741689523672912e-01
4.346503093035709031e-01
3.929959119890928942e-01
4.040082436978179592e-01
4.787241546599133035e-01
4.045054967748522579e-01
4.026879238505792213e-01
4.481019983365107096e-01
4.562953970535889026e-01
4.162397974328554962e-01
4.218461498330828285e-01
4.926206682341290333e-01
4.165479218056134525e-01
4.595943071486873754e-01
5.535637356315508129e-01
4.746671666828594649e-01
5.374509747695670470e-01
4.616769514799293206e-01
4.422232713587328501e-01
5.264054983536102794e-01
4.460424573784734226e-01
4.743579407207244025e-01
4.177269663603357386e-01
4.879361264713811264e-01
5.523868340666958643e-01
4.530151746854912953e-01
4.627985884856457011e-01
5.534141273772500424e-01
5.087374031439483302e-01
4.953993416615823930e-01
4.672920182785609278e-01
4.570639093280808862e-01
5.270693659086644889e-01
4.362933935004144059e-01
4.840437708382060444e-01
5.236000315417623785e-01
4.359661623375685746e-01
5.126558349227515743e-01
4.319417455954462359e-01
5.189393445676590000e-01
5.472792421502313820e-01
4.433122026843635544e-01
5.100096372262384881e-01
5.218394721400411163e-01
4.524340379551709534e-01
4.375544725078813202e-01
4.693540086708113401e-01
5.073501923870570307e-01
5.228034065251481177e-01
4.383182513880743425e-01
5.242834792850040726e-01
5.247914299167756313e-01
5.340902462440594300e-01
5.453223385940787482e-01
4.372008110804944669e-01
5.055889167728161437e-01
5.092913239750551657e-01
4.389733792930027301e-01
5.241096161638270079e-01
5.415155953676142886e-01
5.459113906167137875e-01
4.890165661782339135e-01
4.479730942138439587e-01
5.393067126055625105e-01
4.702242692546959590e-01
4.172998154523120395e-01
4.868907535877158854e-01
4.395601032431981081e-01
5.315709380696839181e-01
4.776455353136796478e-01
4.558187305503508258e-01
4.742489229853413257e-01
4.948122593747266706e-01
5.431343275033619911e-01
4.769685022748981762e-01
4.412928881449849072e-01
5.494099466823281208e-01
5.075458572027432558e-01
4.221437591146639523e-01
4.932077201407675804e-01
4.370773034194953000e-01
5.272643253734133895e-01
4.596760269009627087e-01
4.451288293527215223e-01
5.317911508446508950e-01
4.527296502419437263e-01
4.894806353991938419e-01
4.485473333186986711e-01
4.736612683157911952e-01
5.396368445997923313e-01
4.824902568405346481e-01
4.533885256672655628e-01
5.164936994836248907e-01
4.410599248075631196e-01
5.109327435474683154e-01
5.029035350238463264e-01
5.481712797968065765e-01
4.935514262840376420e-01
4.427003158731107058e-01
5.106800629183776419e-01
5.319608357257867848e-01
5.000726359267566590e-01
5.158717840801385623e-01
4.895706925927368336e-01
4.349569698352518943e-01
4.423401574846863027e-01
4.710987456806523532e-01
4.223277229328417093e-01
4.084556750025186700e-01
4.812264650623667706e-01
4.126219232363170231e-01
4.059931517212076457e-01
4.700769484970481193e-01
4.300239099947817389e-01
4.222024980177128684e-01
4.593647665535308122e-01
4.491681299441818709e-01
4.044656279376593888e-01
3.994998184523691487e-01
4.694660965909071559e-01
4.083640485322173608e-01
3.897694277415418296e-01
4.314232279968521211e-01
5.248615284400011127e-01
5.132734730373011978e-01
4.808660231650377370e-01
5.034212958779178404e-01
5.223823211198959093e-01
4.983465164019590388e-01
4.017024412198373362e-01
4.416025714785838385e-01
4.164259042428649638e-01
3.898967577437157384e-01
4.068948296276127530e-01
5.050999166879369673e-01
4.112750402804024596e-01
4.165600471170256558e-01
4.961938142545669339e-01
4.735106422167373874e-01
4.119959739164706924e-01
4.443881489002567964e-01
4.550191355725746178e-01
4.229278575894098724e-01
4.385433385955940788e-01
4.809478499934357054e-01
4.108370781934643223e-01
3.995391472902609098e-01
4.737868742038573999e-01
4.184767295235664042e-01
3.940221039651462531e-01
4.226273232480294295e-01
4.346907832220138213e-01
5.136479383072531935e-01
4.686356329690519740e-01
4.179735382266571708e-01
4.084969195740480452e-01
4.050375047287159691e-01
3.881970308150078930e-01
4.311859395287362950e-01
4.170321057754093341e-01
3.821536723054677620e-01
3.972580596322384250e-01
3.615594214420529973e-01
3.667013788464585922e-01
4.469967633532428430e-01
4.070088537154679664e-01
3.667605525938772426e-01
3.622368623357476447e-01
3.919633702524816798e-01
3.810121773397457390e-01
4.284169900426427202e-01
3.938961116441228594e-01
3.525153244270106678e-01
3.630552819159822975e-01
4.393897902188932392e-01
3.912203896545422555e-01
3.822889548943949611e-01
3.622971756148359868e-01
3.591036002333881094e-01
3.833398948168754150e-01
4.629383937690267348e-01
3.762050164432390043e-01
3.613862873593731706e-01
3.701229446436469783e-01
3.837366251154660790e-01
4.134099566236508205e-01
4.192034703554052277e-01
3.579439974453105244e-01
3.638469314108578323e-01
4.364604184522469787e-01
4.761086501228789514e-01
5.053345794130104096e-01
4.718301046587881076e-01
3.827894061771004441e-01
4.402664008286711339e-01
3.932508224187599710e-01
4.154131103444121398e-01
4.574271937177209479e-01
4.036419714869540765e-01
4.328237537778354960e-01
4.094311766154090093e-01
3.936540755732205188e-01
3.957137320029915917e-01
3.980797846052733791e-01
3.990793309463728233e-01
3.975965218247462518e-01
4.304232371523563638e-01
4.980393139562526161e-01
4.517751832831239933e-01
4.029427230679757388e-01
3.888654415402652553e-01
4.693282925179980691e-01
4.566011949084413102e-01
4.573312843737002975e-01
4.269280881204224887e-01
3.843524489746787398e-01
4.563692588202164502e-01
4.350712152094635687e-01
4.277042180804763172e-01
4.245984129487483383e-01
4.420552640449461612e-01
4.477926543785103464e-01
3.861946935421481930e-01
3.977538861296150419e-01
4.898124816236619772e-01
4.765437367390519263e-01
3.998947255039855819e-01
4.400540862712740697e-01
4.628482552099832392e-01
5.198542130566290442e-01
4.771448918974195985e-01
4.749558457334855377e-01
4.657411652681628378e-01
4.160002184498324818e-01
4.001920738799503718e-01
4.831842039469750327e-01
4.471690101559687158e-01
4.529792829955793798e-01
3.664425681387440403e-01
5.282625763533380647e-01
4.462614846883883879e-01
4.164772948928007201e-01
4.649414131342397560e-01
4.702975391573354647e-01
4.302870651109560463e-01
3.757238865835857422e-01
4.820100663722991507e-01
5.066464583668510713e-01
4.189679535701726354e-01
4.049639211729814670e-01
4.682189795996559711e-01
4.943744334246484851e-01
4.258117817841466368e-01
4.524569733949412309e-01
4.134267917258775960e-01
4.812182890664618018e-01
4.691132321604502553e-01
4.008436696945223421e-01
3.967648083261494651e-01
4.234867713322243432e-01
3.968615857000054037e-01
4.553664579508483468e-01
4.605477656935654807e-01
4.585515621753634696e-01
4.138352008447592767e-01
4.378231697317064297e-01
4.059291355023074699e-01
4.076968246726822009e-01
4.818108731228523123e-01
4.037314277496044101e-01
3.936404514872516303e-01
4.477114361279180832e-01
5.053684043194002218e-01
4.094703785719603917e-01
4.351242490196035040e-01
5.175360524305766541e-01
5.128133013865361356e-01
4.680664015053666582e-01
4.115510717554807241e-01
4.349010996671071050e-01
3.899446544541074200e-01
4.775041674433777028e-01
4.247929666645324787e-01
4.501358013629638277e-01
3.898401075572289209e-01
4.039336403590128577e-01
4.637234692505466382e-01
4.952891790070259037e-01
4.121443294067108631e-01
4.153749107759118764e-01
4.764227953528118453e-01
4.315787802501906967e-01
3.627323160289112614e-01
4.323459086474629731e-01
4.025932130236776207e-01
3.807901326675386389e-01
3.946468415929081375e-01
3.664293259941631686e-01
3.662282618222011399e-01
4.095486665488229927e-01
4.148417630245504473e-01
4.813955692921227381e-01
3.877019745590579713e-01
4.675985291720685111e-01
4.886697138403448548e-01
5.127871216573670621e-01
4.409147400942479145e-01
3.688010901102568018e-01
4.049657364121635461e-01
4.056620176567235503e-01
4.317120085629456705e-01
3.916531853676796793e-01
4.012847711954387053e-01
3.994665893698663983e-01
4.218104127502457779e-01
3.849460140323880397e-01
4.800739533230142242e-01
4.271429649573425524e-01
3.965885713403566326e-01
5.103293763499641145e-01
4.162897921503806997e-01
4.011310866798994956e-01
4.676174986134459255e-01
4.093446196944982574e-01
3.636137261011151978e-01
4.072661702173183684e-01
5.034263467378725654e-01
4.426895620862694725e-01
3.640718037327710377e-01
5.280812083855271899e-01
4.081293290312550393e-01
4.667933547520039528e-01
5.002537327753673324e-01
5.192226817484960621e-01
4.333205087398890321e-01
4.372776817435872765e-01
5.203981633708597565e-01
4.457953123780105109e-01
4.125387666832501798e-01
3.784945073007216498e-01
4.793245031902068076e-01
4.515793763166823793e-01
3.872253038648493795e-01
3.739741446940804681e-01
4.260738780449704333e-01
4.669326735584544141e-01
4.697182460195851728e-01
4.235336357433038823e-01
5.178086256708115398e-01
4.495483393337063593e-01
4.597295939018712363e-01
5.030679439833137812e-01
5.193670002768451255e-01
4.555762207041117451e-01
4.800889772511112152e-01
5.578956959598815324e-01
4.909108851296379306e-01
4.513958626500724769e-01
5.432422503914042800e-01
4.512338679923234008e-01
4.804130089717632557e-01
4.288289350640769326e-01
4.555777894519834059e-01
5.210905905762479584e-01
4.669846087159453263e-01
4.252768309637009470e-01
4.944490970861154522e-01
4.285728301434148513e-01
4.174984865451095151e-01
4.907960588653457745e-01
4.181080714810092025e-01
4.515241579495932189e-01
5.325984945297635997e-01
4.596753307881484285e-01
5.121247406508759870e-01
5.580840133343578646e-01
5.346722823100540367e-01
5.357935099376607280e-01
5.423683134095730329e-01
5.114239077852728022e-01
5.458801734661252736e-01
5.186466307697966682e-01
4.472569649855498430e-01
5.297629024341818926e-01
4.409624262911320813e-01
4.377296772284972604e-01
5.092183825630616223e-01
5.248285559600871508e-01
4.973092296777512078e-01
4.688031824812214365e-01
5.085046633186746101e-01
4.700273302460460378e-01
4.170559264999092464e-01
5.022590714630593700e-01
4.252474839578029298e-01
4.091090626607148395e-01
4.794188430184437300e-01
5.099448633188758961e-01
4.236362135480789548e-01
4.579092261446524037e-01
5.416071656094971765e-01
4.380197631604264563e-01
4.352814036673763876e-01
5.355202281795928831e-01
4.485045447635562232e-01
4.138215405337719588e-01
4.647051362362478732e-01
4.660856571056436470e-01
4.252783524787328018e-01
4.235917949062374399e-01
4.776956555113888725e-01
4.068040172964988987e-01
4.072437700156583684e-01
4.713451528846765437e-01
4.770415715269311629e-01
3.824563732569403740e-01
5.119008274844011330e-01
5.263491634599318791e-01
4.154911778339647199e-01
4.578859795879222094e-01
4.022450716932445269e-01
4.762574657044557624e-01
4.048357511204951353e-01
4.244744219987550693e-01
4.987603164984844573e-01
5.443264075774737476e-01
4.868255550802935150e-01
4.344386812391973773e-01
4.980643984957331960e-01
4.209573601600408721e-01
4.132085994507046500e-01
4.940803894301762367e-01
4.169239550901619462e-01
3.891923377791708383e-01
4.094575511386877031e-01
4.944379812563574061e-01
4.109969777773995747e-01
4.098033223345242670e-01
4.629694576954347940e-01
4.957209177133407030e-01
4.077748686484875540e-01
4.665266254355943665e-01
5.310949501596793354e-01
4.946537418653189633e-01
5.012390675425142383e-01
4.717938541984477707e-01
4.647134623474395432e-01
4.496798338292712915e-01
4.770590612891565940e-01
4.254568356250379435e-01
4.892674738888388997e-01
4.812767565634085698e-01
4.333892511834462336e-01
3.858185238153664098e-01
4.996509032402355888e-01
5.121903734022793531e-01
4.331797526623977213e-01
4.378064143486752879e-01
3.854975394963128799e-01
4.355652776935369785e-01
3.945460477918113495e-01
3.856127274406720429e-01
3.994585035361642444e-01
5.055486544694320905e-01
4.004565555684226896e-01
3.961203355530004688e-01
4.407456090802361892e-01
4.403633012178130857e-01
4.036537723506358755e-01
3.665492628852723977e-01
4.763151550561228742e-01
4.253466384630075758e-01
5.366888354620269475e-01
4.429355595348520303e-01
4.818262115119795741e-01
4.323446923355577787e-01
4.965117266113927563e-01
3.761908414091714170e-01
4.194026558869396459e-01
4.528355910299433074e-01
4.039580118442156476e-01
4.114326577626457593e-01
4.564214334618018065e-01
3.890338562599024996e-01
4.023545757271225765e-01
4.441195775422029368e-01
4.176664723230890108e-01
3.781686143114257881e-01
4.783565735878120839e-01
4.386709285059238739e-01
3.978118809812560830e-01
4.234326925454957591e-01
4.229383122116209814e-01
4.807112691367509405e-01
4.791903808605231241e-01
4.035971123265137961e-01
3.782255586985446283e-01
4.070273647195060129e-01
4.025141967976130775e-01
4.574890547853255329e-01
3.733428292345103428e-01
5.160230534241948552e-01
4.789471060679086345e-01
3.970012589055111341e-01
3.895081927893616069e-01
3.813298589310725739e-01
4.059916601976619743e-01
4.392227753438513460e-01
3.933980004393561880e-01
4.731532540515684393e-01
4.470771264570334025e-01
4.329929759085192620e-01
4.650849970733118566e-01
4.476654690061812047e-01
4.590383740599686124e-01
4.371679345592104915e-01
4.251120301304784355e-01
4.867234064144110861e-01
4.004622269954059566e-01
3.656738182597675801e-01
4.732900298454913446e-01
4.849100759810231476e-01
4.061607505858694234e-01
4.183021896200112000e-01
5.071031410897375302e-01
4.234614223279561940e-01
4.284381945183061147e-01
5.123268745406955871e-01
5.534812208233343966e-01
4.701109188751240731e-01
5.263117433918761412e-01
5.247413790349466645e-01
3.827000466052076222e-01
4.163464944370445786e-01
3.859530486662958171e-01
4.895438130877924343e-01
4.823882888427222237e-01
4.031883578719374639e-01
4.741283419363909735e-01
4.453840066362052541e-01
4.338877746903394561e-01
4.026327503518138951e-01
4.254943295040326534e-01
3.956370110691140862e-01
4.101411855876814228e-01
4.804322003080009340e-01
5.040741773738789400e-01
5.195313733218028807e-01
4.334760595785428494e-01
3.817510822593894182e-01
4.471701885641003460e-01
4.581759311656958822e-01
3.791607677424165268e-01
4.307298732605186475e-01
4.353562354716260518e-01
4.018582977378088450e-01
4.063509863418024448e-01
3.848169581872405987e-01
3.943111212863775750e-01
4.284528486606387632e-01
5.102371892285558763e-01
4.896347078607402592e-01
4.965733840442596025e-01
5.151921388981859362e-01
4.589569855886565519e-01
4.598752000017602981e-01
4.918540508856536486e-01
4.104309436509882558e-01
4.385668978330323764e-01
3.936138110673299551e-01
3.961128434362354844e-01
4.006646838707433322e-01
4.019232225115359491e-01
3.890992007361982474e-01
4.483946112735793799e-01
4.224715216794127093e-01
4.376664524131432810e-01
4.239066837689020595e-01
4.610074151592895020e-01
3.837237456913017430e-01
4.284639002924219287e-01
4.022413204495650096e-01
4.674092138555465681e-01
4.042134463894890839e-01
4.889121761775830910e-01
4.846513946767143644e-01
4.119844581647112425e-01
4.017652892788539654e-01
3.682070838530702717e-01
4.318754560816039367e-01
3.918100436145939280e-01
3.883169192698027739e-01
5.055895689772053059e-01
4.615144467091736868e-01
5.477576818608265175e-01
5.177576346099079796e-01
4.245153169679227734e-01
4.903226208447810652e-01
4.720595602889004483e-01
4.364097456650262719e-01
4.140604648356182582e-01
4.315650884884489336e-01
4.769251227079714384e-01
4.237334474231546078e-01
3.984153923738246172e-01
4.349289023455086278e-01
5.038877030588598815e-01
3.881273901057977205e-01
3.773356329367361650e-01
4.103707010342777517e-01
5.018240720625665174e-01
4.545858120692037319e-01
3.694922120299817814e-01
4.797679246494708782e-01
4.156250259466319763e-01
4.183800417902391322e-01
3.815048265191078869e-01
3.882906349913600730e-01
4.415117887480515257e-01
4.896255518082425762e-01
4.556619251670391280e-01
4.368974507020877418e-01
4.778357100452153561e-01
4.443355228950532920e-01
4.429680577113230266e-01
5.082007820452941749e-01
3.796574143530825340e-01
4.001911268510793818e-01
5.005202314806903585e-01
4.138919813835565953e-01
3.634025952021348038e-01
4.583743196588475621e-01
4.907714205937789842e-01
4.479482668895654052e-01
4.058656989578485752e-01
4.252959151953800698e-01
5.148100401993936925e-01
4.329826916389616365e-01
4.279294897345476412e-01
5.107167891332071719e-01
5.128351047008208319e-01
4.659939716601608772e-01
4.116923463898384261e-01
4.359552765125340734e-01
3.999512998569873523e-01
4.925511451506208171e-01
4.115739207380150755e-01
4.376308622631422951e-01
5.009711508289526050e-01
4.380731036193468708e-01
4.577343324555281368e-01
5.191365487384217436e-01
4.773520162550841106e-01
4.202083545573623291e-01
5.116101818750340424e-01
4.201148394328992897e-01
4.150774540918047428e-01
4.953885007942764873e-01
4.231497444851234357e-01
4.029418158361642854e-01
4.380146039411790260e-01
5.217942270452148312e-01
4.286567907241852771e-01
4.365389215942845902e-01
4.518795818870361414e-01
4.012570181776936584e-01
4.434164901754235610e-01
4.835648137398936286e-01
5.115291086685207489e-01
4.245696696368092549e-01
4.009160922554127482e-01
4.394125180852846424e-01
4.887496174527778403e-01
4.570168560811879166e-01
4.752935144048476834e-01
3.753320418732494779e-01
4.891272662030235474e-01
4.923476023714146721e-01
4.500392341276466257e-01
4.104123331108274764e-01
4.273298363683231127e-01
4.428436088726234732e-01
5.317748554711795306e-01
4.295005122776912043e-01
4.975091311329948862e-01
4.798131564527318704e-01
4.932632263254312921e-01
3.908585292602276828e-01
4.018013398142536996e-01
4.940840602851883090e-01
4.812886835342969905e-01
5.181372192693962653e-01
5.439930552938947450e-01
4.855999268917632894e-01
4.793527909141842569e-01
5.567970760410223541e-01
5.207957503611841954e-01
5.156546173410280209e-01
5.470463662608920918e-01
5.300172168005345963e-01
5.243390542823953560e-01
4.979349437420881874e-01
4.729514914108151058e-01
5.178065300541635496e-01
4.942055238260937844e-01
5.409533305166068784e-01
4.962156473047785732e-01
3.896227832740729591e-01
3.983322872000525372e-01
4.418452400994050122e-01
5.197520769387328210e-01
4.116105286484971204e-01
3.876194867829707014e-01
4.732718660113912068e-01
3.940455567616091836e-01
4.377437935074323661e-01
4.348487018515735936e-01
4.518115747664824822e-01
5.247296567678186863e-01
4.457263514091770462e-01
3.669421681567121007e-01
3.988417647239806407e-01
4.873630860170364842e-01
5.321222216017836848e-01
4.892044856131175234e-01
5.111824532293552936e-01
5.557067133573904139e-01
4.722543582846320809e-01
4.591762405989441853e-01
5.502812416948759111e-01
4.444023756584930540e-01
4.216015188236366673e-01
5.030545984646064284e-01
4.693562003423730755e-01
4.096029008469410648e-01
4.502678694348785648e-01
4.478620262328147916e-01
4.066773347625916024e-01
4.372991462633025739e-01
4.643715851138443540e-01
3.967439633685301281e-01
4.077483817934253185e-01
4.668833606283923077e-01
4.659143622123796957e-01
4.081153672860933779e-01
4.225563429360594259e-01
4.871169798836121889e-01
4.169111356632186904e-01
4.037762797111165147e-01
3.872517009047413139e-01
4.015116579329003899e-01
4.937559170465027902e-01
3.600722897572291581e-01
4.971763336441320513e-01
3.918555658635581862e-01
4.314234170990481343e-01
4.646804398427750171e-01
4.387535624215183061e-01
4.033710228989817459e-01
4.484460984837807529e-01
4.306581647924367928e-01
3.949771387037006032e-01
4.063475352594967394e-01
5.203162719513967360e-01
4.865823516524448444e-01
4.455246585961324390e-01
4.030846337679071523e-01
5.299830972211607705e-01
3.650467429546287446e-01
4.468180653240006461e-01
4.210165973340206369e-01
4.241839875578777841e-01
4.521234519784512185e-01
4.578977390748816823e-01
4.325001410872968965e-01
4.959032346534058555e-01
4.162835859826737872e-01
3.902109147104710352e-01
4.299280780949515379e-01
4.299137090056568966e-01
3.880221569224280298e-01
4.124056600239199288e-01
4.454276898388841444e-01
5.082525909048528634e-01
4.242508187491199068e-01
4.187775353947933432e-01
5.199861928236093611e-01
4.910746071872045815e-01
3.623399866747510911e-01
5.282842536219279905e-01
4.061988226017334558e-01
4.059495218352348056e-01
3.940651119219826248e-01
5.072306771060270947e-01
4.483808886736207477e-01
3.982760856019676443e-01
3.839309655733012527e-01
4.369796719581829358e-01
4.213246909146089458e-01
4.293940964345441258e-01
3.909626475260227219e-01
4.093992250504886465e-01
4.942171183370033249e-01
4.109458134143135211e-01
4.105564709025934511e-01
4.695926752237605806e-01
4.486726808224270058e-01
4.061252438514694196e-01
4.469689517855910399e-01
4.603742007712845474e-01
