8.578947368421052655e-01
8.158575363152466009e-01
7.853518891345164787e-01
8.108651244394682323e-01
8.549228475879645517e-01
8.277917165292361101e-01
7.766844215874284529e-01
7.979059060707991424e-01
8.566406561287166488e-01
8.285673275986524811e-01
7.867755347105481745e-01
8.009372665542958680e-01
8.465748879782454273e-01
8.437301976648248214e-01
7.878627355220052531e-01
7.843630674227261013e-01
8.434379123142757839e-01
8.447466411961309651e-01
7.909433034443201782e-01
7.899220723892030893e-01
8.371743679958181250e-01
8.519368504284525745e-01
8.034850492408689426e-01
7.795431113706824400e-01
8.242429229521998080e-01
8.576692658024346327e-01
8.009564195955596322e-01
7.806130790875532854e-01
8.248698171926538425e-01
8.552634974888724262e-01
8.186970298837551452e-01
7.819070495478362970e-01
8.075246443044737932e-01
8.591553525727242402e-01
8.184827265832449461e-01
7.765179292738668693e-01
8.078044433796895962e-01
8.553319243744292866e-01
8.304463164524048535e-01
7.880916057807089148e-01
7.972548720207101036e-01
8.491245454027783746e-01
8.385425420872270053e-01
7.806071422924978354e-01
7.903710467753841673e-01
8.489259876886177114e-01
8.412526691624240271e-01
7.959659948637769489e-01
7.911617166103105392e-01
8.351599477676885375e-01
8.532472067246840153e-01
7.936296354722299773e-01
7.780757193448200049e-01
8.333649281576516188e-01
8.525800511017299632e-01
8.040113154347104940e-01
7.865764394334099352e-01
8.232506262568624056e-01
8.573610592821763188e-01
8.123924750711020160e-01
7.747154836320763183e-01
8.130020431542869241e-01
8.594593792046351100e-01
8.145789917925626566e-01
7.837632051318642601e-01
8.123109794861668176e-01
8.538605709081282802e-01
8.308247637257033524e-01
7.802245740623005021e-01
7.952374963430643984e-01
8.552254152287760425e-01
8.302679609330586574e-01
7.837161495264250988e-01
7.995227685232449977e-01
8.474740241515752448e-01
8.434551607320258659e-01
7.920878364103004499e-01
7.853750368748304567e-01
8.399878465189016818e-01
8.478574985560225485e-01
7.893543472956363605e-01
7.864216409807761599e-01
8.378880805404272936e-01
8.509659229326934637e-01
8.059054115885557756e-01
7.825368112297932388e-01
8.219396709755417696e-01
8.589008938061024612e-01
8.025933816229053885e-01
7.769771820256631267e-01
8.226572641587653889e-01
8.558363223991231061e-01
8.180462713566767352e-01
7.843888314114099147e-01
8.083328767428021866e-01
8.573945984848759805e-01
8.222386065647626641e-01
7.751608285171082136e-01
8.035282057941136591e-01
8.562045302997918217e-01
8.289658245885069832e-01
7.886835221224944847e-01
7.992493360609530528e-01
8.471146130444717759e-01
8.415033534085666345e-01
7.823553238811694621e-01
7.865372695718120255e-01
8.474751831551955439e-01
8.416572619504480990e-01
7.941936433710269361e-01
7.918898435511875222e-01
8.354015424027820824e-01
8.531024910147287921e-01
7.977485111873252599e-01
7.772119663380585575e-01
8.293218229651689866e-01
8.545105644776186393e-01
8.018184962663993387e-01
7.849555200640434549e-01
8.244680054357642618e-01
8.558427909240666764e-01
8.159728301210398271e-01
7.767998794660895268e-01
8.092950144040540472e-01
8.600675665177366369e-01
8.146671261337061765e-01
7.805574930641012710e-01
8.117275222747019070e-01
8.537300960838546393e-01
8.315123812051131713e-01
7.839566667489556995e-01
7.947133929991011536e-01
8.526018526193955838e-01
8.331045267004382193e-01
7.811922632660242005e-01
7.961779913238790085e-01
8.483242146487431912e-01
8.421753736602441975e-01
7.948147288490190476e-01
7.874446510363966034e-01
8.368440594246143727e-01
8.506243447737137364e-01
7.894514976260903483e-01
7.821509520660442361e-01
8.370801470252269283e-01
8.506870328255589087e-01
8.061407829438884676e-01
7.852940786717150790e-01
8.213920318508602936e-01
8.586586270645628627e-01
8.062321551237161543e-01
7.744368526981999512e-01
8.186568054852579879e-01
8.572429019515104276e-01
8.162686037215463042e-01
7.852969033526716602e-01
8.100975262886790373e-01
8.552456976091822316e-01
8.264058480008721341e-01
7.757958640285477214e-01
7.988401646675572509e-01
8.565387120946595934e-01
8.282140815402857514e-01
7.873058620383218686e-01
8.007194444505806308e-01
8.463111640082243703e-01
8.433860316201311491e-01
7.863596211449810358e-01
7.842917209284747670e-01
8.442830911028368357e-01
8.436625392907419752e-01
7.914335767439244496e-01
7.905038897598331005e-01
8.366134506879845389e-01
8.521011629516567210e-01
8.021553015256147612e-01
7.785214100540354121e-01
8.251233690943907684e-01
8.568580331612851708e-01
8.006932349240994951e-01
7.816706996327305035e-01
8.249779490807899185e-01
8.550898558000802341e-01
8.183347234038113038e-01
7.805847661703796403e-01
8.073992955694415663e-01
8.594070560455578933e-01
8.171407812672385473e-01
7.770197721689524606e-01
8.087676759808307692e-01
8.547061294221438565e-01
8.306201229130222297e-01
7.872499355379767305e-01
7.963246375213514083e-01
8.496517297683910952e-01
8.371644201234839100e-01
7.801930309856420775e-01
7.914864245839062784e-01
8.487879774841293745e-01
8.411194569426349021e-01
7.959168169809324178e-01
7.903633713316922105e-01
8.350783248550394111e-01
8.528050744925587123e-01
7.923361786246575500e-01
7.784554936136535153e-01
8.341503845960572816e-01
8.518626224883157905e-01
8.043897113008064981e-01
7.864560832209550600e-01
8.225966519661926935e-01
8.575116817878163378e-01
8.110203396472778214e-01
7.741957915849690952e-01
8.139469803594793218e-01
8.589106922712314018e-01
8.146105028807344439e-01
7.841891484258217693e-01
8.118925118311975941e-01
8.538577109705949297e-01
8.300789697579046278e-01
7.790189020957161148e-01
7.955031917333315050e-01
8.555541733453853048e-01
8.294880141983891342e-01
7.843132716236309587e-01
7.998891934797522918e-01
8.469914927964873330e-01
8.434187112462029345e-01
7.909664329946012318e-01
7.847781007368775930e-01
8.406055439666065832e-01
8.469117993215956597e-01
7.894063430318239982e-01
7.871856583859926371e-01
8.376403438412391989e-01
8.509881436049047121e-01
8.053959952366398500e-01
7.816499461639085933e-01
8.221655067614493939e-01
8.585977959431199125e-01
8.019102142816053602e-01
7.775961277261711491e-01
8.231955461319936385e-01
8.555187958682416438e-01
8.181693738566729879e-01
7.838756170144338675e-01
8.079292996924041237e-01
8.576654777292355147e-01
8.213327675532782202e-01
7.752153355279240987e-01
8.043764979767979995e-01
8.559664983120696125e-01
8.291447937320067796e-01
7.886149227819125862e-01
7.987830243455862345e-01
8.473473247193534785e-01
8.409651633983949992e-01
7.817867073494643160e-01
7.871052738670653026e-01
8.478106930166533495e-01
8.413747418966325275e-01
7.945732750464884475e-01
7.918250812025243723e-01
8.351847871726206796e-01
8.531399398942284273e-01
7.968042441374997287e-01
7.771266234633602554e-01
8.300744085203834999e-01
8.540317208951657690e-01
8.021672057377770004e-01
7.853659882026700068e-01
8.241964205960241596e-01
8.560303728661354805e-01
8.152735967479605161e-01
7.761851193213414879e-01
8.098117709688452681e-01
8.599485385214439281e-01
8.144006923588454905e-01
7.811676915455290082e-01
8.119592903086615410e-01
8.535914928771460852e-01
8.314686030086275714e-01
7.832160698962030709e-01
7.945645509630032688e-01
8.530899302674761486e-01
8.323854004065339707e-01
7.815453896160965419e-01
7.969161836768087204e-01
8.480925372333116830e-01
8.423748605633678554e-01
7.943353420247120100e-01
7.868910971440272739e-01
8.373405979358267137e-01
8.500217007954838921e-01
7.891985416440265855e-01
7.830202955167199219e-01
8.373901161936807558e-01
8.506219637717761239e-01
8.062686853102868367e-01
7.848018038668480578e-01
8.213363076971955667e-01
8.587911703320709744e-01
8.053894703217313600e-01
7.747767713547861756e-01
8.195533756280494186e-01
8.569219708755263509e-01
8.166962641350047347e-01
7.853278990955103733e-01
8.097586662877792607e-01
8.557351820540213261e-01
8.256207976723378694e-01
7.755403358297482397e-01
7.999244046606293068e-01
8.566311376596509319e-01
8.283314464334238236e-01
7.878672515877928051e-01
8.006397492386133630e-01
8.464516592474404799e-01
8.432508392540603026e-01
7.855023598749388825e-01
7.846145895165205220e-01
8.450741764008258272e-01
8.432527354069935255e-01
7.920699601812954960e-01
7.910468220247922622e-01
8.364395806607357597e-01
8.524613947978793016e-01
8.014361844232001930e-01
7.782204164029523641e-01
8.259557782387617619e-01
8.564842965652528228e-01
8.008327202678308110e-01
7.825229285274646340e-01
8.250663043583192913e-01
8.552085543761359654e-01
8.180845828577885115e-01
7.797955206807078987e-01
8.076650158279682357e-01
8.597759370390342104e-01
8.164681148490793294e-01
7.778048028450704754e-01
8.096862278226387710e-01
8.545082394061426223e-01
8.310013316538938932e-01
7.867150052396559845e-01
7.959252183799599978e-01
8.504179955524379109e-01
8.363192108995531893e-01
7.803018603310633017e-01
7.926767536746049947e-01
8.488506829366411210e-01
8.413532085761227242e-01
7.959594665688124460e-01
7.898030446158134099e-01
8.353899775842288378e-01
8.525263043169393207e-01
7.915203824036767255e-01
7.792288556626477680e-01
8.350806328788297206e-01
8.515427724060171677e-01
8.050040006795855518e-01
7.864689936401825232e-01
8.223071726756226996e-01
8.579537690909975201e-01
8.099175423850056843e-01
7.741357569917521886e-01
8.151422232149136970e-01
8.586109752299336817e-01
8.150126685348477729e-01
7.847448041627943516e-01
8.116457637936246305e-01
8.542159437840752823e-01
8.294089664452762856e-01
7.781504130397233210e-01
7.962357970157829534e-01
8.560917684513151826e-01
8.290957014486890486e-01
7.852407539245497281e-01
8.004447636859763904e-01
8.468238656109186024e-01
8.436389274920145231e-01
7.899396486518148741e-01
7.845360376720067475e-01
8.416248763699032409e-01
8.461446145787302475e-01
7.898873928926841703e-01
7.882290403449061511e-01
8.375938899798857085e-01
8.513219482674412308e-01
8.048594056547760944e-01
7.808930734754796488e-01
8.228157042343083871e-01
8.583651209376428337e-01
8.014342377495310421e-01
7.786841801617968573e-01
8.239617137193818719e-01
8.553795953998589718e-01
8.184817312841954351e-01
7.832705548982487054e-01
8.077096003835261273e-01
8.582648642493365676e-01
8.202704697136097289e-01
7.756055709511671115e-01
8.057321561778296726e-01
8.557937338687292561e-01
8.296523651641125596e-01
7.886051218332233992e-01
7.982622919838942011e-01
8.479671561331395546e-01
8.401596123396554150e-01
7.812580330998395439e-01
7.882300304306252281e-01
8.483710180316472727e-01
8.412909584383251316e-01
7.952501605779223048e-01
7.918098389990830821e-01
8.351640928354115978e-01
8.533362439115762532e-01
7.958026018764353671e-01
7.773780615044083575e-01
8.312718493202091441e-01
8.536051322246406281e-01
8.028113566622678832e-01
7.859280375103370186e-01
8.239937287006390276e-01
8.565045556078042521e-01
8.145095033111627858e-01
7.756522140318153902e-01
8.108078597031745938e-01
8.598937838361969677e-01
8.143600666171032509e-01
7.821079944555919816e-01
8.122713234126927029e-01
8.536450178433068192e-01
8.314522373341581840e-01
7.823653634870071372e-01
7.946458061069878731e-01
8.537829812316684031e-01
8.317209483503090750e-01
7.821567093529006032e-01
7.978262055569652622e-01
8.479883741684627330e-01
8.427584806107093485e-01
7.938465742685167914e-01
7.864426640427288895e-01
8.381028618635969485e-01
8.494714095000717169e-01
7.891502396793121932e-01
7.840765081803585668e-01
8.376879758635517037e-01
8.506818159885773944e-01
8.063631645805379167e-01
7.842257838916827373e-01
8.214216770864678496e-01
8.589709568730354849e-01
8.044721743627093469e-01
7.753655487152822934e-01
8.206467484493628062e-01
8.566144280774374842e-01
8.171839095689972243e-01
7.852226156260972978e-01
8.093432244181334445e-01
8.562576481006514140e-01
8.247045846212890385e-01
7.753271804726690197e-01
8.009585887621132327e-01
8.566022259908367964e-01
8.284802933408440540e-01
7.882814679068724795e-01
8.003479496200904819e-01
8.465772064630602278e-01
8.428793543535790800e-01
7.844388614022502759e-01
7.850577178849091897e-01
8.459378918918311063e-01
8.426363021347764715e-01
7.927510628435640028e-01
7.914807074799460329e-01
8.361026686796212415e-01
8.527181274210456907e-01
8.003370369894877712e-01
7.777914119247109070e-01
8.270698963045559626e-01
8.558789342091019936e-01
8.010853493886145316e-01
7.834605409494056483e-01
8.250233551001595611e-01
8.553981412605995427e-01
8.175855694593238132e-01
7.788378814589819177e-01
8.080669477931672340e-01
8.600131723561673658e-01
8.158184016960881024e-01
7.786707662161398424e-01
8.104843008598304754e-01
8.542597286656735678e-01
8.312848455801695735e-01
7.859906519354422638e-01
7.954902985364226131e-01
8.511255073993483355e-01
8.353607899311829010e-01
7.805133942191302410e-01
7.939061541279971435e-01
8.488158420003757421e-01
8.416234263609908561e-01
7.957813074088929683e-01
7.890967019741986777e-01
8.357789621244908762e-01
8.520280401720020658e-01
7.907050525290691967e-01
7.801298763028877703e-01
8.359274481640061039e-01
8.511901417243766810e-01
8.054549569183548918e-01
7.862125800444134116e-01
8.219385786147205275e-01
8.582457358861542707e-01
8.086957808066654874e-01
7.741016964118896393e-01
8.163541891751256996e-01
8.582088168077629531e-01
8.153921485198754038e-01
7.850906518896751951e-01
8.112345547306180071e-01
8.545222489559424206e-01
8.285941349739712747e-01
7.772993456515056021e-01
7.969609238387742600e-01
8.563506067417637757e-01
8.286953815519425559e-01
7.859654678796539340e-01
8.007041520217471620e-01
8.465988129979218346e-01
8.436437917355285032e-01
7.888665426792739188e-01
7.843095990170770859e-01
8.424546073480823072e-01
8.453556141280330616e-01
7.902941708716907376e-01
7.890585888573564688e-01
8.373229229721689260e-01
8.515312598636993746e-01
8.041093589306599343e-01
7.800587619233280146e-01
8.233933062589401386e-01
8.579609840325380654e-01
8.010421661236654112e-01
7.795653985856216828e-01
8.244282244743544874e-01
8.551870729904264001e-01
8.185698153834294333e-01
7.825028976248349366e-01
8.074276656728762713e-01
8.585852879485844635e-01
8.192140270954878511e-01
7.758669849829809007e-01
8.066612088477340681e-01
8.554399184421827007e-01
8.299171493715910009e-01
7.882783218320381646e-01
7.976071702205607128e-01
8.483417474391998780e-01
8.392528263215941475e-01
7.807147529268088082e-01
7.891103990024311843e-01
8.485532790599555897e-01
8.410830571965415281e-01
7.955161516413943312e-01
7.914651790177962276e-01
8.349718296104622350e-01
8.532285284149803140e-01
7.947021892649142050e-01
7.774886596780486991e-01
8.321072520227428271e-01
8.530180096314614602e-01
8.032416841765892546e-01
7.862036471475030153e-01
8.235526957427594663e-01
8.567909476299140348e-01
8.134783321478396001e-01
7.750683205111651430e-01
8.116592493651564322e-01
8.596380837576387268e-01
8.143045772883462652e-01
7.828062153664002709e-01
8.122912368009748141e-01
8.536130692105828865e-01
8.311846464925558564e-01
7.813260665549740525e-01
7.947245597109574566e-01
8.543546429010761001e-01
8.309279406562631864e-01
7.827383114634628436e-01
7.985679641773332227e-01
8.476576920348571909e-01
8.430153156605149078e-01
7.930258758710084788e-01
7.858363499036212785e-01
8.388476492360805725e-01
8.486473201605557737e-01
7.890948822986475486e-01
7.851372809256750296e-01
8.377938958184144580e-01
8.507082855679427569e-01
8.061869908273434637e-01
7.833978588185790404e-01
8.215406060888585937e-01
8.589510587244428841e-01
8.034988426182714250e-01
7.759677282696980649e-01
8.215316414892817054e-01
8.561566942896292609e-01
8.175165196632694364e-01
7.848464794716383253e-01
8.087759492272883488e-01
8.567011761457715702e-01
8.235042599709673228e-01
7.751058535663043481e-01
8.020934368351301247e-01
8.563768190016940451e-01
8.285713143878733478e-01
7.884815684459841600e-01
7.998548126871516395e-01
8.467096959394762035e-01
8.422998140816367885e-01
7.834220979514001648e-01
7.855627993041729429e-01
8.466294031645895668e-01
8.421171036908453589e-01
7.933654515326900025e-01
7.917037621097871014e-01
8.357328007097676315e-01
8.528907239311612765e-01
7.991850961571043133e-01
7.774302708074989354e-01
8.280270742803423900e-01
8.552578791511279421e-01
8.013144288235387602e-01
7.841467531917865053e-01
8.247916736306271090e-01
8.555267584610291021e-01
8.169191188483062582e-01
7.778736903157872362e-01
8.084702292531088519e-01
8.600673834326748590e-01
8.151820320077306503e-01
7.794296090695616019e-01
8.110909731395954392e-01
8.539559550398463372e-01
8.313875989284454926e-01
7.851410056580450103e-01
7.950478944774196366e-01
8.517133891985840810e-01
8.343098364092578212e-01
7.806464084216564459e-01
7.948060964026941733e-01
8.485508910050654219e-01
8.417375444033102783e-01
7.953822662744898242e-01
7.883272305082662523e-01
8.360823607478772290e-01
8.514319792478540760e-01
7.900426672406797302e-01
7.808359600688383750e-01
8.364290325926938552e-01
8.508718981703979889e-01
8.057430122844748688e-01
7.858479822286453809e-01
8.216236583491948187e-01
8.583888608603068571e-01
8.076026793660062708e-01
7.741181838058091014e-01
8.173206839696950388e-01
8.577452301974595184e-01
8.157146957350950300e-01
7.852256842573065443e-01
8.107235442025459982e-01
8.547575154374402739e-01
8.276852335782217684e-01
7.765654439732089243e-01
7.977270973937654608e-01
8.564944177456793595e-01
8.284291920554446298e-01
7.865945084189802650e-01
8.008076204011674859e-01
8.464201342779409387e-01
8.435781438449674319e-01
7.876809232968752239e-01
7.842043268159963887e-01
8.433211500723838405e-01
8.445484539845493632e-01
7.908146047961249758e-01
7.898326632362373534e-01
8.370507082375900909e-01
8.518548659614119112e-01
8.032446023607324737e-01
7.792874529665303474e-01
8.242347010102127891e-01
8.574453354902937807e-01
8.007921078162253403e-01
7.806929287994927025e-01
8.248154162758104535e-01
8.551219341889272352e-01
8.185588167049482333e-01
7.815858292326143264e-01
8.073667154543423541e-01
8.590641638045314332e-01
8.181549867808314280e-01
7.764138276431254981e-01
8.078089072625794786e-01
8.550960703860811529e-01
8.303357675383783443e-01
7.878368454338631199e-01
7.969433539449732873e-01
8.490392599816836139e-01
8.381830866692032700e-01
7.803906251776778769e-01
7.904296146323070982e-01
8.487609441323793469e-01
8.410695698771488704e-01
7.958516642296502575e-01
7.908970909905068680e-01
8.350001822796641049e-01
8.530609664039106033e-01
7.932546172607494173e-01
7.779741124055862267e-01
8.333571858230620633e-01
8.523085373527214959e-01
8.039064336801675648e-01
7.864363812146111243e-01
8.230004117971245758e-01
8.572050965166706504e-01
8.120468438240893150e-01
7.744760448383787299e-01
8.129026636058533928e-01
8.592202452036709071e-01
8.143793313933114231e-01
7.836494198684124113e-01
8.121053635096217027e-01
8.536698306734298303e-01
8.305730691789113829e-01
7.798896032974750314e-01
7.950698525906801928e-01
8.550795813432139347e-01
8.299744814770197987e-01
7.836135848673931870e-01
7.993823722773591989e-01
8.472064773760196177e-01
8.432351218831631856e-01
7.917359276953123137e-01
7.850787910430723215e-01
8.398483182714895356e-01
8.475462920796367206e-01
7.891559823691309816e-01
7.863394202454812021e-01
8.376977551946315215e-01
8.507866807392773234e-01
8.057255794585314046e-01
7.823119641308451389e-01
8.217989903858837764e-01
8.587660953382656448e-01
8.024525000950069042e-01
7.768463202483579799e-01
8.225235791914710104e-01
8.557060297108947111e-01
8.178927798249300274e-01
7.842891562184864940e-01
8.082053228590849736e-01
8.572221314596234487e-01
8.221885585316558442e-01
7.750579970026620913e-01
8.033988995971009794e-01
8.561285208093528665e-01
8.288553654243295821e-01
7.885968477114413400e-01
7.992107737626840125e-01
8.470137546798950368e-01
8.415137049675545100e-01
7.823625409290034804e-01
7.863922576167067247e-01
8.473685396591807972e-01
8.416164675031247988e-01
7.940988525402086218e-01
7.918346587099960310e-01
8.353709023733121297e-01
8.530637651554849876e-01
7.978101495467511128e-01
7.772101243394902159e-01
8.292451015563043759e-01
8.545743013873727811e-01
8.017976091554738227e-01
7.849353071815502458e-01
8.244921234435415025e-01
8.558235647425512793e-01
8.160173268458250639e-01
7.768472577935551238e-01
8.092485461404128610e-01
8.600558277116147066e-01
8.146555840511193747e-01
7.805002895199315560e-01
8.116915051809407977e-01
8.537087754071316370e-01
8.314713102526607447e-01
7.840760585546968642e-01
7.947291203065907084e-01
8.525099578584837134e-01
8.332790916647486723e-01
7.811369763452769011e-01
7.960442587984595253e-01
8.483757982438228096e-01
8.421468042305302326e-01
7.949205862302163306e-01
7.875783131186634423e-01
8.367871375602674577e-01
8.507270787547714930e-01
7.895322766411855264e-01
7.820521213993671950e-01
8.370598441519855326e-01
8.507254738294173224e-01
8.061396515927299333e-01
7.853769531681515925e-01
8.214361730464994071e-01
8.586723952605157528e-01
8.063861638068798854e-01
7.744388409336394608e-01
8.185726643927925261e-01
8.573335258728260744e-01
8.162431730547079489e-01
7.853638177871204995e-01
8.102464312274825220e-01
8.552636577707894983e-01
8.266432825939736828e-01
7.759475317245426718e-01
7.988294035245699920e-01
8.566205371670656543e-01
8.283238351734977245e-01
7.873206813554234351e-01
8.008105693140609160e-01
8.463936201683075478e-01
8.434766961449263745e-01
7.865339015193173466e-01
7.843488097397863790e-01
8.442726453078613913e-01
8.438576851053688488e-01
7.914594824844635168e-01
7.905259000624540455e-01
8.367386084168296767e-01
8.521630431192486199e-01
8.023542831302785672e-01
7.786875685015726134e-01
8.251056905044770184e-01
8.569379740038726156e-01
8.007235034042236022e-01
7.816499755638682823e-01
8.249979956874781140e-01
8.551172288867832094e-01
8.183859149087554519e-01
7.807015044338517784e-01
8.074158924129208881e-01
8.594249419098458631e-01
8.172405026309974563e-01
7.770342859837986449e-01
8.087449698719445523e-01
8.547714085820257157e-01
8.306689987572249967e-01
7.873384845147842759e-01
7.963929250238621638e-01
8.496328459177886483e-01
8.372663305288037261e-01
7.802264278674221343e-01
7.914613540237974698e-01
8.488215679027814042e-01
8.411360952195071627e-01
7.959397031927798460e-01
7.904032283045004936e-01
8.350907811675574166e-01
8.528268792203330673e-01
7.923913667825446261e-01
7.784433558515195806e-01
8.341051173661216955e-01
8.518864834326159707e-01
8.043350305431911096e-01
7.864445716200165748e-01
8.226149817351479099e-01
8.574849173532674840e-01
8.110455373575687910e-01
7.741784290413917802e-01
8.138542289616109704e-01
8.589136447049579015e-01
8.145696172896874643e-01
7.841404037240301550e-01
8.119186417125866528e-01
8.538037079762047510e-01
8.301324346117130437e-01
7.790877130983981935e-01
7.954381614170507042e-01
8.554802495551073749e-01
8.294989214783139442e-01
7.841913097686797895e-01
7.998086937003736629e-01
8.469622187883373288e-01
8.433679081335861971e-01
7.909680854505806158e-01
7.847334098780760492e-01
8.404895310644129314e-01
8.468990488482104340e-01
7.893294402480880434e-01
7.870831881929387652e-01
8.376001535556871769e-01
8.509041046066028180e-01
8.053675588505654348e-01
7.816737468884253914e-01
8.220504981069686190e-01
8.585705864226014228e-01
8.019018438748932720e-01
7.774394773398624059e-01
8.230644675682573519e-01
8.554492914225717559e-01
8.180519340693274133e-01
7.838460193942147214e-01
8.078592210578201538e-01
8.575034908966924219e-01
8.213162872452411944e-01
7.751081135599112715e-01
8.041876693501782691e-01
8.558887142732731768e-01
8.290282420413872533e-01
7.885303966733375747e-01
7.987023326651666588e-01
8.472108644654786636e-01
8.408859136578694660e-01
7.817410796561222730e-01
7.868960602920038738e-01
8.476647125571042940e-01
8.413090377225150851e-01
7.943799660288133335e-01
7.917496436297311035e-01
8.351079163505050751e-01
8.530202659700801826e-01
7.969898200472400607e-01
7.770210744754730836e-01
8.297017312307153336e-01
8.540547149539173821e-01
8.018690747617820413e-01
7.850969175788961030e-01
8.241408306254905947e-01
8.558160999708354089e-01
8.153664495647995336e-01
7.762159776915154019e-01
8.094970695941718919e-01
8.598435155360768523e-01
8.143291060540845949e-01
7.808303612113238756e-01
8.117740197250836731e-01
8.535045054671202003e-01
8.313617274913710498e-01
7.833698598691860582e-01
7.944644495013768459e-01
8.527129375027371339e-01
8.325770403023248223e-01
7.812165791568186357e-01
7.964412601501724698e-01
8.480730299552614593e-01
8.421319706444578834e-01
7.944949922706479040e-01
7.870609858087985744e-01
8.370097868970515220e-01
8.501856209614938598e-01
7.891893649777482755e-01
7.825223157192898737e-01
8.371575260309639388e-01
8.505215673604461513e-01
8.061233028320349270e-01
7.849254983793082507e-01
8.212396177994945035e-01
8.586574669876090304e-01
8.055808575813052652e-01
7.745190988164044610e-01
8.191013636908794915e-01
8.569296871812602800e-01
8.163807803829650211e-01
7.852281863849522869e-01
8.097735628681150821e-01
8.553805529954243703e-01
8.258324588836180036e-01
7.754736780698153753e-01
7.993484258123112474e-01
8.564615299294741080e-01
8.281293755090346487e-01
7.875240472028808281e-01
8.005571169001405307e-01
8.462320419844733266e-01
8.431719618840086694e-01
7.856450378223255315e-01
7.843284900380269598e-01
8.446575486392317034e-01
8.432227648752677052e-01
7.917028728439267082e-01
7.907217294185991951e-01
8.363409774383563366e-01
