2.684210526315789491e-01
2.471634037814664786e-01
2.267274854932357919e-01
2.427302531789681528e-01
2.678245206812655543e-01
2.535099247710321801e-01
2.277329627328135153e-01
2.366245080927164013e-01
2.648764055589708510e-01
2.576363493006217364e-01
2.291199032134928482e-01
2.325347344464245014e-01
2.620546137612194681e-01
2.617411560556594519e-01
2.333538311356784523e-01
2.303072433142548114e-01
2.578675196396134073e-01
2.661440571479579131e-01
2.384196765288757736e-01
2.272228382632638377e-01
2.514769263812852151e-01
2.676306625211781198e-01
2.422224743540030700e-01
2.254492794684344603e-01
2.468233485001664618e-01
2.682876971998191529e-01
2.473706459488749787e-01
2.265328505512973489e-01
2.423630282765276978e-01
2.677980141595747710e-01
2.539642070086721160e-01
2.281917514645633027e-01
2.364712397370209995e-01
2.646240197043571718e-01
2.583564502704168708e-01
2.295079223296133952e-01
2.319347640516023212e-01
2.614436118380586427e-01
2.620422969699583438e-01
2.334503828362910205e-01
2.299092671067237414e-01
2.575718065407580082e-01
2.662690052567376342e-01
2.388760611333702599e-01
2.273686368627061971e-01
2.511854439695309638e-01
2.679357774595536035e-01
2.430660811952153888e-01
2.254237491064722265e-01
2.459987111313235997e-01
2.681473236296512686e-01
2.476845536843574336e-01
2.263333500375939167e-01
2.419163858086291197e-01
2.677471020612619546e-01
2.543076887781114959e-01
2.285565774983682463e-01
2.363701228974284807e-01
2.644409974419350551e-01
2.590550298289573394e-01
2.300383427165177408e-01
2.314932503915159145e-01
2.608562101451291082e-01
2.624164461872374177e-01
2.335811122942368090e-01
2.294296933062424937e-01
2.571793169829404979e-01
2.663401639826767919e-01
2.392051777326403283e-01
2.274908855366689631e-01
2.510124554449574830e-01
2.682146629320983910e-01
2.438836314426985896e-01
2.254991882885156451e-01
2.452519205388724033e-01
2.680199537089993922e-01
2.481324700861087806e-01
2.261550795672542802e-01
2.413344571655593462e-01
2.676088942679188953e-01
2.545340596627392316e-01
2.287758454162833466e-01
2.362454968736435457e-01
2.642977431515834419e-01
2.597146588546747625e-01
2.306843256420381127e-01
2.311800729273949806e-01
2.602390964295158149e-01
2.628722970568104222e-01
2.337977978525872247e-01
2.288374211559977833e-01
2.566100398179522735e-01
2.664109569163698454e-01
2.394793761886702399e-01
2.275470582452750745e-01
2.508567509862258404e-01
2.684489919932358526e-01
2.447243795696029955e-01
2.256973901677558902e-01
2.445581595754250936e-01
2.679412064253047232e-01
2.487767249326010566e-01
2.260462274927053095e-01
2.406057879222160967e-01
2.673617465223924183e-01
2.547083184214973817e-01
2.288670272632904457e-01
2.360748954161782098e-01
2.642085242047448324e-01
2.603238223783082006e-01
2.313900429198986475e-01
2.309995567372657155e-01
2.596606879305198845e-01
2.633910677556461910e-01
2.341494121516874971e-01
2.282687496324059540e-01
2.559606112375216735e-01
2.665011431413600862e-01
2.396724558957386009e-01
2.274668013729151672e-01
2.506650784856754299e-01
2.685765962938478912e-01
2.453953552056256093e-01
2.259645025371262994e-01
2.440629377665463062e-01
2.679131357396967728e-01
2.495492074022614970e-01
2.260210732987454618e-01
2.397855078257942751e-01
2.670006557495027133e-01
2.548763480451871066e-01
2.288531056269039188e-01
2.358302982766546096e-01
2.641356356475095257e-01
2.607820646001604570e-01
2.320072275538327122e-01
2.309095197483423123e-01
2.591648086831256914e-01
2.639181635403045068e-01
2.346574311827076820e-01
2.277967020509737706e-01
2.552309594824950789e-01
2.666160200224783061e-01
2.398412416444119233e-01
2.272327530838915421e-01
2.503790076066125803e-01
2.686479239159302312e-01
2.459745224373758588e-01
2.263040258391597337e-01
2.437392002689290904e-01
2.679323698450749025e-01
2.504218805090466238e-01
2.261226398971399043e-01
2.389474113494408081e-01
2.665879726493490809e-01
2.551533698169392572e-01
2.288183053790092403e-01
2.354753990163248323e-01
2.640255928267932206e-01
2.611334858143735116e-01
2.325550562489510087e-01
2.308840090332819617e-01
2.587715722659349460e-01
2.644920870984999728e-01
2.353542097277044054e-01
2.274626396744743873e-01
2.544580736438022961e-01
2.667632878645428973e-01
2.400328510811358118e-01
2.268946538936534862e-01
2.499800685764549391e-01
2.686797391450759243e-01
2.464346998446335368e-01
2.266216637861894756e-01
2.435376736907436668e-01
2.679565897060880997e-01
2.512730384124863270e-01
2.263410792912539382e-01
2.382033565172613221e-01
2.661732675760200006e-01
2.555501285894546948e-01
2.287927027802917623e-01
2.350027541371263184e-01
2.638208670774512821e-01
2.613372885073505514e-01
2.329211668110379718e-01
2.308670729396242460e-01
2.585127417418905393e-01
2.650251078912049252e-01
2.361126000758318189e-01
2.272661696589882985e-01
2.536853736509566692e-01
2.669137301062085577e-01
2.402852023312861407e-01
2.264963335175225745e-01
2.494708617684087970e-01
2.686827178767258184e-01
2.467663580933651679e-01
2.268464196457415649e-01
2.433816903728012182e-01
2.679642650932211323e-01
2.520472279272966132e-01
2.266675107431049274e-01
2.375758461813168021e-01
2.657803112720736327e-01
2.560818116875397399e-01
2.288053780347009958e-01
2.343883214774054591e-01
2.634719376151081760e-01
2.614597702390297207e-01
2.331657160735248757e-01
2.308360951539453754e-01
2.583451501780394399e-01
2.655060360762431237e-01
2.369006525626690396e-01
2.271808918897270380e-01
2.529448975364262941e-01
2.670993350966067714e-01
2.406819548087268945e-01
2.261058895732233065e-01
2.488309937583925158e-01
2.686556561340079918e-01
2.470181084291030726e-01
2.269476028601388751e-01
2.432077351796579634e-01
2.679637730234532000e-01
2.527725737260210770e-01
2.271120714724924605e-01
2.371298470354837318e-01
2.654341084678082385e-01
2.567179143596832191e-01
2.289059444135087273e-01
2.336866168811859712e-01
2.630087998465265864e-01
2.615833815398249107e-01
2.333273859365229130e-01
2.307499394365926937e-01
2.582289182992884569e-01
2.659121459274136345e-01
2.376627953027987683e-01
2.271995178868079224e-01
2.522848260474194748e-01
2.673401750927544840e-01
2.412622525611586022e-01
2.258083428992788133e-01
2.481122174737931119e-01
2.685940241944415052e-01
2.472133621594254649e-01
2.269024630881107674e-01
2.429769184321607378e-01
2.679586001950999830e-01
2.533970384920563035e-01
2.276274112513013703e-01
2.368338238379919802e-01
2.651224470960279467e-01
2.574384342805733916e-01
2.291087967639459932e-01
2.329603233978563559e-01
2.624458838249145720e-01
2.617562491117484402e-01
2.334284049681979167e-01
2.305472073288342694e-01
2.580765322612965651e-01
2.661903071617149341e-01
2.383121963992955727e-01
2.272866376475502215e-01
2.517666559848317775e-01
2.676171963655719077e-01
2.419892369740005988e-01
2.256093251695448776e-01
2.472899936615326477e-01
2.684768566604940343e-01
2.474014103704665346e-01
2.267392072843148754e-01
2.426506486802114115e-01
2.679433515548539924e-01
2.539233545564720251e-01
2.281362114919620043e-01
2.366493315989212087e-01
2.648517674060077431e-01
2.581903559160643735e-01
2.294521117473100891e-01
2.322854090528055637e-01
2.618219925240873325e-01
2.620383438524513942e-01
2.335292471322398811e-01
2.302143030773117771e-01
2.578423359419605987e-01
2.663597041333771176e-01
2.388237188874108574e-01
2.274225248003524658e-01
2.514184259111979514e-01
2.679351280570044791e-01
2.428226375199158127e-01
2.255376122506682623e-01
2.464611035592474408e-01
2.683321478303619667e-01
2.476563133125279093e-01
2.265360917010949826e-01
2.422375481677013220e-01
2.679033405782543231e-01
2.542991960974825272e-01
2.285381224236959496e-01
2.365253621091928660e-01
2.646283599520211083e-01
2.588990746246594421e-01
2.299271715211972100e-01
2.317709195325509952e-01
2.612164902153174539e-01
2.623752721878909733e-01
2.336357899890601220e-01
2.297530697037722947e-01
2.574787090616652563e-01
2.664388216379937058e-01
2.392044223766532918e-01
2.275610017303550392e-01
2.511869924768367901e-01
2.682358273816544680e-01
2.436871155570245195e-01
2.255651082652711248e-01
2.456481661446581755e-01
2.681814572685454201e-01
2.480442728909716954e-01
2.263235958308988938e-01
2.416877117577620748e-01
2.677875807941449415e-01
2.545608095660850112e-01
2.288101671634134304e-01
2.364059729990423964e-01
2.644600234295375607e-01
2.595813768294611967e-01
2.305274020993511030e-01
2.313860426312868424e-01
2.605819076802624035e-01
2.628002672982397425e-01
2.338048977768146519e-01
2.291677841025889228e-01
2.569476652624518853e-01
2.664908712659178058e-01
2.394879346360108407e-01
2.276394344748119969e-01
2.510158716284324742e-01
2.684733771410049985e-01
2.445179154419169776e-01
2.257032333405574187e-01
2.448849820942874678e-01
2.680629584985360081e-01
2.486130974086550594e-01
2.261652448344779187e-01
2.409749002158663722e-01
2.675634743487117495e-01
2.547411611333721404e-01
2.289370070148200320e-01
2.362391953513142684e-01
2.643337001328281977e-01
2.602127737877240055e-01
2.312224694489356247e-01
2.311416944842396293e-01
2.599655708065080062e-01
2.632902221695457845e-01
2.340961647364538656e-01
2.285667787416848507e-01
2.563169800443367841e-01
2.665624416040429656e-01
2.396949132517050274e-01
2.276051286528016915e-01
2.508446661186448656e-01
2.686309277353594038e-01
2.452460144156809740e-01
2.259422393657285477e-01
2.443139611456017213e-01
2.680087503937531590e-01
2.493445012151791762e-01
2.261047068679208349e-01
2.401840630729197013e-01
2.672340697757726868e-01
2.548957537678283036e-01
2.289469444041087876e-01
2.360177226907557158e-01
2.642567816722426466e-01
2.607243056902208145e-01
2.318837408891199769e-01
2.310180112229204274e-01
2.594208070125251231e-01
2.638162665404762963e-01
2.345314449984373384e-01
2.280425678633071218e-01
2.556013841344220161e-01
2.666574388240531279e-01
2.398610096648793599e-01
2.274233731209787945e-01
2.505865513446373094e-01
2.687167939372229197e-01
2.458492749059380811e-01
2.262501076910441444e-01
2.439309642488884378e-01
2.680083233451400759e-01
2.501464528010495791e-01
2.261539762866898728e-01
2.393705514044613125e-01
2.668554025309869959e-01
2.551173548979111527e-01
2.289216575509063489e-01
2.357227678825822292e-01
2.641705746097912089e-01
2.610932230799559717e-01
2.324272179884189771e-01
2.309650887953723364e-01
2.589950609126469017e-01
2.643371420084018042e-01
2.351170594899798238e-01
2.276566073837858195e-01
2.548587149061921076e-01
2.667739554718308592e-01
2.400155822911441417e-01
2.271199403416227780e-01
2.502375059241185862e-01
2.687445011182842403e-01
2.463222668309946184e-01
2.265610221775828104e-01
2.436907878116301163e-01
2.680204339798643032e-01
2.509465145237880779e-01
2.262905112078545666e-01
2.385991303651681938e-01
2.664441701975610588e-01
2.554172241669858678e-01
2.288716947860370277e-01
2.353122073778435575e-01
2.640052889670191916e-01
2.613266098339169230e-01
2.328313002234236040e-01
2.309445436540549235e-01
2.586897112691555201e-01
2.648564747298666755e-01
2.358165508814438760e-01
2.274043896444532531e-01
2.541043354092193951e-01
2.669168578523080648e-01
2.402278933312375631e-01
2.267483716889194811e-01
2.497888530793766770e-01
2.687659543011834962e-01
2.467118062726760264e-01
2.268349272323652854e-01
2.435243936916261787e-01
2.680411191339880372e-01
2.517852199222112564e-01
2.265808451531210743e-01
2.379039484632620161e-01
2.660245794210460146e-01
2.559069181379955427e-01
2.288687000206835742e-01
2.347443798772949064e-01
2.637193700033226285e-01
2.614871411447403093e-01
2.331439648862364544e-01
2.309238279468673050e-01
2.584802507073565292e-01
2.653808807126790126e-01
2.366274716529783162e-01
2.272738281798807602e-01
2.533182509227455137e-01
2.670913059014192181e-01
2.405660725633540775e-01
2.263388720862687664e-01
2.491980456471008798e-01
2.687496194338345745e-01
2.469917785022137380e-01
2.269928991372831273e-01
2.433630569134924149e-01
2.680462085985984566e-01
2.525630737564529826e-01
2.269982438818594628e-01
2.373669661078493531e-01
2.656486829700597241e-01
2.565329217129080352e-01
2.289302137105676260e-01
2.340552662037147236e-01
2.632938194833341350e-01
2.616083256557480974e-01
2.333425139089544409e-01
2.308680912139854380e-01
2.583518253497944506e-01
2.658482740809912648e-01
2.374574302163559858e-01
2.272584501286261383e-01
2.526083099665507037e-01
2.673200184810979319e-01
2.410887508603043461e-01
2.259867478561992660e-01
2.484854385048194114e-01
2.687039045907405610e-01
2.472154419824461602e-01
2.270098703550423591e-01
2.431546349896598624e-01
2.680431750009545921e-01
2.532341477849723854e-01
2.274976622412421823e-01
2.370134818479258387e-01
2.653284443778053947e-01
2.572206374769790971e-01
2.290907744388757938e-01
2.333331215780068413e-01
2.627755155700893241e-01
2.617626651328039955e-01
2.334705003601618145e-01
2.307316657258941250e-01
2.582343870571334188e-01
2.661653413701314808e-01
2.381183004881206322e-01
2.273167348568960744e-01
2.520438175243900902e-01
2.675750342027722328e-01
2.417445909689195094e-01
2.257488208667308149e-01
2.477196353340785639e-01
2.686039579328482474e-01
2.473792303517992064e-01
2.268925365570069463e-01
2.428803723481950116e-01
2.680214060309561441e-01
2.537729054094220449e-01
2.279837763379177207e-01
2.367845539804468991e-01
2.650374345132348042e-01
2.579335931380424829e-01
2.293531787768134378e-01
2.326365500911294903e-01
2.621778976764326252e-01
2.619766417785115986e-01
2.335544898967122085e-01
2.304523230173592396e-01
2.580394050757727764e-01
2.663750329679362983e-01
2.386856599777828214e-01
2.274289595207693859e-01
2.516201168152459866e-01
2.678725424653202181e-01
2.425274068324850818e-01
2.256202960271078140e-01
2.468873861799278369e-01
2.684652586752559467e-01
2.476016648118158636e-01
2.266904977231599116e-01
2.424918270061606762e-01
2.679934039336746010e-01
2.542272511773180921e-01
2.284596486177738472e-01
2.366408892333648761e-01
2.647845942862045998e-01
2.586884497796056448e-01
2.297836178166918208e-01
2.320254554598570051e-01
2.615264378726011585e-01
2.622958398959169268e-01
2.336503492286309547e-01
2.300141054967874688e-01
2.577044938825814313e-01
2.664813465577876572e-01
2.391257312617579567e-01
2.275724074986416323e-01
2.513392599215692469e-01
2.681918215059806432e-01
2.434168263429663248e-01
2.256098276103069289e-01
2.460200547820059758e-01
2.683160507307638665e-01
2.479331236366571212e-01
2.264715953874197885e-01
2.419926093804753153e-01
2.679197893355197979e-01
2.545381249974748572e-01
2.287822044730542514e-01
2.365289310578325699e-01
2.645995444588827294e-01
2.593726785049254580e-01
2.303301116221674050e-01
2.316051155897295988e-01
2.609326505663474016e-01
2.626872276050891686e-01
2.337977124326280631e-01
2.295115665249659043e-01
2.572834399469418054e-01
2.665513362351295545e-01
2.394545511468439414e-01
2.276954269430879474e-01
2.511741881280153410e-01
2.684623267449162132e-01
2.442372953929605184e-01
2.257112091202500559e-01
2.452886815078484661e-01
2.681979597756374289e-01
2.484295059780453618e-01
2.263121183219077015e-01
2.413895270365445378e-01
2.677730247742318159e-01
2.547694684391962339e-01
2.289911630606077386e-01
2.364089731549411377e-01
2.644790909743847673e-01
2.600420313747943690e-01
2.309999289758548624e-01
2.313212350043325205e-01
2.603294339156891901e-01
2.631554342423173543e-01
2.340348318447897646e-01
2.289260082701616017e-01
2.567114472990940088e-01
2.666253328705645576e-01
2.396995507231748923e-01
2.277280973096269534e-01
2.510248126698353954e-01
2.686671622330630282e-01
2.450173632050219596e-01
2.259101204847515643e-01
2.446497608229715737e-01
2.681228593698752327e-01
2.490801751949821286e-01
2.262106824582783837e-01
2.406607597732081938e-01
2.674997409686538097e-01
2.549215498875720409e-01
2.290501735398563221e-01
2.362296007344483750e-01
2.643932166599005651e-01
2.605911594429487499e-01
2.316655878009344360e-01
2.311578657648743207e-01
2.597660067396820871e-01
2.636598625509861127e-01
2.343991121875093342e-01
2.283705909837062953e-01
2.560442815556426277e-01
2.667113252008940782e-01
2.398838235385567230e-01
2.276216259283189991e-01
2.508187263206024253e-01
2.687913170552468922e-01
2.456904417747279301e-01
2.261991182119509336e-01
2.441828543580800426e-01
2.681077860037037741e-01
2.498814464645996991e-01
2.262104005418905939e-01
2.398300589215181522e-01
2.671297442664026245e-01
2.551073160490913705e-01
2.290330531175858164e-01
2.359657020218722812e-01
2.643202115955929354e-01
2.610537178297720473e-01
2.322991548982575039e-01
2.310870996650739029e-01
2.592868709933743299e-01
2.642079299500861289e-01
2.349464811355049254e-01
2.279192794641108633e-01
2.553006545241158221e-01
2.668368324117614820e-01
2.400581425149276860e-01
2.273734583661116970e-01
2.505131809810893229e-01
2.688564292045227400e-01
2.462572562181984670e-01
2.265468405557314602e-01
2.438839151790798687e-01
2.681333915124452516e-01
2.507730123265529687e-01
2.263405646371288993e-01
2.389917978209699645e-01
2.667086341591256016e-01
2.554197190070927048e-01
2.289982482120820340e-01
2.355740437333912196e-01
2.641959742241146158e-01
2.613824340218123266e-01
2.328266523303240410e-01
2.310627704666541327e-01
2.588988706556469843e-01
2.648034381182123864e-01
2.356819461439472185e-01
2.275918895257590946e-01
2.544769017362648045e-01
2.669921438114080670e-01
2.402699671987336416e-01
2.269863931765628562e-01
2.500662565323298336e-01
2.688845270189214043e-01
2.467029558353610041e-01
2.268589070636283789e-01
2.436935418119430263e-01
2.681568686803704749e-01
2.516222209949085520e-01
2.265805415548894919e-01
2.382355663127576351e-01
2.662817170179568316e-01
2.558581009094213488e-01
2.289789540224399789e-01
2.350433594214469957e-01
2.639503329033783263e-01
2.615742960313526266e-01
2.331801843445245048e-01
2.310514143345487048e-01
2.586628139165811358e-01
2.653452058265305946e-01
2.364924054303113032e-01
2.274178463284534102e-01
2.537021281919045745e-01
2.671464766939168345e-01
2.405468539776363934e-01
2.265834970947190052e-01
2.495293279382348184e-01
2.688780486014563653e-01
2.470128398355502797e-01
2.270575032682678740e-01
2.435379493030038478e-01
2.681632340703314354e-01
2.523977774289766218e-01
2.269365132400599505e-01
2.376556127848820921e-01
2.659020438869216796e-01
2.563912101392852305e-01
2.290033346526473002e-01
2.344329208532407449e-01
2.635840543347475751e-01
2.616786601356992370e-01
2.333835178865776017e-01
2.310036930959643575e-01
2.585076844170020594e-01
2.657916805753413603e-01
2.372477996820812618e-01
2.273558827767728219e-01
2.529761814805702169e-01
2.673325784732814570e-01
2.409583423965165339e-01
2.262144058215450337e-01
2.488906952578709975e-01
2.688388117472651495e-01
2.472428019112695996e-01
2.271215439089248056e-01
2.433465978212133729e-01
2.681484344677401710e-01
2.530947125484812599e-01
2.273990137091433661e-01
2.372261409758217310e-01
2.655457856693807517e-01
2.570519845061975395e-01
2.291120582994203847e-01
2.336926224365255822e-01
2.630648485828850358e-01
2.617954894048075687e-01
2.335235112823108028e-01
2.308832461742152120e-01
2.583788088909941827e-01
2.661742928587974566e-01
2.379995255368330676e-01
2.273824801771867632e-01
2.523305265104546780e-01
2.675797144746064338e-01
2.415802032290055856e-01
2.259240921009660341e-01
2.481247832083596505e-01
2.687536669205018991e-01
2.474179340307400554e-01
2.270490336720383528e-01
2.431022000309193132e-01
2.681425789824519734e-01
2.536791354436671031e-01
2.278887547496560029e-01
2.369626946317592575e-01
2.652490865795379960e-01
2.577575273275694578e-01
2.293312184316057545e-01
2.329920859304334124e-01
2.625142530847504041e-01
2.619811087095490487e-01
2.336183492365676295e-01
2.306725368104516061e-01
2.582308103589706638e-01
2.664148439052023698e-01
2.385847740728398447e-01
2.274775873823053629e-01
2.518647441808471998e-01
2.678560965423070206e-01
2.423036079391623077e-01
2.257506631543645670e-01
2.473030893589522605e-01
2.686248792520099515e-01
2.476088545291649790e-01
2.268644789427784747e-01
2.427512950628861743e-01
2.681139576507040045e-01
2.541656163045263872e-01
2.283696825947997833e-01
2.367946486129003936e-01
2.649880029854635444e-01
2.584730461016369607e-01
2.296815553592495007e-01
2.323551359850298537e-01
2.619055923854820556e-01
2.622479348095021479e-01
2.337045662223743991e-01
2.303129255942075460e-01
2.579628648019600123e-01
2.665452962684052851e-01
2.390456258160155167e-01
2.275966341854382957e-01
2.515400848643283838e-01
2.681442303458609344e-01
2.431024372290129798e-01
2.256878329785537707e-01
2.464914429151420228e-01
2.684726635372409742e-01
2.478623693064906652e-01
2.266545497519561192e-01
2.423241121159188383e-01
2.680558412963587878e-01
2.545007105134067249e-01
2.287382501490287379e-01
2.366596516001333028e-01
2.647590901420374121e-01
2.591622355330726601e-01
2.301555308478654138e-01
2.318546959307015431e-01
2.612789324607458497e-01
2.625932861995230461e-01
2.338120793949194087e-01
2.298172873231625613e-01
2.575646725571199003e-01
2.666155783357238573e-01
2.394130246748745194e-01
2.277272943797670757e-01
2.513228828591168584e-01
2.684382910506806774e-01
2.439701622426817540e-01
2.257328937524138435e-01
2.456596480357897128e-01
2.683213077541971026e-01
2.482818686467533620e-01
2.264442195175386807e-01
2.417393695667167108e-01
2.679281620234919559e-01
2.547578739553434390e-01
2.289907500107628557e-01
2.365348032824193258e-01
2.645942306096152885e-01
2.598453736458746777e-01
2.307831908934812049e-01
2.314884315906806656e-01
2.606382412228560042e-01
2.630297221270763708e-01
2.339929384599926665e-01
2.292312743254736884e-01
2.570350115559616455e-01
2.666704199977210088e-01
2.396795228390891930e-01
2.277969882739138696e-01
2.511648741474288293e-01
2.686686869204923389e-01
2.447714542966634432e-01
2.258841746531427830e-01
2.449845362090133927e-01
2.682291630717899000e-01
2.488434457483447715e-01
2.263160006228306098e-01
2.410751297715008346e-01
2.677120146750615048e-01
2.549289889438679513e-01
2.291041294586476651e-01
2.363814376515357696e-01
2.644977567025018628e-01
2.604417604397776254e-01
2.314461124017403448e-01
2.312865382545059301e-01
2.600820869834188920e-01
2.635008606945510312e-01
2.342846982603175865e-01
2.286810327346716354e-01
2.564337619309040583e-01
2.667400071179968912e-01
2.398703604519140942e-01
2.277560873173382072e-01
2.509971984897990116e-01
2.688157297105021604e-01
2.454547633602023882e-01
2.261208073883989866e-01
2.444577949070923240e-01
2.681830023623764103e-01
2.495476031374207204e-01
2.262656495401997314e-01
2.403099796474930383e-01
2.673986507294542903e-01
2.550869249836774100e-01
2.291231519126036009e-01
2.361889255851621350e-01
2.644406304127985274e-01
2.609150061710779900e-01
2.320602026259502570e-01
2.311898410130319992e-01
2.596036426746046732e-01
2.640012898827116539e-01
2.347192155571439509e-01
2.282150695930616757e-01
2.557818765028166963e-01
2.668486462048025309e-01
2.400420830144407991e-01
2.275982342961744842e-01
2.507730926230188340e-01
2.689111069390213715e-01
2.460444643538709508e-01
2.264297162229859384e-01
2.441089759460882691e-01
2.681997709449639444e-01
2.503612242593192816e-01
2.263315498290182359e-01
2.395379939661179958e-01
2.670380994906989547e-01
2.553084305673626320e-01
2.290925747978661275e-01
2.358955357460899849e-01
2.643583286501893781e-01
2.612884924659670260e-01
2.326129490151667145e-01
2.311444336687349388e-01
2.591767262436581731e-01
2.645361013280769780e-01
2.353122546227300604e-01
2.278320772340889644e-01
2.550339057738477688e-01
2.669761569611501795e-01
2.402104835335707456e-01
2.272930152861855901e-01
2.504176812779567718e-01
2.689501117946878073e-01
2.465314159161618168e-01
2.267554770167429790e-01
2.438742773112679840e-01
2.682204365539653246e-01
2.511808610276832221e-01
2.264883140915369131e-01
2.387488929894547862e-01
2.666135016620417297e-01
2.556399512122237150e-01
2.290544891577876718e-01
2.354595244192902448e-01
2.641899803219774356e-01
2.615435910161879041e-01
2.330513845919895410e-01
2.311304512979639736e-01
2.588765235027677414e-01
2.650833966557454846e-01
2.360502627695696132e-01
2.275853313131284972e-01
2.542698646950793395e-01
2.671181027017678344e-01
2.404245234512266405e-01
2.269185653534654401e-01
2.499671481115935401e-01
2.689657639799894473e-01
2.469034894209028164e-01
2.270199555936858182e-01
2.437115252408383059e-01
2.682400526763273341e-01
2.519952995639486160e-01
2.267688520304159405e-01
2.380734971366971764e-01
2.662100078026599648e-01
2.561056132957527098e-01
2.290488484746243947e-01
2.348988836566169025e-01
2.639000984355033275e-01
2.616882724181626707e-01
2.333396681947830509e-01
2.311061030478336609e-01
2.586694289110793021e-01
2.655953463085300448e-01
2.368388354561267450e-01
2.274510912682723707e-01
2.534878289347748392e-01
2.672887681009736283e-01
2.407618801888156690e-01
2.265075644031288304e-01
2.493712151218899498e-01
2.689426051320782940e-01
2.471821179039795646e-01
2.271696468429776072e-01
2.435346559881256812e-01
2.682310585853879270e-01
2.527715057123486875e-01
2.271837976933506476e-01
2.375187297126994668e-01
2.658162051306683371e-01
2.567157525327811718e-01
2.290974284680912798e-01
2.342013735186952994e-01
2.634618373621492871e-01
2.617873502797447016e-01
2.335075188235012089e-01
2.310328683479590528e-01
2.585290168930004517e-01
