4.789473684210526772e-01
3.921025981253750126e-01
4.110890341179156970e-01
4.805349340152118010e-01
4.344864483213992656e-01
4.534593200046511119e-01
3.549087664071834958e-01
4.705413376161368122e-01
4.370514426433640409e-01
4.544277962126595516e-01
4.903148314981729539e-01
4.086576062206369042e-01
4.953298482858171647e-01
4.794175628419523050e-01
4.823518394488517935e-01
4.541427434973749899e-01
5.468454670484717006e-01
4.727205600532233820e-01
4.856066227489189147e-01
5.372697205647145591e-01
5.162368880970141793e-01
4.689761380325797591e-01
4.950868847923221572e-01
5.109839195464468409e-01
4.142938218194409106e-01
4.026998484419408997e-01
4.285621503437304081e-01
4.535475344118893859e-01
4.286432540520531687e-01
3.845220540676706489e-01
4.357350752915929992e-01
4.484656969434210882e-01
4.526806194160112873e-01
3.936019153344442190e-01
4.261659239553942657e-01
4.292234127585061731e-01
4.631715056760425386e-01
3.972933418892578561e-01
3.943340426351762407e-01
4.921948785968972562e-01
3.995971520608908034e-01
4.433596913166155118e-01
4.426366234853853499e-01
5.216973571306163793e-01
4.439281340329246373e-01
3.921947484376086535e-01
4.801530443556035754e-01
4.224456482928099499e-01
4.484481332985088553e-01
4.620253633002686655e-01
3.970641607955789909e-01
4.413344403656036530e-01
4.557382990033166936e-01
4.300594764407153492e-01
4.463148040898381463e-01
4.965216463052121720e-01
5.158960948306935412e-01
4.586826564162931885e-01
4.018526318342918180e-01
4.129969290590218001e-01
4.850023007109290907e-01
4.078068364552235314e-01
3.999124517686006297e-01
4.515286507440915975e-01
4.959546981643548902e-01
4.057720519795255942e-01
4.345535111398780015e-01
4.090807778999906441e-01
4.896559811920224714e-01
4.084783539186483958e-01
4.304925941560784342e-01
4.696492395567260503e-01
4.478435641888386387e-01
4.496481361550809797e-01
4.047872278840753402e-01
4.322452934005331371e-01
4.393630478999862032e-01
4.305088927072137639e-01
4.795170350575941320e-01
4.342871415063596086e-01
5.304990611979185644e-01
4.255765707152687760e-01
4.082721821134692730e-01
3.935682762188527639e-01
4.869670304161152208e-01
4.613927834655514038e-01
3.836182818482165580e-01
4.203851436152316046e-01
4.017101847838945861e-01
4.219571572940261084e-01
4.928497988285175380e-01
4.060284033199146325e-01
4.069015243630668688e-01
4.787971217405613822e-01
4.087548745506379699e-01
4.017985662729759433e-01
4.841730702544788101e-01
5.418839306121819854e-01
4.555587665784727180e-01
3.975355353447494466e-01
4.412295400530614198e-01
5.153946212954030326e-01
3.863397253929874986e-01
4.207112568867897862e-01
5.023704998115380294e-01
5.241568564375405082e-01
4.887817279698469242e-01
4.679308918829260255e-01
5.264164264683182104e-01
4.761587792363327631e-01
4.213911771001179196e-01
5.103926561564973152e-01
4.222375051624001063e-01
4.109302656420027455e-01
4.797636123253921081e-01
5.122632624670665491e-01
4.989338628639131135e-01
4.468549685211798961e-01
4.181778927718425298e-01
4.860971494896522693e-01
4.801563731942560254e-01
4.356374456127271588e-01
4.727952231435858521e-01
4.400577392332147286e-01
5.178270762804156879e-01
4.716211121742218682e-01
4.757627610018999587e-01
4.823850821498183450e-01
4.290340892187152200e-01
3.982498693177730087e-01
3.914285719907426575e-01
4.813631803388764285e-01
5.359460846603920636e-01
4.742627613947959508e-01
5.218093553854576960e-01
4.683726423402521655e-01
4.204108488088719175e-01
4.050099253813138067e-01
5.116208908687356338e-01
3.973194210365899037e-01
4.273667919409808169e-01
4.831063063320186757e-01
4.062622929967329988e-01
5.236030114087730780e-01
4.641036349740348399e-01
4.217692641988838309e-01
5.266978863017773849e-01
4.292379520942617988e-01
3.859786336857504718e-01
3.670372509014102058e-01
4.980300090730624407e-01
4.283011995739881006e-01
3.749336027315098296e-01
4.203623740372062767e-01
4.437234430716036071e-01
4.239439941560724234e-01
4.495900468220171975e-01
3.722564125787291012e-01
4.075400067378560642e-01
5.018179893625619448e-01
4.318044666398729303e-01
3.755444463616401940e-01
3.720902953971594318e-01
3.830558477494944158e-01
4.750259139861331414e-01
4.067040410246533511e-01
3.687162077225490386e-01
4.426259269715149824e-01
4.788354415602197323e-01
5.192440844624222063e-01
4.500484172447644649e-01
4.047715092288218242e-01
4.622278869009985303e-01
5.158998059762126553e-01
4.655878126058569100e-01
5.528703847938875038e-01
5.004834807402386287e-01
3.992677217361246811e-01
4.161455703392838434e-01
4.892931321517353105e-01
4.763709852576571424e-01
4.003324378363046221e-01
4.367717202686581812e-01
4.921922601414027154e-01
4.305386383353151381e-01
4.020923767328677401e-01
4.039052012097288924e-01
4.728800315790199216e-01
4.360459757923547119e-01
4.612825974976232368e-01
3.776598454220265189e-01
4.963174508017340614e-01
5.003374058134156810e-01
3.934397800079417196e-01
4.488068308599685863e-01
4.194041352073934470e-01
3.878804832145159032e-01
4.504847932579664205e-01
3.660513376657343332e-01
4.444498025771808081e-01
5.330084051620732621e-01
5.338810045021459283e-01
5.001023654455730716e-01
5.209862889206302583e-01
4.684719352961025374e-01
4.233716607338636195e-01
3.952277850316911478e-01
4.413103174665012896e-01
4.120424607222433200e-01
4.485109351990815285e-01
4.678491239078049757e-01
4.444397451744966920e-01
4.581793121948465330e-01
4.155271014285142894e-01
4.813440014292044711e-01
3.882199224570135887e-01
3.581478192640637492e-01
4.353433522571502068e-01
4.380973919974766040e-01
3.795918840276999440e-01
3.988460483295721559e-01
3.918221524996599037e-01
4.295011801988061206e-01
4.066643738398930674e-01
4.872129298373714112e-01
4.578297912319105878e-01
4.827207853692963568e-01
4.976272231385886480e-01
3.903825922350699362e-01
3.574157102639426431e-01
3.844910008992091233e-01
4.692984628304328054e-01
4.429212153008882935e-01
4.024880623451185246e-01
4.390257982467024589e-01
4.499163035867640992e-01
4.192286452252881324e-01
4.475782763283807641e-01
3.989188797566398104e-01
4.373623063719083714e-01
5.299510438523954425e-01
4.311824341810105987e-01
4.531911567872495827e-01
4.906652598737509252e-01
3.921239658520856985e-01
3.790332383912652370e-01
3.781346138686578207e-01
4.059317237289895575e-01
3.880283842573106212e-01
3.994057223171825211e-01
3.917797507709445681e-01
4.277253968877064438e-01
4.751718615175170579e-01
4.706934896307012339e-01
4.103839314425833940e-01
3.885531038840122076e-01
4.081970654009478561e-01
3.711390425219578959e-01
3.703579441021819796e-01
4.448731716925439783e-01
4.261435550837518460e-01
4.608651158883404486e-01
3.922714433011959545e-01
4.409869028342005004e-01
5.381445338074367646e-01
4.460271283092669958e-01
4.977409961923818793e-01
4.464835590999975956e-01
4.496649626965475988e-01
4.065873480145000829e-01
4.707255959238745846e-01
4.581248174460310074e-01
4.902617913187993781e-01
4.671895223008741271e-01
5.127523262179892738e-01
4.704459390605346125e-01
5.038021824858226472e-01
4.636946304882192393e-01
4.427867513331945060e-01
4.588415656351478855e-01
4.673391621565368137e-01
5.159759897378800586e-01
4.201594306373557797e-01
4.844783905222765363e-01
5.355650447529072267e-01
4.520853025455711105e-01
3.952502550587225771e-01
4.364179604729679363e-01
4.451085674960513772e-01
4.109648133832013439e-01
3.876078018306007844e-01
4.554283001765865868e-01
4.485547165191118291e-01
4.598531547916501205e-01
4.697589696322636010e-01
5.330537068342386942e-01
4.337731215688910291e-01
4.689615044091534068e-01
3.585764752719347581e-01
4.790082307436008824e-01
4.684440444808424808e-01
5.150171159129914855e-01
4.006478055406488825e-01
4.474897268413508544e-01
4.419792080272182955e-01
4.111631642314383384e-01
4.868964159874579756e-01
4.189121250761905779e-01
5.215486713006097785e-01
4.477620121789234187e-01
4.291613732883858279e-01
4.949841080905333368e-01
4.981052006951792732e-01
4.165926308095512232e-01
4.337669738662350283e-01
5.135094475234152078e-01
4.260710623987751244e-01
4.716579275864192233e-01
5.078808018822265069e-01
4.938126350889549543e-01
5.304145601321135217e-01
5.346804114685126397e-01
5.416578784307761740e-01
5.269753421336177412e-01
5.075144002259802667e-01
5.462706690889465033e-01
5.158118458650411409e-01
4.160941494073527869e-01
4.102450876921420742e-01
4.831602603024920395e-01
4.052233437376022152e-01
3.869085777761389622e-01
4.660714638974180479e-01
4.808046327834319400e-01
4.401534216064858507e-01
4.100667598813861892e-01
3.806412905999732033e-01
4.078236959215919555e-01
3.973652167000333302e-01
3.891772205373955074e-01
3.592716151257431823e-01
3.552403633955931173e-01
4.011374250890424320e-01
4.561117336422088608e-01
3.675735086070229252e-01
3.773362645130096671e-01
3.883049162169176505e-01
3.757712226356018093e-01
4.270018668899819292e-01
4.338232990042475423e-01
3.562145317654720755e-01
3.681459354616217761e-01
4.183389282849184210e-01
4.119955105609859336e-01
3.860752908422149798e-01
3.733225876558997625e-01
3.551913610931634047e-01
3.714052750869835662e-01
4.501623092321133113e-01
3.709518465484241689e-01
3.686651287801482324e-01
3.563029980361130944e-01
3.634572679026091269e-01
4.398826155994073894e-01
4.139954660071138992e-01
3.574069122085035133e-01
3.591265097503436587e-01
3.895677626845931996e-01
3.812985885415679510e-01
4.383307648770923826e-01
3.583573065747108766e-01
3.635090262164348274e-01
4.175673599975959216e-01
4.136076295925488755e-01
4.023452176400761360e-01
3.723136174457633563e-01
3.573122469026812631e-01
3.604751703890477499e-01
4.147867187928462873e-01
4.385201868575279716e-01
3.586644136586547571e-01
3.523379673876186335e-01
3.760053678382660469e-01
3.738122727415586488e-01
4.410310102020030820e-01
3.740307034112917983e-01
3.532473400932301111e-01
3.906500922311120227e-01
4.096912053899158801e-01
3.929385854522853272e-01
4.155823476122696980e-01
3.696369448321512596e-01
3.574045525939578138e-01
4.009609285196313322e-01
3.895654065405274591e-01
4.950153374407280094e-01
4.595483188386102480e-01
5.079869535842355122e-01
4.374141721078628198e-01
5.328478435887552545e-01
4.511316345140802264e-01
5.379646999669485119e-01
4.413815155877322538e-01
3.793101843090667114e-01
3.909194201098117327e-01
4.079207423010040023e-01
4.929332908487236153e-01
4.126605221805808021e-01
4.187812729165987236e-01
4.995540799327908288e-01
4.541264924620755372e-01
4.365281832579639421e-01
4.701398472868163481e-01
5.023525120544773959e-01
4.250324463696952826e-01
3.773301479934403346e-01
4.662443675852398495e-01
3.918700465731952964e-01
4.173433289326164974e-01
4.389571352601812637e-01
4.025845429953402999e-01
4.569925607702622350e-01
4.064782002497135394e-01
4.381455938966432595e-01
4.289751104110571256e-01
3.783874943017349612e-01
4.915175274295178198e-01
4.112142673837274054e-01
3.975733520197028970e-01
3.977868459006437818e-01
4.628324705224864388e-01
4.144220629938145661e-01
3.768012841620959064e-01
4.557091962234883775e-01
5.301269521709444099e-01
4.044611083900386816e-01
3.899919156853731694e-01
4.327105681202439436e-01
4.331226601973433010e-01
4.922917127078847987e-01
4.802020698865838710e-01
4.406746532157005403e-01
3.864774139333584380e-01
4.355582282548774997e-01
5.025075582187822354e-01
4.456584785291705098e-01
4.017246552714783259e-01
4.573001747863864597e-01
4.803779337278662465e-01
3.978964230318937090e-01
4.737387348068944348e-01
4.393124640579166851e-01
5.124565310833909537e-01
4.195536216129808205e-01
3.814305134116666718e-01
3.830581973189387535e-01
4.763462036869056115e-01
4.177010031919503041e-01
4.349751353906001206e-01
4.859826803355924985e-01
5.194842914887303209e-01
4.263051518414194274e-01
4.833891884205707146e-01
5.214468696125207359e-01
4.871561247042662246e-01
4.772670930319673488e-01
4.064825102850798122e-01
4.349003318798173590e-01
5.148172718347450161e-01
4.898954012461831931e-01
5.071517299538982337e-01
4.490146002753289678e-01
4.336791468089932211e-01
4.484816650541950112e-01
4.094757097969646820e-01
5.025774204672652790e-01
4.110139592232288641e-01
4.474173015214913396e-01
3.817536528477584179e-01
4.080571695070731586e-01
4.996675298121863174e-01
4.968362519460446380e-01
5.254536781661930389e-01
4.738203176920211535e-01
4.023066066435156407e-01
3.748220707828723297e-01
4.689817408109206998e-01
5.164989926926220054e-01
4.922362426320969209e-01
3.968561097019657202e-01
3.933742024407007598e-01
4.990644302488703721e-01
4.947291284747846185e-01
4.570916743065754351e-01
4.773202935835074712e-01
4.265589104632830919e-01
4.572637617380266306e-01
4.383701662284315015e-01
3.728802988182373102e-01
4.631989478046100173e-01
4.976753671302622806e-01
4.434260426364882712e-01
4.089795025507076964e-01
5.369470817591628364e-01
4.794785395923749638e-01
3.916605183969333881e-01
4.043624441686124449e-01
4.757697409945955691e-01
4.096994349957227555e-01
4.239273848909224096e-01
5.166095987854352201e-01
4.665724138149767164e-01
4.920500219606200876e-01
4.769190255276460899e-01
5.012279598444969730e-01
4.624480536348865023e-01
4.021702855643982111e-01
4.355317488341263199e-01
5.220609323929921164e-01
5.155607906513020033e-01
4.563219966523767157e-01
4.632973547697329386e-01
5.362628816872664350e-01
4.643833524297019122e-01
4.516881290227660051e-01
5.411036350320345134e-01
4.458780514976584675e-01
4.508766048030355966e-01
4.940484508989058110e-01
5.434160678993477100e-01
4.947180253515033321e-01
4.779653008083739607e-01
5.477380187104154974e-01
4.533794124781059809e-01
4.269633841398428609e-01
5.252519730480104121e-01
4.414541198428959534e-01
4.187515501001927154e-01
4.531777830807465213e-01
4.872549429369895102e-01
4.624339019476604862e-01
4.910364766463550246e-01
4.135985995513157820e-01
4.047507630262970890e-01
3.829080548228384062e-01
3.994858144451681747e-01
4.993170888464679713e-01
4.764190151374810278e-01
4.289853901237005718e-01
3.908899818633199685e-01
4.421270375985177359e-01
4.254561537555037187e-01
4.031966750281417711e-01
4.609865389711362837e-01
3.979771797613906870e-01
4.321616199434468175e-01
4.021794241700243910e-01
4.545173103443242990e-01
3.985491562032860702e-01
4.131531023830981586e-01
5.001142021044741037e-01
4.687141830892580519e-01
4.941312742382121814e-01
4.673484817504926503e-01
4.614238922206846949e-01
3.670796184010760022e-01
5.210268882121920075e-01
4.052324481472320827e-01
4.264389097613163759e-01
4.508225701011522313e-01
4.883712254637359029e-01
4.086148643924232826e-01
4.021612419393112980e-01
3.817935315383955142e-01
4.066721845835248872e-01
4.209272920326513345e-01
4.515530675384906156e-01
3.657987799296472109e-01
3.688127967182026623e-01
3.810029982762177525e-01
3.926831189624277463e-01
3.871034711799376526e-01
4.095527813969725983e-01
3.655272241511153264e-01
3.607275919843179190e-01
3.824870645026948179e-01
4.663717311280217159e-01
3.811393102849034986e-01
3.565405567454785762e-01
3.707689025858533216e-01
4.325304780316651110e-01
4.167609828668281668e-01
4.008234342267864014e-01
3.889638242431717741e-01
3.914550900568810610e-01
3.987736062825628092e-01
4.167244540897305782e-01
3.949533164011798658e-01
3.857056299968310009e-01
3.626209791693669193e-01
3.598889728524111709e-01
3.823160724286004397e-01
4.638051268833062735e-01
3.827711101992452014e-01
3.576656914316601599e-01
3.659575636328619153e-01
4.247293245913436044e-01
3.954588190048204388e-01
4.071983241009137777e-01
3.976813341373904298e-01
3.572821715863191971e-01
3.781200770270516376e-01
4.210936821378956085e-01
3.951103880441018679e-01
4.715686278647197027e-01
4.107525346646740405e-01
4.439604687441174313e-01
4.760506578134302003e-01
4.812872556628501330e-01
4.349028886962920670e-01
4.966892775416572037e-01
4.932600728032753290e-01
3.940431999430683563e-01
3.894322877161073282e-01
4.590141693332819850e-01
4.733824324550294227e-01
4.147783532925948258e-01
4.596856404903962856e-01
4.142485352393568410e-01
5.113771961211265316e-01
4.849513227615681599e-01
5.028739395836538950e-01
4.256046455465247735e-01
4.119964075309805462e-01
4.323471909460565588e-01
4.374129349132515054e-01
4.940798149719514698e-01
4.394720825213914717e-01
4.683835552332755170e-01
3.840192244817842715e-01
3.931273851247196194e-01
4.066822482660992222e-01
4.982295938462291129e-01
4.818189892827659526e-01
4.508647495129539662e-01
4.943290352816308020e-01
5.169704877450717051e-01
4.469762291765144169e-01
5.469668710983328630e-01
4.674102315570002331e-01
5.150205306927227999e-01
5.369335648796463856e-01
5.167154562679163732e-01
5.267708461775191253e-01
5.130952108820013846e-01
5.463595013597905004e-01
5.237366695738444600e-01
5.071376423934413902e-01
5.115571633599398371e-01
5.481642540522606577e-01
5.040831748858964900e-01
4.993886936217067363e-01
5.087911429186069423e-01
3.937405625007335819e-01
4.058223801241958029e-01
4.548322566233332642e-01
5.082060542697804939e-01
4.289169828410311358e-01
4.011184980227502361e-01
4.379640180272869054e-01
4.841910660640364461e-01
4.983411963234856690e-01
3.924721161858792939e-01
3.856226186527205724e-01
4.231593544222443937e-01
4.535670643309769878e-01
4.126296143046803144e-01
3.976994213173308257e-01
4.614245883898551170e-01
5.062720637569846360e-01
3.859624652897181152e-01
3.697674451209112534e-01
3.864704945182317886e-01
4.232843252397263112e-01
3.870302711805730378e-01
3.970386590282879991e-01
4.388752573080172970e-01
5.076810868637965379e-01
3.722030788611629393e-01
3.781647623157404770e-01
4.597136783600853649e-01
4.096307894745967459e-01
4.540887728878928442e-01
4.567391243472325724e-01
4.630982530031417244e-01
4.611883070109615290e-01
3.792582767480347505e-01
4.787231746219578477e-01
4.579065950828016818e-01
4.461030307063685307e-01
4.061887408347787942e-01
4.416812396279388708e-01
4.966810594311584226e-01
4.133857559969232875e-01
4.235728052444753255e-01
5.098199985532322343e-01
4.986139107716832664e-01
4.330408375276070254e-01
4.649111171221673167e-01
5.148719478721900389e-01
4.377969938874856637e-01
4.211659945296654106e-01
5.168874104865798236e-01
4.192013390211972168e-01
4.214475387621718361e-01
4.968371364449778449e-01
5.071893371038797005e-01
4.265212862866942234e-01
4.366460690012753942e-01
4.886744261054679073e-01
4.605989097774387808e-01
3.951725924839352699e-01
4.869759161978613471e-01
4.084404497626071273e-01
4.262556558413972962e-01
3.935502160394528937e-01
3.951409131860148527e-01
4.268385331228847779e-01
4.035216712650286364e-01
4.115508250570350524e-01
4.894130285766143951e-01
5.171244321198790184e-01
4.713107932622982998e-01
4.636236365515816749e-01
3.905011209271697648e-01
5.007083108031762375e-01
4.447997731703071111e-01
4.543129223298295050e-01
4.051735986481907470e-01
5.023754288690774894e-01
3.990205936361939654e-01
4.272123545040897308e-01
4.721224458974840887e-01
4.015760125103627898e-01
4.749868131793297810e-01
5.083847003069809078e-01
4.469581865353242645e-01
3.945452514643074671e-01
4.669620057603778851e-01
4.236425499620921076e-01
4.724643754667180451e-01
4.181958586148153967e-01
4.231037521138393820e-01
4.699746602797597594e-01
4.472602113769290066e-01
4.935654124621481342e-01
3.941600718164518513e-01
3.919654261752542057e-01
4.824006174792250246e-01
3.882283815663908344e-01
4.478758244790411736e-01
5.055363573684041878e-01
4.626168931993576150e-01
3.999527660462215972e-01
3.935672478661544904e-01
4.461955629455900407e-01
5.335667167718137760e-01
4.379345781858570708e-01
5.142009893285730548e-01
4.644676211458937387e-01
4.092981870742161132e-01
3.780567208391228395e-01
4.954302846221179668e-01
4.797269082429694298e-01
3.877381312391507406e-01
4.876622347288744330e-01
4.672714680070035320e-01
4.323776840728079662e-01
4.103374484889314999e-01
3.879483396232787928e-01
4.436015310350940322e-01
5.344970318219580685e-01
4.312153169595774327e-01
4.868043557465759896e-01
5.301475961462664976e-01
4.192097175187020630e-01
4.031920817867843398e-01
4.732331232260754139e-01
4.103190046079354669e-01
4.503364454999617128e-01
4.425328011844221754e-01
5.081833572549407929e-01
4.472051747426337154e-01
4.932396958519261743e-01
4.753088556323266101e-01
4.398017472964844132e-01
4.157346489889181540e-01
4.034611845630281524e-01
3.878189672133033894e-01
3.939928473541798315e-01
4.206777800174116289e-01
4.805406641520046929e-01
3.847643422181813988e-01
4.009041290927576329e-01
4.915185825282394338e-01
4.203023312309210890e-01
4.722811988481400713e-01
5.040594249750832700e-01
4.695674486773537271e-01
4.297516126443973183e-01
4.756807853683995280e-01
3.685735033225966961e-01
4.714904120440700508e-01
4.337915241295701163e-01
4.663408439418585405e-01
4.266627830286431333e-01
3.944910709462535747e-01
4.240782513562511014e-01
4.127116990600331881e-01
4.723769450120317570e-01
3.771247834645040653e-01
4.918357587282116694e-01
4.185528341933131280e-01
3.910765821128522335e-01
4.178760241717606738e-01
4.123728791365003921e-01
4.143389767651183830e-01
4.231535699342143242e-01
4.941674772291843043e-01
4.293839102072386504e-01
4.614032762114415598e-01
4.720611738591137252e-01
3.963111930875426459e-01
4.108177840060490138e-01
4.746148662331416412e-01
4.407854404345454280e-01
4.056280741670316714e-01
4.539872194951840023e-01
4.645173453641228689e-01
3.968691049240334334e-01
4.174199785890608250e-01
5.407761462626625715e-01
4.826370804575542683e-01
4.065541537155500929e-01
4.607681411830916174e-01
4.654929951635212726e-01
3.854542133559460404e-01
4.032183049071309533e-01
4.902863822866412313e-01
4.928504989641586120e-01
4.527044881840936452e-01
4.524986051263497622e-01
4.237798416183048422e-01
4.649724822602441243e-01
4.694364604642244365e-01
4.288778644579512855e-01
4.346899678185296434e-01
5.303353477009268291e-01
4.354963906617418945e-01
4.660392795965188628e-01
5.343226695735153742e-01
4.741131779267313551e-01
5.111564907866047447e-01
5.421711571742641178e-01
5.121100326110651357e-01
5.003550783784702638e-01
5.069332385063782809e-01
4.353697867164181279e-01
4.758478819205796406e-01
4.018179731973851587e-01
4.206268727720789413e-01
4.498213263943796614e-01
4.474593253118429037e-01
4.313484670107841645e-01
3.888206033902254499e-01
4.728443458248844378e-01
4.327401665832663613e-01
5.239700246819456453e-01
4.899694205628894461e-01
4.358120888856827357e-01
5.265190445946783537e-01
4.465647245219170336e-01
4.238882583107037028e-01
5.147776968207157244e-01
4.220783969669061331e-01
3.843917424996556309e-01
4.388424204903416670e-01
4.640693138433512610e-01
5.034769795627517253e-01
4.981947686397988906e-01
4.733866535126223241e-01
4.167665691480819112e-01
4.683279856346229675e-01
4.908431695438800202e-01
4.208115442127020600e-01
5.035546069728070728e-01
4.095815235416584987e-01
4.371205262122582202e-01
5.016509050029996919e-01
4.527014330141678755e-01
4.997748886942725011e-01
5.162133321918608297e-01
5.209788993506460075e-01
4.687469144003617028e-01
5.043811032252423221e-01
5.220459714109206839e-01
4.044815868652549828e-01
4.209113623749008437e-01
4.343968420541608477e-01
4.174650370397764432e-01
4.217672272960682478e-01
5.205381370517135897e-01
4.742845970490917606e-01
4.347444856469731000e-01
3.906232981851464059e-01
3.929244669649738508e-01
3.557924629357093749e-01
3.610937731242826465e-01
4.359840463906253794e-01
4.651042282329204136e-01
3.987369872540835747e-01
3.546932408485001798e-01
3.640497668090036942e-01
3.813622774831278428e-01
4.240761896680489973e-01
4.150566687564548052e-01
3.967633097207792781e-01
3.946862139739408804e-01
4.050867178928166390e-01
4.057946400126365427e-01
4.001639691411520428e-01
3.905302087240330455e-01
3.838363777467494464e-01
3.776855035112439141e-01
4.152338474758421882e-01
4.486953150536084345e-01
3.624105281150238334e-01
3.750247362687740837e-01
3.912484342312435026e-01
3.801382206413040921e-01
4.293841273890048882e-01
3.892427018208646228e-01
3.504099778820059519e-01
3.760283651291795315e-01
3.947852637113051788e-01
3.983378669923163251e-01
4.182483284399028389e-01
3.638383964627314726e-01
3.565517215808606255e-01
4.017822557884637158e-01
4.586044877142181897e-01
3.720756742892500357e-01
3.645829547128286441e-01
3.813824125430053669e-01
4.063391957732203630e-01
4.181825355237757114e-01
4.196139816723964411e-01
4.518848860139555446e-01
5.172903094601496443e-01
5.146914922924062941e-01
4.426651274424071025e-01
4.309076126537623175e-01
5.345227562708728675e-01
4.467665223869385915e-01
4.114852134348958579e-01
4.964184101055008069e-01
4.600052935248460373e-01
4.093873756323863078e-01
3.845881773300174888e-01
4.623968034130359062e-01
4.176707533489029123e-01
4.334185951804427339e-01
4.365352420726796301e-01
4.536829895783970334e-01
4.497144795062802958e-01
4.569331270506159504e-01
4.627063191280653132e-01
4.093252890005550371e-01
4.380217672621248837e-01
5.188889072097901956e-01
5.057848039147336827e-01
4.943506781053739196e-01
5.315206501479826651e-01
5.369623049356302413e-01
5.087787840712011400e-01
4.843468820389790763e-01
5.360400624823796756e-01
4.868818437197959814e-01
5.479294143814903428e-01
5.282711368734808177e-01
4.347638280277287270e-01
3.764197836918045104e-01
5.242618593527572646e-01
4.227268428663030764e-01
4.284840930176017082e-01
5.016981457886828810e-01
4.466609781877425300e-01
4.164174251644771063e-01
4.806590104695788179e-01
4.726638549815889156e-01
4.027505000270554247e-01
