8.157894736842105088e-01
7.726417610204853181e-01
7.485023336844954800e-01
7.746431037601808622e-01
8.113935188240799512e-01
7.943788342326226770e-01
7.415664468596202541e-01
7.504401840400451995e-01
8.126716732028823609e-01
7.893884645777085041e-01
7.367357230239629517e-01
7.554163889325536951e-01
8.094332963176809059e-01
7.989049540395376514e-01
7.606561855748781298e-01
7.541856690953090414e-01
7.922037266373578301e-01
8.145282146369224874e-01
7.537837512708550625e-01
7.323118509874746440e-01
7.877911501629190072e-01
8.127184206410260625e-01
7.574400113385723055e-01
7.455587644526917579e-01
7.883049854257473399e-01
8.131196410802797869e-01
7.827152299983257677e-01
7.442360805335725971e-01
7.637462764466403931e-01
8.173485091261691871e-01
7.784719674497594388e-01
7.303018794363721478e-01
7.616134665932600134e-01
8.167352668450337250e-01
7.857070969207986533e-01
7.519874074491708082e-01
7.652968044754531185e-01
8.042496299891676026e-01
8.057201116013936737e-01
7.491150038847297354e-01
7.399274496956336211e-01
7.984318970970436524e-01
8.055504526989686331e-01
7.446492491647739298e-01
7.453667657185859552e-01
8.005574279666620718e-01
8.084870755892099581e-01
7.702920692528921753e-01
7.495191551118189910e-01
7.786649957522180365e-01
8.175443891527145457e-01
7.687822022979450276e-01
7.294579020901116317e-01
7.706763786449618570e-01
8.192801356959579229e-01
7.708769773223858035e-01
7.446969237280767206e-01
7.766783973607082059e-01
8.116165447549251732e-01
7.938817659846127972e-01
7.472550046128668688e-01
7.516841959634608106e-01
8.076283486368682762e-01
7.957910340462257537e-01
7.356070226542443802e-01
7.485059914193884500e-01
8.106377644041447006e-01
7.984795661482855245e-01
7.579279503400032647e-01
7.564632393836172586e-01
7.931472300158063371e-01
8.126324287704355109e-01
7.611066966129871325e-01
7.341807315333658268e-01
7.815881794194279308e-01
8.171706596406268508e-01
7.570490075850688783e-01
7.401094009850545108e-01
7.879381405582005504e-01
8.130923777633547456e-01
7.802341265293600836e-01
7.482588569423838099e-01
7.665768135812566220e-01
8.135598796131288113e-01
7.861267529935467291e-01
7.321523465510306750e-01
7.555145097960330736e-01
8.179533648565431303e-01
7.855827375587671746e-01
7.466219661706074984e-01
7.645936218616429247e-01
8.052144832115700757e-01
8.031953181144241283e-01
7.559179809767798686e-01
7.442055104919503838e-01
7.936042657897719454e-01
8.113184877934453976e-01
7.462851315589067447e-01
7.391553357702347338e-01
7.984202885809126293e-01
8.084867120623949743e-01
7.655264001865070833e-01
7.507636777108661619e-01
7.822124382226967043e-01
8.145642143497570098e-01
7.767923976777574291e-01
7.340309109609598481e-01
7.659367662445293323e-01
8.212214794344701030e-01
7.718710498762961780e-01
7.380141357020099102e-01
7.733851896363894696e-01
8.126531366849134574e-01
7.903635654261509380e-01
7.520922590133343189e-01
7.574127304419123741e-01
8.045062879445209481e-01
8.027034044372733934e-01
7.398035522119306151e-01
7.433867494524137864e-01
8.082394597282277493e-01
7.991558408919763323e-01
7.518236481010172056e-01
7.546991771909696833e-01
7.965995566623250701e-01
8.101794863669433688e-01
7.680869375791867792e-01
7.406290517715713451e-01
7.790990063913334485e-01
8.201798681174791161e-01
7.598298723083870554e-01
7.337355660647417732e-01
7.829228045965062055e-01
8.144267435538697919e-01
7.755426676787936513e-01
7.496934522417154634e-01
7.719758364472494305e-01
8.117230239005172043e-01
7.925415926977217307e-01
7.379403940573279197e-01
7.519288087575127788e-01
8.157609156351826041e-01
7.870641203035750877e-01
7.401242162990772089e-01
7.599576123078554124e-01
8.079733352267823854e-01
8.003937561097271836e-01
7.601726818484025872e-01
7.508011926917401713e-01
7.925162939334153833e-01
8.146880575358173004e-01
7.505667581942008226e-01
7.342825317645262917e-01
7.929584392889029720e-01
8.103514373762670253e-01
7.602873331927446632e-01
7.487842799015543838e-01
7.864291189469576615e-01
8.134077477429475511e-01
7.817736166149090726e-01
7.403703376050855267e-01
7.641279382061075820e-01
8.198723387870446855e-01
7.745936904930424971e-01
7.324476833832339606e-01
7.671051775703009445e-01
8.150488609301983489e-01
7.870576271311430228e-01
7.532542812057043680e-01
7.628625534731662272e-01
8.042380756315768986e-01
8.059160166601941899e-01
7.449920973737242935e-01
7.402321222948848867e-01
8.031350946604949304e-01
8.019016175111345346e-01
7.467399300239487836e-01
7.500877925469406904e-01
7.995144761872116090e-01
8.088837109547577509e-01
7.709991182586249936e-01
7.465495839791549404e-01
7.783681965500831579e-01
8.194746898809120994e-01
7.637938967553115077e-01
7.297257381381621055e-01
7.759807762824142419e-01
8.170991705491926771e-01
7.719339577828921994e-01
7.478469367760774977e-01
7.759530308857420788e-01
8.116877169174803175e-01
7.949529550222984575e-01
7.435629411178823478e-01
7.505431211670625657e-01
8.114460012797556354e-01
7.913242638700148657e-01
7.361469515883112269e-01
7.535189546017160289e-01
8.102442403185750042e-01
7.990182319206752259e-01
7.606436222166909067e-01
7.554931629023780015e-01
7.925969183315104694e-01
8.144015758390619197e-01
7.557208287202838992e-01
7.325119622392640695e-01
7.863437677617923782e-01
8.140340702696526876e-01
7.571057140231007843e-01
7.445271137067982492e-01
7.887957502732787507e-01
8.132194215009244109e-01
7.825669050510091207e-01
7.455337200855085555e-01
7.641625130809706068e-01
8.164558355092050856e-01
7.804351568685488072e-01
7.303937697215899805e-01
7.599877659349164594e-01
8.173416713707375436e-01
7.857240438935158000e-01
7.512962345116288576e-01
7.657534245240893434e-01
8.045295246949205614e-01
8.054986446896706953e-01
7.507374682634279095e-01
7.405509259397803357e-01
7.973637084469846759e-01
8.068874623849977556e-01
7.447804596523959209e-01
7.445161873324918078e-01
8.007502770963538241e-01
8.086765557465106502e-01
7.698493066164643350e-01
7.501403773885033655e-01
7.793188492998631700e-01
8.171619054435164120e-01
7.704820174144847433e-01
7.301416770850636118e-01
7.696717388275227112e-01
8.200393705197189798e-01
7.711772677080241944e-01
7.439293339306483066e-01
7.767010335431431267e-01
8.119530458289826447e-01
7.937070747702915652e-01
7.485606772321098390e-01
7.527387667914681169e-01
8.072661722625165126e-01
7.973415313878194910e-01
7.363561436473428090e-01
7.480656613102932839e-01
8.108569658799000823e-01
7.988184648314441416e-01
7.573955487425355626e-01
7.566808985770620000e-01
7.937991962578453409e-01
8.125408902002368983e-01
7.624620753270184847e-01
7.351699566434420907e-01
7.813357238853068099e-01
8.179266025267675211e-01
7.575168149859397015e-01
7.395846843032503060e-01
7.877630504928342381e-01
8.133924563316370371e-01
7.799818834449470106e-01
7.487205621930045352e-01
7.672306680793796740e-01
8.135216214378702126e-01
7.869295999159717780e-01
7.326836401253712383e-01
7.552888601086690246e-01
8.180214994507792881e-01
7.857539758760998527e-01
7.462401550995161337e-01
7.644670706060145982e-01
8.054325271540186959e-01
8.030943345752654672e-01
7.562585409658728608e-01
7.446008893361759640e-01
7.936371195295158776e-01
8.115774930890904404e-01
7.465409160249535381e-01
7.393264324053012704e-01
7.985901099836836270e-01
8.087180022564987025e-01
7.657189499791980936e-01
7.508845330033898646e-01
7.822812639565063231e-01
8.146725114216628594e-01
7.768511518586136422e-01
7.340665016347814875e-01
7.661031894003134113e-01
8.213106312406258658e-01
7.719644639146572285e-01
7.381884530215377938e-01
7.735016324809602661e-01
8.127240032571612094e-01
7.905362045093052847e-01
7.521321332188051212e-01
7.573715260490631040e-01
8.046083688399702227e-01
8.026304114299106507e-01
7.397570092337978354e-01
7.435964161800732164e-01
8.084489746320174808e-01
7.992595430285603930e-01
7.521217054465370033e-01
7.548964196415218764e-01
7.964975676300340979e-01
8.103052441186909816e-01
7.678971476922040740e-01
7.403577703169174073e-01
7.792728359031874108e-01
8.201673855296117699e-01
7.596558262978974074e-01
7.342554283758814249e-01
7.835462388715948023e-01
8.143672500784567836e-01
7.760246260810780283e-01
7.498027937947527866e-01
7.716461854447242974e-01
8.118944097602157628e-01
7.922036288354025180e-01
7.374946538315216849e-01
7.522466100116995680e-01
8.161435849718102764e-01
7.870388234779734926e-01
7.407380565418640872e-01
7.605062629891329307e-01
8.078537306757180847e-01
8.007520650629996739e-01
7.600572557447563549e-01
7.503146823104501761e-01
7.927134821782991780e-01
8.146431411643448861e-01
7.502266479520064424e-01
7.348367817030937443e-01
7.937114231179649426e-01
8.102711002676512564e-01
7.609335357137773093e-01
7.492637279730008926e-01
7.861761405818319393e-01
8.135655828919039489e-01
7.815234668254574801e-01
7.398848546772279766e-01
7.644090441922697376e-01
8.202889719915281708e-01
7.743558784227184688e-01
7.330430729338202056e-01
7.679078383021686882e-01
8.149511980581076731e-01
7.874080364272481036e-01
7.533674618376492438e-01
7.624588937958064472e-01
8.043350015481435245e-01
8.058325136396413679e-01
7.445651516710525275e-01
7.405515025306684818e-01
8.038910028395823693e-01
8.015482168692940057e-01
7.473565661148341421e-01
7.508623476680190700e-01
7.993372057771283012e-01
8.091781259030537132e-01
7.709677876604309477e-01
7.459299432801672625e-01
7.786145467331073711e-01
8.199556166390542522e-01
7.630556670749719661e-01
7.303477236253133054e-01
7.774817168251747512e-01
8.167180043383872601e-01
7.726548831333052147e-01
7.485312705215968476e-01
7.755301851413558545e-01
8.119046255025288428e-01
7.949992307681191805e-01
7.427077084041932009e-01
7.509267715499646778e-01
8.126892373010333737e-01
7.903187940236143794e-01
7.369639073070345381e-01
7.552770102842136790e-01
8.100006896476455998e-01
7.994745541866473681e-01
7.611105934719387678e-01
7.547834754810602842e-01
7.927733091038289270e-01
8.150102474233993366e-01
7.542681068410369560e-01
7.328124478073082537e-01
7.884008878856847424e-01
8.131504577387278498e-01
7.580181884479149090e-01
7.460933423526849850e-01
7.886464456465004380e-01
8.135461466193735225e-01
7.830801443333252898e-01
7.445304736682558655e-01
7.642138546927083054e-01
8.179005718395320201e-01
7.784568306585117892e-01
7.307777987808521392e-01
7.624217178936493200e-01
8.168865348478191457e-01
7.861462500643590090e-01
7.525467521568277585e-01
7.654043399177773432e-01
8.045805767130187469e-01
8.061512076861460097e-01
7.486865909499714755e-01
7.400922016119152458e-01
7.993650913965206772e-01
8.051985453935879278e-01
7.451149187090678749e-01
7.463862932805320760e-01
8.007615258186254747e-01
8.088290808112303942e-01
7.708283553490037354e-01
7.494529196635130175e-01
7.788885122690252238e-01
8.181840286842703147e-01
7.681431171935844127e-01
7.296130620426328761e-01
7.718712292351248561e-01
8.191970827747167005e-01
7.713287327970521634e-01
7.458055803800274219e-01
7.770368405661938205e-01
8.119709050660310901e-01
7.945712978032063445e-01
7.468150585466486469e-01
7.516000688960970955e-01
8.086951083563767018e-01
7.950557616107459813e-01
7.358468973650662548e-01
7.498650050681957557e-01
8.109814295641080140e-01
7.988810531056960151e-01
7.590428621095643980e-01
7.567344985294024440e-01
7.931819854419047688e-01
8.134512495661385678e-01
7.600201061897410293e-01
7.338226742433756611e-01
7.831731479466936818e-01
8.166094176698017737e-01
7.572402014749236576e-01
7.419616376668205504e-01
7.887983718315357828e-01
8.134492579389898115e-01
7.814615075433262170e-01
7.477194465428659287e-01
7.658698053766906932e-01
8.147932908103688865e-01
7.843959064797180192e-01
7.314616445084567431e-01
7.570965566854663820e-01
8.181875408959586871e-01
7.857832387597851742e-01
7.487061714713959537e-01
7.655781606085206858e-01
8.050323811194034507e-01
8.044007717689808379e-01
7.543038610708995284e-01
7.427611518566105131e-01
7.950298156154815832e-01
8.099206904500116933e-01
7.457005302120156554e-01
7.415977718097059856e-01
7.999881408622531165e-01
8.087424346183038626e-01
7.676753380313929842e-01
7.509398364905682799e-01
7.809527495155825783e-01
8.156699454109533898e-01
7.743754516000500576e-01
7.321640090461071226e-01
7.674399945426340075e-01
8.211122755704081122e-01
7.715306062663104258e-01
7.407600617725803582e-01
7.752848671375494050e-01
8.121858915953334979e-01
7.920561987292621398e-01
7.508549672669093678e-01
7.552175214528719094e-01
8.056135702995183001e-01
8.006004726821637218e-01
7.381149470147025937e-01
7.457266047329252912e-01
8.100717550467954053e-01
7.990892446911036506e-01
7.548789468610735964e-01
7.561806316232023706e-01
7.951203665131865161e-01
8.113524501883906392e-01
7.655176729519205248e-01
7.376829713273471700e-01
7.801123007433972134e-01
8.194069595719536414e-01
7.585212853295796309e-01
7.368421484196082671e-01
7.859230619209311985e-01
8.136373375290779641e-01
7.781130905103409434e-01
7.496250665772448141e-01
7.694055644804282945e-01
8.126218007567405088e-01
7.897967437559036963e-01
7.349239356322407879e-01
7.539645223096111959e-01
8.176673621642466250e-01
7.864061474323698064e-01
7.439547667023971300e-01
7.631788521597437924e-01
8.065771117467624984e-01
8.021913790459546112e-01
7.583439726281623328e-01
7.472116568953461879e-01
7.933060156430279397e-01
8.133453818688813897e-01
7.481442780982852092e-01
7.373818505077668339e-01
7.969014011110425733e-01
8.091460684780282797e-01
7.637029667484520612e-01
7.505807053957159747e-01
7.840631667625942436e-01
8.141569530009403755e-01
7.791816899055669099e-01
7.364884459872231837e-01
7.654123448862835133e-01
8.213666047571285267e-01
7.729265239745142235e-01
7.361445228822358633e-01
7.717087592951393793e-01
8.136040219914394411e-01
7.893645628101387812e-01
7.530042004230896868e-01
7.594960274706438197e-01
8.045643577927326096e-01
8.042694698337483628e-01
7.415935233561006257e-01
7.423728659821267062e-01
8.070260961018677071e-01
7.999218625712671837e-01
7.502774044432745093e-01
7.537210695167192442e-01
7.976963357229551743e-01
8.097854506876346337e-01
7.694141223481979486e-01
7.425782372743215953e-01
7.789449033868716121e-01
8.204689685352736239e-01
7.609122078296559621e-01
7.326095380412899205e-01
7.814291543434124243e-01
8.151082220434314740e-01
7.746592461038503963e-01
7.496130132560833159e-01
7.732597944663996969e-01
8.118529110508985180e-01
7.935795124851110494e-01
7.394590726695391414e-01
7.516239411553673477e-01
8.150683044483073569e-01
7.879741090522024427e-01
7.392395757047782734e-01
7.588718547274719839e-01
8.087222154046330713e-01
8.001775181418523397e-01
7.606840472730203029e-01
7.520257302635955377e-01
7.926728567904265388e-01
8.150636082927549264e-01
7.516329883237398146e-01
7.338480953171239163e-01
7.919346657777438514e-01
8.111731422636022648e-01
7.597862724036380522e-01
7.483503481892486153e-01
7.871881093873417390e-01
8.135717232255923470e-01
7.823988453826417055e-01
7.415531555247203421e-01
7.642489277969813921e-01
8.196413657520147389e-01
7.755660431506711250e-01
7.321038378159151483e-01
7.662920875390143438e-01
8.156865454276810423e-01
7.869784472803084130e-01
7.533821231760559067e-01
7.636567635416994237e-01
8.044654622090935403e-01
8.062766008594779432e-01
7.460370224861888611e-01
7.402319745473665558e-01
8.025076275868991971e-01
8.027429569649933150e-01
7.464925699610490684e-01
7.496037925940542967e-01
7.999780913142744421e-01
8.090914913777429440e-01
7.712896639179084302e-01
7.472992634395563272e-01
7.786284976065289687e-01
8.194961555048075885e-01
7.645529688280479075e-01
7.298027510484761393e-01
7.755906862235872889e-01
8.175699230167154941e-01
7.719656385066769877e-01
7.478184032450692076e-01
7.762900994189958492e-01
8.118817899836133778e-01
7.951304535202686763e-01
7.441126670651473374e-01
7.507662265064074525e-01
8.113576617467630481e-01
7.917870933264471445e-01
7.362944460953421144e-01
7.534912649229409398e-01
8.104689877287456490e-01
7.993081136474105008e-01
7.608607012123513869e-01
7.557571377396617995e-01
7.928936823825102342e-01
8.146534927743136478e-01
7.560045149453469282e-01
7.327666321582807507e-01
7.866170495213717917e-01
8.142309266255153277e-01
7.573942120226625496e-01
7.450025697447310025e-01
7.889914481248186950e-01
8.134897637467025655e-01
7.828745602080151578e-01
7.455929247789565562e-01
7.643255852502016667e-01
8.169527915829060127e-01
7.801292608184529076e-01
7.305953443759362065e-01
7.607361687396877459e-01
8.173757802922023696e-01
7.860256993299562511e-01
7.518735513625883771e-01
7.658494009599766672e-01
8.047099828307975322e-01
8.058696122571422649e-01
7.502360086066044431e-01
7.405991144030518170e-01
7.983309108719364167e-01
8.064547477204868642e-01
7.451114959981317565e-01
7.457007130291187780e-01
8.010622847265044255e-01
8.090150623695060439e-01
7.706298398895792268e-01
7.501029095022015980e-01
7.793238014359484822e-01
8.179510259892249779e-01
7.693686068692855429e-01
7.300300721518840907e-01
7.711613218901619549e-01
8.197558336029369119e-01
7.715555104017652877e-01
7.454814225150229179e-01
7.772182583243312237e-01
8.122387036715833508e-01
7.945571996360432099e-01
7.475469201595745794e-01
7.521189849463469912e-01
8.086236618730373582e-01
7.957868321155393554e-01
7.361341129802477790e-01
7.500350002082987189e-01
8.112798185485141644e-01
7.992095354121024897e-01
7.591801747306474724e-01
7.570509615539016135e-01
7.936121127603744663e-01
8.136927023862813302e-01
7.604088337715791956e-01
7.341798215839574482e-01
7.833447624715305091e-01
8.169257549591228962e-01
7.576155877813718353e-01
7.422771685352848037e-01
7.890885483291790736e-01
8.138161910238479457e-01
7.818055396533994950e-01
7.479407306037310077e-01
7.660924064017206048e-01
8.152874545239928716e-01
7.843052400936142421e-01
7.316653772173929982e-01
7.578819832985301819e-01
8.184772093732357590e-01
7.861413804577760400e-01
7.494958540513766421e-01
7.660092606139883298e-01
8.053572047409768286e-01
8.050112061475740433e-01
7.539015279792784519e-01
7.426009342281422176e-01
7.959971471689316624e-01
8.095271586744799963e-01
7.458129159112449891e-01
7.428468995486924298e-01
8.007050309694641044e-01
8.091477334329855164e-01
7.687585153909431979e-01
7.511498824606169800e-01
7.808379740232487265e-01
8.166449493126902714e-01
7.734136739213598455e-01
7.317641682878547327e-01
7.687158220269045827e-01
8.212124010790237127e-01
7.718311029012558944e-01
7.424910215166755645e-01
7.763898385581600170e-01
8.126235387473064176e-01
7.932158689660588902e-01
7.502558512571602112e-01
7.543658230248071472e-01
8.068013561536271361e-01
7.993012995851321856e-01
7.375117874750574121e-01
7.473898625381883987e-01
8.109745254731348663e-01
7.993739150182450626e-01
7.566664544779239110e-01
7.569121720225884253e-01
7.947128575751886137e-01
8.124885263625488685e-01
7.639087213601687409e-01
7.363176121235923688e-01
7.812953416530592499e-01
8.188177002489590572e-01
7.582016961204893768e-01
7.391109607040369234e-01
7.875888442021254932e-01
8.138690265451549166e-01
7.798235395992295649e-01
7.493221016515831945e-01
7.681264959336090437e-01
8.136356161087030525e-01
7.879255624400537394e-01
7.335247307036126818e-01
7.555836206881784145e-01
8.184537365085059468e-01
7.863537423765222245e-01
7.464024293729011328e-01
7.647669609505243216e-01
8.060752730984993564e-01
8.035582827872209677e-01
7.568366978522672595e-01
7.452024569635613549e-01
7.942788493987062992e-01
8.120957076277853792e-01
7.471184121688826396e-01
7.399215419403974980e-01
7.991114150735876276e-01
8.092903898105984206e-01
7.663642115369693197e-01
7.513529968768078993e-01
7.826531725555675445e-01
8.154066317876876857e-01
7.768940154028635137e-01
7.342016070243404524e-01
7.670784737716856982e-01
8.218712170075849199e-01
7.724668407690734595e-01
7.394934853501939909e-01
7.745932547868703555e-01
8.131029242354850251e-01
7.915867321567795489e-01
7.521906920627193793e-01
7.570615665215286727e-01
8.055922138215060313e-01
8.022126421889570480e-01
7.395110467142379518e-01
7.451078507252968386e-01
8.097706935295104769e-01
7.997262404599140284e-01
7.540233537208321790e-01
7.560818257582774260e-01
7.962150762032939033e-01
8.114115838876985176e-01
7.670287060824011460e-01
7.392428985953602982e-01
7.802597750986914882e-01
8.201996211414802618e-01
7.594060630584921201e-01
7.362221974052037821e-01
7.854174748301288034e-01
8.143666919367157364e-01
7.777182219051658185e-01
7.501248730371397055e-01
7.705927940874062188e-01
8.128060246930232102e-01
7.909099330927027438e-01
7.360326201837286142e-01
7.540285333109518762e-01
8.178445937884208927e-01
7.870904847553069628e-01
7.437371379999501153e-01
7.631674466238854704e-01
8.072280380808573019e-01
8.024885824505597620e-01
7.589010036198030607e-01
7.478385392700152012e-01
7.937342317967038818e-01
8.138258005652361238e-01
7.486817906034455294e-01
7.377677679207670369e-01
7.972336472521579509e-01
8.096534570783635587e-01
7.641819896557014991e-01
7.509715251642640199e-01
7.843677371734139037e-01
8.146507594179016598e-01
7.792449493380281256e-01
7.365691099471355363e-01
7.659775046873548154e-01
8.217953542499266684e-01
7.732427727958434138e-01
7.369701039055051028e-01
7.725076785882709629e-01
8.138017257465925969e-01
7.900856983385634580e-01
7.531547576078534423e-01
7.592364096157541153e-01
8.051632003033690754e-01
8.041134334599882028e-01
7.413489921928720916e-01
7.433662968301760765e-01
8.081084753134027965e-01
8.001499417318637120e-01
7.516284172199652058e-01
7.547585996589784019e-01
7.975529920843607012e-01
8.105758308268995460e-01
7.689887726839091941e-01
7.416848678353824553e-01
7.797238132361764551e-01
8.208014460674984969e-01
7.606390516925635170e-01
7.342779827139233051e-01
7.834453524774711575e-01
8.151022058727508401e-01
7.762909122168222265e-01
7.502620675336921785e-01
7.722918020572047126e-01
8.125687977047136856e-01
7.927252130067869995e-01
7.380355589145064510e-01
7.529351765612785075e-01
8.167878151868931402e-01
7.876718703777072506e-01
7.415971576564467371e-01
7.613605235530847004e-01
8.080764943035305681e-01
8.014039823199669010e-01
7.601935359716781582e-01
7.501865097767509427e-01
7.933001059643445263e-01
8.149144145392652749e-01
7.503251205707746063e-01
7.357998487723210745e-01
7.949386269750764455e-01
8.103467737092286960e-01
7.620903781286492151e-01
7.500662894209373377e-01
7.859477209184955182e-01
8.141253538225180497e-01
7.811701962023038792e-01
7.390626577180781087e-01
7.651456225373994835e-01
8.211828381295570578e-01
7.742577856576307038e-01
7.346569287689844741e-01
7.700191128803617335e-01
8.147074357280800205e-01
7.887159805971031279e-01
7.536806885575242365e-01
7.614302310280000041e-01
8.048927781311645546e-01
8.055567432791505000e-01
7.434138544080968192e-01
7.418992375001118855e-01
8.060674131490258576e-01
8.009818105511230524e-01
7.493315358204651888e-01
7.529215976084780992e-01
7.987525745725970738e-01
8.098448124927732916e-01
7.704347187639092320e-01
7.441436883088394794e-01
7.791760334184855141e-01
8.207372604559344254e-01
7.620397882106949572e-01
7.321090096506454037e-01
7.805507715864131724e-01
8.159458687077477679e-01
7.744496892491081752e-01
7.497705382945664132e-01
7.742231979658803498e-01
8.123495114380459015e-01
7.943581097707304028e-01
7.405448126875772141e-01
7.518989515554684866e-01
8.150460270348822700e-01
7.887619591000889496e-01
7.391637499340982798e-01
7.586699817619023678e-01
8.092121551356988851e-01
8.003619934677373982e-01
7.611341596530704079e-01
7.526505795874458560e-01
7.931111251986353583e-01
8.154870138252501288e-01
7.522883468092839143e-01
7.342397976206052057e-01
7.921586539949421191e-01
8.116300945859639127e-01
7.600122484074409712e-01
7.486181994824324670e-01
7.875298364578671162e-01
8.139393316953170698e-01
7.826804356360144155e-01
7.419145996975580193e-01
7.646307177689551926e-01
8.199854461442253051e-01
7.758995578553050665e-01
7.325120676429430766e-01
7.667553985579668163e-01
8.158710150831977037e-01
7.873802614109849385e-01
7.536787110583941240e-01
7.636847454754689402e-01
8.047673435133159137e-01
8.064852634171740808e-01
7.460222654577941537e-01
7.406827969476822426e-01
8.032446297470319241e-01
8.027174598222334145e-01
7.471276470591899921e-01
7.504029955568191079e-01
8.000667617180409197e-01
8.095024244151592940e-01
7.714949185078714411e-01
7.470603177735931633e-01
7.790167233515526979e-01
8.201114594252731926e-01
7.641188946995671749e-01
7.304953083100913513e-01
7.770746373408021768e-01
8.173414368449484213e-01
7.727615455540584044e-01
7.486502696144810010e-01
7.760454779328066488e-01
8.122216047100687675e-01
7.953545524001115474e-01
7.434673166443810377e-01
7.512457504854793688e-01
8.126951157994553032e-01
7.909811172601906026e-01
7.372216889621314717e-01
7.553631522364129269e-01
8.103775488394945326e-01
7.998110184490679897e-01
7.613941055395018198e-01
7.552133916611544207e-01
7.931427438819202980e-01
8.153154763021308593e-01
7.548197473824680426e-01
7.332121189472550205e-01
7.886196830629281784e-01
8.134839803944269310e-01
7.583347251526406652e-01
7.464134290970567687e-01
7.888616117903735070e-01
8.138397091892543012e-01
7.833210397653348478e-01
7.446583675975739780e-01
7.645300990693114640e-01
8.182792821384961002e-01
7.785801090827495496e-01
7.311835056995210635e-01
7.630075791837822585e-01
8.170909857308865654e-01
7.865520036847309937e-01
7.529491882559439242e-01
7.655578670152192178e-01
