6.052631578947368363e-01
5.873599035933487755e-01
4.389864096969855467e-01
6.158508976050233175e-01
6.213768986702358221e-01
6.244531260478770607e-01
5.719576324427385616e-01
5.464471198730369572e-01
5.677588376057177699e-01
5.717634138663644228e-01
6.147436188557059422e-01
6.369948482644482990e-01
5.901269751751270221e-01
6.105150925731929190e-01
5.011880703131879056e-01
5.181345324388746398e-01
5.992334314392500083e-01
5.672535826936426773e-01
6.264207506109572554e-01
6.352513248915103716e-01
6.023244135244844033e-01
6.390823422910375529e-01
5.740099930240514237e-01
4.481113376216044886e-01
6.399012634652345710e-01
5.734674627636199284e-01
5.903315324414087906e-01
5.628207618582325988e-01
5.856953690689551406e-01
5.804122879805071467e-01
5.030149870959051972e-01
6.027472725284015453e-01
6.648409550455002259e-01
6.372367544365411529e-01
5.449799521579429262e-01
4.866919632884351699e-01
5.303860838535600086e-01
6.289338286978881642e-01
6.453790383789071994e-01
6.191380336439460397e-01
5.862257700625582713e-01
6.339572586167953050e-01
6.412265220750518191e-01
5.978664569108164129e-01
6.266035530845653900e-01
6.505568320595592757e-01
6.135775902404710935e-01
5.857372706362394821e-01
6.230235615543551209e-01
6.014377415227403212e-01
5.993600147517182952e-01
5.273674148258425953e-01
6.142432465869378522e-01
5.459891924065645163e-01
5.817498871021917761e-01
5.856145001748647161e-01
5.639623337660872870e-01
5.734011414664722528e-01
5.681980799058330422e-01
5.523824345382252199e-01
6.141383029660812953e-01
5.097181979929971130e-01
5.826896768396440107e-01
5.854632107974779842e-01
5.006086386235945040e-01
5.694296334715978070e-01
6.547890941815455168e-01
4.833971558341803587e-01
5.994391672385278591e-01
6.277857611310914132e-01
6.222544450013772765e-01
6.168790443254400513e-01
6.073550410267216648e-01
4.793853263927844721e-01
6.355160783096833743e-01
5.272911854719330993e-01
5.275435805647284981e-01
6.349344404868804137e-01
6.290535717770104895e-01
6.074327978690020613e-01
4.808119060084471430e-01
4.907224844077756609e-01
5.834483553560213531e-01
6.046551476986485874e-01
6.344480539888013304e-01
6.334272583221689512e-01
5.578299980688040671e-01
6.657027289364650935e-01
5.590230117418615308e-01
5.360021156275766030e-01
6.687244297356834677e-01
5.366262730588825525e-01
6.147880068966621314e-01
5.344420110582863703e-01
5.801852620470305810e-01
6.577643894130020819e-01
5.705078479900934640e-01
4.809212443277360305e-01
6.212186984723849781e-01
6.017598595864327438e-01
4.904028602312943130e-01
6.080779473264888990e-01
6.325264507574721584e-01
6.378674558351340451e-01
6.477986243829851887e-01
6.365737462489798881e-01
6.442371530517361222e-01
6.294409672193655991e-01
6.095987097461945670e-01
6.079807128941662198e-01
4.780660715540063221e-01
6.251643286421720846e-01
5.510152566736763458e-01
5.093545915289180437e-01
6.109122116023841809e-01
6.317667706761773694e-01
6.245329797866390198e-01
5.927505391648657529e-01
4.911504171652330553e-01
6.595252636746578023e-01
5.538659735558012498e-01
5.490932102401465675e-01
5.872055752210064705e-01
5.927795739204159142e-01
6.480999286100004309e-01
4.574967400277814011e-01
5.192845455648538167e-01
6.204219840570451838e-01
5.618784697298333519e-01
6.308131602719402320e-01
6.282802117671805187e-01
5.982966644793434874e-01
6.001494722687374939e-01
4.840520684487351066e-01
4.789806784327259037e-01
5.920478276739991053e-01
6.782413372162362508e-01
5.862864305170104595e-01
4.707354299181081281e-01
5.626259886920805808e-01
6.471776707391848626e-01
5.690028932182070731e-01
4.888822138731835909e-01
6.068884354021856220e-01
6.162725984131811607e-01
6.477684366090722401e-01
5.139444847564546004e-01
5.151654017255214990e-01
6.213731868203858921e-01
5.758844383651740007e-01
6.317466562254471230e-01
6.518085136066358309e-01
6.499525546064036652e-01
5.895880666486681410e-01
5.481491362998522909e-01
5.979316707543071985e-01
6.379988087960706267e-01
5.514876533231773958e-01
5.641141677443126667e-01
5.342396951807729666e-01
6.653407341945850595e-01
5.910167398425767438e-01
6.454149675713011236e-01
5.695202820985767467e-01
5.631577276744218485e-01
6.114262689077385460e-01
4.992709694539734233e-01
5.318330888848054050e-01
6.210282420680987014e-01
6.071626439407272757e-01
6.615114013604326271e-01
6.201364711016746911e-01
5.499357859282183458e-01
5.800356133576481943e-01
5.948301821127000011e-01
5.435096154189299478e-01
5.538400979488005138e-01
6.409740778299328756e-01
5.320088434974211689e-01
5.169409878876011222e-01
6.378447825675641614e-01
6.077801489823551062e-01
6.335214144374975431e-01
4.340187912738695530e-01
5.894027727515177562e-01
6.003652961974021984e-01
6.375018363323293746e-01
5.848956904731621442e-01
4.508547784191367924e-01
5.851579101346785494e-01
6.053686550036776470e-01
4.715303276126630583e-01
4.890788757502383954e-01
5.943083568098250780e-01
5.413299317222719509e-01
5.729685058335498571e-01
5.827382555351811044e-01
5.992696787503851708e-01
6.125065511620940706e-01
4.991199067346821505e-01
5.082968962793574796e-01
6.157811034877376244e-01
6.019969502449167287e-01
6.011480617338462729e-01
6.238163703774968205e-01
5.439841338184276953e-01
6.038147717844660756e-01
5.009602437167901545e-01
4.822339455025951849e-01
6.078035799359555735e-01
5.983809650162681404e-01
5.811274118130679289e-01
4.831342154146290868e-01
6.159734171125584856e-01
5.699827665859821257e-01
5.154112680707861882e-01
6.018397326599707053e-01
5.437607523761455175e-01
5.190243312131962439e-01
5.888854548342670192e-01
5.048459310874210404e-01
5.822801918937382526e-01
4.876246264802078789e-01
5.241524599682650942e-01
5.746274338465038323e-01
5.234589141235770349e-01
5.815823614755096793e-01
4.350150020267814499e-01
5.888345976925829506e-01
5.537174860071496507e-01
5.788766470575110734e-01
4.304613774239667290e-01
6.169774012400762730e-01
5.979748850865839183e-01
4.970551999809391108e-01
6.063204271545311608e-01
5.140319816075907822e-01
5.809106252993939679e-01
5.954913542459702169e-01
4.589999479707532193e-01
6.054449503004269983e-01
5.715557459521932726e-01
5.199972429540745678e-01
5.776656163176188130e-01
5.964789293900144562e-01
6.534373437059223244e-01
5.072902548854544280e-01
5.593060012788443336e-01
6.746515665569734477e-01
5.540583413729885942e-01
6.107674279810620943e-01
5.911444571665035452e-01
5.879390297937366894e-01
6.266880483110582878e-01
5.442648382782471206e-01
4.642088904324053744e-01
6.308222365301177081e-01
6.366260865051649454e-01
6.234296782181311114e-01
5.726718945100547353e-01
5.292041732152655831e-01
6.274604834086271454e-01
5.075701445518040478e-01
5.948856452336880318e-01
5.241413888847209490e-01
5.777811290731870164e-01
4.589102020408875604e-01
4.662586660121773030e-01
5.810663348066082978e-01
5.513677201086683022e-01
5.815855896125611268e-01
4.860174082393872164e-01
6.273579997567898525e-01
5.387031128443167116e-01
5.912431440559444695e-01
6.044165637114828904e-01
6.130534465277394096e-01
6.175479056625281515e-01
5.176999884802173657e-01
4.881780567573755780e-01
6.101584804480763014e-01
6.070426612984430870e-01
6.421784980418721034e-01
6.205751613628274210e-01
5.342045213416954930e-01
6.013868496897182281e-01
4.810170299956553763e-01
4.691530449293568883e-01
6.019353353221030822e-01
6.092963454153448311e-01
6.071028888302630877e-01
4.805953402677305974e-01
5.875024575261669213e-01
6.089361706226832371e-01
5.645069382222174248e-01
6.207941362618913939e-01
6.694261910212147004e-01
6.137628953591796055e-01
6.043045300847688095e-01
5.019422090294076710e-01
5.138119202560260668e-01
5.651238685143140650e-01
5.967162209651136751e-01
4.486285219559945636e-01
5.906373179589833322e-01
6.211397915045393514e-01
6.304079338876500405e-01
4.817165573157581315e-01
5.619656173638369889e-01
6.740296708231583445e-01
5.241946090089073529e-01
5.654884397041202160e-01
6.125939368098031190e-01
6.144868121201561006e-01
6.397143080288563155e-01
5.302864939848360715e-01
5.490126960599550632e-01
6.748859884204694293e-01
5.254181773689859947e-01
6.061358498005824380e-01
6.462583904068585072e-01
6.018106955443670580e-01
6.218789452572389687e-01
5.299529075142744849e-01
4.660355078546347674e-01
6.439123284749892484e-01
5.771453519708017454e-01
5.892068071258091955e-01
5.989819678632276601e-01
5.610324862921722833e-01
6.192394624121823066e-01
5.093824453478034142e-01
4.663349609084055936e-01
6.488074678992655775e-01
5.996283224322089822e-01
5.962010698334810899e-01
5.459889096396982611e-01
5.667998337591377833e-01
5.854853030082278753e-01
5.122597917872890871e-01
5.001148026251645007e-01
6.100787152554953963e-01
6.265419398861402644e-01
6.322310307987328848e-01
5.364726081013222458e-01
4.846117462725104685e-01
6.422890962119105485e-01
5.606672606811460291e-01
4.829360914056310961e-01
6.053781608439142703e-01
6.105957786120583819e-01
6.355706110936757414e-01
4.535869226641465746e-01
5.676360105396516254e-01
6.779661119609492470e-01
5.490112606448591670e-01
5.590462359178454133e-01
4.951714584392363783e-01
6.088942419876143264e-01
6.154742296181973105e-01
5.970076678183119379e-01
4.834898318073656553e-01
6.323365344486183703e-01
6.002157221269437404e-01
5.578231861740461373e-01
6.194363213448447203e-01
5.443984255587389631e-01
6.284354023605879247e-01
5.542048873547826826e-01
4.746076154184506457e-01
5.848358299985473296e-01
6.194544025558644806e-01
6.415666158628635651e-01
6.312415392231358613e-01
5.790017664836801803e-01
5.999921084188807319e-01
4.989586991028971408e-01
4.829323661623460273e-01
6.066736281521961649e-01
5.986755838836588239e-01
6.317014505696106896e-01
5.975467958827996862e-01
5.250723000619853531e-01
5.868729837372549385e-01
5.139739517309735994e-01
5.851648261196116252e-01
4.986453745281978489e-01
5.750508708529705748e-01
5.059781373074977440e-01
4.479176518105030258e-01
5.836546216683876631e-01
4.824848803028046196e-01
4.332797037141775109e-01
5.612490788319361990e-01
5.364367534221690104e-01
4.593672740332582216e-01
5.358120961590536746e-01
5.461984551196980009e-01
5.546391276577804508e-01
5.318539028077621245e-01
4.544362777540391085e-01
5.573307681049923801e-01
5.220119214304014266e-01
4.210353334880606591e-01
5.384418257374801176e-01
5.481017714287477194e-01
4.475314209387910025e-01
5.241138366413631289e-01
5.668937893840166886e-01
4.953861749486687116e-01
5.787959112744099910e-01
5.247014371027599600e-01
5.687450680843449957e-01
4.940881955050718255e-01
5.837725696496770533e-01
5.174815872118747606e-01
5.496131021901075053e-01
5.420892033503096341e-01
4.249714757342374361e-01
5.961846742321501580e-01
5.379968093544288399e-01
5.893655410701557074e-01
4.659848957881083664e-01
5.915533499660274863e-01
5.635402640602898972e-01
5.432454881104405997e-01
4.773725716417460130e-01
6.074663915193290187e-01
6.123098914092561795e-01
4.453038228101547369e-01
6.000338288976738710e-01
5.528524598541230128e-01
4.792702204436229407e-01
5.860631562435552055e-01
5.256469776701047092e-01
5.505548947380451974e-01
5.397517235797865132e-01
4.235628387545423146e-01
5.674966517639042918e-01
5.155033779555945328e-01
4.749850006236752131e-01
5.589935290027319148e-01
5.272809126141433378e-01
5.336246036422019889e-01
5.743470407899301522e-01
5.324634585931093955e-01
5.307549227482502019e-01
5.737705951611439259e-01
5.149506679546821397e-01
4.926124101438359992e-01
5.761855736080794266e-01
4.264718341568280446e-01
4.959537158274558988e-01
5.649397441892184402e-01
4.770135978050972780e-01
5.450650313540456038e-01
5.693716313178279753e-01
5.430327262616909678e-01
5.506459185573989723e-01
5.630432324893469564e-01
5.579259437462978921e-01
5.835594077234564914e-01
5.854436963487278378e-01
4.759115804147647788e-01
5.813033225718513552e-01
5.580561845836372603e-01
5.809199121070174332e-01
4.318575081493485346e-01
5.779511661669608502e-01
4.848580131018188077e-01
5.033141895498108864e-01
5.733701669306092708e-01
5.274793321031370219e-01
5.852172811870304248e-01
4.408839569638656197e-01
5.840215164322020147e-01
5.229719950464175593e-01
5.760693869909044862e-01
5.310273901069524349e-01
4.893249539790942571e-01
5.776001969397209779e-01
4.259348245853649129e-01
5.440228746266295712e-01
5.580262863997553779e-01
5.085315531724142746e-01
5.840027927903526095e-01
5.023469902423638445e-01
5.944256744325291386e-01
4.917108710388447546e-01
5.869393735030139503e-01
5.226734396550373196e-01
5.735755473347086131e-01
5.051357443589102880e-01
4.476616794932701815e-01
5.881552115562870275e-01
5.476257867926342948e-01
5.842234734281148700e-01
4.552294252969760757e-01
5.776383991424509645e-01
5.770122213992614491e-01
4.886009337547443376e-01
5.968563158029613902e-01
6.072454132079179168e-01
6.057129817824629114e-01
4.842668607302575423e-01
5.148436334329872244e-01
6.135642408479013987e-01
6.038914258749108477e-01
4.812229941853310433e-01
4.904994309511038764e-01
6.042574360488316421e-01
6.297116628808950844e-01
5.455674724911651063e-01
4.758619004183002876e-01
5.941411903153285268e-01
6.217387761080386266e-01
5.162328674754064206e-01
4.803595144304179110e-01
5.782916655414325202e-01
6.502723813564994515e-01
5.455680921135384054e-01
5.677910226129068150e-01
5.950478767489710830e-01
6.170666713022792127e-01
6.692470383262548728e-01
6.359964307398976446e-01
6.547652457545023452e-01
6.550536052770963291e-01
5.869761446608620092e-01
5.577556356428671203e-01
6.086548265258927559e-01
5.164194307373120019e-01
5.834910462868226899e-01
5.234420897448591736e-01
5.799548964702171405e-01
5.496650650290126894e-01
4.907337573798762898e-01
5.693252924194723841e-01
5.512734825816989481e-01
5.283141863512293979e-01
5.780810120399613172e-01
4.385684191429657930e-01
5.942450391042646274e-01
5.469092816884162378e-01
5.634586036340678561e-01
4.943419413336585522e-01
5.798187157436783812e-01
6.039602913622377223e-01
4.560491068152266458e-01
5.991840608700632620e-01
5.108015606568497846e-01
5.404816223438576595e-01
5.853252339264176651e-01
5.114434391387864265e-01
5.933230787500096692e-01
5.650721133507813354e-01
5.419214751248299100e-01
5.075430244778775801e-01
5.796104906688449576e-01
5.748633998397068012e-01
4.931806609741611891e-01
5.446002097518298779e-01
5.710643924371620050e-01
5.808259231918591059e-01
4.565671447583330433e-01
4.965727415483860430e-01
5.767501168835662551e-01
4.354574346041579225e-01
5.910967377978734172e-01
5.425095131501300738e-01
5.822133060433362095e-01
4.438602878928130657e-01
5.083115949404514167e-01
5.684286807077194581e-01
5.733188457466809052e-01
5.049554499012515185e-01
5.398292511437724484e-01
5.877528042471413805e-01
6.010435076020108625e-01
4.540511160130759061e-01
5.948173047797050694e-01
5.914310340186772486e-01
4.925727399433654785e-01
5.898197635388482407e-01
5.024944005456047913e-01
5.899868852304054334e-01
5.769273324973187567e-01
5.198279702420453008e-01
6.145616153774924317e-01
5.522822883822359197e-01
5.418274733516442732e-01
5.563642939999570158e-01
5.659774829261438045e-01
6.441157179621149753e-01
5.229705878026805754e-01
5.783160580007726814e-01
5.531222535407307461e-01
5.187406500033845402e-01
6.049593381939994963e-01
4.556016447631237587e-01
6.135823744958265324e-01
6.130520015579847826e-01
4.538916708303277758e-01
6.052531637904237094e-01
5.195471571021457180e-01
5.703408855750146111e-01
4.298947305973341848e-01
5.236512696327584315e-01
5.760991296631992054e-01
5.794445378117897283e-01
4.546954537920998018e-01
4.903907750534998167e-01
5.820177071126552137e-01
4.360546726450444388e-01
5.654539365832822462e-01
5.610304348570966937e-01
5.802797702798050405e-01
5.547405239018500245e-01
5.376551745877421462e-01
5.789536177124968708e-01
5.438253324890884866e-01
6.041936301515345997e-01
4.442080641040342948e-01
6.257774576884473916e-01
6.293895713461782337e-01
5.926353671418769231e-01
6.216978023589598834e-01
5.304390035299674233e-01
6.485139692602064354e-01
4.727906855799588470e-01
4.625533542595139380e-01
6.195275122382017940e-01
6.280556351925691283e-01
6.120844225217193513e-01
5.843580773210873547e-01
5.369501041518799367e-01
6.739067900718143100e-01
5.336617556373597360e-01
5.527762525791732884e-01
6.592293058954505902e-01
6.107103077048842144e-01
6.553503271143574782e-01
5.630036438919133746e-01
5.224261754124833734e-01
6.355606006337786162e-01
5.372298600905672794e-01
5.640042850050587253e-01
6.240488659834813046e-01
5.973531870806807476e-01
6.071381605323951103e-01
4.807661877309845622e-01
5.029442107941572981e-01
6.025565561225172395e-01
5.784525537152989116e-01
5.454439362302423433e-01
5.674828472148311098e-01
5.838491530890539405e-01
5.185645452635835317e-01
5.963560442556609109e-01
5.824693526797140031e-01
6.007047278345371000e-01
5.060903428333713983e-01
5.790448336984350686e-01
6.286376244487058562e-01
5.941035754937520341e-01
6.504460666638941513e-01
5.125127901825680121e-01
4.917257285813207979e-01
6.015873730283775034e-01
5.978725167771479221e-01
5.738783883386737728e-01
6.020805307456751354e-01
5.915152639821068536e-01
6.183590948573838286e-01
4.830216204694147697e-01
4.696401411588823627e-01
5.855916592368701767e-01
6.150040918375565546e-01
4.345058251656024884e-01
5.896852666397628395e-01
5.616116585670719585e-01
5.547681293620208010e-01
6.256088671012633995e-01
6.393675984073705632e-01
6.083543389611303365e-01
6.490516938584702800e-01
4.524756156019832942e-01
5.133808018549206320e-01
6.186757683929127172e-01
5.305797809681058741e-01
6.155766370016880762e-01
5.516940666904780466e-01
5.816602418848572098e-01
6.078826901899323509e-01
5.072994237703708498e-01
5.424646140910333036e-01
6.453960971255613410e-01
6.070607119703663734e-01
6.274172283477171819e-01
5.840627751908338272e-01
5.274842358421784061e-01
6.751843106500512448e-01
5.438197342587074434e-01
5.418046308123295463e-01
6.299367687939466665e-01
6.200166921933941699e-01
6.149903409430245160e-01
5.568094935944315482e-01
5.207996932609599838e-01
6.673346372673319982e-01
5.576595038125359283e-01
5.030332300556576985e-01
6.064131391303221319e-01
6.196792474826117170e-01
6.464986750223632450e-01
5.870703348627595020e-01
4.957175779560855089e-01
6.587146272373405331e-01
5.156715639059340495e-01
6.158536477016998134e-01
6.181759327356474154e-01
5.952926527630416631e-01
6.352387020525355199e-01
5.799784739061086825e-01
4.885753651412135801e-01
5.903626560843805438e-01
6.118066140144760023e-01
6.400852627348534440e-01
6.296547445095689310e-01
5.503803279461334519e-01
6.168139064539210903e-01
5.003454860085020384e-01
4.666894390125280179e-01
6.515313962624036392e-01
6.111784804708696450e-01
6.391537965330056359e-01
6.239817268975216269e-01
5.613603120650733080e-01
6.219568577397277531e-01
5.136436854864740997e-01
5.114125982734079034e-01
5.880189006179323830e-01
5.704982321072431528e-01
5.801428910283294993e-01
4.710816503017211110e-01
5.780335578599240520e-01
6.197388237634250396e-01
6.107237635616086235e-01
4.997997790170439214e-01
5.632026405408728786e-01
6.528801771546420829e-01
5.757290930333929246e-01
4.570217686114205757e-01
6.192887195689804614e-01
6.298043565111904885e-01
6.398890504133992740e-01
5.343530340661634126e-01
4.872311073023850025e-01
6.426329208663611459e-01
5.578551211261264520e-01
4.953875766432884187e-01
6.024912716733035190e-01
6.079422153984664901e-01
6.730012731150486482e-01
6.053311950150167542e-01
4.947740776898199577e-01
6.154841597057124636e-01
5.712344415954804244e-01
5.254915612921116086e-01
6.028557369739778737e-01
6.701248625608832166e-01
6.213622453468679030e-01
5.248717465683427896e-01
4.691081124244892986e-01
5.966326456587938143e-01
5.999421744511082011e-01
6.289399109917114261e-01
5.897221032680775021e-01
5.440108037284436815e-01
6.365895458258793438e-01
5.510508893105884320e-01
4.737972934049569651e-01
6.375094373958708482e-01
6.177079377315743969e-01
6.040644074880117120e-01
4.705581035878717566e-01
5.542101310819568249e-01
6.425888397957729703e-01
4.900597582657996165e-01
5.949410334160377678e-01
4.848707672608085772e-01
6.485531205282640821e-01
5.770055709579914316e-01
4.759599438499590995e-01
4.981170850501365766e-01
6.170757884222072276e-01
6.705443654110101459e-01
6.342640341559673267e-01
6.405247093040857820e-01
6.429675144643973717e-01
6.143234649121189772e-01
5.646508481660340584e-01
5.095249055839358165e-01
5.817929945102086053e-01
6.492995792985666315e-01
5.427781770213000456e-01
5.720894580436245436e-01
6.059189689449072658e-01
6.195239117135722395e-01
6.387740215962381951e-01
6.180573284886056173e-01
5.432386222588851954e-01
5.971151921308077704e-01
4.935055510855073102e-01
5.766714126906757887e-01
5.354860067516086231e-01
5.478506663545692490e-01
4.770380627455358402e-01
5.894073369116722416e-01
5.188213411902051764e-01
5.892478982955184907e-01
5.790447785267428538e-01
4.752816560314808148e-01
5.950388491125870871e-01
5.404194369870527481e-01
5.746079977317604115e-01
4.288650666744312501e-01
5.442856535719488020e-01
5.484465069321345920e-01
4.314933236537893402e-01
5.896429747998531701e-01
5.362603957840728075e-01
5.839033696947190100e-01
4.462063099957184198e-01
5.551968309928947409e-01
5.558253982152562278e-01
5.735429130844945655e-01
5.373163990198084328e-01
5.296630881940672664e-01
5.585656631814334139e-01
4.555070675995826490e-01
5.515431843970493020e-01
5.547533598564003965e-01
5.997876768320834495e-01
4.372474442147729623e-01
5.393668495652924610e-01
5.640948163295581574e-01
5.533086834918176100e-01
5.700615556287826902e-01
4.648456544742008978e-01
5.855426611256754343e-01
4.583572748647228856e-01
6.011825741511955812e-01
5.042256601429422336e-01
5.629232332144811224e-01
6.068059861820478407e-01
4.660024864039493675e-01
5.899950976965365745e-01
6.177974016406901914e-01
6.080466550282579430e-01
5.304332253302166400e-01
5.533769340390384261e-01
6.390533011735907154e-01
4.917566803137108922e-01
5.678015041167538968e-01
6.297079018939010231e-01
6.048805565663863959e-01
6.539054394717076502e-01
5.536381737310895890e-01
5.069380608644031838e-01
6.178447862793644552e-01
5.548985047996490838e-01
5.072336401593616761e-01
5.579789933721782669e-01
6.496281295359340735e-01
5.606257314128008096e-01
4.831970743142184332e-01
6.038890108694131564e-01
6.355908830674390497e-01
6.194316565802052699e-01
6.374108594759038127e-01
6.340732836216754764e-01
5.602027975997539988e-01
6.352620094120753347e-01
5.647606381393911468e-01
4.481249877760388189e-01
5.930867866779679920e-01
6.068723659054731101e-01
4.809998219442395140e-01
5.030321189852245967e-01
5.959520692292178401e-01
6.695628956739084758e-01
6.182044982687691093e-01
5.710798920701957160e-01
6.261714358632054500e-01
6.324189589687272406e-01
5.483441379216399403e-01
4.934440356411673445e-01
5.094008998869140603e-01
6.159987973581922960e-01
6.558957292487116453e-01
6.024967636615182753e-01
5.549656798563620264e-01
6.042614287514196381e-01
6.697309858713977881e-01
6.719055810324466860e-01
6.397223780062356591e-01
6.486017810881581358e-01
6.863177913056801582e-01
6.597106229668689981e-01
6.339760119705811769e-01
6.500611750300666625e-01
6.829983483315389403e-01
6.750228066242902614e-01
6.333864007022333986e-01
6.384591797217122888e-01
6.691378017648875742e-01
6.897921817202828931e-01
6.652436872603005868e-01
6.419125674868786380e-01
6.514668308165247890e-01
6.774910355691454722e-01
6.907974814174272504e-01
6.679756134082844854e-01
6.468647164443506181e-01
6.403501655006142990e-01
6.742051227272400915e-01
6.882429805822987134e-01
6.569257959480064857e-01
6.254490454120106291e-01
6.346032367837035615e-01
6.830399165916803961e-01
6.722614637677465366e-01
6.269717520225143170e-01
6.119106072424460585e-01
6.580334806789783775e-01
6.853615311612694105e-01
6.522103839507366052e-01
6.147669117207895662e-01
6.278393268552076023e-01
6.802135836335150287e-01
6.724801973722384085e-01
6.234711290442235265e-01
6.011649842034266777e-01
6.468904465879763421e-01
6.746942617821960475e-01
6.256180423875117302e-01
5.763358388654273856e-01
5.941104850971946627e-01
6.625825187216163314e-01
6.419126882494772257e-01
5.822344263614321891e-01
5.817286103475309833e-01
6.364797839372057231e-01
6.758044476737610218e-01
6.343190676971606212e-01
5.882732863637615273e-01
6.018756010129336920e-01
6.661940990283659048e-01
6.492537782135157087e-01
5.819145913938087444e-01
5.643207587422426341e-01
6.299810651897863600e-01
6.592722500606287284e-01
5.844668316979779732e-01
5.373086801729964890e-01
5.744645338347459385e-01
6.548129728129471472e-01
6.130620294892616950e-01
5.292330737443128319e-01
5.307809173519761892e-01
6.149906458929448316e-01
6.400915301216681952e-01
5.523930883220277144e-01
4.970677935654294055e-01
5.563998287781433127e-01
6.502509176780920663e-01
6.222735169728381699e-01
5.549156274943836120e-01
5.500910730530367276e-01
6.235960509267524099e-01
6.515983020921729540e-01
5.726571833411115975e-01
5.227149961570548564e-01
5.720958215031164418e-01
6.504554005072776812e-01
5.987174007408807563e-01
5.149483111692446657e-01
5.194572200775349202e-01
6.165350816946640888e-01
6.287494628029182131e-01
5.329835450825534116e-01
4.999609080667440364e-01
5.798672656343490939e-01
6.408815555787076290e-01
5.584966476604751318e-01
4.936044080791391342e-01
5.432709779300817221e-01
6.360401108026556560e-01
5.981651746370389988e-01
5.039437933465219510e-01
