5.631578947368420796e-01
5.071227724306314188e-01
5.742534785103907691e-01
5.396999730349910651e-01
5.535710058991348825e-01
5.273016854208534276e-01
4.717552421030144494e-01
5.842232084065526188e-01
5.229913231403725549e-01
5.863207483257198982e-01
5.014862996599511735e-01
5.828949886871634956e-01
4.715702514299583425e-01
5.622933731305317373e-01
5.609700529536073565e-01
5.724945411333950407e-01
4.940336957858217359e-01
4.429333999866173488e-01
5.797539583528388274e-01
5.058889754369169101e-01
5.878894061978465757e-01
5.063806809065766190e-01
5.655336977264535658e-01
4.920916692718093621e-01
5.637756193336892485e-01
5.601187848291772076e-01
5.372062725545992956e-01
5.714210222975041331e-01
4.350744280542532816e-01
5.874364230208691806e-01
5.317975399213092924e-01
5.817892335262694337e-01
5.057881626550898568e-01
5.436393308130668123e-01
5.184933746128556065e-01
5.343349410944162603e-01
5.786620616205151446e-01
5.343729950223686798e-01
5.867869157117342471e-01
4.275875654330980047e-01
5.662379548621142566e-01
5.527378793034400939e-01
5.777520569433015618e-01
5.165246282745873385e-01
4.969464040041010611e-01
5.655035129825933815e-01
5.250189306548334045e-01
5.752935941344503590e-01
5.242761676514109404e-01
5.633836424527892683e-01
4.879648237565344382e-01
5.274479456773428776e-01
5.788739358913583821e-01
5.792310767951148742e-01
4.580587693904277224e-01
5.947558320530706988e-01
6.006514663431793410e-01
4.852950314041805102e-01
6.107887993355868295e-01
5.449840655309565740e-01
5.968907592996242073e-01
5.846296405225127613e-01
6.273860119847110006e-01
6.403064067804954407e-01
6.436400149288502570e-01
5.914794903916557045e-01
5.389450771760027070e-01
6.113680250877890909e-01
6.788150915893742532e-01
5.663185382913272781e-01
5.800861777586645562e-01
4.773669579572270560e-01
6.002254874268629914e-01
5.976305352481727784e-01
4.674300429078793728e-01
5.640853981236370052e-01
5.428980392951674450e-01
6.057614171201276543e-01
4.390071963894452978e-01
5.896986846575441588e-01
5.703474163855423162e-01
5.361108241506102878e-01
5.146388634326799494e-01
5.418545801781529114e-01
6.738168847755513502e-01
5.832538640965063692e-01
4.723154795935192163e-01
5.981253392413637959e-01
6.520623792562901810e-01
5.601613522260374678e-01
5.285908800221320591e-01
5.878539829130009498e-01
5.839219538174069690e-01
6.770066208117615503e-01
6.411165049279222705e-01
6.448355873483924139e-01
6.613598919334249260e-01
6.214872001428421999e-01
5.368946541466828037e-01
4.909434921094649740e-01
5.859145976685260493e-01
6.568724888087734692e-01
6.437194244486933448e-01
6.206318289860920379e-01
6.020923133065811950e-01
6.457979505118198738e-01
6.171767921657794753e-01
5.626118549812589853e-01
6.065488244569302578e-01
6.335133597982853804e-01
6.622013762780563084e-01
6.062429351751689177e-01
5.606106276624482909e-01
5.675209869311558242e-01
6.103972858243874589e-01
4.870558151382282652e-01
6.127542275980659703e-01
5.971778179095009742e-01
6.220654500833565637e-01
6.543300380655049375e-01
5.581650290973507733e-01
5.496074511657359496e-01
5.830160178577731278e-01
4.828720044256957777e-01
5.811131001738211177e-01
5.358892506956278723e-01
5.565103640283912689e-01
5.431338969055689025e-01
4.419247732285248587e-01
5.870491079377311294e-01
5.166389629160680341e-01
5.814954329355573881e-01
5.259325674519930160e-01
5.621760467716562237e-01
4.957176004892874799e-01
5.721209178457524747e-01
5.431353523848138076e-01
5.277780008237311637e-01
5.743618586910733681e-01
4.353732967343073579e-01
5.826847878725197605e-01
5.452837868929674148e-01
5.892281780673144231e-01
4.606634334359088201e-01
5.421916721476944812e-01
5.351674709239595540e-01
5.029083233527776864e-01
5.823180808525748597e-01
5.291131965077785493e-01
5.896970116382652671e-01
4.442978551924405828e-01
5.749797235496055814e-01
5.277219279573648336e-01
5.622370334673169046e-01
5.612605874585835375e-01
4.846069233254879371e-01
5.372550678037637528e-01
5.485064905120636825e-01
5.673072303350721324e-01
5.178616888585856337e-01
5.406763958570299788e-01
5.432345218067650139e-01
5.722189843583971314e-01
5.185257395762137289e-01
5.855525641404233372e-01
4.330943987523577787e-01
5.692277959511043983e-01
5.599171437112140381e-01
5.878229426908609945e-01
4.394262278753544027e-01
6.021556872903441882e-01
5.787325716255542485e-01
5.449607915894224552e-01
5.296872033875291708e-01
5.691036300623184552e-01
5.864132153480634546e-01
5.936829253330517808e-01
4.445259833892473145e-01
6.207255383958723005e-01
6.081117999749192649e-01
4.842472713554331620e-01
6.073000972438509226e-01
5.162031637004017570e-01
5.203253156517507749e-01
5.975809653592366599e-01
4.524408213724808725e-01
5.865712762618801035e-01
5.174627879050348600e-01
6.036760162728855850e-01
5.827506417368495395e-01
6.050575130442912286e-01
6.180774066301896186e-01
4.722558290139806103e-01
4.731480179524976681e-01
5.949007542494092471e-01
6.153160499064111999e-01
5.950956362915453823e-01
5.434722456977912897e-01
5.731638325291699143e-01
5.882813428453296245e-01
6.199922847915615431e-01
5.507105074213620721e-01
5.876780835548288673e-01
6.005113168122659939e-01
4.794718943434557734e-01
4.649861815963186040e-01
5.999111784898953914e-01
6.223792058075111600e-01
6.101079793825763264e-01
5.594435539074935626e-01
5.271585899169229927e-01
6.283387823724637666e-01
4.833990020114553587e-01
6.018711595199740527e-01
6.412566857199976100e-01
6.003281203073914662e-01
6.604915634706972627e-01
5.770882210290092518e-01
5.313027001263258553e-01
6.342247027744049026e-01
5.234885762745941085e-01
4.977064663679503509e-01
5.972244757910608604e-01
5.991463804465934073e-01
6.604126295611338904e-01
5.682279789685578120e-01
5.000887579835214813e-01
6.546535826862712737e-01
5.200087918406629539e-01
6.130096423463807787e-01
6.160887125985716750e-01
5.924106408851435024e-01
6.252983779881914339e-01
5.390265687512921788e-01
4.516116457980368648e-01
6.480898958018158629e-01
5.794793934370314759e-01
5.772168686353812417e-01
6.038982895720155231e-01
5.477629923768022602e-01
6.231813300647810472e-01
5.183241856204959808e-01
5.242852998900803252e-01
6.192706528163729462e-01
5.838663343456140797e-01
6.405469398176847351e-01
5.427471992335640705e-01
5.369087555974317860e-01
6.573031721096594948e-01
4.751536411579037611e-01
5.084573186387619792e-01
6.484127867527297306e-01
5.998587840594721277e-01
6.455862241450573968e-01
5.027882355205938181e-01
5.137601287930708693e-01
6.285493690828318769e-01
4.863698347851208026e-01
6.107164862064766719e-01
5.923562695965156610e-01
6.159537296299821829e-01
6.618974019411516529e-01
5.732240666778933846e-01
4.892463774634966955e-01
6.010231014763369739e-01
5.593553497927840068e-01
5.338808849409270030e-01
6.125800864272409330e-01
5.545067481939415233e-01
5.519800597821685750e-01
5.873537496772922584e-01
5.399088710475127284e-01
5.644587157519643794e-01
6.044747915101720270e-01
6.278719475609766398e-01
6.208318794564606780e-01
6.261375864995361029e-01
5.915556971248490115e-01
4.675480878690551623e-01
5.156260355771858928e-01
6.159060332258377013e-01
6.404306602554445949e-01
5.819044483925263078e-01
4.637855001891977302e-01
5.960680201397611233e-01
6.140538777693144157e-01
6.253287119861760113e-01
5.775047881871925304e-01
5.666296743739441810e-01
5.899093169676677961e-01
5.347140515861877885e-01
5.218865987364498249e-01
6.168236206412437417e-01
6.016076861150144728e-01
6.429629574797594005e-01
6.137791222455011297e-01
5.349537137583559865e-01
6.073003655358184538e-01
5.341532312314749564e-01
5.015255447489732621e-01
6.115047642494451097e-01
5.946522267557672325e-01
5.803254282312541035e-01
4.853515148447693495e-01
6.292833436487672572e-01
6.263426899027818573e-01
5.994725856439184764e-01
4.604146521632256905e-01
5.328908641516640898e-01
6.306073147215729424e-01
5.651764105049633669e-01
5.338606918572238458e-01
6.076840189557931593e-01
6.250298498978561490e-01
6.086256238903895444e-01
4.954143457995510147e-01
4.575329948444099015e-01
6.510591666528976473e-01
5.934244238017434281e-01
6.109889389068990928e-01
5.574215052158868478e-01
5.723979916543107116e-01
6.498054719403976165e-01
4.581690703274168830e-01
5.021573443031149830e-01
6.134908006808329484e-01
5.986711127930668397e-01
6.276085910251925082e-01
6.066751652275681472e-01
5.167524571837589509e-01
6.539600021027291987e-01
4.957159992214190125e-01
5.787262606648287955e-01
6.599797001580682831e-01
6.119089341765823198e-01
6.075552858106205711e-01
5.090166111346882127e-01
5.149489904805155671e-01
6.195822959791220663e-01
5.249990817617798955e-01
5.703220466110433540e-01
6.533020572698777784e-01
6.039460186028897670e-01
6.403393988088299515e-01
5.976135550817687214e-01
5.223436221377214528e-01
5.825093210620562179e-01
5.845246509320255468e-01
5.795809989763808234e-01
6.159125607371668254e-01
6.200146370961689968e-01
5.688055885108604937e-01
5.039653567574861048e-01
5.311464816685986801e-01
5.782447391625806787e-01
5.903204571282512081e-01
4.501813860742276407e-01
5.941190287039546103e-01
5.950741966309224251e-01
6.007668466936649798e-01
4.663294630770900562e-01
5.076148755740526042e-01
6.230347954200474714e-01
5.991994225348931113e-01
4.842283996453382588e-01
4.797301972591624386e-01
6.040164235133076431e-01
5.991124482598852996e-01
4.891742348700823251e-01
5.907757351409350655e-01
5.257725544660651895e-01
5.167719419397164282e-01
5.569168776365273077e-01
5.641381783125998250e-01
5.382859757165776582e-01
5.236195684852783527e-01
4.909420788115432255e-01
5.757120477475738962e-01
5.720226875458125360e-01
4.594753729714040058e-01
6.071124099880556013e-01
6.379193407029455365e-01
6.277741082250791749e-01
6.170287861664284224e-01
4.998886832351834841e-01
5.542986254410524616e-01
6.715366912749476391e-01
6.310520989210045562e-01
6.126201414414140789e-01
5.829066828106296283e-01
6.340538390673224889e-01
6.381823145559417654e-01
5.810042077492353352e-01
6.198266521344015789e-01
6.770021960759970980e-01
6.225235428915576463e-01
5.155427293334963190e-01
4.809107364139421636e-01
5.273484909910199914e-01
6.354587624670546830e-01
6.509967542064017954e-01
6.399103468995744892e-01
6.455199252742711558e-01
6.631955190147647006e-01
6.034924645597181669e-01
5.086166250950023837e-01
4.818723699632992408e-01
5.836846197576378570e-01
6.533786018974360177e-01
5.032246576757324341e-01
5.932067099861775272e-01
5.415650144099913854e-01
5.522664508327528310e-01
5.904092663302348276e-01
4.660663163269007647e-01
5.598489740093882672e-01
5.288442107422712812e-01
5.044999873546953673e-01
5.817856065246985731e-01
5.290865815428865693e-01
5.896218606603843559e-01
4.444623001460486500e-01
5.760546281624876475e-01
5.268552513222024558e-01
5.634584087326766078e-01
5.579092614809311179e-01
4.843403198323397718e-01
5.867426266322538497e-01
4.740542980934250861e-01
5.896906329780071676e-01
5.360633489787963724e-01
5.855669675662791285e-01
4.602269152339650282e-01
5.918694421683003970e-01
5.625179353750102695e-01
5.558100811934628682e-01
5.811426689003165169e-01
5.270689093165006334e-01
5.606565373607643732e-01
5.755850342135493403e-01
4.701859724010816755e-01
5.688945164181906655e-01
5.572489312918158522e-01
5.881145690541319526e-01
4.417043752155640490e-01
5.845272536355129445e-01
5.227753192737915056e-01
5.761718740530740179e-01
5.293281710671972062e-01
4.885111359221046001e-01
5.777612323734470090e-01
4.642490505318800365e-01
4.630563791190596135e-01
5.743383571361018181e-01
5.783460766242731754e-01
4.847724046195027725e-01
6.044705819134670310e-01
6.179237793374170451e-01
6.487147060286448941e-01
5.482360117562936619e-01
5.555256843048961279e-01
6.249618560385383770e-01
6.212813636152344499e-01
4.681011889731535036e-01
5.590160661582084245e-01
6.758268067735102580e-01
5.602250291178334507e-01
5.417359460626095524e-01
5.811107174259472208e-01
5.981539419009610503e-01
6.526354214950405019e-01
6.344606948811488678e-01
6.360996625803954085e-01
6.359222005687921175e-01
6.397078641430095081e-01
6.053036222989206516e-01
6.275457100704571189e-01
6.706735919790598466e-01
6.303805228422340035e-01
5.957062577965662742e-01
6.077899244118496469e-01
6.311828490757759313e-01
6.413106157195732626e-01
6.048477164763441660e-01
5.533930738732028010e-01
6.210278909233649669e-01
6.039698614704906987e-01
6.265901432728834264e-01
5.500332139344280558e-01
4.502982838007147937e-01
6.397501042537409033e-01
5.770044092605929320e-01
5.927747791021036328e-01
5.914874198647179782e-01
6.132751119738795165e-01
6.040328577616167482e-01
4.747555183174304583e-01
4.869307528769442617e-01
6.342903454340971248e-01
5.933090988388746156e-01
5.916392813632120884e-01
4.361547360045792132e-01
6.220263886668481179e-01
6.298640593455884229e-01
6.238921603790859027e-01
5.767476476407957797e-01
5.748284528853652153e-01
5.484577685014427884e-01
5.735455107833671295e-01
5.015217803165523680e-01
5.721536864203448092e-01
6.721522160762612996e-01
5.381720253638503371e-01
5.331007175497846085e-01
6.218633989866855227e-01
6.343520895664671588e-01
6.381838305116258603e-01
5.248295971822707351e-01
5.043487419342627120e-01
6.210467085429333123e-01
5.228024627642101629e-01
6.130061877076301569e-01
6.359658233097588154e-01
5.787332466489141236e-01
6.552544745582238317e-01
5.565416793703653608e-01
5.035914868632795915e-01
6.520216216562572109e-01
5.306772315699851417e-01
6.022215377112475343e-01
6.441613636762868467e-01
5.987965342736868424e-01
6.100791926752325844e-01
4.865375042544223816e-01
4.959210586237299268e-01
5.991798534809046339e-01
5.163314488991382900e-01
5.729108049565843075e-01
5.335095376668530509e-01
6.169805666123562293e-01
5.601756422184520634e-01
5.242831599783503993e-01
5.136821527062493953e-01
5.806521178974033415e-01
5.684638847438492348e-01
4.956378483801136547e-01
4.562113746118875435e-01
5.823536909725979260e-01
4.704178653081368955e-01
4.986019553586032438e-01
5.659328869568694964e-01
5.631612166961503796e-01
4.921393728706920934e-01
6.044352273172526324e-01
6.746213731993818685e-01
5.770542123796504885e-01
6.181943272235500553e-01
5.655098630990038622e-01
5.261227619927241195e-01
6.169603220141537392e-01
5.258100788116398805e-01
5.481198880111345373e-01
6.563225568455082204e-01
6.149923145669838886e-01
6.222263617146470693e-01
4.853875531263284193e-01
5.468746788375618006e-01
6.340910506563747218e-01
5.250663759392129037e-01
5.877129258201815309e-01
6.312876835687192267e-01
5.902554644427201458e-01
6.570649953583116432e-01
5.684954625970360942e-01
5.345460702480939741e-01
6.492484644496741009e-01
5.583767134795617482e-01
5.345581474181863024e-01
5.621914050562295539e-01
5.555686120385807669e-01
5.978765826595872079e-01
6.342131704693589889e-01
6.476146955449902931e-01
6.356528623692858648e-01
6.334460778019139759e-01
5.299031487547805064e-01
5.737977668106076790e-01
5.489851955215124812e-01
4.990846508329797593e-01
5.920006872966179223e-01
4.952656832012856669e-01
6.523175309967345070e-01
5.727303956767243465e-01
5.159436042214732288e-01
6.099020833460746527e-01
5.600317921984278025e-01
5.879381238950137645e-01
4.948885400787496613e-01
6.098678701647142208e-01
5.787521496335926718e-01
5.803423437061697721e-01
5.145532513925253904e-01
5.701426803012231703e-01
5.830707767047572654e-01
5.531868381352538222e-01
6.267298953325415312e-01
6.247793763443726389e-01
5.593579580364475001e-01
6.649802997734691745e-01
5.275267209951194358e-01
5.623312580542125794e-01
6.394183700540725379e-01
6.306178514215551312e-01
5.961777634459732855e-01
6.101771160706077612e-01
5.202427510897725815e-01
5.840967032351201960e-01
5.141069258264772124e-01
5.848962887251842879e-01
5.340584916805245497e-01
6.033503108529002512e-01
4.795263679988907568e-01
4.835673475392336940e-01
6.059418224686157206e-01
5.766314112900260413e-01
6.083633454928812911e-01
5.925336230913490487e-01
5.732217137845397881e-01
6.465789114939756166e-01
4.608751580052735664e-01
5.004344410931454989e-01
6.598186979160366450e-01
6.091010631457035585e-01
6.081949857591827380e-01
5.745883266153064550e-01
5.533096043768227501e-01
6.319969520633814675e-01
5.444171388626554142e-01
4.968338402158949396e-01
6.050600095898760467e-01
5.737652857205689516e-01
5.036248727628827027e-01
4.919166035725318631e-01
6.082673847351586227e-01
6.256483434718767001e-01
6.389273797126160392e-01
5.110690359595945198e-01
5.208561517028508225e-01
6.324765425233385141e-01
4.925418344617960575e-01
5.963392648483681890e-01
4.767268196489028997e-01
5.896247588479364143e-01
5.444668663842183731e-01
5.635010326727186714e-01
6.585756577656123323e-01
6.073926057843513915e-01
6.520488747231040216e-01
5.402778750418578690e-01
5.230034142721701196e-01
6.187061892646485983e-01
5.193585411360616133e-01
5.685168418675440316e-01
6.508975648005806969e-01
5.938001862883742765e-01
5.227992735470068375e-01
5.927781014275388394e-01
5.894588702766084820e-01
6.114411564657895592e-01
5.966224408670273149e-01
4.694593864850766241e-01
5.367697049506887641e-01
6.308946721914726607e-01
6.102818039959323482e-01
5.031817487999387106e-01
5.207721504222229125e-01
5.713440816172851155e-01
6.513935323217123763e-01
6.254371219628716005e-01
5.920694444970069359e-01
5.884603856240019359e-01
5.803299075047773092e-01
5.122840737067883010e-01
5.016623945242224547e-01
6.001731487295078882e-01
5.899185716696635495e-01
5.166851998353446662e-01
5.941918822292665547e-01
5.295617337920462964e-01
5.885542217954734534e-01
4.775284289274014382e-01
5.947115300014752526e-01
5.061909830326775106e-01
5.820493987736654606e-01
4.819860413024081858e-01
5.867873518156496715e-01
5.335640107447383595e-01
5.822994598951870548e-01
4.485303896535196566e-01
5.632198289227537957e-01
5.651063175888335621e-01
5.829932857513422384e-01
4.414888513466817543e-01
5.955250291568090493e-01
5.415515313131792352e-01
5.749237148958599164e-01
4.287831729829638672e-01
5.405979178091862014e-01
5.527912326649022656e-01
4.282333136970468135e-01
5.798839000197273386e-01
5.718122507620502226e-01
5.824239571942804172e-01
5.011562791117497584e-01
5.977907815153711280e-01
5.784543244934878814e-01
6.371533402788830402e-01
5.063708375042408338e-01
5.350446476621594227e-01
6.260179787915584049e-01
5.570873018928896858e-01
6.160115393510271486e-01
6.345529149928949009e-01
5.729678648183433864e-01
5.863936761546001408e-01
5.340297826605702181e-01
5.893424365198952630e-01
5.530163012664842670e-01
6.654769105558817621e-01
5.122297713580006295e-01
5.731014052626157707e-01
6.649135076465599870e-01
5.737043607327779737e-01
6.351885155038670128e-01
6.234610938017962622e-01
5.688454724489354630e-01
6.138899562753679096e-01
5.007419949934081016e-01
5.351389737071218233e-01
6.161975308681042485e-01
6.250722945715120327e-01
6.255922039022412395e-01
5.831881454171075063e-01
5.309247087301457446e-01
5.926018449175105562e-01
4.669772920563216023e-01
5.895320175141158803e-01
5.276198107595959641e-01
5.751836531107162864e-01
4.905004697977675132e-01
4.875535284310654749e-01
5.867512032750542561e-01
5.544082206135549917e-01
5.533094000597080786e-01
4.528699259510524655e-01
5.795591781368232276e-01
4.830576086870173591e-01
4.884963787054364959e-01
5.769289086984319415e-01
5.741438319453550099e-01
4.759138222921023842e-01
5.930324904007415743e-01
5.297810732917399568e-01
5.837672511066203107e-01
4.410385912217268944e-01
6.037407550307892778e-01
5.329855057000438823e-01
5.673227198816152006e-01
5.728072560912093047e-01
4.380946621707395572e-01
6.026461764346077166e-01
5.714608618022626318e-01
5.140672144567894897e-01
5.983842399107118792e-01
6.092437088067292894e-01
6.113658225581458661e-01
5.059427560420115544e-01
5.209555929869935653e-01
6.208173425015965918e-01
5.543661850707741756e-01
6.153550102723811532e-01
6.306733005676676829e-01
5.700060432998675930e-01
5.854933042352774564e-01
5.378915097013037272e-01
5.741734233518377417e-01
5.619928264948869101e-01
6.392332715402385679e-01
4.686931532150413471e-01
6.078224788921053889e-01
5.169680208654352516e-01
6.519101577472253828e-01
4.902941735814372870e-01
5.538766998503336092e-01
6.286248846196449414e-01
5.889606681741147431e-01
6.351980928106667479e-01
5.778686669909303131e-01
5.311143084471268150e-01
6.292000496293680412e-01
5.075848296556724204e-01
6.004448095256660345e-01
5.123479363429661593e-01
5.852694213139670865e-01
4.938660133626306403e-01
5.919207077202651712e-01
5.065382511510652108e-01
5.599090845879686196e-01
5.057301010107803085e-01
5.866858308440653369e-01
5.367276877188033035e-01
5.666788567138519861e-01
4.427466925165523537e-01
5.872292352396042414e-01
5.600981850485432512e-01
5.642155670109862964e-01
5.204625287606652329e-01
5.373425950420350761e-01
6.298368066108491758e-01
5.353950121305686149e-01
5.526618934642906211e-01
6.485727500634009823e-01
5.995428528889584774e-01
6.238032289012621634e-01
5.582728594860703053e-01
4.918680503129680970e-01
6.071127907903871579e-01
5.232822859312810104e-01
6.116264089716432206e-01
5.991826227391926496e-01
5.953637625043094461e-01
6.567161582603530112e-01
4.788585777848927694e-01
4.588082184860803325e-01
6.413979029257177444e-01
5.684939183541708463e-01
6.225914772609321135e-01
6.054017302169282244e-01
5.442814132980092756e-01
6.188414016219019320e-01
5.169007420207237802e-01
5.091475886313363564e-01
6.138239342612367144e-01
6.191971125741840831e-01
6.218160742067972979e-01
6.181132382878623543e-01
5.148368391218204332e-01
6.085531838448793307e-01
5.338377965443235063e-01
5.051382078379816898e-01
6.131193231729280546e-01
6.060088464299009381e-01
6.608912072974613139e-01
5.821225359678166011e-01
5.175373045251545623e-01
6.725251074146164632e-01
5.366331559386209316e-01
5.733372126067415309e-01
6.241788304277918753e-01
6.313769567181254372e-01
6.230735621078663522e-01
4.558387039886147574e-01
5.566463162615045146e-01
6.354641602684545365e-01
5.512685745707747165e-01
5.702698841890034842e-01
6.231104672236872366e-01
5.508684548626956445e-01
6.661713669995125153e-01
5.247687201259191303e-01
5.672971107897534226e-01
5.906750102916888956e-01
5.330725826808779821e-01
5.919484209807315267e-01
4.546490164689357960e-01
5.872815472915633439e-01
6.269322779716035576e-01
5.535786608283411736e-01
4.740673323607373368e-01
6.612096131788973707e-01
5.470849349860541500e-01
5.458461961527423245e-01
5.897034608445634873e-01
5.943434446542881222e-01
6.523513430978915562e-01
5.976267609826856342e-01
4.583454287591472998e-01
6.258863237973636418e-01
5.950097379174074108e-01
5.644813799518983988e-01
6.179842306154796905e-01
5.279847193691016294e-01
6.426150013635660851e-01
5.757557098278347496e-01
4.601444753420494971e-01
5.961640479241908652e-01
6.162022017831443321e-01
6.064935551241660283e-01
5.292811557739033335e-01
5.554264983359322727e-01
6.413167700796134074e-01
4.776420551433568917e-01
5.502564142560644189e-01
6.239476363554294913e-01
6.043594492189804379e-01
6.469545024494521845e-01
5.361244315978266339e-01
5.246240207251448018e-01
6.077085622349364114e-01
5.038293405277604053e-01
5.866068672525602823e-01
6.248238981867281217e-01
6.154262687881367766e-01
6.183213483195405535e-01
5.203060268551863432e-01
5.041898178637522765e-01
6.111322294491370322e-01
5.332185234033465226e-01
6.044009590312076075e-01
6.166152698062197235e-01
5.798274796400918474e-01
6.404378076927311758e-01
4.426172199218436631e-01
5.984982421384053008e-01
5.974225917400342034e-01
5.891184582796107350e-01
4.860977838892286962e-01
6.080870605843333720e-01
5.751216668097486329e-01
5.813401382740946977e-01
5.117818962205717970e-01
5.723544126290773804e-01
5.783876642663370315e-01
5.702709407016021137e-01
5.695475535468071948e-01
5.459120157025216802e-01
5.454980147280436009e-01
4.767766299439518685e-01
5.477088161791523468e-01
5.653434413330957753e-01
5.452677815961863850e-01
5.605705802483744726e-01
4.369891307186276053e-01
5.871590285817971377e-01
5.256241192623773983e-01
5.867364338359588594e-01
5.064592363521300822e-01
5.473535354160848909e-01
5.371433802460081619e-01
4.887025154204852617e-01
5.855183743896524851e-01
5.581463199051338586e-01
5.376489340619625690e-01
4.318674301888854594e-01
5.751887250326824796e-01
5.209261143367953650e-01
5.913493843877849487e-01
4.610666972357551630e-01
5.595154436647262752e-01
5.291408014395475590e-01
5.018153220783024837e-01
5.805878862099982385e-01
5.320384749015849568e-01
6.001039555159140004e-01
4.369895948295449695e-01
5.888077826082735999e-01
5.816698821562559241e-01
5.108797073220214813e-01
6.145723717248682272e-01
6.333390470629776114e-01
6.074859522448546878e-01
6.338488004714281088e-01
4.484556093762935292e-01
5.798314055279992774e-01
6.381870237683857638e-01
6.064666108734066974e-01
5.655407627159163564e-01
6.121400644548364856e-01
5.665507165565644154e-01
6.716993137596857233e-01
5.918212827806089704e-01
4.515768139803537640e-01
6.427376066438653668e-01
5.805681015362835762e-01
5.745011230797175683e-01
5.858335981124124237e-01
6.002288762882960205e-01
5.741719170762697999e-01
5.150631289710543292e-01
6.115385868078226927e-01
5.193552314760168098e-01
6.646015187950367054e-01
4.879070409409159148e-01
5.571656799039378383e-01
6.308161471759846650e-01
5.828846482330154455e-01
6.327632649927245057e-01
5.710869898452362037e-01
5.433952675800131082e-01
6.500125519153142628e-01
4.814876815407682642e-01
