9.000000000000000222e-01
8.574470191960866794e-01
8.230929429322035862e-01
8.508867750108422001e-01
8.980873484844708043e-01
8.666946959430298358e-01
8.185245135342481548e-01
8.415867733901059022e-01
8.973914015229946806e-01
8.711930961955485220e-01
8.261436817498312157e-01
8.388609517208445165e-01
8.896445081142244637e-01
8.822609797414323607e-01
8.255198673987480529e-01
8.283615216353470423e-01
8.871560161825339241e-01
8.850944725404998881e-01
8.334548064151756641e-01
8.296131813198794891e-01
8.778031249806736991e-01
8.940041026993357232e-01
8.379002319319998060e-01
8.203131891671354703e-01
8.718593594794075141e-01
8.964036378355668688e-01
8.441967851427405467e-01
8.238805291000010911e-01
8.645372711541742250e-01
8.990996166029942005e-01
8.533055442583595829e-01
8.175299364609595054e-01
8.545489632281000336e-01
9.008181792972537183e-01
8.572723914235480525e-01
8.221103698220229017e-01
8.508771741698706315e-01
8.968725553207097523e-01
8.692427542529024276e-01
8.202061121091648310e-01
8.388341836785588868e-01
8.965691751554014655e-01
8.722845819535477441e-01
8.251472281316918345e-01
8.384875059992128454e-01
8.892905521838269101e-01
8.837183645124305764e-01
8.286607197684774384e-01
8.274374706371275812e-01
8.849384277046588032e-01
8.874026108696105863e-01
8.327532461842639400e-01
8.286377864686623740e-01
8.780570481147366158e-01
8.941008171969271334e-01
8.413206907932796463e-01
8.207632467980663371e-01
8.686336409674435544e-01
8.981885013552016739e-01
8.438922697934256867e-01
8.221126945653849383e-01
8.642983346549215629e-01
8.983341074565693862e-01
8.559051886988691127e-01
8.190211139995017264e-01
8.516878784243960832e-01
9.009605559913497208e-01
8.582223100583097342e-01
8.203419574821357863e-01
8.499116285071861565e-01
8.966301600067370092e-01
8.708675900204808640e-01
8.229310740695102711e-01
8.377895221281207450e-01
8.951249968832459825e-01
8.748411120553558629e-01
8.240562291111543924e-01
8.368357355726498970e-01
8.896239775406890038e-01
8.842364390258740103e-01
8.317676562116821382e-01
8.278269449369715094e-01
8.821769772117482589e-01
8.899562417634583333e-01
8.322791028139138181e-01
8.261570114435967671e-01
8.777613090831101195e-01
8.937161621592941696e-01
8.436078883740492085e-01
8.219522877351533863e-01
8.658579724080236462e-01
8.993378668095746153e-01
8.446137820208878821e-01
8.196751735267732153e-01
8.630388307377925283e-01
8.982703965505004495e-01
8.573310109373665222e-01
8.211272404000323766e-01
8.505361336815649986e-01
9.005248369194193137e-01
8.607805954059384312e-01
8.189363875549962035e-01
8.478432689095837249e-01
8.972309679351370137e-01
8.714864314692044589e-01
8.254456114729560312e-01
8.381183621445404963e-01
8.931403142938204587e-01
8.779726430132931414e-01
8.235156745906053732e-01
8.338615823275945527e-01
8.895832378822249309e-01
8.840963790929492472e-01
8.335713159457359689e-01
8.287774580925512113e-01
8.795869059686198810e-01
8.921114375373481176e-01
8.329485390814730383e-01
8.231004372112977752e-01
8.764621855789820337e-01
8.938315395026942278e-01
8.446465105524635364e-01
8.234493163332757826e-01
8.644745624137111228e-01
8.999258730137058571e-01
8.471638424672774947e-01
8.178736153270708131e-01
8.607329217004494604e-01
8.992271449096314040e-01
8.577988856100622339e-01
8.229090067480802073e-01
8.507119918315029228e-01
8.994519067522479538e-01
8.642808886412757241e-01
8.183551481814272943e-01
8.445762225151530744e-01
8.976926989092931519e-01
8.713548353845610439e-01
8.265241328916467234e-01
8.387684561775947678e-01
8.909413414080699090e-01
8.807980221001594501e-01
8.241261051243772284e-01
8.303867523408556828e-01
8.885737121720864717e-01
8.842643514937106319e-01
8.339143539155436935e-01
8.295719851641111253e-01
8.781114390451264518e-01
8.935223156142851897e-01
8.353147584465888675e-01
8.209949546738601889e-01
8.742340240473004398e-01
8.950709421771469998e-01
8.446907193856222351e-01
8.243325259215352752e-01
8.644484314553463333e-01
8.998014515110847045e-01
8.507172933778011092e-01
8.172829459987090983e-01
8.575041941347925079e-01
9.003823685073668592e-01
8.575392897953452165e-01
8.231583982660709564e-01
8.511114584763420643e-01
8.979594835262952879e-01
8.674815369296291490e-01
8.189479577044409542e-01
8.410693122049873738e-01
8.974436436201920220e-01
8.714785176845090131e-01
8.261163472476239500e-01
8.390156801488919402e-01
8.896312808468077593e-01
8.828075130946007043e-01
8.262937653312556474e-01
8.281790000827125020e-01
8.868865175600885165e-01
8.856668837973102892e-01
8.334612080511392129e-01
8.296712702142715612e-01
8.780148840902055607e-01
8.942618847137273619e-01
8.388016917749852031e-01
8.205210052932117026e-01
8.714481290895150778e-01
8.969849627651831359e-01
8.443097472103293644e-01
8.238372492272131309e-01
8.647592502433568695e-01
8.991408965924496677e-01
8.541152223807665367e-01
8.179661219086554746e-01
8.540654163277279221e-01
9.011209777388885511e-01
8.575683556480170333e-01
8.219826508880367921e-01
8.509666361265630918e-01
8.969507405621213181e-01
8.698761285519763797e-01
8.209343050559377852e-01
8.386942091306581748e-01
8.965325697231322222e-01
8.729139876274522036e-01
8.251135030204989063e-01
8.384678865479608945e-01
8.895428108841428871e-01
8.840889393187317813e-01
8.295275574462753765e-01
8.276345296274113528e-01
8.846095769596096225e-01
8.881327928433022656e-01
8.328255811930441732e-01
8.284359498230241536e-01
8.782653471328741857e-01
8.942374353593087744e-01
8.420956208911267726e-01
8.211570763908854209e-01
8.682063328982567718e-01
8.986684355168981231e-01
8.441286811439214777e-01
8.218117263330699807e-01
8.643013732848514596e-01
8.984331931491620349e-01
8.564354558784892379e-01
8.195695374022503588e-01
8.515356599812037297e-01
9.011035191924129384e-01
8.587786089474852558e-01
8.202113210384244235e-01
8.497875507271196449e-01
8.968772605578416712e-01
8.712163598396346353e-01
8.236041798489579513e-01
8.379452030838876464e-01
8.949660772192333802e-01
8.755460352932588064e-01
8.240659102880164566e-01
8.365270561471198629e-01
8.898197705030431726e-01
8.843885270979010560e-01
8.323764424711327381e-01
8.281499279684538806e-01
8.817967495553185042e-01
8.905555325665261979e-01
8.324369338029914411e-01
8.256999329873484506e-01
8.777421497334096934e-01
8.938140926475646175e-01
8.440446322637590315e-01
8.223654322888602763e-01
8.655929079438609008e-01
8.996380510640750172e-01
8.451330888166330713e-01
8.193848578644939984e-01
8.627783385677967321e-01
8.985318549597134385e-01
8.576293600631189618e-01
8.216787556347202592e-01
8.506334859054976993e-01
9.005085784020879780e-01
8.615520742547707611e-01
8.188972734760027183e-01
8.474426371731200724e-01
8.974776998933882144e-01
8.716383705586241426e-01
8.258714700848727164e-01
8.383613859921333900e-01
8.929055958667998505e-01
8.785804333657405429e-01
8.236280817277360500e-01
8.334047895275086271e-01
8.895944691255386338e-01
8.841787019146866156e-01
8.338033825595699833e-01
8.290245514486678235e-01
8.793731422062637249e-01
8.924779705633484328e-01
8.333322783383900756e-01
8.227882108428477004e-01
8.762746439116211317e-01
8.941003676098201458e-01
8.448410569398883130e-01
8.237927879596721459e-01
8.645604926436708526e-01
9.000970478913886685e-01
8.478447915047403471e-01
8.178358806954723059e-01
8.603848152788585724e-01
8.995635645704617156e-01
8.579113796005064518e-01
8.231942108485015286e-01
8.509272778829839456e-01
8.993391072999314950e-01
8.650248533288389385e-01
8.185002190056021032e-01
8.440979340450396329e-01
8.978454931434058928e-01
8.714679916570486906e-01
8.266733980111766744e-01
8.389713214320206891e-01
8.908076552552129934e-01
8.812606910748700395e-01
8.244643527841564179e-01
8.300894965463063713e-01
8.884798125570575467e-01
8.845365444308992409e-01
8.340214215034500445e-01
8.298046772211304933e-01
8.781968524978804869e-01
8.938522417728602676e-01
8.359930110083950705e-01
8.209944501171313469e-01
8.739961848408510647e-01
8.955185651893299292e-01
8.448061986392019218e-01
8.245144926770158200e-01
8.646722695959362381e-01
8.998802086662424093e-01
8.514742733397352437e-01
8.174764110240629877e-01
8.570933140331895572e-01
9.006908151780573801e-01
8.576428996110494474e-01
8.231764601354709665e-01
8.512574897369938887e-01
8.978690470866981244e-01
8.680545073083736352e-01
8.193062587461686919e-01
8.406949100147464993e-01
8.974506084653091076e-01
8.717348971304624827e-01
8.260838849066411971e-01
8.390990640983263527e-01
8.896500442230776962e-01
8.831877652079581642e-01
8.269083654738275113e-01
8.280777811112132181e-01
8.866523991757162548e-01
8.861586610713125811e-01
8.334642301291825817e-01
8.296802504898366237e-01
8.781840989967402145e-01
8.944198146338949718e-01
8.395319995901249222e-01
8.206394350730487064e-01
8.709333309664335498e-01
8.973988929433814876e-01
8.443007803552975421e-01
8.236167010218291562e-01
8.648014061755413540e-01
8.990428008737975096e-01
8.546285190258400277e-01
8.182099004543972320e-01
8.536034931809081128e-01
9.011869697321523986e-01
8.576841868985177753e-01
8.217176262599015235e-01
8.508637546902604321e-01
8.968871853697063523e-01
8.701894767601318081e-01
8.213760546738640977e-01
8.384717184133018142e-01
8.963222851062465635e-01
8.733233745392304792e-01
8.249223629908076783e-01
8.382437522771996052e-01
8.896167444282936376e-01
8.842357380487912977e-01
8.301019149955466414e-01
8.276935612849098955e-01
8.841969493866802532e-01
8.885939704784588944e-01
8.327356089948990681e-01
8.280801538283564245e-01
8.782610019134662327e-01
8.941791671826657684e-01
8.425063072390813756e-01
8.213406099301682195e-01
8.676826967170145899e-01
8.988869533656536071e-01
8.441862544959707337e-01
8.213732614738452620e-01
8.641198573776320835e-01
8.983848445648386916e-01
8.567463898593706828e-01
8.199642490061874733e-01
8.512669551040570326e-01
9.010759000224713988e-01
8.591975829783391472e-01
8.199645475442247644e-01
8.494977224638419200e-01
8.969906588376522771e-01
8.713769711713063026e-01
8.241109909083730312e-01
8.379846382376863190e-01
8.946510701888178430e-01
8.761343561780722267e-01
8.239593404327377746e-01
8.360657133109767880e-01
8.898743430901503437e-01
8.844019683831610967e-01
8.327754621116127964e-01
8.283300573356460195e-01
8.813585028736352633e-01
8.909837330356787932e-01
8.325193873443513803e-01
8.251929267490555331e-01
8.775723742854113496e-01
8.938173883011334420e-01
8.442927973243976592e-01
8.226641128889450316e-01
8.653219033686765371e-01
8.998077680524911859e-01
8.455715243653244562e-01
8.190617794585119960e-01
8.624858183708860038e-01
8.987333397066759044e-01
8.578010777608692239e-01
8.220794703871245890e-01
8.506827761234149188e-01
9.003934099415359382e-01
8.622451606892288511e-01
8.187913824666229745e-01
8.469142206033087872e-01
8.976419544026034147e-01
8.716731288281465151e-01
8.262028192294895712e-01
8.385332739645336986e-01
8.925086184238103515e-01
8.792242954455566917e-01
8.237385506470217278e-01
8.327600593416089048e-01
8.895022480138364829e-01
8.842359034930912243e-01
8.340155226895281659e-01
8.292856396941910013e-01
8.790605793485304353e-01
8.928685848249214851e-01
8.338053097839358552e-01
8.223495095970837498e-01
8.759157303207394385e-01
8.943548911728856909e-01
8.449373370593493693e-01
8.240706512737162592e-01
8.645468836814962366e-01
9.001444528697989389e-01
8.486101967751422670e-01
8.177112443652051477e-01
8.598115589660653146e-01
8.998786306522509326e-01
8.579409888336932966e-01
8.233848520267059712e-01
8.510815665279590769e-01
8.990947003284498473e-01
8.657817041564569438e-01
8.186239468728697677e-01
8.433610963340284483e-01
8.978831544378750307e-01
8.715080265332193488e-01
8.266900188881468603e-01
8.391288903211771011e-01
8.905033098454444573e-01
8.818540455871352046e-01
8.249769305268046526e-01
8.295424789987512204e-01
8.881821243622203266e-01
8.848877539815702686e-01
8.339981330124779380e-01
8.299535266663042865e-01
8.781935032536208885e-01
8.941236393276733585e-01
8.368510945823117719e-01
8.208619439808733098e-01
8.734138506735786844e-01
8.960128998249834442e-01
8.447640903271558255e-01
8.245254078191638358e-01
8.648173859291297116e-01
8.997924106648194087e-01
8.523896118952727363e-01
8.176327514723504830e-01
8.562535657551881840e-01
9.009496266806384934e-01
8.576375335510401099e-01
8.229735047191139019e-01
8.513278530820864720e-01
8.976120463483824308e-01
8.687688368037679298e-01
8.198124230130849899e-01
8.399900900313517216e-01
8.972848125944684616e-01
8.721010023145798762e-01
8.258573213218011189e-01
8.390594044023658160e-01
8.896410596005922544e-01
8.836549170063993097e-01
8.278575863768347087e-01
8.279062794990481589e-01
8.861061015950747466e-01
8.868743672455909888e-01
8.333408271908963050e-01
8.294672867461229115e-01
8.783215975986327084e-01
8.944982971185757581e-01
8.405381517146355286e-01
8.208409233841957864e-01
8.701094349127920236e-01
8.979611203647102080e-01
8.442667833622964357e-01
8.231806713097760131e-01
8.648096820873099055e-01
8.989041825835917265e-01
8.554641569468235396e-01
8.187495722741330306e-01
8.528878610163987961e-01
9.013331198025112956e-01
8.580665919634220540e-01
8.212583230935551759e-01
8.506599790548815543e-01
8.969001736552929538e-01
8.707276192556180350e-01
8.222716743159771413e-01
8.382364262731221149e-01
8.959502584481978671e-01
8.741964069707084395e-01
8.246663776462800355e-01
8.377833966120770137e-01
8.897914933763858558e-01
8.844467586131019576e-01
8.311524849565681272e-01
8.278869455977028169e-01
8.833535876681859467e-01
8.894773420929216190e-01
8.326308741619949938e-01
8.272855477700762350e-01
8.782240636173004322e-01
8.941072764396741368e-01
8.433411234340821849e-01
8.218211122143592728e-01
8.668553951442089511e-01
8.993500395916708134e-01
8.445393763095654371e-01
8.206503438920071947e-01
8.637862867557253299e-01
8.984860079210248429e-01
8.573001182977538770e-01
8.207722051464436674e-01
8.510176283827373123e-01
9.010129869562438776e-01
8.601745847780244425e-01
8.195798253091653995e-01
8.488809403361420314e-01
8.972956300347038061e-01
8.716683412237924422e-01
8.250429169426674036e-01
8.381980443540756331e-01
8.940313537997996995e-01
8.772891131266503661e-01
8.238435734502859153e-01
8.350829088658708876e-01
8.899249806854422351e-01
8.844015871321504463e-01
8.334181297591899407e-01
8.287133595361457772e-01
8.805182778296514190e-01
8.917779173769874168e-01
8.328365403134693201e-01
8.241934670132666785e-01
8.771811905867231696e-01
8.939455671723471886e-01
8.447034731020487408e-01
8.232618386079041395e-01
8.649483706447826936e-01
9.000659157093265916e-01
8.465052957153210711e-01
8.185260677554044850e-01
8.617556108422842476e-01
8.991099089674220446e-01
8.579753270112803198e-01
8.227100796564504881e-01
8.508092024979225787e-01
9.000620943338347724e-01
8.634476537442776767e-01
8.186486960878449626e-01
8.458700265380111327e-01
8.978424097790326242e-01
8.716554271142622490e-01
8.265962150154745336e-01
8.388139964204428534e-01
8.918179751177103265e-01
8.802253381868417881e-01
8.239996357321887066e-01
8.316418660802414875e-01
8.892177454587627539e-01
8.843618743120691406e-01
8.341709156196771557e-01
8.296299143900109918e-01
8.786664678947230245e-01
8.934383677109262178e-01
8.347395134609778555e-01
8.217091984954912887e-01
8.752190184288156649e-01
8.948987354509917447e-01
8.450156629886836912e-01
8.244483977738519265e-01
8.646552757208446627e-01
9.001805110126855913e-01
8.499731601590255758e-01
8.176204544144756170e-01
8.587721286895326767e-01
9.003626406808507010e-01
8.579163051959241004e-01
8.235226571634376436e-01
8.513036834457989865e-01
8.986644514814141615e-01
8.669024741991343541e-01
8.189150307569323939e-01
8.422677776380763648e-01
8.978552473318630600e-01
8.716265565305761909e-01
8.265915769971259319e-01
8.392700837225286481e-01
8.901573339071374713e-01
8.825657011263353668e-01
8.257934882919327757e-01
8.289006845426439840e-01
8.876894698984509890e-01
8.854308768692302767e-01
8.339063193165707766e-01
8.300285312548361105e-01
8.782497689878313585e-01
8.944100828601557751e-01
8.380699942015179538e-01
8.207976862186006084e-01
8.725500117370807995e-01
8.967165663705889411e-01
8.446926896675249763e-01
8.243934158824687275e-01
8.649858794892638647e-01
8.996385758114892051e-01
8.535034722354765124e-01
8.179271103795706654e-01
8.552620247448194934e-01
9.012324292214087817e-01
8.577213758481566641e-01
8.226496116167671957e-01
8.513368275474673119e-01
8.973967603238698354e-01
8.695368765324908988e-01
8.205004255789697387e-01
8.394195886137159057e-01
8.970622598277788740e-01
8.726405705339391750e-01
8.256275003277350200e-01
8.389554797423161014e-01
8.897383799360074619e-01
8.840844615427597697e-01
8.288876600661547744e-01
8.278947339551000484e-01
8.855389337585922727e-01
8.876808680366926607e-01
8.332379295755797388e-01
8.291631121359319678e-01
8.784780210497549202e-01
8.945552842249943071e-01
8.415189688154862679e-01
8.211350357310766013e-01
8.692857711325985282e-01
8.985187004318840875e-01
8.443273646928118881e-01
8.226693062638698040e-01
8.647602286377010783e-01
8.988280642583952318e-01
8.561842905837138140e-01
8.193250002400426224e-01
8.523152316255689920e-01
9.014185503965916890e-01
8.585614522204865207e-01
8.208931387046974892e-01
8.504325440437755512e-01
8.970488945247332424e-01
8.711951638766065598e-01
8.231523464259384859e-01
8.382426059554300979e-01
8.956631716881557903e-01
8.750671337468317601e-01
8.245528945174934732e-01
8.374002650369029022e-01
8.900329179340967789e-01
8.846499240447838197e-01
8.319993176892626074e-01
8.282029625733029476e-01
8.827742176051950329e-01
8.902718152998529977e-01
8.327255222170010240e-01
8.267127979322653752e-01
8.782162521392852250e-01
8.941689017734493206e-01
8.439653973920960839e-01
8.223274358357155478e-01
8.663931569075205008e-01
8.997530861231872734e-01
8.450464690280917734e-01
8.201799116153898339e-01
8.635219359189109101e-01
8.987080478940545625e-01
8.577116470247677649e-01
8.214524774402033325e-01
8.509930600613891949e-01
9.009835736646935045e-01
8.610822385344686358e-01
8.194135137547434722e-01
8.483703606548864684e-01
8.976088335536862584e-01
8.718714772051874284e-01
8.257156439452261187e-01
8.384735412409949351e-01
8.936320886460669133e-01
8.782253055959509114e-01
8.239124532509197740e-01
8.343776970372150936e-01
8.899707798761863353e-01
8.844839348210704610e-01
8.338651011903647214e-01
8.290785832505979114e-01
8.800922556262750218e-01
8.923642932529274319e-01
8.332503497597555375e-01
8.236235189290408432e-01
8.769101229905199579e-01
8.942110103046994052e-01
8.449935207356134015e-01
8.237402630200465481e-01
8.649149880599052986e-01
9.002985789211974677e-01
8.473934921720238655e-01
8.183502280187141542e-01
8.612680385262155847e-01
8.995548146871392703e-01
8.581675135035089497e-01
8.232024476094680354e-01
8.510691036977602320e-01
8.998999160699943101e-01
8.645042994786260593e-01
8.187541287960772296e-01
8.451663205279150715e-01
8.980615937508101831e-01
8.717528370801111981e-01
8.268591089836727637e-01
8.390932963370881792e-01
8.914555638168562002e-01
8.809670651544201370e-01
8.244000148162974329e-01
8.309860408913005703e-01
8.890324258738585561e-01
8.845943076084096246e-01
8.342701159605245831e-01
8.298776528825086984e-01
8.785322997559843472e-01
8.937919510543314017e-01
8.354778294969121832e-01
8.214397449944117469e-01
8.747339083862539777e-01
8.953288002718259309e-01
8.450406731464205068e-01
8.246271189984957228e-01
8.647749240939747173e-01
9.001707651080853578e-01
8.508325577629463066e-01
8.176315881942971542e-01
8.580265567051714726e-01
9.006526798362838315e-01
8.578848844236844906e-01
8.234872899305709648e-01
8.514113753863212786e-01
8.983641539435893719e-01
8.676260496990984006e-01
8.191868605597912856e-01
8.415711383311843541e-01
8.977840058963034719e-01
8.717595532003279413e-01
8.264576583937613963e-01
8.393101061168311006e-01
8.899856473389345934e-01
8.830029768214808783e-01
8.264239727863486040e-01
8.285408176055361062e-01
8.872750777320256299e-01
8.858664588462497047e-01
8.337693652824561541e-01
8.299552410920250090e-01
8.782717922994086601e-01
8.945028935973781126e-01
8.388823653537711422e-01
8.207527481948965198e-01
8.717839875609925127e-01
8.971359136084328112e-01
8.445380792499083134e-01
8.240942453221007380e-01
8.649727337672666883e-01
8.993901972782549770e-01
8.542073357884206741e-01
8.181169344887024852e-01
8.544212556599101172e-01
9.013121704876254636e-01
8.577574639606909690e-01
8.222285539146161337e-01
8.511803571227229970e-01
8.971778284048160801e-01
8.700221197989331801e-01
8.210772540591213531e-01
8.389135947728283416e-01
8.967459461567539591e-01
8.730760873375227327e-01
8.253163271007329937e-01
8.386687241795839354e-01
8.897262969517182318e-01
8.842534489717734925e-01
8.296234253252158242e-01
8.278146762397871061e-01
8.848547616148092487e-01
8.882582688885392042e-01
8.330053203295874065e-01
8.286219222137626295e-01
8.784356582421898318e-01
8.944114277195729379e-01
8.421946647004274755e-01
8.212974965873888200e-01
8.684382895907700739e-01
8.987938999652420602e-01
8.442688008521160858e-01
8.220294569247011962e-01
8.644927607469243824e-01
8.986152329627723478e-01
8.565745097536835440e-01
8.197193032947716063e-01
8.517429312576465517e-01
9.012851677605757672e-01
8.589370670115097361e-01
8.204315906580156303e-01
8.499996050409837078e-01
8.970612816820717761e-01
8.713758638626915021e-01
8.237486195513665788e-01
8.381325258730861760e-01
8.951747573531341207e-01
8.757100840450537937e-01
8.242516852692186591e-01
8.367162757563485487e-01
8.899850611804572820e-01
8.845577252232906806e-01
8.324917854310108778e-01
8.282868782800377749e-01
8.820182393058826342e-01
8.907170529360731726e-01
8.326160309073826760e-01
8.259180426289959298e-01
8.779232259561478013e-01
8.939999594378797987e-01
8.441989438025584436e-01
8.225322264115689785e-01
8.658312362423218334e-01
8.998292507058679446e-01
8.453088798301969797e-01
8.196230479366007904e-01
8.630426854098338652e-01
8.987475485654217167e-01
8.578264680096587824e-01
8.218474295261373186e-01
8.508549161710909914e-01
9.007494350470719446e-01
8.617363712110742702e-01
8.191337155476621223e-01
8.477077477251484527e-01
8.977005124778845158e-01
8.718586075712189132e-01
8.260777003505382909e-01
8.385805341143742764e-01
8.931324641462810021e-01
8.788354562949538540e-01
8.238834334352825861e-01
8.336227343652660160e-01
8.898296162157373068e-01
8.844308668157411235e-01
8.340583516205039016e-01
8.292830304514667850e-01
8.796246324762562185e-01
8.927369660447973532e-01
8.336024144571831940e-01
8.230087599634612339e-01
8.765176654162983860e-01
8.943657528655135636e-01
8.450839267240254360e-01
8.240457335447238796e-01
8.648168986328093055e-01
9.003545900677476510e-01
8.480977134137495099e-01
8.180851328983435033e-01
8.606347845903268290e-01
8.998055815524140799e-01
8.581484712671290094e-01
8.234075487209626676e-01
8.511606371858632114e-01
8.995767177533572356e-01
8.652386641874275641e-01
8.187313175603029292e-01
8.443147263529351410e-01
8.980730225947218814e-01
8.717037892229789753e-01
8.268885721335228478e-01
8.392097424917709381e-01
8.910489894118217569e-01
8.815100805596252087e-01
8.247309529607214085e-01
8.303013254418083466e-01
8.887020873612879734e-01
8.847777775607766904e-01
8.342156425129623187e-01
8.300025104599481063e-01
8.783752644364734019e-01
8.940397335206463625e-01
8.362182023070739989e-01
8.211535333138787474e-01
8.741338384836223607e-01
8.957295166290067945e-01
8.449629873950772474e-01
8.246712752532264767e-01
8.648562744570746919e-01
9.000495682058042846e-01
8.517542967373186169e-01
8.176613571544808501e-01
8.571300205714248444e-01
9.008882309512900033e-01
8.577961540392639028e-01
8.232888682786927426e-01
8.514111727236410854e-01
8.979787320875172174e-01
8.682670484889030149e-01
8.194761573233273477e-01
8.407329558694245364e-01
8.975534364452990577e-01
8.718820282338169969e-01
8.261640523580412454e-01
8.392001363111307732e-01
8.897573276902034367e-01
8.833404055145992473e-01
8.270948025157959238e-01
8.281558462064454451e-01
8.866856357965083868e-01
8.863211910618509215e-01
8.335490634226364604e-01
8.297459290223599959e-01
8.782848251364344661e-01
8.945084411164540006e-01
8.397140517550566452e-01
8.207494415241398666e-01
8.709438845728054712e-01
8.975573022789166133e-01
8.443937802465172338e-01
8.236824116934997608e-01
8.649189005858806123e-01
8.991474715467386858e-01
8.548545041508475162e-01
8.184006889126477224e-01
8.536296838542972720e-01
9.013530047582356541e-01
8.578755826703136078e-01
8.217826126485996419e-01
8.509632958147902437e-01
8.970252754355168001e-01
8.703911986059322814e-01
8.216371233424166753e-01
8.385727814054736440e-01
8.964181314090216013e-01
8.735792219643865320e-01
8.250173485342378044e-01
8.383046749115344864e-01
8.897721653735523040e-01
8.843918572208029349e-01
8.303849658390098920e-01
8.278327427945548767e-01
8.841628647556097897e-01
8.888488140842775165e-01
8.328318237873278962e-01
8.280697154333275245e-01
8.783854512735155273e-01
8.942927699036414824e-01
8.427545545587417086e-01
8.215175221524615434e-01
8.677177362387752391e-01
8.990640070393887129e-01
8.443479653385010941e-01
8.214330518839900730e-01
8.642224381113988718e-01
8.985296981927339832e-01
8.569406741041410980e-01
8.201860663238087490e-01
8.513671581221970985e-01
9.011971440362480656e-01
8.594489368363683601e-01
