1.000000000000000056e-01
8.768411519245029873e-02
7.517992622731611840e-02
8.481336202055443640e-02
9.936221957339452793e-02
9.151308572357208515e-02
7.607665261126717038e-02
8.127990409932266125e-02
9.784147474144738732e-02
9.465626302154640792e-02
7.743069540611285939e-02
7.846735664934956223e-02
9.590504011033475218e-02
9.686451237722822072e-02
7.970457957418448924e-02
7.671802759379560410e-02
9.326550279552045519e-02
9.865558351001339765e-02
8.298867792698190471e-02
7.559375110899668737e-02
8.964197994255003465e-02
9.982045088460053672e-02
8.648552686800331513e-02
7.490338818652078623e-02
8.592202461145691250e-02
9.995229754881622408e-02
8.952238339867492345e-02
7.512246463306949951e-02
8.291629139680532778e-02
9.913449762832758638e-02
9.248026521431038094e-02
7.659874602263129495e-02
8.030895237963794897e-02
9.714746381937486297e-02
9.567099107733954833e-02
7.891209776811033971e-02
7.774913353820576967e-02
9.417576139044277206e-02
9.824459850975277020e-02
8.140084616394041572e-02
7.574123221705683640e-02
9.118332758566097263e-02
9.959152018012418228e-02
8.413659641704700209e-02
7.491999544523936239e-02
8.828002549815472388e-02
9.997490934225992942e-02
8.762065331441194760e-02
7.518957357154572307e-02
8.488880520514249794e-02
9.937760587091164222e-02
9.144667121861611847e-02
7.601228825278616430e-02
8.133361733957107653e-02
9.792553268672496425e-02
9.453381038162440853e-02
7.733717199078501969e-02
7.855863516051442286e-02
9.603108387803944990e-02
9.675361484180246274e-02
7.964484880332443895e-02
7.680859413748307440e-02
9.335040983389572555e-02
9.861729797511326057e-02
8.293322469523684015e-02
7.561582128242597123e-02
8.969565368296121555e-02
9.983083377658590052e-02
8.636395650985466410e-02
7.487268854315780320e-02
8.602899416990790471e-02
9.998898279932696975e-02
8.936316552985361372e-02
7.510032145913335400e-02
8.306476162367515403e-02
9.917716906929936738e-02
9.238394041986026928e-02
7.658325124822745744e-02
8.040672234519856409e-02
9.717547699161438457e-02
9.563697912051855043e-02
7.884113243038458341e-02
7.777997411305123676e-02
9.424919948792906399e-02
9.819746163921602711e-02
8.126432572474021065e-02
7.576781440364938058e-02
9.133510435220730528e-02
9.953663390762630681e-02
8.401777085083379781e-02
7.496379107229035610e-02
8.842029533381795536e-02
9.994951598517486102e-02
8.756141118252601385e-02
7.519617390494914844e-02
8.495846949234008016e-02
9.939671577241178391e-02
9.137352622155681114e-02
7.594521020757347141e-02
8.139130144843595427e-02
9.801317173880134959e-02
9.440498504739068542e-02
7.724876367614959272e-02
7.865649045151874852e-02
9.615263509090535288e-02
9.664484342262870398e-02
7.959028153708448683e-02
7.689778331227392627e-02
9.342757808876089864e-02
9.858374657692567378e-02
8.287432232185786007e-02
7.563382838203991376e-02
8.975114402757405907e-02
9.984146031606640215e-02
8.623549385472048523e-02
7.484449192506294202e-02
8.614467620818053173e-02
1.000222531673128773e-01
8.920562722600804129e-02
7.508376862636673144e-02
8.321432001199551010e-02
9.921367509464007473e-02
9.229539014842723377e-02
7.656792651328889199e-02
8.049861925274047481e-02
9.720217468132265337e-02
9.560274721482275861e-02
7.876448852825788938e-02
7.780956168073294155e-02
9.432975112868216550e-02
9.814328154276587279e-02
8.112733712179211187e-02
7.579948521455194543e-02
9.148932737448933761e-02
9.947737202842137083e-02
8.390640661499160213e-02
7.501066358418148616e-02
8.855340050665345963e-02
9.992419676992508881e-02
8.750485610000344194e-02
7.519911361391846960e-02
8.502324174292208436e-02
9.941947218361066319e-02
9.129284444099536322e-02
7.587612461517198592e-02
8.145379408144202971e-02
9.810348539382418576e-02
9.427072798218055771e-02
7.716603060013867144e-02
7.876034379531803020e-02
9.626901950211934345e-02
9.654009985012661221e-02
7.954094127533248293e-02
7.698553369183198936e-02
9.349764832059169473e-02
9.855509571742206154e-02
8.281128360002228128e-02
7.564808563884928283e-02
8.980918567829868082e-02
9.985110972499298965e-02
8.610053240432168076e-02
7.481898924603785916e-02
8.626824455551514170e-02
1.000510551500563838e-01
8.905164939652401856e-02
7.507302217254026300e-02
8.336376256640798399e-02
9.924453828561537183e-02
9.221481228803890540e-02
7.655230736595278196e-02
8.058475401061436505e-02
9.722916520470785418e-02
9.556764059983675896e-02
7.868290617133941178e-02
7.783920272229953585e-02
9.441804571112247246e-02
9.808259994942006288e-02
8.099167197839537979e-02
7.583730172779230838e-02
9.164571668701691765e-02
9.941525025884023758e-02
8.380349231951937650e-02
7.506038495030370461e-02
8.867947462112854562e-02
9.990029601925710934e-02
8.745032009326927924e-02
7.519853117576502655e-02
8.508428430724196412e-02
9.944668719178603733e-02
9.120484605717693594e-02
7.580611034830711525e-02
8.152221582471594341e-02
9.819593139215328226e-02
9.413266004781425944e-02
7.708974048374780952e-02
7.887021553756178027e-02
9.638023072658771784e-02
9.644077810315122845e-02
7.949646998297522915e-02
7.707139008304883521e-02
9.356163964846228587e-02
9.853137845602885636e-02
8.274432050903923752e-02
7.565982732005167855e-02
8.987252300656491111e-02
9.986078139053525260e-02
8.596096788199943106e-02
7.479816271458641919e-02
8.640088798921410906e-02
1.000763785592290178e-01
8.890288105122028106e-02
7.506814970377753693e-02
8.351265563941411008e-02
9.927057207147362006e-02
9.214231406639548927e-02
7.653596500594297969e-02
8.066558622919613175e-02
9.725785016085890244e-02
9.553081211373430637e-02
7.859692513134419745e-02
7.787035685695561926e-02
9.451475495452946185e-02
9.801604380366410463e-02
8.085910742258765882e-02
7.588239523692280608e-02
9.180401445274129213e-02
9.935170943065282922e-02
8.370965897806900702e-02
7.511317433356780315e-02
8.879909624343962360e-02
9.987934154368781348e-02
8.739745887493485799e-02
7.519499944166020688e-02
8.514373888009954539e-02
9.947910206423009327e-02
9.110968477346019501e-02
7.573666370827361605e-02
8.159827428677077221e-02
9.829054990465799224e-02
9.399119594538601907e-02
7.701997936920285115e-02
7.898537279587541926e-02
9.648472608516270310e-02
9.634631492012016296e-02
7.945481900433323807e-02
7.715367209394594084e-02
9.361948272337985988e-02
9.851073877328404838e-02
8.267085754817228571e-02
7.566782127828480808e-02
8.993911267813446686e-02
9.986597091673622695e-02
8.581438930521406716e-02
7.477957003296226146e-02
8.653914319614973427e-02
1.000949228040748373e-01
8.875752729972768984e-02
7.506692529531705516e-02
8.365797547628422981e-02
9.929041984796356524e-02
9.207523764716493697e-02
7.651638890148156069e-02
8.073946306773759074e-02
9.728726826114954263e-02
9.548901334660732376e-02
7.850456272694315840e-02
7.790157157213012384e-02
9.461749494547573580e-02
9.794060047076710851e-02
8.072760096826162024e-02
7.593221974071011349e-02
9.196034918975953820e-02
9.928443167023474902e-02
8.362176026430262477e-02
7.516570014643467190e-02
8.890903258590107661e-02
9.985869775927640191e-02
8.734195968761919449e-02
7.518559213600896352e-02
8.519955673711392119e-02
9.951346681935895055e-02
9.100402789322507846e-02
7.566580112967594141e-02
8.167937511462960987e-02
9.838325626957795944e-02
9.384574347964472207e-02
7.695525320707705119e-02
7.910285655346546707e-02
9.658047591652513253e-02
9.625614340341609454e-02
7.941416088194686029e-02
7.723072674817092753e-02
9.366777781042724682e-02
9.848841590420648329e-02
8.258713816018548037e-02
7.566949846267881363e-02
9.000779113396306652e-02
9.986403606902288788e-02
8.565993681845669727e-02
7.476202883658927822e-02
8.668014994286278585e-02
1.001042437687830744e-01
8.861464538203044083e-02
7.506641231038925499e-02
8.379586813718888083e-02
9.930143089361316566e-02
9.200982267767846001e-02
7.649026760471959452e-02
8.080372972981061941e-02
9.731527685298453634e-02
9.543829959829591703e-02
7.840416402760515269e-02
7.793128056746591314e-02
9.472271954002287053e-02
9.785414826160543367e-02
8.059651438028668513e-02
7.598445520869634429e-02
9.211052071579420297e-02
9.921195457197674872e-02
8.353757057106439565e-02
7.521486778831150410e-02
8.900710074600214072e-02
9.983717896096455657e-02
8.728121026795998549e-02
7.516899127484973075e-02
8.525141825113360938e-02
9.954808251146994580e-02
9.088724218023752632e-02
7.559387827583557984e-02
8.176562812352082543e-02
9.847241754002462877e-02
9.369671793726803977e-02
7.689483189513227068e-02
7.922142593797361354e-02
9.666652235115996694e-02
9.617009314582142254e-02
7.937284298656629988e-02
7.730140661857722029e-02
9.371610811506556060e-02
9.847247538993654514e-02
8.250108555273569233e-02
7.567324065533338751e-02
9.008750651491335970e-02
9.986288864893012873e-02
8.550680551188499789e-02
7.475339861182811463e-02
8.683100244893320052e-02
1.001129717024301091e-01
8.848335471000357000e-02
7.507360724044237488e-02
8.393332987225093911e-02
9.931326536079643219e-02
9.195391532912465526e-02
7.646488786357209799e-02
8.086683501904592952e-02
9.735130118398827026e-02
9.538645788581980034e-02
7.830406655651919734e-02
7.796805826598127154e-02
9.483859084632290104e-02
9.776603483225103364e-02
8.047463965821308185e-02
7.604666401131682241e-02
9.226199096782422560e-02
9.914399957155468901e-02
8.346458192222278027e-02
7.526756941359880049e-02
8.910151210617602013e-02
9.982358294816952304e-02
8.722183977226354024e-02
7.515227419106360052e-02
8.530768149531761657e-02
9.958983869571716441e-02
9.076621544414480158e-02
7.552682152687663353e-02
8.186192915353679433e-02
9.856245920566136798e-02
9.355046386191336050e-02
7.684293542987666314e-02
7.934407657288090887e-02
9.674696131436769098e-02
9.609340978079072837e-02
7.933437551723954151e-02
7.736976651122325077e-02
9.376127671939989139e-02
9.845736048134959284e-02
8.240781018999152052e-02
7.567553791008312103e-02
9.017415680799012456e-02
9.985697805839402474e-02
8.535142454733259110e-02
7.474949066127009600e-02
8.698595169934672522e-02
1.001160528243642545e-01
8.835937589621176147e-02
7.508388682975571105e-02
8.406525935264339000e-02
9.932193318083298861e-02
9.190171343394996917e-02
7.643557817108233288e-02
8.092547979512812462e-02
9.739177411251169481e-02
9.532804254490917506e-02
7.820088913458769775e-02
7.800869882202424166e-02
9.495987412713895182e-02
9.767161583821079573e-02
8.035800298545434095e-02
7.611430692314073709e-02
9.240915041128272556e-02
9.907630857846302930e-02
8.339732923661277719e-02
7.531913461270978161e-02
8.918794781414163264e-02
9.981286344550033274e-02
8.715782696857406198e-02
7.513162079577538621e-02
8.536553734680378536e-02
9.963391073390207020e-02
9.063749139236634833e-02
7.546296333959311153e-02
8.196671112393809355e-02
9.865074363096361376e-02
9.340652047842692984e-02
7.679840919798139320e-02
7.946913874430996949e-02
9.682117682862455277e-02
9.602397138550618216e-02
7.929597753057841814e-02
7.743364472067616744e-02
9.380510212960435634e-02
9.844284572533748556e-02
8.230822071888724278e-02
7.567796029824391812e-02
9.026912145783848318e-02
9.984668445068739517e-02
8.519573692718687696e-02
7.475133828479696430e-02
8.714472163858087705e-02
1.001144190773934767e-01
8.824369145394689307e-02
7.509685710489413801e-02
8.419140394176954922e-02
9.932868234303186827e-02
9.185247203229804369e-02
7.640213383870468611e-02
8.098019760399080558e-02
9.743743115919087372e-02
9.526269387707081426e-02
7.809564911005414944e-02
7.805387041360577205e-02
9.508571143674762749e-02
9.757190002420616792e-02
8.024772235917375374e-02
7.618735009003624326e-02
9.255080330616559381e-02
9.900990767007074311e-02
8.333512792673918035e-02
7.536877127561136813e-02
8.926686177969520020e-02
9.980532323574975440e-02
8.708813878656304630e-02
7.510688390731978803e-02
8.542548448106104808e-02
9.967934276499597346e-02
9.050062948386286554e-02
7.540183436615333079e-02
8.207843800757168296e-02
9.873469168568632659e-02
9.326395008132264131e-02
7.675858770364635264e-02
7.959333198005688614e-02
9.688663692006280193e-02
9.596026876696286956e-02
7.925530354157823976e-02
7.749185019508413041e-02
9.384780559504031505e-02
9.842683795654161294e-02
8.220103728403597987e-02
7.567952913319002384e-02
9.037102860968962426e-02
9.982983982240545284e-02
8.503938636865505940e-02
7.475805130016963118e-02
8.730482739105469014e-02
1.001068479534323180e-01
8.813502622543135934e-02
7.511056341883678988e-02
8.430972563014658971e-02
9.933285842012189171e-02
9.180348131327135952e-02
7.636323001095864094e-02
8.103084624983954154e-02
9.748779953669675646e-02
9.518911687901465690e-02
7.798869858998494498e-02
7.810396248291383292e-02
9.521475123692302311e-02
9.746734660537477446e-02
8.014414173204573166e-02
7.626495933607883859e-02
9.268619782632031567e-02
9.894563270093247043e-02
8.327709916146154578e-02
7.541555960927995295e-02
8.933961300645719417e-02
9.980203438975392138e-02
8.701317781564280041e-02
7.507990351750774838e-02
8.548972606684772380e-02
9.972619581381486631e-02
9.035757593597017190e-02
7.534508829491563808e-02
8.219746648657451360e-02
9.881426811354868112e-02
9.312532532744111080e-02
7.672442757547463799e-02
7.971696751402737591e-02
9.694530204020937458e-02
9.590335619605434847e-02
7.921290512463120825e-02
7.754561410246474384e-02
9.389039703547433224e-02
9.840821650352919725e-02
8.208677362983574088e-02
7.568181166508522462e-02
9.048073279811864877e-02
9.980686756645960889e-02
8.488431645003748083e-02
7.476974726429962137e-02
8.746526370632101699e-02
1.000943165097403359e-01
8.803430343494024479e-02
7.512502459452172210e-02
8.442077483247892311e-02
9.933613814444094969e-02
9.175409268280002029e-02
7.631901138382944649e-02
8.107843630528178969e-02
9.754268306689514723e-02
9.510597066001466593e-02
7.787984562931839216e-02
7.815851034347577608e-02
9.534480086660156173e-02
9.735712033056483083e-02
8.004557631555442310e-02
7.634484149195809588e-02
9.281267620384857364e-02
9.888227416745085097e-02
8.322072280826106616e-02
7.545775298308031453e-02
8.940468947455534887e-02
9.980007935600662683e-02
8.692990460086888471e-02
7.504889060474534412e-02
8.555745086562840940e-02
9.977183915720917728e-02
9.020752366775715292e-02
7.529186540355731205e-02
8.232229804322999112e-02
9.888786151633545407e-02
9.299000436799341462e-02
7.669363095802954333e-02
7.983711077611350959e-02
9.699544246967115035e-02
9.585064619695703170e-02
7.916571628527759030e-02
7.759278642204045506e-02
9.393669278342504925e-02
9.838860331574743323e-02
8.196835436969156230e-02
7.568733526242191201e-02
9.059990129759755428e-02
9.977981116743263323e-02
8.473357041258912370e-02
7.478841121308622830e-02
8.762671495262262800e-02
1.000792318761460076e-01
8.794290542352084517e-02
7.514106408429437056e-02
8.452572594645528514e-02
9.934130078455001567e-02
9.170532233416170409e-02
7.627155949775596411e-02
8.112680840684878547e-02
9.760562174433262683e-02
9.501704307355215984e-02
7.777371615141953631e-02
7.822141288242404067e-02
9.547860722821803481e-02
9.724663024559040969e-02
7.995665787719735684e-02
7.643027695365839369e-02
9.293356255334193905e-02
9.882450777019723132e-02
8.316841633500567099e-02
7.549810747076862727e-02
8.946677625191259975e-02
9.980310885045139135e-02
8.684107464394127951e-02
7.501765883255781531e-02
8.563246704038279811e-02
9.981864484321022191e-02
9.005442423755329051e-02
7.524491051897384819e-02
8.245432646936157184e-02
9.895710738311441768e-02
9.286191126872873902e-02
7.666840694755300278e-02
7.995551852887822220e-02
9.704058255150538326e-02
9.580459855852890838e-02
7.911623793470710930e-02
7.763680983127956015e-02
9.398572277337009784e-02
9.836511880775185290e-02
8.184427621184632573e-02
7.569509746031492792e-02
9.072626586701165730e-02
9.974663147868446933e-02
8.458682037368217554e-02
7.481215556473852502e-02
8.778612846791200575e-02
1.000604553417552001e-01
8.785909553591858545e-02
7.515654141737522498e-02
8.462314598909963237e-02
9.934748981076696461e-02
9.165402248703145849e-02
7.621946648926430923e-02
8.117368963341808907e-02
9.767305656017644111e-02
9.491890965458288365e-02
7.766836107944406764e-02
7.828990873853518273e-02
9.561138474888943029e-02
9.713343783276318089e-02
7.987426965713169402e-02
7.651772508786805482e-02
9.304586659162683571e-02
9.877029196794195887e-02
8.311649564758061270e-02
7.553405037867394478e-02
8.952469230203069506e-02
9.980869541645473464e-02
8.674472239033936827e-02
7.498534285535855826e-02
8.571410832738078633e-02
9.986451336236570886e-02
8.989797169987692738e-02
7.520367781033455989e-02
8.259213962126678299e-02
9.902086356426732794e-02
9.274056724078938441e-02
7.664720901256030783e-02
8.007077165478670988e-02
9.708082882310609119e-02
9.576358434529771979e-02
7.906296909194429623e-02
7.767738382618316617e-02
9.403972776905954178e-02
9.833760737848090683e-02
8.171610721653910225e-02
7.570675739458625209e-02
9.086083115494987539e-02
9.970868131190904760e-02
8.444573163674035099e-02
7.484208637367616157e-02
8.794355475860014815e-02
1.000394112432562294e-01
8.778261028895434359e-02
7.517134098880977333e-02
8.471392353616927218e-02
9.935608907593720951e-02
9.159950009095768619e-02
7.616343550612905688e-02
8.122227661882475136e-02
9.774702864640362476e-02
9.481353003089916520e-02
7.756627310166430700e-02
7.836605598318523158e-02
9.574428333059152585e-02
9.702017426328268801e-02
7.979964556245983109e-02
7.660782780441123541e-02
9.315070006340887832e-02
9.872135252614379353e-02
8.306558863381573177e-02
7.556645249565721589e-02
8.958041442991217240e-02
9.981699982479827482e-02
8.664094281401807374e-02
7.495297765504620180e-02
8.580309846324681022e-02
9.990837108673257527e-02
8.973929582779112402e-02
7.516823581937977228e-02
8.273466852770756941e-02
9.907853435147406795e-02
9.262644458560914673e-02
7.662840510457094578e-02
8.018119850408653160e-02
9.711607697387002192e-02
9.572572165136607192e-02
7.900425020011747623e-02
7.771385724432432196e-02
9.409892702795789876e-02
9.830505119648945411e-02
8.158441322504286775e-02
7.572225327473705581e-02
9.100115354035247239e-02
9.966480080979453482e-02
8.431035186718786878e-02
7.487616504610236645e-02
8.809661057212009316e-02
1.000160502859261530e-01
8.771235540740587866e-02
7.518420039084337814e-02
8.479764859727102755e-02
9.936709439053742488e-02
9.154031644306427629e-02
7.610314254939218315e-02
8.127229218152103030e-02
9.782558849028531733e-02
9.470029108431014808e-02
7.746730140338277393e-02
7.844887997810028046e-02
9.587492586611091883e-02
9.690708334615420749e-02
7.973177259186189914e-02
7.669859554500367549e-02
9.324678689136166321e-02
9.867683932407408931e-02
8.301295530849513160e-02
7.559406015747494045e-02
8.963431689695108839e-02
9.982639111426362677e-02
8.652887753464552634e-02
7.492058804251132409e-02
8.589985197909445758e-02
9.994961234181488907e-02
8.957899972000608890e-02
7.513827022754787643e-02
8.288050009462272216e-02
9.912949136520252114e-02
9.251941879909786337e-02
7.661138275243119244e-02
8.028656514950782697e-02
9.714746369754140298e-02
9.569000931698191936e-02
7.894011687791295528e-02
7.774746179415177594e-02
9.416385112884870234e-02
9.826622627241897445e-02
8.144935449782864101e-02
7.574208926074936510e-02
9.114743462794910878e-02
9.961597227822349687e-02
8.418171806350657760e-02
7.491527526273097926e-02
8.824530031912546091e-02
9.999135076989854043e-02
8.764745334222497075e-02
7.519473103284442239e-02
8.487506860920705776e-02
9.938144586594456487e-02
9.147548475855185601e-02
7.603948683683843524e-02
8.132516443602177958e-02
9.790877236865018485e-02
9.457946889624485598e-02
7.737228181400322702e-02
7.853862845074588428e-02
9.600257878557739988e-02
9.679480970833821696e-02
7.966962670898396215e-02
7.678925411639202225e-02
9.333438197365528932e-02
9.863682882224637793e-02
8.295788573049213410e-02
7.561731003228341907e-02
8.968802830288313821e-02
9.983661454007312919e-02
8.640919355225683274e-02
7.488940539951760567e-02
8.600468199005190106e-02
9.998741957350418263e-02
8.941869383495845702e-02
7.511402792769474035e-02
8.302864758968779568e-02
9.917401548563753444e-02
9.242027021682269750e-02
7.659560742157438262e-02
8.038626847908045270e-02
9.717606333839035049e-02
9.565568430254928201e-02
7.887059392168220551e-02
7.777859949215343294e-02
9.423499816235365867e-02
9.822078956998762933e-02
8.131281030728676473e-02
7.576668278634673959e-02
9.129760132797401506e-02
9.956186714708516183e-02
8.406008816429447195e-02
7.495769545503011555e-02
8.838723201009895947e-02
9.996578162102162657e-02
8.758674537448968289e-02
7.520193821141990531e-02
8.494645225511780751e-02
9.939946508671836101e-02
9.140465245192073984e-02
7.597344826297301734e-02
8.138185768767730588e-02
9.799592451454508524e-02
9.445294978234736183e-02
7.728269532932857677e-02
7.863489172281307171e-02
9.612597515203187559e-02
9.668579910756461282e-02
7.961407508271058087e-02
7.687948472193668892e-02
9.341351477991707841e-02
9.860139313447084664e-02
8.289962390366872880e-02
7.563599384167529749e-02
8.974216677872369485e-02
9.984655985499017727e-02
8.628189763247226529e-02
7.485968204085483024e-02
8.611713769907861082e-02
1.000210369555884909e-01
8.925978116151214725e-02
7.509518495087845469e-02
8.317731572383194050e-02
9.921156892728454080e-02
9.232857240052749770e-02
7.657966148381011029e-02
8.047939290736329243e-02
9.720240451296834061e-02
9.562100791174799053e-02
7.879512670156273157e-02
7.780813565106158014e-02
9.431319345251466812e-02
9.816838659102739006e-02
8.117538364458351530e-02
7.579662622383222248e-02
9.145124868990228695e-02
9.950350389275473828e-02
8.394604596998300750e-02
7.500366313083427217e-02
8.852260707270996620e-02
9.993993606723558520e-02
8.752909514961854098e-02
7.520582876766515601e-02
8.501208683063173066e-02
9.942046210389160477e-02
9.132516093401982227e-02
7.590366959548194847e-02
8.144210418822360464e-02
9.808476631685524028e-02
9.431882691318624334e-02
7.719705445960768631e-02
7.873662954936433422e-02
9.624358950245309741e-02
9.657876291602955632e-02
7.956245766973953082e-02
7.696731812868619349e-02
9.348567419938233480e-02
9.857120676577575680e-02
8.283784300273512591e-02
7.565145867952574599e-02
8.979950924926852207e-02
9.985662152378971257e-02
8.614833759573677086e-02
7.483318483371023677e-02
8.623860225326480944e-02
1.000511290847461293e-01
8.910399628287930807e-02
7.508243504750980457e-02
8.332717961537908224e-02
9.924398918944765668e-02
9.224529082883536901e-02
7.656391556808618548e-02
8.056726327926025388e-02
9.722899833401048297e-02
9.558584166916964109e-02
7.871446454568334361e-02
7.783740499247100708e-02
9.439887870718906282e-02
9.810895700795783936e-02
8.103841935024036491e-02
7.583240555431811081e-02
9.160705652601677795e-02
9.944146294246686280e-02
8.383977535840478335e-02
7.505221085858830576e-02
8.865046203820238502e-02
9.991460074697694482e-02
8.747311371170873873e-02
7.520553782763272910e-02
8.507354970491087798e-02
9.944550510462536741e-02
9.123834135391382938e-02
7.583292682685810471e-02
8.150793102092389331e-02
9.817560103902479851e-02
9.417980733096550927e-02
7.711722644315553710e-02
7.884360059889965189e-02
9.635482078386639615e-02
9.647564099105997160e-02
7.951476710613593346e-02
7.705223829781908396e-02
9.354967891303110628e-02
9.854401950984127689e-02
8.276990877173352745e-02
7.566196769759742091e-02
8.985887950242520128e-02
9.986375622568839650e-02
8.600745661666278630e-02
7.480876247529191780e-02
8.636671928891895278e-02
1.000751807018284562e-01
8.895102778032726309e-02
7.507403581800159431e-02
8.347470351550034806e-02
9.926929228506917169e-02
9.216821205797894045e-02
7.654592359454447104e-02
8.064785223574819084e-02
9.725504848800362034e-02
9.554765257398017964e-02
7.862779259432857437e-02
7.786644945822300545e-02
9.449203544756756834e-02
9.804243974241247384e-02
8.090312034714854106e-02
7.587412618129898978e-02
9.176393331748521065e-02
9.937673488979285874e-02
8.374218621462567458e-02
7.510338772191081647e-02
8.877122420045926998e-02
9.989177274528790451e-02
8.741905013938765234e-02
7.520225102909687542e-02
8.513280285021107563e-02
9.947588330791413969e-02
9.114455145973011929e-02
7.576265711328702968e-02
8.158147782919673852e-02
9.826957677207258379e-02
9.403904445227770359e-02
7.704538207708996889e-02
7.895694214009604806e-02
9.646106471732986132e-02
9.637932819126796002e-02
7.947217713591732402e-02
7.713549623797004429e-02
9.360902752274129213e-02
9.852237006621250570e-02
8.269833259379678891e-02
7.567105372941557162e-02
8.992481146584838103e-02
9.987066456584799135e-02
8.586293466692818122e-02
7.479004303511897767e-02
8.650424799631897810e-02
1.000964272148253953e-01
8.880503678682831470e-02
7.507235339995875500e-02
8.362189046303827866e-02
9.929150164381297938e-02
9.210017267209950897e-02
7.652787924055301505e-02
8.072429748050097276e-02
9.728475212110958281e-02
9.550771497939740395e-02
7.853745838990705552e-02
7.789782622501498222e-02
9.459299297056732170e-02
9.796936101511344308e-02
8.077103048982864353e-02
7.592262023999206411e-02
9.192106206905324706e-02
9.931040366507162820e-02
8.365222538682004494e-02
7.515570801570281567e-02
8.888372285875507928e-02
9.987074468946598171e-02
8.736393012785718948e-02
7.519408616920514321e-02
8.518906519329703941e-02
9.950930120545924129e-02
9.104154607688237644e-02
7.569177614907748874e-02
8.166094711206990653e-02
9.836278032196497934e-02
9.389431705310631593e-02
