0.000000000000000000e+00
8.375492447970654786e-06
1.687689799552572685e-05
2.538875946015665009e-05
3.377604671340176572e-05
4.212854236341095790e-05
5.060347228853675328e-05
5.913245675351359442e-05
6.755672944931999998e-05
7.589620123970776562e-05
8.433823821290243835e-05
9.286447424547090762e-05
1.013163781685480887e-04
1.096676786933051208e-04
1.180884339594825641e-04
1.265983991434729220e-04
1.350702682660222904e-04
1.434293908470084700e-04
1.518289644510908325e-04
1.603446802239020890e-04
1.688297883182348605e-04
1.771996079632851115e-04
1.855795838829578045e-04
1.940744261407959350e-04
2.025757957053908771e-04
2.109625403072560798e-04
2.193129898467554954e-04
2.277792542652451457e-04
2.362949121180546268e-04
2.447200177034192172e-04
2.530674492855512487e-04
2.615092257774759722e-04
2.700380164616575634e-04
2.784946320546333024e-04
2.868409386184077271e-04
2.952558415560470892e-04
3.037691857842359346e-04
3.122546824324902741e-04
3.206156853034736426e-04
3.290000850837354412e-04
3.374876967039111726e-04
3.459929079453981089e-04
3.543851879054441098e-04
3.627415489429458161e-04
3.712135695849167871e-04
3.797370703450648967e-04
3.881549729041206941e-04
3.964938408222016186e-04
4.049383107764306091e-04
4.134602403915267144e-04
4.219116796646630034e-04
4.302574007608749767e-04
4.386739055037461961e-04
4.471939361133802520e-04
4.556756681885036088e-04
4.640341813166787895e-04
4.724279595803542852e-04
4.809251920584975718e-04
4.894306617386424063e-04
4.978143486324328876e-04
5.061796305127559854e-04
5.146589886421962983e-04
5.231838374345634075e-04
5.315949458477742685e-04
5.399407463047823340e-04
5.483916528830472823e-04
5.569247499452641831e-04
5.653721664785119321e-04
5.737140629676814327e-04
5.821376615509835225e-04
5.906632015490450921e-04
5.991420206384633681e-04
6.074961933857778900e-04
6.158929310419846564e-04
6.243954198790295767e-04
6.328997196015098085e-04
6.412740236144797833e-04
6.496451381942519587e-04
6.581164143024211856e-04
6.666276720245224415e-04
6.750408302276366540e-04
6.833949254268875022e-04
6.918470597778259099e-04
7.003739035869932170e-04
7.088170335049296658e-04
7.171608848751811561e-04
7.255913788650227274e-04
7.341128072122964435e-04
7.425852743026539748e-04
7.509390100135489646e-04
7.593415329297357888e-04
7.678453546577176545e-04
7.763420007277788007e-04
7.847163628196035436e-04
7.930964224124544860e-04
8.015831528854272178e-04
8.100975652001522710e-04
8.185016943956307470e-04
8.268622100062298936e-04
8.353195663322266146e-04
8.438469537101904493e-04
8.522831271120876861e-04
8.606284666138649519e-04
8.690720606927613938e-04
8.775863621339094174e-04
8.860461564443777773e-04
8.943987783495364321e-04
9.028195940196082590e-04
9.113309592544925879e-04
9.198089395752337373e-04
9.281828835119734864e-04
9.365720014533042643e-04
9.450635660415662677e-04
9.535586442752536649e-04
9.619548300084061884e-04
9.703207107974649338e-04
9.787967601892846609e-04
9.873068315997476918e-04
9.957257530922749948e-04
1.004074973281393612e-03
1.012537297074083201e-03
1.021063706902716490e-03
1.029495050708268810e-03
1.037841476523956646e-03
1.046271782833879411e-03
1.054804816195246920e-03
1.063274664398008084e-03
1.071622512258643429e-03
1.080022752888923441e-03
1.088534060737597403e-03
1.097025684824662643e-03
1.105392478743707184e-03
1.113780258154804803e-03
1.122283038796041211e-03
1.130776961222495483e-03
1.139162107225035912e-03
1.147525457218604274e-03
1.156021792811198117e-03
1.164545040985692391e-03
1.172943401684908068e-03
1.181294614779599024e-03
1.189754311288707816e-03
1.198283120971910297e-03
1.206715357378502140e-03
1.215061289854094855e-03
1.223509978840728752e-03
1.232030605163777874e-03
1.240475774877681332e-03
1.248823494895299254e-03
1.257248973722548645e-03
1.265778460962313848e-03
1.274246983883615134e-03
1.282605460558014065e-03
1.290994877520974891e-03
1.299512509609286907e-03
1.308013270797150343e-03
1.316384762800017682e-03
1.324748341908950312e-03
1.333240758367496047e-03
1.341763031521206809e-03
1.350162294384295823e-03
1.358520942398737819e-03
1.366977085617090146e-03
1.375507211185812966e-03
1.383942573756213532e-03
1.392290712091730871e-03
1.400722009741401340e-03
1.409247806509669135e-03
1.417715773013426871e-03
1.426068126650704418e-03
1.434471842056625696e-03
1.442984568388261824e-03
1.451476906860905101e-03
1.459842439123865566e-03
1.468230108596507927e-03
1.476732657209069632e-03
1.485227065595563258e-03
1.493610227184614036e-03
1.501973931691159315e-03
1.510469250380895231e-03
1.518992813272737608e-03
1.527392573740316353e-03
1.535742802919882371e-03
1.544201800484504457e-03
1.552730239325401940e-03
1.561163254962493353e-03
1.569511942455728472e-03
1.577955086892890045e-03
1.586471136915372157e-03
1.594921803664374861e-03
1.603266947300183501e-03
1.611693295562458168e-03
1.620223086642727777e-03
1.628694259859789478e-03
1.637047588295208102e-03
1.645435693416071087e-03
1.653951510434708682e-03
1.662450909487096957e-03
1.670820688703720082e-03
1.679201326763280237e-03
1.687698976997177233e-03
1.696200205795774440e-03
1.704590768543974089e-03
1.712952538176374349e-03
1.721440598712528419e-03
1.729961308439425171e-03
1.738370065989136397e-03
1.746712357453563368e-03
1.755172383662199388e-03
1.763706536132748741e-03
1.772145905499887888e-03
1.780494136208180455e-03
1.788919261596347374e-03
1.797440416131653200e-03
1.805906313047180110e-03
1.814255445193808328e-03
1.822671518485303186e-03
1.831194043382895764e-03
1.839666739612133475e-03
1.848025032691423238e-03
1.856411264289298214e-03
1.864926996174572126e-03
1.873434397647319579e-03
1.881811028547550335e-03
1.890177960408030060e-03
1.898662533418120184e-03
1.907175054917979338e-03
1.915573348612769787e-03
1.923931464544314726e-03
1.932410811997726727e-03
1.940931804678950332e-03
1.949345457460065168e-03
1.957687163175064662e-03
1.966142110603582866e-03
1.974676598038353943e-03
1.983122549167724239e-03
1.991468734383191122e-03
1.999890127016585445e-03
2.008411939884853416e-03
2.016886584368683503e-03
2.025244549621955849e-03
2.033644623941763090e-03
2.042148752099800547e-03
2.050640323742858751e-03
2.059012000445551403e-03
2.067395722694384888e-03
2.075891611355564111e-03
2.084389470168505117e-03
2.092785408616348441e-03
2.101151329694348965e-03
2.109624994123144529e-03
2.118135567100947522e-03
2.126567247667544239e-03
2.134922391543371979e-03
2.143360828984900660e-03
2.151875652634133509e-03
2.160339628697762523e-03
2.168696019964768892e-03
2.177105675692722619e-03
2.185611112570816448e-03
2.194094195148428832e-03
2.202461778013619850e-03
2.210848664229916796e-03
2.219351618518271372e-03
2.227849458112668522e-03
2.236237452166834217e-03
2.244605103956004172e-03
2.253087083708380477e-03
2.261595175428758684e-03
2.270013772469254339e-03
2.278370875496269279e-03
2.286820831585372350e-03
2.295334300831019820e-03
2.303790227469493766e-03
2.312146184912423647e-03
2.320561076736716005e-03
2.329070691755169131e-03
2.337554530092344519e-03
2.345918751597492365e-03
2.354307132829832130e-03
2.362814048990267545e-03
2.371310327373224620e-03
2.379691603005646035e-03
2.388059181714094394e-03
2.396548856492032326e-03
2.405061445313907281e-03
2.413461783855162194e-03
2.421813842199649520e-03
2.430275636715745636e-03
2.438802745075803469e-03
2.447237343895889740e-03
2.455576915994783609e-03
2.464007792664644689e-03
2.472538321881362963e-03
2.481005550284211963e-03
2.489352441100631079e-03
2.497750248842656520e-03
2.506266517854008856e-03
2.514762950102339498e-03
2.523132842661057230e-03
2.531502179989369473e-03
2.539993452671854800e-03
2.548509428432815284e-03
2.556907269759015229e-03
2.565254564385382931e-03
2.573719657498258016e-03
2.582246233980174926e-03
2.590677210809277150e-03
2.599016019291631226e-03
2.607449176234560330e-03
2.615978384713319067e-03
2.624441175377573068e-03
2.632787269654270849e-03
2.641192011753326283e-03
2.649708401120202342e-03
2.658199274137186888e-03
2.666563077483752320e-03
2.674939700817265207e-03
2.683437857718594822e-03
2.691950167047948636e-03
2.700340708847816674e-03
2.708692424296646386e-03
2.717165180281263127e-03
2.725694958353798089e-03
2.734120062952578520e-03
2.742461445377741055e-03
2.750901737442187651e-03
2.759428354342024440e-03
2.767880814059188021e-03
2.776228182214293943e-03
2.784653103211787856e-03
2.793171431334485599e-03
2.801632374662150343e-03
2.809983169583581825e-03
2.818384416382725341e-03
2.826908343900386839e-03
2.835403298850228213e-03
2.843765670800900338e-03
2.852142947860526398e-03
2.860636747454346415e-03
2.869144159479765453e-03
2.877531599967498004e-03
2.885894595617179235e-03
2.894385596138211465e-03
2.902898432817050973e-03
2.911293881271440932e-03
2.919646325535344908e-03
2.928114076044059828e-03
2.936646148796545619e-03
2.945076738134132840e-03
2.953415641330957124e-03
2.961851481061294252e-03
2.970377793957648064e-03
2.978837352458878294e-03
2.987185946677795891e-03
2.995604216691745078e-03
3.004118518771083449e-03
3.012589605150317422e-03
3.020947305199397394e-03
3.029341900739798785e-03
3.037860762794700100e-03
3.046359415997038252e-03
3.054722547550829496e-03
3.063093861341230784e-03
3.071585880881810143e-03
3.080101379421539779e-03
3.088498396854176542e-03
3.096854741533383755e-03
3.105329890720722862e-03
3.113839838778463542e-03
3.122254457584194148e-03
3.130604292386473045e-03
3.139065730172199958e-03
3.147593796570255682e-03
3.156023500344123760e-03
3.164369062490105747e-03
3.172796841117365291e-03
3.181329428785353245e-03
3.189799561466498835e-03
3.198145842839699403e-03
3.206549498314564470e-03
3.215057399389242062e-03
3.223545235372777661e-03
3.231911714593499029e-03
3.240297007150998165e-03
3.248803300392354848e-03
3.257296869154677286e-03
3.265674274865030570e-03
3.274038566811675235e-03
3.282532232716723827e-03
3.291054599518265615e-03
3.299451717833955591e-03
3.307804311672492194e-03
3.316262640708260261e-03
3.324793190909955745e-03
3.333224849566167065e-03
3.341574214961126957e-03
3.349999262318457093e-03
3.358528734623444489e-03
3.366992168872743989e-03
3.375344142261514808e-03
3.383737109271962515e-03
3.392256484805800283e-03
3.400754727198978308e-03
3.409118736830960440e-03
3.417493442683233566e-03
3.425987111209415070e-03
3.434505908623377082e-03
3.442901600446305038e-03
3.451258893382650426e-03
3.459719644747167536e-03
3.468247333498237963e-03
3.476674477494440165e-03
3.485022994751948294e-03
3.493448026710391403e-03
3.501975012129730867e-03
3.510437801507515672e-03
3.518789808967460325e-03
3.527184842067098390e-03
3.535704248640172444e-03
3.544198309127362737e-03
3.552559379459062101e-03
3.560940048337255491e-03
3.569432907734203762e-03
3.577947536488735106e-03
3.586336837925470627e-03
3.594696259156505806e-03
3.603162583448799288e-03
3.611690760826122022e-03
3.620114910762626138e-03
3.628462564385101421e-03
3.636903254346051089e-03
3.645430431360610277e-03
3.653888232292253676e-03
3.662236716227405212e-03
3.670646676210372050e-03
3.679159721672308272e-03
3.687641110667071176e-03
3.695999026882248323e-03
3.704396680565821137e-03
3.712904806134657669e-03
3.721387761381020343e-03
3.729764451630546759e-03
3.738134100915616303e-03
3.746636362809419897e-03
3.755152582411368147e-03
3.763539363313945976e-03
3.771893703258239090e-03
3.780363387884758727e-03
3.788892452474220286e-03
3.797316053528272759e-03
3.805664463761907184e-03
3.814100560689061975e-03
3.822627110018955634e-03
3.831084801837506340e-03
3.839433879851136128e-03
3.847844217969369988e-03
3.856362995908531755e-03
3.864850853710512842e-03
3.873212577307678234e-03
3.881594322663675222e-03
3.890087757979514196e-03
3.898594178136819549e-03
3.906978193679784203e-03
3.915349094752115268e-03
3.923823754792916431e-03
3.932340901079003394e-03
3.940757668436934737e-03
3.949112767853246546e-03
3.957560228439249012e-03
3.966077929064691643e-03
3.974527027805007696e-03
3.982874227674096552e-03
3.991305488573904103e-03
3.999816026785602170e-03
4.008279410717782709e-03
4.016633475950687204e-03
4.025039952249055003e-03
4.033556119696381052e-03
4.042038978889228758e-03
4.050409266500834896e-03
4.058784520887781869e-03
4.067290036146684919e-03
4.075801764573241948e-03
4.084189562435689390e-03
4.092540040271853974e-03
4.101017046461883156e-03
4.109544324680904255e-03
4.117960114968584502e-03
4.126310833145326387e-03
4.134763177521891785e-03
4.143278552194169968e-03
4.151715356911759094e-03
4.160056448837292503e-03
4.168498115563297295e-03
4.177032045940539361e-03
4.185488898145805353e-03
4.193836375407018237e-03
4.202238528268314142e-03
4.210757836208511157e-03
4.219240928601095293e-03
4.227596785372244800e-03
4.235993974735116803e-03
4.244507449424877316e-03
4.252994764718972566e-03
4.261364019209093641e-03
4.269732388510592662e-03
4.278236388871413734e-03
4.286754189551760831e-03
4.295144166072462945e-03
4.303502373981621561e-03
4.311977019125680897e-03
4.320489909808329643e-03
4.328901032626037738e-03
4.337249714790354996e-03
4.345716565972088108e-03
4.354246130092298030e-03
4.362675854395409343e-03
4.371014024163000049e-03
4.379447636651192556e-03
4.387977346896471120e-03
4.396436899787212714e-03
4.404786113939710042e-03
4.413202049148213027e-03
4.421718493903308705e-03
4.430188739040449332e-03
4.438539801628351399e-03
4.446937586877645204e-03
4.455457129005847144e-03
4.463954242208229180e-03
4.472324688524938197e-03
4.480688645783372122e-03
4.489182991299855985e-03
4.497695892701326394e-03
4.506084853839182995e-03
4.514447892988516890e-03
4.522932067423325077e-03
4.531446178290407349e-03
4.539851601696602394e-03
4.548193089530417656e-03
4.556658324728722967e-03
4.565190817207346284e-03
4.573624503416937569e-03
4.581969844784571262e-03
4.590408782319145911e-03
4.598928096154964590e-03
4.607377000121118567e-03
4.615718830152853135e-03
4.624143519323652488e-03
4.632675131229863075e-03
4.641150294867966986e-03
4.649500931045971210e-03
4.657895193413254600e-03
4.666405782127232109e-03
4.674894923997732245e-03
4.683257168182457242e-03
4.691641374226489074e-03
4.700153747522611836e-03
4.708659779511089813e-03
4.717036196418786589e-03
4.725394172765087775e-03
4.733882012083734207e-03
4.742400089387843395e-03
4.750797711550692679e-03
4.759153260563378507e-03
4.767631517516103361e-03
4.776154715611588553e-03
4.784568649536228083e-03
4.792906037832520526e-03
4.801359976484667266e-03
4.809889785222994617e-03
4.818329386473715545e-03
4.826675479430616623e-03
4.835111468387485491e-03
4.843637386803041449e-03
4.852090400803290605e-03
4.860428710810139885e-03
4.868843025552617616e-03
4.877369085580766754e-03
4.885850372320256832e-03
4.894206775828591378e-03
4.902600454144347142e-03
4.911113385862616101e-03
4.919599960788052610e-03
4.927960195731496441e-03
4.936337121638698089e-03
4.944844736854951510e-03
4.953358371663523461e-03
4.961743459560990187e-03
4.970102592066693095e-03
4.978586458838275657e-03
4.987097058912940729e-03
4.995494903241457819e-03
5.003846580496218964e-03
5.012321495401058855e-03
5.020852537023646166e-03
5.029277277499699834e-03
5.037616389627128273e-03
5.046061710035060384e-03
5.054582744636950363e-03
5.063025123553848220e-03
5.071371937887991094e-03
5.079803808953400716e-03
5.088334032379734223e-03
5.096797804198778883e-03
5.105137947900438740e-03
5.113542152229946097e-03
5.122059456636018047e-03
5.130546145335531522e-03
5.138909541518088715e-03
5.147296730702351046e-03
5.155807287273695382e-03
5.164300437265181669e-03
5.172665758088322054e-03
5.181036062203470648e-03
5.189534199674866906e-03
5.198054217732337931e-03
5.206450840193394512e-03
5.214802403747759336e-03
5.223273914718285123e-03
5.231788929063772332e-03
5.240202233861678514e-03
5.248551308532211669e-03
5.257012434233268409e-03
5.265542905328291293e-03
5.273976126644303215e-03
5.282314931571408315e-03
5.290744962516170068e-03
5.299274468858060534e-03
5.307740649002025760e-03
5.316089042494732964e-03
5.324500625839588726e-03
5.333013591559600947e-03
5.341486754690365213e-03
5.349844062641570183e-03
5.358234607603692100e-03
5.366753101815030513e-03
5.375256389357738890e-03
5.383624927366640125e-03
5.391994016045182324e-03
5.400481759831489773e-03
5.408994144965370739e-03
5.417389142705236402e-03
5.425746030423003047e-03
5.434231106040887313e-03
5.442751196442893215e-03
5.451153332734947482e-03
5.459499567593968823e-03
5.467957181797451077e-03
5.476490650488942749e-03
5.484930291460903863e-03
5.493272233305568873e-03
5.501710789846105121e-03
5.510228647855911974e-03
5.518678284802735166e-03
5.527026631426601097e-03
5.535444287592525790e-03
5.543974036734368276e-03
5.552452865210861545e-03
5.560802374297945175e-03
5.569192100124754560e-03
5.577699445367529513e-03
5.586196994153123409e-03
5.594569688961199480e-03
5.602945692231152408e-03
5.611446348880309160e-03
5.619948319206185400e-03
5.628332164545804712e-03
5.636689949435939873e-03
5.645175862349895157e-03
5.653703156016891621e-03
5.662113408114038959e-03
5.670460440437509811e-03
5.678909697369042935e-03
5.687434748200057358e-03
5.695873254419138269e-03
5.704217294217183744e-03
5.712660137203961347e-03
5.721186023076398064e-03
5.729631704490932391e-03
5.737977922074965001e-03
5.746390041896977732e-03
5.754919071764605376e-03
5.763402722915385475e-03
5.771756616459587652e-03
5.780151000213277178e-03
5.788654344994480748e-03
5.797143352791303376e-03
5.805515642381700592e-03
5.813890673500419007e-03
5.822397214408924632e-03
5.830908978297203761e-03
5.839290188115297230e-03
5.847646472339295895e-03
5.856123389088719981e-03
5.864648288695289112e-03
5.873062510821729608e-03
5.881410979946470434e-03
5.889872951711161257e-03
5.898390247990095356e-03
5.906818444725838932e-03
5.915163192955022811e-03
5.923605714356050198e-03
5.932138081517255614e-03
5.940590679643109086e-03
5.948939199754632416e-03
5.957343103998191496e-03
5.965867954329271555e-03
5.974356566327262107e-03
5.982713404231432795e-03
5.991105126529446684e-03
5.999599831138552504e-03
6.008097177746121210e-03
6.016478619688767765e-03
6.024848606685450324e-03
6.033344794623193147e-03
6.041851156025869300e-03
6.050241720170574690e-03
6.058593854580364077e-03
6.067069626303445325e-03
6.075599627067106677e-03
6.084019843606447257e-03
6.092365515307182969e-03
6.100801908744332702e-03
6.109331309472722585e-03
6.117787091990287314e-03
6.126134783628467764e-03
6.134546286430590453e-03
6.143062012598893631e-03
6.151542256823205358e-03
6.159898401761765806e-03
6.168297117130808194e-03
6.176808154270392245e-03
6.185290291263215341e-03
6.193662375013540139e-03
6.202032952994694995e-03
6.210537719951007146e-03
6.219055014820526125e-03
6.227441237225593562e-03
6.235800048336190629e-03
6.244267399439095041e-03
6.252791047457541967e-03
6.261210831430355679e-03
6.269559538641075389e-03
6.278016509498366218e-03
6.286532075074745089e-03
6.294964928218994837e-03
6.303308106932315955e-03
6.311745417008724976e-03
6.320277687493394692e-03
6.328737511828797305e-03
6.337084885223159304e-03
6.345484599323350690e-03
6.354004685430462290e-03
6.362495208723018165e-03
6.370857720055630308e-03
6.379242984953485338e-03
6.387735715490902057e-03
6.396239109990933640e-03
6.404626753441204461e-03
6.412997614534281243e-03
6.421467141803200405e-03
6.429982479832798380e-03
6.438403420616963663e-03
6.446762692528207501e-03
6.455195730553938901e-03
6.463724140978129896e-03
6.472179590138754483e-03
6.480532881053728891e-03
6.488933954480215031e-03
6.497455953521591616e-03
6.505942927933844148e-03
6.514304460845435872e-03
6.522685399795472190e-03
6.531186862949759850e-03
6.539697003695057846e-03
6.548081855781419554e-03
6.556444540556118777e-03
6.564914541659521742e-03
6.573435506284268717e-03
6.581850595201216639e-03
6.590206452466916727e-03
6.598648558285560503e-03
6.607175608200934781e-03
6.615621829936424621e-03
6.623973077174906236e-03
6.632379562881907629e-03
6.640901023166927847e-03
6.649379673166489098e-03
6.657744619211125245e-03
6.666124109429426292e-03
6.674633715061680135e-03
6.683137790313597136e-03
6.691522131139313045e-03
6.699877560533688825e-03
6.708362252474595749e-03
6.716880052528659099e-03
6.725291824766416182e-03
6.733630323615406171e-03
6.742079987064283388e-03
6.750609613197868647e-03
6.759050649899073747e-03
6.767392871700961959e-03
6.775813447501018334e-03
6.784339221067282009e-03
6.792806187270965419e-03
6.801165452201977761e-03
6.809554100014486924e-03
6.818063495762817158e-03
6.826552597782645920e-03
6.834936072756377969e-03
6.843299133824080893e-03
6.851785523874453360e-03
6.860294053848215237e-03
6.868713381398496368e-03
6.877062506410350044e-03
6.885518095007331189e-03
6.894038928794303522e-03
6.902478728880500312e-03
6.910827799917121719e-03
6.919252877745266095e-03
6.927767477352356033e-03
6.936228315272838230e-03
6.944579228589576290e-03
6.952987373017884692e-03
6.961496477377317540e-03
6.969945103841001730e-03
6.978288426209030768e-03
6.986708735696809357e-03
6.995226766081968917e-03
7.003660196482379939e-03
7.012002405163616885e-03
7.020441222542967222e-03
7.028958274922267324e-03
7.037378133287475190e-03
7.045721859936498327e-03
7.054181826958695611e-03
7.062691785622816215e-03
7.071087203491984753e-03
7.079443997498414097e-03
7.087917777373544878e-03
7.096414116737464854e-03
7.104794018739662813e-03
7.113164127060788051e-03
7.121657918073345632e-03
7.130162177646345335e-03
7.138551840791103331e-03
7.146913201693366399e-03
7.155393089897138688e-03
7.163904926297430704e-03
7.172310040819039438e-03
7.180653807743511349e-03
7.189124208536199455e-03
7.197631009006790447e-03
7.206011643929781038e-03
7.214368529392316091e-03
7.222846874024361347e-03
7.231341759537238296e-03
7.239714411132523383e-03
7.248087276273098428e-03
7.256585037775766314e-03
7.265083822967149593e-03
7.273464788765502016e-03
7.281838825562066304e-03
7.290332884820221494e-03
7.298837610581852299e-03
7.307228414678782445e-03
7.315602707701369771e-03
7.324086362785836579e-03
7.332590954018727673e-03
7.340993288429449246e-03
7.349355715203298618e-03
7.357835819716503946e-03
7.366345674756043412e-03
7.374753757363251491e-03
7.383110539243935982e-03
7.391587555142706788e-03
7.400103426182369666e-03
7.408506003983092100e-03
7.416858437343185236e-03
7.425332041509904654e-03
7.433850153341582147e-03
7.442257255617639768e-03
7.450607125058421668e-03
7.459072185162530892e-03
7.467589618456068647e-03
7.476008824366016554e-03
7.484355141507930201e-03
7.492814786019327301e-03
7.501330899342889720e-03
7.509758150071324349e-03
7.518100891250051841e-03
7.526557135735231774e-03
7.535071176648234191e-03
7.543504162988947347e-03
7.551852024675612639e-03
7.560304197428402082e-03
7.568826439789004545e-03
7.577258716169400603e-03
7.585605541013925104e-03
7.594058940755355445e-03
7.602578153971447164e-03
7.611011594487818339e-03
7.619370067324620147e-03
7.627815470370852106e-03
7.636337999302982363e-03
7.644783803896692750e-03
7.653137078646913595e-03
7.661576309593967453e-03
7.670100167886791283e-03
7.678546617175171715e-03
7.686899181949985969e-03
7.695337257564968496e-03
7.703860168652717534e-03
7.712314900699277810e-03
7.720671320087228555e-03
7.729100206290530697e-03
7.737622850416481582e-03
7.746080924439900303e-03
7.754432640291668115e-03
7.762860716371730065e-03
7.771381502005489210e-03
7.779843430591842392e-03
7.788204002620114155e-03
7.796622040068940801e-03
7.805141161951956001e-03
7.813611614726186441e-03
7.821966491179261835e-03
7.830381830801888196e-03
7.838900770673291885e-03
7.847370676767766173e-03
7.855733695429585606e-03
7.864143347665516690e-03
7.872661533048884094e-03
7.881140748489981820e-03
7.889501772071545738e-03
7.897905789683050057e-03
7.906422896766605174e-03
7.914903690923536309e-03
7.923270981940478200e-03
7.931670436743544148e-03
7.940184945870638195e-03
7.948671871608511963e-03
7.957039433531593389e-03
7.965434860576868850e-03
7.973948002418313613e-03
7.982438228865421093e-03
7.990810415756485763e-03
7.999200650037568625e-03
8.007710984325278752e-03
8.016205740882539552e-03
8.024580313770355092e-03
8.032965909636202717e-03
8.041473802747056698e-03
8.049971555111758159e-03
8.058349919991748822e-03
8.066731935206182189e-03
8.075236879148264130e-03
8.083738216806992533e-03
8.092120880357723742e-03
8.100497190963638905e-03
8.108998229672094785e-03
8.117502678276428477e-03
8.125888043995303442e-03
8.134262093178017128e-03
8.142760525242331154e-03
8.151267468486891876e-03
8.159659023688991403e-03
8.168027550513509358e-03
8.176520714918780047e-03
8.185031514740016834e-03
8.193424529378552645e-03
8.201791342166765350e-03
8.210282425191487224e-03
8.218794193147393665e-03
8.227195556107775795e-03
8.235556091223507694e-03
8.244039226324738345e-03
8.252555486670958701e-03
8.260955211115795366e-03
8.269314237432483228e-03
8.277797687918850289e-03
8.286313239311962620e-03
8.294723654302638485e-03
8.303079926369579672e-03
8.311556201381751011e-03
8.320076030259878838e-03
8.328486952818551017e-03
8.336841723291630799e-03
8.345316400928082592e-03
8.353835859053231755e-03
8.362256368504600301e-03
8.370607499311108479e-03
8.379073437558826748e-03
8.387596478858456994e-03
8.396016469363049364e-03
8.404367455146244739e-03
8.412833135965011588e-03
8.421354289797244180e-03
8.429784956304663124e-03
8.438132792189807774e-03
