0.000000000000000000e+00
8.384467706689193757e-06
1.688290139797010562e-05
2.537052454546276291e-05
3.374603873564377356e-05
4.213294942276612283e-05
5.064931610061064818e-05
5.915803112669526130e-05
6.754426244640239496e-05
7.591992748146203669e-05
8.441717052755442704e-05
9.293966248184478524e-05
1.013351727744838521e-04
1.097073936166202533e-04
1.181922292752605026e-04
1.267163710821911501e-04
1.351403647142875356e-04
1.434904871083552216e-04
1.519583325135303524e-04
1.604878150217398320e-04
1.689201649604872210e-04
1.772734748637204026e-04
1.857374647594422763e-04
1.942638353804389977e-04
2.027021635824142955e-04
2.110678125385577356e-04
2.195145242806307358e-04
2.280369387530381509e-04
2.365006103429463788e-04
2.448575001084762957e-04
2.532868378701854783e-04
2.618112384678173018e-04
2.702929861612641334e-04
2.786570870975956004e-04
2.870751223156363776e-04
2.955933871362266411e-04
3.041040651039272685e-04
3.125092337981020662e-04
3.208776097872089112e-04
3.293742717219352704e-04
3.378995713850379830e-04
3.463388366110563277e-04
3.547090005243933898e-04
3.631631985490605535e-04
3.716941058288573919e-04
3.801569763338967967e-04
3.885318096311195365e-04
3.969533919955962669e-04
4.054698528416062994e-04
4.139542708354940746e-04
4.223250668135976023e-04
4.307207341612464407e-04
4.392312445791856767e-04
4.477104514320537744e-04
4.560649724335927996e-04
4.644695106966091483e-04
4.729847516233263733e-04
4.814740571538127342e-04
4.898405762097137990e-04
4.982399623884028409e-04
5.067519234883886793e-04
5.152324129273054294e-04
5.235872388345541844e-04
5.319928283882096025e-04
5.405044841281743178e-04
5.489901534664902352e-04
5.573699204172364013e-04
5.657673299236816965e-04
5.742800552601861133e-04
5.827673709833234737e-04
5.911550863220801271e-04
5.995531901162797720e-04
6.080517101818158849e-04
6.165554966226470535e-04
6.249353777007668953e-04
6.333251608257280726e-04
6.418246891379246087e-04
6.503375204516168798e-04
6.587463539627683683e-04
6.671136485049794203e-04
6.755952809551722931e-04
6.841177977654239618e-04
6.925308932387900206e-04
7.008911253840613507e-04
7.093640174604126528e-04
7.178967975769416513e-04
7.263211836431332936e-04
7.346886217329176962e-04
7.431430187871148046e-04
7.516693595094222887e-04
7.601123730471013099e-04
7.684751448661919764e-04
7.769121902861080963e-04
7.854371121242051520e-04
7.938992372652761481e-04
8.022702048180002351e-04
8.106903708175207651e-04
8.192151803795018989e-04
8.276730301351731267e-04
8.360277004850978069e-04
8.444526085900986570e-04
8.529741327730995309e-04
8.614336715855144041e-04
8.697994730179038018e-04
8.782158346491058046e-04
8.867478129447730348e-04
8.952390225302332520e-04
9.036305201380018899e-04
9.120226937958404029e-04
9.205197678562929402e-04
9.290233816743230727e-04
9.374012208705595050e-04
9.457906975584787082e-04
9.542924205798316260e-04
9.628128717384173019e-04
9.712132419068918296e-04
9.795834017137759753e-04
9.880557082031582797e-04
9.965752921412699208e-04
1.004987278637263374e-03
1.013358440450851366e-03
1.021834540357046978e-03
1.030355769707305864e-03
1.038786331898053621e-03
1.047153230327834382e-03
1.055607473203492089e-03
1.064136743226658200e-03
1.072590530161180149e-03
1.080937947497813629e-03
1.089377756553505487e-03
1.097912249625740801e-03
1.106371772041436297e-03
1.114724363833093958e-03
1.123159211214094485e-03
1.131686316119945562e-03
1.140171416802724215e-03
1.148540786904011547e-03
1.156948737593489198e-03
1.165463256764581214e-03
1.173972034986926240e-03
1.182374788883177024e-03
1.190743825944630798e-03
1.199237242726351954e-03
1.207745664272476737e-03
1.216148970474064403e-03
1.224527354266053119e-03
1.233006147366705026e-03
1.241530933940444099e-03
1.249954200020976297e-03
1.258308039199441952e-03
1.266777627147700706e-03
1.275312794842361867e-03
1.283746158902049177e-03
1.292117049476576443e-03
1.300568158736980801e-03
1.309096313497935338e-03
1.317577618716020589e-03
1.325934226430147385e-03
1.334336742831603072e-03
1.342857031608971985e-03
1.351330113701350831e-03
1.359695236653301297e-03
1.368108940441079219e-03
1.376634378687485076e-03
1.385122759879376785e-03
1.393490217240596222e-03
1.401898169792283478e-03
1.410416474918827412e-03
1.418916352665499769e-03
1.427288979267643402e-03
1.435682701145903680e-03
1.444191153732982125e-03
1.452695200570013013e-03
1.461079109252196376e-03
1.469455349698481697e-03
1.477948576175354802e-03
1.486453901200415068e-03
1.494831895480898268e-03
1.503223584647564014e-03
1.511722555502372466e-03
1.520236564025688464e-03
1.528640687765388207e-03
1.537016462043647690e-03
1.545495258239549348e-03
1.554000380075396329e-03
1.562398967894845000e-03
1.570773379205793636e-03
1.579261037041135123e-03
1.587780563564937129e-03
1.596176432708748321e-03
1.604531699687613373e-03
1.613019639962597930e-03
1.621542368313545149e-03
1.629959588094110354e-03
1.638323713949692241e-03
1.646798838809194511e-03
1.655317095156590189e-03
1.663752716573755307e-03
1.672113825901570035e-03
1.680572353759912175e-03
1.689103819629690900e-03
1.697553043745607696e-03
1.705905379317607454e-03
1.714355112871180590e-03
1.722884566172819178e-03
1.731338178763304741e-03
1.739684821574156819e-03
1.748124846626237638e-03
1.756653077082327230e-03
1.765131006742356101e-03
1.773480357663780775e-03
1.781888633624133548e-03
1.790412384514556169e-03
1.798868535203459584e-03
1.807218675254437194e-03
1.815643478954955372e-03
1.824161596978467670e-03
1.832612926324581233e-03
1.840956455266369021e-03
1.849388440993153006e-03
1.857912585731058466e-03
1.866333001252353440e-03
1.874673536179417149e-03
1.883135630377627025e-03
1.891646247028656294e-03
1.900025063988553453e-03
1.908391411996751769e-03
1.916886144137103318e-03
1.925370711993314382e-03
1.933727307208094135e-03
1.942125371507461354e-03
1.950634085554946075e-03
1.959093966676647876e-03
1.967446163922782331e-03
1.975870198426329851e-03
1.984388229532844244e-03
1.992833595946604409e-03
2.001172865531763295e-03
2.009609422389187737e-03
2.018134270810037142e-03
2.026559698665712349e-03
2.034905491372297499e-03
2.043364099606591842e-03
2.051878346213006649e-03
2.060309959263782308e-03
2.068678033100654172e-03
2.077129579760089804e-03
2.085658044516848324e-03
2.094105159423374427e-03
2.102464586685439014e-03
2.110904786245723294e-03
2.119432014289065244e-03
2.127894939111236224e-03
2.136249906407451920e-03
2.144683754960488315e-03
2.153210013372037872e-03
2.161670468982393369e-03
2.170036355703929606e-03
2.178459396649028070e-03
2.186977206328044598e-03
2.195464811633784322e-03
2.203841827368797392e-03
2.212237017856622575e-03
2.220742646867957144e-03
2.229216127929077064e-03
2.237560824908693853e-03
2.245973044283167477e-03
2.254485383243064536e-03
2.262914589811747604e-03
2.271255255351744759e-03
2.279717443541821442e-03
2.288227113489806411e-03
2.296635515630330530e-03
2.305006391574628260e-03
2.313481402731566890e-03
2.322006585470388039e-03
2.330440642647722826e-03
2.338796745621758537e-03
2.347258881678884052e-03
2.355789920399834533e-03
2.364240172295309188e-03
2.372589698796986890e-03
2.381031748714577782e-03
2.389567363115898020e-03
2.398022821352652646e-03
2.406383017300024480e-03
2.414815448690800937e-03
2.423341913452538732e-03
2.431817131933845973e-03
2.440169937546796987e-03
2.448579999937001463e-03
2.457102360063533747e-03
2.465584887729212020e-03
2.473941534526580884e-03
2.482355038914219394e-03
2.490870126439388103e-03
2.499368142520073510e-03
2.507752099879047118e-03
2.516137473997059372e-03
2.524638394865988920e-03
2.533146894265303310e-03
2.541531713818412017e-03
2.549903805371137467e-03
2.558400943482383970e-03
2.566891634036327311e-03
2.575267730505659877e-03
2.583662921440310796e-03
2.592163235532488671e-03
2.600667080511976075e-03
2.609054359124599824e-03
2.617439522278847824e-03
2.625934643814377585e-03
2.634447647638514696e-03
2.642852228398253223e-03
2.651229493709150991e-03
2.659704823071814845e-03
2.668226404586090429e-03
2.676641738694056447e-03
2.685009125818248101e-03
2.693477260678657590e-03
2.702008410907320423e-03
2.710435752477681915e-03
2.718783410677534738e-03
2.727248825928580561e-03
2.735778372957483814e-03
2.744213283478535038e-03
2.752579462194724991e-03
2.761026766980419472e-03
2.769552555853184873e-03
2.778014461059331430e-03
2.786362638478930443e-03
2.794801412391264769e-03
2.803328676881313049e-03
2.811798919233201612e-03
2.820168084251568896e-03
2.828581633302387679e-03
2.837097486982252930e-03
2.845586842285912233e-03
2.853955225980876840e-03
2.862356305160158355e-03
2.870874105689355093e-03
2.879366685606963086e-03
2.887744595845541124e-03
2.896141705295948460e-03
2.904640993212409452e-03
2.913149489000919478e-03
2.921532621211615256e-03
2.929919449067702308e-03
2.938417176362096393e-03
2.946926611898565557e-03
2.955329261898740571e-03
2.963705378420878906e-03
2.972182809682748228e-03
2.980700983751684470e-03
2.989116242784983953e-03
2.997483833232134770e-03
3.005953340564234376e-03
3.014461184208389825e-03
3.022867037477696122e-03
3.031230143527752826e-03
3.039700503922809945e-03
3.048219559681026800e-03
3.056622065663195092e-03
3.064992969673889251e-03
3.073471636416446814e-03
3.081997346489853250e-03
3.090416366487147397e-03
3.098767043405932595e-03
3.107235767551096758e-03
3.115763439170997004e-03
3.124204145930287169e-03
3.132556522389438446e-03
3.141002149701671142e-03
3.149536642431684328e-03
3.157990384656343512e-03
3.166335231920345931e-03
3.174772913519807293e-03
3.183300303868472503e-03
3.191772586154173214e-03
3.200135323312414386e-03
3.208554123112970519e-03
3.217074788860949976e-03
3.225550094768186125e-03
3.233897803919116506e-03
3.242303605579463944e-03
3.250822790416161342e-03
3.259265167098030196e-03
3.267603475985826275e-03
3.276051243602289692e-03
3.284557462223367669e-03
3.292953058895196818e-03
3.301308341562910961e-03
3.309799257004659295e-03
3.318283848357690517e-03
3.326633908902666085e-03
3.335037891813059496e-03
3.343554532033881678e-03
3.351990073715777844e-03
3.360329896847055395e-03
3.368780698700448665e-03
3.377292884207784736e-03
3.385682609760113596e-03
3.394040870637682252e-03
3.402532357247407217e-03
3.411013127694294874e-03
3.419362377938460918e-03
3.427767882592943141e-03
3.436283564376303116e-03
3.444716369206756324e-03
3.453055901222330717e-03
3.461513362249796395e-03
3.470026113378822576e-03
3.478414345739409309e-03
3.486771319969917370e-03
3.495257642797546405e-03
3.503753372075361482e-03
3.512113565647982747e-03
3.520498966724903631e-03
3.529006691928224249e-03
3.537461959728086490e-03
3.545805218232144992e-03
3.554234730508689429e-03
3.562755070969591664e-03
3.571176990317937588e-03
3.579518684160244366e-03
3.587979918597449230e-03
3.596487420642853223e-03
3.604890110775778658e-03
3.613249265214286531e-03
3.621727612378953468e-03
3.630239899418118057e-03
3.638626475924493665e-03
3.646984843792495327e-03
3.655474044575145361e-03
3.663970228126812480e-03
3.672330209027329425e-03
3.680715114483365698e-03
3.689222952975802251e-03
3.697674583928401478e-03
3.706012748383115309e-03
3.714446831408437476e-03
3.722963742532502205e-03
3.731368112411131716e-03
3.739715582423936563e-03
3.748200369370261083e-03
3.756696487625817669e-03
3.765054108217909343e-03
3.773443434480521896e-03
3.781959208424061532e-03
3.790406036212319238e-03
3.798743602313663613e-03
3.807183454908121597e-03
3.815694780986114438e-03
3.824092421229754492e-03
3.832444293884500457e-03
3.840931187553996758e-03
3.849423182404578675e-03
3.857780907156339954e-03
3.866172881164299264e-03
3.874679005002195070e-03
3.883158180753213447e-03
3.891507340921671748e-03
3.899913304604074680e-03
3.908434751252809654e-03
3.916884622935667276e-03
3.925226019764571465e-03
3.933658326761622567e-03
3.942171571562251044e-03
3.950594611925405293e-03
3.958934181133632289e-03
3.967396544107559993e-03
3.975904949014322579e-03
3.984283664541329872e-03
3.992649671458434017e-03
4.001144637811226458e-03
4.009629805350295798e-03
4.017985436046054258e-03
4.026377641685038693e-03
4.034894298281290100e-03
4.043339892542695095e-03
4.051677729980453745e-03
4.060115877643813084e-03
4.068626346790197787e-03
4.077027681700792598e-03
4.085378210448319114e-03
4.093862300891343287e-03
4.102359079884001190e-03
4.110724334321471177e-03
4.119101942337593386e-03
4.127609001615626869e-03
4.136081212345973923e-03
4.144425622241359325e-03
4.152841783093865792e-03
4.161354299189607038e-03
4.169782480702544092e-03
4.178123934030429990e-03
4.186584856303022552e-03
4.195094188829128455e-03
4.203489814289289132e-03
4.211841906625347735e-03
4.220327644408933612e-03
4.228829770897874971e-03
4.237227451618294505e-03
4.245591185561876577e-03
4.254085256345129483e-03
4.262608981877464946e-03
4.271037784001172240e-03
4.279389351481710686e-03
4.287859632987380161e-03
4.296389002387949498e-03
4.304846200594704235e-03
4.313196145894947209e-03
4.321638712662924375e-03
4.330165519331796720e-03
4.338648057299604802e-03
4.347005327344211773e-03
4.355420972555914746e-03
4.363938290178446741e-03
4.372446477154105608e-03
4.380847367275771641e-03
4.389216802136531280e-03
4.397711037896294070e-03
4.406214550044870205e-03
4.414616164293378060e-03
4.422994419724378921e-03
4.431476787143042752e-03
4.440010204436850572e-03
4.448445128449290790e-03
4.456816288720767509e-03
4.465264826640129650e-03
4.473786430405384505e-03
4.482230896065223132e-03
4.490569661579786424e-03
4.499004753271440907e-03
4.507529130623626201e-03
4.515948252817183518e-03
4.524291169094143798e-03
4.532751584077712205e-03
4.541263655909307147e-03
4.549646080761046360e-03
4.558008526036896012e-03
4.566501678477980115e-03
4.574987990295827089e-03
4.583346128596229446e-03
4.591738873898890475e-03
4.600247653475503760e-03
4.608718884237948850e-03
4.617068559871087205e-03
4.625479473063618709e-03
4.633999381004150729e-03
4.642445264916233300e-03
4.650785884068893775e-03
4.659220835848991091e-03
4.667745186627826962e-03
4.676166424557155754e-03
4.684508168435738001e-03
4.692969419943400326e-03
4.701477489206543244e-03
4.709880326597645252e-03
4.718233429974217318e-03
4.726715615891143030e-03
4.735211364059038579e-03
4.743586969953226401e-03
4.751960563421488669e-03
4.760460200783098693e-03
4.768937678944196873e-03
4.777283235433369205e-03
4.785691640725594012e-03
4.794205125171551243e-03
4.802651615958572137e-03
4.810990312492413254e-03
4.819433088537285713e-03
4.827942154114611695e-03
4.836340998501941456e-03
4.844691983211810507e-03
4.853177857804272244e-03
4.861673187562881408e-03
4.870049775983335306e-03
4.878425604975998586e-03
4.886923995389476187e-03
4.895419156781214559e-03
4.903785293029799992e-03
4.912167009299396592e-03
4.920673903589537802e-03
4.929146562409208315e-03
4.937491816493431475e-03
4.945897984119386123e-03
4.954421723179248775e-03
4.962876501184495560e-03
4.971225025060204902e-03
4.979647509157095198e-03
4.988164268103161859e-03
4.996626426821752093e-03
5.004995724108137964e-03
5.013412577476779146e-03
5.021932130036399836e-03
5.030382184394926320e-03
5.038721809176203818e-03
5.047151801840659563e-03
5.055669744539622278e-03
5.064104896849211911e-03
5.072454443818323784e-03
5.080905566551413566e-03
5.089423519086427525e-03
5.097836653928262789e-03
5.106180125977347571e-03
5.114650331093624838e-03
5.123149210137042768e-03
5.131522426390337441e-03
5.139896602978892212e-03
5.148395257668992100e-03
5.156872591443744519e-03
5.165218009986297446e-03
5.173627004106234537e-03
5.182137597564369369e-03
5.190588998717530003e-03
5.198935162666304052e-03
5.207372857127450655e-03
5.215891735692773472e-03
5.224342809953414976e-03
5.232686181325589374e-03
5.241121984688882143e-03
5.249641362696701868e-03
5.258074717175064729e-03
5.266433816212779707e-03
5.274885824939330378e-03
5.283413646406061315e-03
5.291865742135574979e-03
5.300219254645697868e-03
5.308658150726725325e-03
5.317183553518817218e-03
5.325652452715394850e-03
5.334015625044551817e-03
5.342437879479582270e-03
5.350952678758832959e-03
5.359435115375964058e-03
5.367804920185987629e-03
5.376210127988570453e-03
5.384724128100355431e-03
5.393220509299820851e-03
5.401599804005322372e-03
5.409989420514862979e-03
5.418496363446908062e-03
5.427002515718990297e-03
5.435395593942855819e-03
5.443772652683139673e-03
5.452270561114891043e-03
5.460790716638702462e-03
5.469185335870556733e-03
5.477540772668280412e-03
5.486029708826493934e-03
5.494552740485080140e-03
5.502974618782963123e-03
5.511323976188292791e-03
5.519787367535290354e-03
5.528304764707558938e-03
5.536694737198914751e-03
5.545050793653727092e-03
5.553537925910125364e-03
5.562040631823602851e-03
5.570435396647152072e-03
5.578799195745411804e-03
5.587294675252029233e-03
5.595814290542757558e-03
5.604207723883107908e-03
5.612572435218263038e-03
5.621063636490098402e-03
5.629585434078290124e-03
5.637997924708152558e-03
5.646360755221658222e-03
5.654837087713366316e-03
5.663358774351243997e-03
5.671791038474583574e-03
5.680152891122960956e-03
5.688608248244900710e-03
5.697135829374851655e-03
5.705574427577667432e-03
5.713921121760744994e-03
5.722365472561600185e-03
5.730878307257509380e-03
5.739295978194612277e-03
5.747640602407706224e-03
5.756106707158681855e-03
5.764635667557168990e-03
5.773066398294377823e-03
5.781420939645257225e-03
5.789880814658099513e-03
5.798408556000347013e-03
5.806862378755568883e-03
5.815209357597929569e-03
5.823642394965963115e-03
5.832166662466621229e-03
5.840629320873334807e-03
5.848990095886335422e-03
5.857417349300795932e-03
5.865942663877642821e-03
5.874420053912276542e-03
5.882777049520756044e-03
5.891195257447453225e-03
5.899717758218930852e-03
5.908199565113923801e-03
5.916572593089244533e-03
5.924973987816516997e-03
5.933488018480564084e-03
5.941973759169066720e-03
5.950358931871125613e-03
5.958750471787782957e-03
5.967253861522571652e-03
5.975758542882021740e-03
5.984155929108060136e-03
5.992529222780831888e-03
6.001021494509563986e-03
6.009525013760281913e-03
6.017929311464932825e-03
6.026307558503732689e-03
6.034783260878151707e-03
6.043301500865939924e-03
6.051724128018193781e-03
6.060082718768387312e-03
6.068546930192522150e-03
6.077071883206132223e-03
6.085504964603220476e-03
6.093854953741121780e-03
6.102318946668976521e-03
6.110845510029677512e-03
6.119291164466044743e-03
6.127639285056101816e-03
6.136080345836891596e-03
6.144616282589222302e-03
6.153070948596440180e-03
6.161417626626469225e-03
6.169856473899275329e-03
6.178383600153439063e-03
6.186855495546758794e-03
6.195214556552712006e-03
6.203633630675576931e-03
6.212155208882005897e-03
6.220634354765712526e-03
6.228993893270138790e-03
6.237402278747092646e-03
6.245918100629872100e-03
6.254395441081231702e-03
6.262753182675550277e-03
6.271151926949696670e-03
6.279661867840283761e-03
6.288126810269951614e-03
6.296480089745442113e-03
6.304890866690236566e-03
6.313413159280533565e-03
6.321900165942430892e-03
6.330281320899272535e-03
6.338671379635554479e-03
6.347181495333991189e-03
6.355670891793665719e-03
6.364048257142122453e-03
6.372443584197775429e-03
6.380945046395462839e-03
6.389452615463058448e-03
6.397836963522848808e-03
6.406221425567183193e-03
6.414717255079261868e-03
6.423224222466699523e-03
6.431621756115423957e-03
6.439992339613918003e-03
6.448480815503103772e-03
6.456997685706498437e-03
6.465407556411695636e-03
6.473774480020674099e-03
6.482250612009180478e-03
6.490778084512634737e-03
6.499229527589168998e-03
6.507584871807441627e-03
6.516028843613544570e-03
6.524554851130038094e-03
6.533031608390212248e-03
6.541379231618291330e-03
6.549787561908972967e-03
6.558313709581539003e-03
6.566798235738972173e-03
6.575162397572868571e-03
6.583568860923326264e-03
6.592082489719752574e-03
6.600572479830229232e-03
6.608956086302768783e-03
6.617343007719258749e-03
6.625843187225338715e-03
6.634349849351691732e-03
6.642748738759816744e-03
6.651118352568769453e-03
6.659604875142313175e-03
6.668102854914293408e-03
6.676484549977783692e-03
6.684871462269573530e-03
6.693368861499258103e-03
6.701890815703095625e-03
6.710322945944959851e-03
6.718693213842389517e-03
6.727144232362334240e-03
6.735680190488249272e-03
6.744142614868599457e-03
6.752516040702410266e-03
6.760938893624203472e-03
6.769457130097058552e-03
6.777964784732058885e-03
6.786364830242091681e-03
6.794733412590135517e-03
6.803226819459160142e-03
6.811731571188547538e-03
6.820138600135618179e-03
6.828516521888920721e-03
6.836990600839274422e-03
6.845509705171876243e-03
6.853933671116914199e-03
6.862282376518089207e-03
6.870742417561015274e-03
6.879254361169186149e-03
6.887639845523044896e-03
6.895996245063207297e-03
6.904484574707237324e-03
6.912980893225394684e-03
6.921343224313278829e-03
6.929721722255441016e-03
6.938230380217019419e-03
6.946708748717291514e-03
6.955065663661949907e-03
6.963459853132216749e-03
6.971967593435620010e-03
6.980419514511786334e-03
6.988755648446400882e-03
6.997192896801025103e-03
7.005706625914964389e-03
7.014118083868976609e-03
7.022463695132971639e-03
7.030936202413753944e-03
7.039434010517568382e-03
7.047808384393207393e-03
7.056179596715288389e-03
7.064684854528273557e-03
7.073157925816139086e-03
7.081504608240089121e-03
7.089908037353876737e-03
7.098423022473840903e-03
7.106864928232695632e-03
7.115206215902131030e-03
7.123649598405108578e-03
7.132158313023754040e-03
7.140560041415573884e-03
7.148910021884095738e-03
7.157394285289434520e-03
7.165891085460473521e-03
7.174253613851123805e-03
7.182632473832201332e-03
7.191137365463643079e-03
7.199611582813050283e-03
7.207962468201759530e-03
7.216366650515134915e-03
7.224881583148660275e-03
7.233349858283302965e-03
7.241709296234065743e-03
7.250128887080284877e-03
7.258642034955752748e-03
7.267125722960182319e-03
7.275499868183399679e-03
7.283897661397831583e-03
7.292410287496381774e-03
7.300913017055593937e-03
7.309281609491757349e-03
7.317667283538746223e-03
7.326177282865839815e-03
7.334685706578429089e-03
7.343080967408034850e-03
7.351449166572408996e-03
7.359933929330627136e-03
7.368435956331881309e-03
7.376813808808810151e-03
7.385203448700922678e-03
7.393701122216597872e-03
7.402218734445731134e-03
7.410617917242874088e-03
7.418987520677542899e-03
7.427460291329763577e-03
7.435991555816950926e-03
7.444414008871540547e-03
7.452774502512788009e-03
7.461234022551652134e-03
7.469759627196871123e-03
7.478181414291185970e-03
7.486524288176011309e-03
7.494987037825738899e-03
7.503515041505651878e-03
7.511973780385779349e-03
7.520344256817960114e-03
7.528764486724464841e-03
7.537291328042598076e-03
7.545782964356614539e-03
7.554171737878388748e-03
7.562572053667997174e-03
7.571071675023763846e-03
7.579593810273956359e-03
7.588028072536947069e-03
7.596402164985593258e-03
7.604855808120911109e-03
7.613386991679341707e-03
7.621872787548709428e-03
7.630255433569902053e-03
7.638653332556745619e-03
7.647164065117889077e-03
7.655688860884643857e-03
7.664103732946670605e-03
7.672475262167763842e-03
7.680943831103345838e-03
7.689481598801961755e-03
7.697955864645573271e-03
7.706330451760278442e-03
7.714742366743431758e-03
7.723260007289851035e-03
7.731782717152662320e-03
7.740200793555641369e-03
7.748572250031025843e-03
7.757040612181841446e-03
7.765578739974083287e-03
7.774058640287868222e-03
7.782434338353435080e-03
7.790841762905692351e-03
7.799357330050792937e-03
7.807883140230277748e-03
7.816308888128136248e-03
7.824678522118589524e-03
7.833139413299165105e-03
7.841676444382793265e-03
7.850160838963666024e-03
7.858541010308672456e-03
7.866944114538252861e-03
7.875454834620572789e-03
7.883981195517286364e-03
7.892408823580346344e-03
7.900778113889462759e-03
7.909237916973326649e-03
7.917774013706623329e-03
7.926259356338520926e-03
7.934641120393572805e-03
7.943043215596138490e-03
7.951552838544841822e-03
7.960078935148225121e-03
7.968509960209242335e-03
7.976882568205089993e-03
7.985338207754440198e-03
7.993871455674744081e-03
8.002358540211517227e-03
8.010744980943715343e-03
8.019146481917534958e-03
8.027651517968208486e-03
8.036176503137456087e-03
8.044608462742254204e-03
8.052979463229692492e-03
8.061435438065452444e-03
8.069969441423388914e-03
8.078456154665640890e-03
8.086841586192715023e-03
8.095243671296579319e-03
8.103749221273806938e-03
8.112274484703366900e-03
8.120708238594964018e-03
8.129081930093602637e-03
8.137536251318610789e-03
8.146066311959642564e-03
8.154554119411853291e-03
8.162942632970243348e-03
8.171344327563077881e-03
8.179847282947155795e-03
8.188370636721108500e-03
8.196806298834560453e-03
8.205181302019283474e-03
8.213634526017900284e-03
8.222162659878304650e-03
8.230650810839628892e-03
8.239038391308607656e-03
8.247440149961498060e-03
8.255943525258931798e-03
8.264467697921737063e-03
8.272902364895853497e-03
8.281276523655284674e-03
8.289730273224807724e-03
8.298259795202295175e-03
8.306747935082053197e-03
8.315137644325685043e-03
8.323538808556482302e-03
8.332040591750917990e-03
8.340563628639859409e-03
8.349000612386449360e-03
8.357375995812123953e-03
8.365827948169590744e-03
8.374355337588035644e-03
8.382844956552192028e-03
8.391236184964455044e-03
8.399637058453233301e-03
8.408136911861862142e-03
8.416660352121151101e-03
8.425099008438522580e-03
8.433474448329135800e-03
8.441925130350271672e-03
