0.000000000000000000e+00
8.380194019223380635e-06
1.686360830418051653e-05
2.534354590188949308e-05
3.373516303851422960e-05
4.211615003037514862e-05
5.057377616292132018e-05
5.907393454570458464e-05
6.749770580361633848e-05
7.587232243821461842e-05
8.429670390448241177e-05
9.280297422674284042e-05
1.012664214466696660e-04
1.096160650109143922e-04
1.180335159346686448e-04
1.265395295373441522e-04
1.349965469953035371e-04
1.433541719493383365e-04
1.517701280642357487e-04
1.602667052490231890e-04
1.687358824280885160e-04
1.771156301814728830e-04
1.854999358511386022e-04
1.939745794184343712e-04
2.024574643898054626e-04
2.108366089876462799e-04
2.192159005343255300e-04
2.276725411832274343e-04
2.361580179561610106e-04
2.445669074379211807e-04
2.529329316998117942e-04
2.613917355100511168e-04
2.698742230399567548e-04
2.782896066504886106e-04
2.866458080651229298e-04
2.950955690984621415e-04
3.035837183483060340e-04
3.120018749440593253e-04
3.203627753019232813e-04
3.287892592069995186e-04
3.372924924850884045e-04
3.457229116488365751e-04
3.540874608969087458e-04
3.625034889253873948e-04
3.709949874004200322e-04
3.794445576965991824e-04
3.878007420935876371e-04
3.962130220855350298e-04
4.046940677470931848e-04
4.131543658642296952e-04
4.215186287095926999e-04
4.299183554549524723e-04
4.384020936203306801e-04
4.468658869006655507e-04
4.552450738839674215e-04
4.636262067468634672e-04
4.721098823494868937e-04
4.805787073223386180e-04
4.889628670906863732e-04
4.973373448703116012e-04
5.058067769818330684e-04
5.142934210351728487e-04
5.226779188389843196e-04
5.310532716524279549e-04
5.395061976688984287e-04
5.479974066104432778e-04
5.563987616634285573e-04
5.647660885460608574e-04
5.732151171431494217e-04
5.817009110323546894e-04
5.901214640844999791e-04
5.984768346274299067e-04
6.069251766806672962e-04
6.154120856153674117e-04
6.238377431905584893e-04
6.321972302254366205e-04
6.406249004097148980e-04
6.491207415971246304e-04
6.575497008503339335e-04
6.659174318256935038e-04
6.743240554134945566e-04
6.828203620709100358e-04
6.912742218300859526e-04
6.996373867712960036e-04
7.080432708488709976e-04
7.165201600559735788e-04
7.249849430616288120e-04
7.333589525595632722e-04
7.417411268209098650e-04
7.502270534788055972e-04
7.587039935494046443e-04
7.670898429869155025e-04
7.754632608411702764e-04
7.839229198414185765e-04
7.924138712076078499e-04
8.008037187888612188e-04
8.091769148641325769e-04
8.176276426665343797e-04
8.261266579213072218e-04
8.345426085774561905e-04
8.429018892148899388e-04
8.513505865124225717e-04
8.598359115416748071e-04
8.682613202275070007e-04
8.766211545958071385e-04
8.850458948310540837e-04
8.935509387734616449e-04
9.020076122290855963e-04
9.103670644928553175e-04
9.187783953535787369e-04
9.272618587202334549e-04
9.357396854918679065e-04
9.441241712463726210e-04
9.525097621157545486e-04
9.609889506926601972e-04
9.694835135837273458e-04
9.778935589685314785e-04
9.862570493265904875e-04
9.947176382520516846e-04
1.003216151990758438e-03
1.011644708717124178e-03
1.020009957593971455e-03
1.028439519867393190e-03
1.036938552199088807e-03
1.045387263828717822e-03
1.053761214752977401e-03
1.062155430609735760e-03
1.070649875022042143e-03
1.079133155074050521e-03
1.087516758453947177e-03
1.095891993098510857e-03
1.104368198331177322e-03
1.112857130524246658e-03
1.121257040968210664e-03
1.129627663256709555e-03
1.138063805638105195e-03
1.146570397859183067e-03
1.155002247666919116e-03
1.163372551045826131e-03
1.171789644426824524e-03
1.180295652319810623e-03
1.188763062600342460e-03
1.197154288345243702e-03
1.205542374377146890e-03
1.214010807338673087e-03
1.222513861806427812e-03
1.230933872380832531e-03
1.239306281350785032e-03
1.247739132306797992e-03
1.256245603272616558e-03
1.264692639746399288e-03
1.273056533274120232e-03
1.281468335110560195e-03
1.289969404837187396e-03
1.298448953533631184e-03
1.306815135451264804e-03
1.315216131072760196e-03
1.323699009658189842e-03
1.332188200940980210e-03
1.340584878298514129e-03
1.348954883794881328e-03
1.357414691335910974e-03
1.365915125647869594e-03
1.374325347836909909e-03
1.382692702454387012e-03
1.391134138774281380e-03
1.399625370941193388e-03
1.408048595835834950e-03
1.416405967927746772e-03
1.424844958749173348e-03
1.433329978307025347e-03
1.441767778151758139e-03
1.450124408400637862e-03
1.458550015269790287e-03
1.467047197635222826e-03
1.475484645788828660e-03
1.483852788422080357e-03
1.492261608000829522e-03
1.500755929408841656e-03
1.509200417600327837e-03
1.517573609648209228e-03
1.525969347357941739e-03
1.534454212793933282e-03
1.542923185962850668e-03
1.551291252995937783e-03
1.559686864185176993e-03
1.568160746880784516e-03
1.576639681342084870e-03
1.585014366629125754e-03
1.593403781766718381e-03
1.601872244181905443e-03
1.610347557457762714e-03
1.618741920393283002e-03
1.627111987756175776e-03
1.635581118828854192e-03
1.644059233127654566e-03
1.652464245992489589e-03
1.660826290560077530e-03
1.669290248834705151e-03
1.677779226836037703e-03
1.686184616907430165e-03
1.694551525865145569e-03
1.702993750828969612e-03
1.711491351139839308e-03
1.719904219416445914e-03
1.728272166116036823e-03
1.736701348324377371e-03
1.745194223648351833e-03
1.753629187251764697e-03
1.761988767405719188e-03
1.770415951518896670e-03
1.778903944558811023e-03
1.787351406853888210e-03
1.795708841495574420e-03
1.804130532510554242e-03
1.812616512734697548e-03
1.821066883904242642e-03
1.829436773358031083e-03
1.837837988671312288e-03
1.846329264845235222e-03
1.854784410966136719e-03
1.863162155303637159e-03
1.871549353740504032e-03
1.880037318445387014e-03
1.888503757466051614e-03
1.896881970637014124e-03
1.905266918631735645e-03
1.913737648870300363e-03
1.922221011132586605e-03
1.930602794033535116e-03
1.938985395930603898e-03
1.947448388926916558e-03
1.955935557793319571e-03
1.964332015794481232e-03
1.972701478751398216e-03
1.981161100844511941e-03
1.989642060287925927e-03
1.998055183716822888e-03
2.006413838666992917e-03
2.014867156634861378e-03
2.023355029292776656e-03
2.031773244682146679e-03
2.040134405990339309e-03
2.048575151363879725e-03
2.057075679612634621e-03
2.065500107048748833e-03
2.073864510493795155e-03
2.082281766692642595e-03
2.090768213189563452e-03
2.099222722873169290e-03
2.107579863620560098e-03
2.115998872929062812e-03
2.124492930037055576e-03
2.132956088244065355e-03
2.141334089508810032e-03
2.149719012907484565e-03
2.158204317720354738e-03
2.166694014766528103e-03
2.175091017502893756e-03
2.183462592942227599e-03
2.191930434715076790e-03
2.200420146539290925e-03
2.208829282257720062e-03
2.217189107578185128e-03
2.225628524484963601e-03
2.234130458671239848e-03
2.242558395610498318e-03
2.250916116154321779e-03
2.259344331342555759e-03
2.267830199675775239e-03
2.276277755243484233e-03
2.284648703138836019e-03
2.293045620831035518e-03
2.301538587996621119e-03
2.309999152271874877e-03
2.318368172291490874e-03
2.326760255563459483e-03
2.335232180844986141e-03
2.343714141989202727e-03
2.352093529136752622e-03
2.360482441950664118e-03
2.368953259210952646e-03
2.377428154971078511e-03
2.385828686238220756e-03
2.394193230521764193e-03
2.402647354311405678e-03
2.411143873756700379e-03
2.419566378592586265e-03
2.427925976899938162e-03
2.436359451128741922e-03
2.444855915874033850e-03
2.453297674051279752e-03
2.461664056375875015e-03
2.470072422256895488e-03
2.478564506927563235e-03
2.487026186790520805e-03
2.495388558374458943e-03
2.503788635432434382e-03
2.512263907368820961e-03
2.520736839359135565e-03
2.529112490440284765e-03
2.537499855111534017e-03
2.545983951685963035e-03
2.554476729233822168e-03
2.562867358071564943e-03
2.571240479965649934e-03
2.579698783706629601e-03
2.588194429746095305e-03
2.596616709369876583e-03
2.604974043652725450e-03
2.613421671785228460e-03
2.621921476569255560e-03
2.630359622923668459e-03
2.638722229322046624e-03
2.647149347000288429e-03
2.655662925680060422e-03
2.664100685676844705e-03
2.672456307771869759e-03
2.680891013458334190e-03
2.689399604841409032e-03
2.697853927700149396e-03
2.706223490891329110e-03
2.714631898219386791e-03
2.723147440442214798e-03
2.731600020130791825e-03
2.739959952621068978e-03
2.748373361561484013e-03
2.756886062071099187e-03
2.765336667843645152e-03
2.773690248605601479e-03
2.782119787215901838e-03
2.790632006189436905e-03
2.799067596024052730e-03
2.807418899520334413e-03
2.815858694857702269e-03
2.824372601387474015e-03
2.832806858034205965e-03
2.841171197314341489e-03
2.849606836709154840e-03
2.858108770275467371e-03
2.866564989766290025e-03
2.874927547135239670e-03
2.883344112631849084e-03
2.891836425083292843e-03
2.900304123649480662e-03
2.908683716827756890e-03
2.917065672682136058e-03
2.925556659065201015e-03
2.934044917048070095e-03
2.942431635526065493e-03
2.950807278805921662e-03
2.959270125492103210e-03
2.967764348646964503e-03
2.976176739211475533e-03
2.984543097316575463e-03
2.992987874147033742e-03
3.001489184037891677e-03
3.009908363488040389e-03
3.018271676364867213e-03
3.026701489189024923e-03
3.035190215114565160e-03
3.043635995894094885e-03
3.052006390130666824e-03
3.060406501282976824e-03
3.068901488619411606e-03
3.077374588354096253e-03
3.085742075874093292e-03
3.094136053683772206e-03
3.102605190846967603e-03
3.111087477441230442e-03
3.119476354611154609e-03
3.127850532985129283e-03
3.136324757944805239e-03
3.144804426324293318e-03
3.153208959637785695e-03
3.161573840158909444e-03
3.170027682845006408e-03
3.178525894517766470e-03
3.186932689775998865e-03
3.195302637334882043e-03
3.203740358401032003e-03
3.212240502954522969e-03
3.220663851764729840e-03
3.229029436837321972e-03
3.237462082486882321e-03
3.245952268868888390e-03
3.254396155760455860e-03
3.262754100225692851e-03
3.271182758282063525e-03
3.279671604647320556e-03
3.288121197434652147e-03
3.296485244642117802e-03
3.304901676086741125e-03
3.313392176119357886e-03
3.321842673254424196e-03
3.330218669791297319e-03
3.338613838116340042e-03
3.347106936276965546e-03
3.355567873348657120e-03
3.363946438731200712e-03
3.372335032838950052e-03
3.380817009025809117e-03
3.389298111131741186e-03
3.397674096094575272e-03
3.406063766400927503e-03
3.414532249831038306e-03
3.423017529858739770e-03
3.431404530876935605e-03
3.439786397865780918e-03
3.448249000012031627e-03
3.456730135199783532e-03
3.465141102995623022e-03
3.473505391701353640e-03
3.481967964804015200e-03
3.490453241619345323e-03
3.498869598096612538e-03
3.507234106312210036e-03
3.515680341334480839e-03
3.524175239505026105e-03
3.532594380946221628e-03
3.540965760571022913e-03
3.549389552445786182e-03
3.557887269274637339e-03
3.566326372748687256e-03
3.574691094859323154e-03
3.583112280851682898e-03
3.591602486402228119e-03
3.600057409097214261e-03
3.608418687709678222e-03
3.616836025145292975e-03
3.625319282784434868e-03
3.633777885963951869e-03
3.642153836858979220e-03
3.650549008983842211e-03
3.659038403001243795e-03
3.667500685318404209e-03
3.675886125780538933e-03
3.684267996165731685e-03
3.692751856222131149e-03
3.701227604692445498e-03
3.709612471573808367e-03
3.717995861384368762e-03
3.726461284966298745e-03
3.734951643222690198e-03
3.743341869135067158e-03
3.751722012436878653e-03
3.760178497331503542e-03
3.768668621114987759e-03
3.777075478200617956e-03
3.785443444619702048e-03
3.793897797806569140e-03
3.802382480170931212e-03
3.810806789028208571e-03
3.819166981057204799e-03
3.827613428581026680e-03
3.836107533075639245e-03
3.844533548900899364e-03
3.852898909307404546e-03
3.861329815378212148e-03
3.869829212508512934e-03
3.878259009187169041e-03
3.886630146063969372e-03
3.895043559152462989e-03
3.903539512029648856e-03
3.911987748164942776e-03
3.920354098715976392e-03
3.928764317919491468e-03
3.937248918868849895e-03
3.945717193102603847e-03
3.954081946521887693e-03
3.962488985253941054e-03
3.970969761388689484e-03
3.979441413546612114e-03
3.987815692241388800e-03
3.996209504318318576e-03
4.004688682914844637e-03
4.013157581643510968e-03
4.021550006353457295e-03
4.029923947891996157e-03
4.038402986603390962e-03
4.046881750984884091e-03
4.055278019475349119e-03
4.063648732306447686e-03
4.072121718612596239e-03
4.080612980381695051e-03
4.089008415452329535e-03
4.097382562953655154e-03
4.105832477622698568e-03
4.114330730783394979e-03
4.122736360767322375e-03
4.131107938900407256e-03
4.139549142201687237e-03
4.148043168707490382e-03
4.156469514066333214e-03
4.164831892660816708e-03
4.173271542997976542e-03
4.181761197974267173e-03
4.190202289289607536e-03
4.198559203145903022e-03
4.206987477136642402e-03
4.215483019979066916e-03
4.223922856624636422e-03
4.232292489709918795e-03
4.240694865217118151e-03
4.249192445154813778e-03
4.257653399721795726e-03
4.266023970888980187e-03
4.274422169604661856e-03
4.282905838374277165e-03
4.291379289200883407e-03
4.299750477979194171e-03
4.308146637481157816e-03
4.316621071116343369e-03
4.325100257492930748e-03
4.333486329644251241e-03
4.341867619921831005e-03
4.350342503963749302e-03
4.358820127644272985e-03
4.367220296031992105e-03
4.375588973283208935e-03
4.384058907171152139e-03
4.392541066850409563e-03
4.400947045704920423e-03
4.409313579416741791e-03
4.417768301458561107e-03
4.426266869271325809e-03
4.434676285645875252e-03
4.443046298669243825e-03
4.451486578077658816e-03
4.459990320948530387e-03
4.468410713486309881e-03
4.476777207961183357e-03
4.485208790573218945e-03
4.493699893730961938e-03
4.502141771946814933e-03
4.510501133567034263e-03
4.518929198490938617e-03
4.527416990675957320e-03
4.535869370949107034e-03
4.544230223093430679e-03
4.552654480219161907e-03
4.561146784227138387e-03
4.569597948513399663e-03
4.577974697323543805e-03
4.586363061834453775e-03
4.594843849749279119e-03
4.603328869332318218e-03
4.611708411426936743e-03
4.620098916246800219e-03
4.628568863995375683e-03
4.637053654972933883e-03
4.645444428962509920e-03
4.653817162413620943e-03
4.662287131203494452e-03
4.670773584851349233e-03
4.679182351013490455e-03
4.687547312467118393e-03
4.695998368423577943e-03
4.704500336960951677e-03
4.712922346394081419e-03
4.721287187653715710e-03
4.729723713752135433e-03
4.738219788371306716e-03
4.746663687194036842e-03
4.755018192109205892e-03
4.763438492304914763e-03
4.771935893734420391e-03
4.780392341521410605e-03
4.788762597902721484e-03
4.797158469357009139e-03
4.805633159733932805e-03
4.814113205814740323e-03
4.822501818538817327e-03
4.830888346347586224e-03
4.839363984067527290e-03
4.847840753291670322e-03
4.856239458079833655e-03
4.864609978225740636e-03
4.873082386105612694e-03
4.881564089918964330e-03
4.889968143130562703e-03
4.898334823437550632e-03
4.906790424427664304e-03
4.915289906540762366e-03
4.923701708823844184e-03
4.932070527443419006e-03
4.940510142814993726e-03
4.949001964063380957e-03
4.957439343288795076e-03
4.965797548527886400e-03
4.974226283842242240e-03
4.982720635935929294e-03
4.991164391667628208e-03
4.999535145367802261e-03
5.007936350600297216e-03
5.016436063538437518e-03
5.024916343878494188e-03
5.033296022414432760e-03
5.041687969814110520e-03
5.050177301117763848e-03
5.058669740776683063e-03
5.067064521762714227e-03
5.075438568954310573e-03
5.083920306946183333e-03
5.092425347596075437e-03
5.100828845557054889e-03
5.109209948333454272e-03
5.117661189038689128e-03
5.126167862965078786e-03
5.134630673038332802e-03
5.142992353203052619e-03
5.151401920305702202e-03
5.159901263130564804e-03
5.168391835515394328e-03
5.176775376504624132e-03
5.185157115648058972e-03
5.193627412997124486e-03
5.202118652202142486e-03
5.210531843307933918e-03
5.218895912404674688e-03
5.227361281082820027e-03
5.235846230070306286e-03
5.244258202406745784e-03
5.252625739801160785e-03
5.261056981653283900e-03
5.269546973457372822e-03
5.277995747480226756e-03
5.286353519698100238e-03
5.294764287417438355e-03
5.303264276044759341e-03
5.311721877784418219e-03
5.320095561445350660e-03
5.328486663719893615e-03
5.336965208579456596e-03
5.345445791060545945e-03
5.353822031130993017e-03
5.362207220543037736e-03
5.370676336740224689e-03
5.379157305084483580e-03
5.387555978847780210e-03
5.395921936901431140e-03
5.404391585770392838e-03
5.412876559809795367e-03
5.421281720770670595e-03
5.429648784628003655e-03
5.438104660509977470e-03
5.446601053765709466e-03
5.455008659518881253e-03
5.463378159947291160e-03
5.471809124004864758e-03
5.480307627072342203e-03
5.488742242617604405e-03
5.497101491082290181e-03
5.505535411294097507e-03
5.514029684193896136e-03
5.522472902025246655e-03
5.530844691616007558e-03
5.539245946344546929e-03
5.547737729880888001e-03
5.556214372315695059e-03
5.564580335351983556e-03
5.572973564978590116e-03
5.581444116586127546e-03
5.589928776008482383e-03
5.598331135520356015e-03
5.606701663686243509e-03
5.615169568369027774e-03
5.623675357667556017e-03
5.632112895086294896e-03
5.640469307120345166e-03
5.648907612699597541e-03
5.657416868610166613e-03
5.665869440830135009e-03
5.674248370451806175e-03
5.682663378797468343e-03
5.691153627070688788e-03
5.699637642452337442e-03
5.708027420663622925e-03
5.716412955646487000e-03
5.724892247507055304e-03
5.733388231197969476e-03
5.741811477714915679e-03
5.750188165130367540e-03
5.758627603704014400e-03
5.767135905888777676e-03
5.775594013923606405e-03
5.783974675311916516e-03
5.792377928090414012e-03
5.800871775139220150e-03
5.809357500987677794e-03
5.817762189814076543e-03
5.826131989572710251e-03
5.834613388940375345e-03
5.843117165366700470e-03
5.851551861335141207e-03
5.859929203887604549e-03
5.868358611856620659e-03
5.876861011495135290e-03
5.885329957127867322e-03
5.893718349720480920e-03
5.902104095950962484e-03
5.910606403402105663e-03
5.919092554382611795e-03
5.927485476056322533e-03
5.935878947960674702e-03
5.944348763908800272e-03
5.952857477528278839e-03
5.961304417688300349e-03
5.969683333670345628e-03
5.978088906560927347e-03
5.986602378877667677e-03
5.995060735272002110e-03
6.003417541004067541e-03
6.011849926632408490e-03
6.020350533565416509e-03
6.028833547518608511e-03
6.037221517458880166e-03
6.045601110510286091e-03
6.054091162998021490e-03
6.062583188322489408e-03
6.070945721578568932e-03
6.079327305991797693e-03
6.087835960253572612e-03
6.096341195144327693e-03
6.104710779840400760e-03
6.113089454462484508e-03
6.121592878690238111e-03
6.130069505547667240e-03
6.138434303293510003e-03
6.146839523770645207e-03
6.155347468042566758e-03
6.163821219683902897e-03
6.172174810702670683e-03
6.180590716580768376e-03
6.189101855111798882e-03
6.197567624396464400e-03
6.205933064372859756e-03
6.214343500157796032e-03
6.222853077643202176e-03
6.231333743640785593e-03
6.239710993153529776e-03
6.248104733882429637e-03
6.256596562574905616e-03
6.265095933278301901e-03
6.273489626426097775e-03
6.281874685794581505e-03
6.290337722188537282e-03
6.298848046788891458e-03
6.307277959398341176e-03
6.315648409989342918e-03
6.324068530173020466e-03
6.332563159956096366e-03
6.341028766290961530e-03
6.349396054562229941e-03
6.357808059797716640e-03
6.366304234214657798e-03
6.374780957518629519e-03
6.383164545537222366e-03
6.391555121259914589e-03
6.400036246410790650e-03
6.408527665681841914e-03
6.416910269674910502e-03
6.425294925740039978e-03
6.433758636860996590e-03
6.442244870331410855e-03
6.450652427566718437e-03
6.459020819768176297e-03
6.467491251105824193e-03
6.475991108693139944e-03
6.484411594514276171e-03
6.492780670168435582e-03
6.501222190383713212e-03
6.509726456107781285e-03
6.518181064042316217e-03
6.526560327226052505e-03
6.534965377041754807e-03
6.543470088920600933e-03
6.551955783407253930e-03
6.560347117896794984e-03
6.568732609359643343e-03
6.577213910897192900e-03
6.585716289642015372e-03
6.594124007704040349e-03
6.602507382871977692e-03
6.610960544570902188e-03
6.619476360594722490e-03
6.627916351575591745e-03
6.636295216787128567e-03
6.644711874372271829e-03
6.653230124853488220e-03
6.661686957795206858e-03
6.670056589774733119e-03
6.678475774115233410e-03
6.686969596012987301e-03
6.695469010612737151e-03
6.703856999608738890e-03
6.712249071707635482e-03
6.720715201240575788e-03
6.729223240411102806e-03
6.737643677671774356e-03
6.746016401958001250e-03
6.754459883521169404e-03
6.762963043609486122e-03
6.771404270976397535e-03
6.779765831849908497e-03
6.788192951620340872e-03
6.796696002750763667e-03
6.805166796197935353e-03
6.813541898917175287e-03
6.821937927260195850e-03
6.830413532800170759e-03
6.838897533668255452e-03
6.847288141829301761e-03
6.855663942508354036e-03
6.864138693038853399e-03
6.872625251391130397e-03
6.881031012200337221e-03
6.889403920323425648e-03
6.897854336105893255e-03
6.906360088452348153e-03
6.914781873303974327e-03
6.923142353884690833e-03
6.931582682241003643e-03
6.940071127766851700e-03
6.948516001166510532e-03
6.956878281720335969e-03
6.965309892235284177e-03
6.973813818843214302e-03
6.982270414807980122e-03
6.990645075759191647e-03
6.999045240491472836e-03
7.007543676475267921e-03
7.016028254430310696e-03
7.024415197736465222e-03
7.032801883463133362e-03
7.041286215712547550e-03
7.049775262407610710e-03
7.058177861046408333e-03
7.066554330960045892e-03
7.075015632177274541e-03
7.083514320857260856e-03
7.091945268874474441e-03
7.100306790213139520e-03
7.108748721355004178e-03
7.117260953712446943e-03
7.125714373591308937e-03
7.134082428974731528e-03
7.142499671050146944e-03
7.151001865081016082e-03
7.159470942132522414e-03
7.167853703913018223e-03
7.176244206048206301e-03
7.184736864758333244e-03
7.193207785033494880e-03
7.201594933050080305e-03
7.209975917026560134e-03
7.218444766648860790e-03
7.226942050697347450e-03
7.235340129295989541e-03
7.243717283622986419e-03
7.252177723457309093e-03
7.260667048325430625e-03
7.269083612673699936e-03
7.277449568304159878e-03
7.285907331021650515e-03
7.294397627855481354e-03
7.302823623575892265e-03
7.311185155782833241e-03
7.319630690642942722e-03
7.328130391750672240e-03
7.336560575004565446e-03
7.344930213362460894e-03
7.353352941569422756e-03
7.361856396807100154e-03
7.370300738726273497e-03
7.378667676038238622e-03
7.387085219929076518e-03
7.395581434900311973e-03
7.404044403960961286e-03
7.412408243982608093e-03
7.420819090183645647e-03
7.429302485742994913e-03
7.437770957312054079e-03
7.446152294951511284e-03
7.454543675012617956e-03
7.463038129554114795e-03
7.471523064591267978e-03
7.479915821173240692e-03
7.488301525441695521e-03
7.496775836632906843e-03
7.505276862840281824e-03
7.513700938872653126e-03
7.522067326419638184e-03
7.530519096674395327e-03
7.539027288582550446e-03
7.547465126554601597e-03
7.555836119030302778e-03
7.564264297043606956e-03
7.572769707568199372e-03
7.581227398803938068e-03
7.589595873463570765e-03
7.598012726045398624e-03
7.606511391535116656e-03
7.614987996448817700e-03
7.623372373647742742e-03
7.631766611466896111e-03
7.640251209616446409e-03
7.648742605092732905e-03
7.657131107116454775e-03
7.665510913569781835e-03
7.673985863567401103e-03
7.682485634018975523e-03
7.690895542515721259e-03
7.699265511242307444e-03
7.707709604997178311e-03
7.716211244361704212e-03
7.724659336966273500e-03
7.733014654635932995e-03
7.741440849190899497e-03
7.749939733926949556e-03
7.758400764970589843e-03
7.766780832797899256e-03
7.775185676798683498e-03
7.783683395371924878e-03
7.792168626529267193e-03
7.800563872665661029e-03
7.808946797673990865e-03
7.817440961397262300e-03
7.825943060179372038e-03
7.834347073494105085e-03
7.842724647015976089e-03
7.851183557304887428e-03
7.859695118132177527e-03
7.868131505065928746e-03
7.876511511647411173e-03
7.884937227904413939e-03
7.893451150908897471e-03
7.901925473753481505e-03
7.910300581011416379e-03
7.918712708595145727e-03
7.927212249169349537e-03
7.935710252695959976e-03
7.944099015712847295e-03
7.952492057545300363e-03
7.960967608780518401e-03
7.969464623187941243e-03
7.977884876956246527e-03
7.986255087924923682e-03
7.994712429239122717e-03
8.003232384769189481e-03
8.011660348270166487e-03
8.020043173835722863e-03
8.028482475844450628e-03
8.036988103847049134e-03
8.045467161217428886e-03
8.053853878575295555e-03
8.062256397104925615e-03
8.070740611445421930e-03
8.079238676902219043e-03
8.087642508608463426e-03
8.096016623070542359e-03
8.104482134429767323e-03
8.112986398887557515e-03
8.121426786601083914e-03
8.129783558035001689e-03
8.138233293241916785e-03
8.146744351174668372e-03
8.155215477997650522e-03
8.163580099362056919e-03
8.171997489479713994e-03
8.180492331893442562e-03
8.188992870226393522e-03
8.197389232245078441e-03
8.205771850711588572e-03
8.214259261001064308e-03
8.222759342004433078e-03
8.231141432990680615e-03
8.239520584263731323e-03
8.248028951955477250e-03
8.256514026497322953e-03
8.264881197032834456e-03
8.273285852660237569e-03
8.281787668514581022e-03
8.290276287554198403e-03
8.298686895581375983e-03
8.307072182631785109e-03
8.315539699762557191e-03
8.324054374456659258e-03
8.332496860381280110e-03
8.340859442661786513e-03
8.349309798236757146e-03
8.357823373639206715e-03
8.366275445832760740e-03
8.374646943055744086e-03
8.383078125652849641e-03
8.391581936769886008e-03
8.400058409782284671e-03
8.408454315343760754e-03
8.416851318632024778e-03
8.425335721433177896e-03
8.433837155086752052e-03
