0.000000000000000000e+00
8.375500023959598842e-06
1.688852826851762587e-05
2.541485507937229954e-05
3.380749639564451588e-05
4.216679236317064366e-05
5.066534593071474803e-05
5.920163581916259009e-05
6.761267144995573766e-05
7.596288566694108771e-05
8.444277440045199639e-05
9.298563970032819564e-05
1.014169985260280222e-04
1.097616873744664906e-04
1.182216512120997395e-04
1.267666905279230623e-04
1.352200327164378179e-04
1.435618169895674999e-04
1.520024172356039625e-04
1.605463208092090224e-04
1.690180046528897816e-04
1.773661942463599728e-04
1.857843867652277906e-04
1.943238817280381735e-04
2.028153154517218343e-04
2.111702064526461563e-04
2.195702382198006159e-04
2.281008290578896832e-04
2.366087637229284267e-04
2.449772588282144586e-04
2.533584062760326958e-04
2.618775751286323678e-04
2.703991506447289478e-04
2.787847149408897670e-04
2.871493034315439948e-04
2.956540963478334781e-04
3.041873121878680927e-04
3.125895045901786666e-04
3.209441940528353059e-04
3.294309354518590630e-04
3.379712530004817914e-04
3.463954186605721860e-04
3.547400797154639206e-04
3.632093740667895047e-04
3.717538973265392481e-04
3.801976196127250930e-04
3.885410513293908845e-04
3.969890792819835289e-04
4.055343399469494257e-04
4.139985942353920155e-04
4.223438696776916695e-04
4.307712221644981014e-04
4.393128093174443580e-04
4.477972339909140967e-04
4.561477837549062528e-04
4.645558628520855848e-04
4.730903157619188487e-04
4.815909007073372215e-04
4.899547871213459855e-04
4.983419127135509151e-04
5.068667098572054823e-04
5.153833303049550540e-04
5.237599025814226308e-04
5.321324899762394254e-04
5.406430851231248513e-04
5.491717565197355190e-04
5.575672161076568583e-04
5.659251584250253771e-04
5.744202364613888463e-04
5.829578241511547063e-04
5.913733818243405551e-04
5.997212480466849712e-04
6.081980640476088032e-04
6.167416488503475519e-04
6.251763173756505736e-04
6.335209617993971167e-04
6.419769160974698498e-04
6.505221400242950595e-04
6.589789565583333616e-04
6.673210200678845452e-04
6.757581611311386412e-04
6.843014643639295852e-04
6.927768847126547893e-04
7.011258696527813538e-04
7.095409924629324065e-04
7.180793364222332184e-04
7.265734875342795464e-04
7.349312033992334110e-04
7.433272324463720531e-04
7.518562260941496610e-04
7.603671226178403261e-04
7.687374082361932452e-04
7.771163116244740598e-04
7.856328604471178286e-04
7.941563414328970012e-04
8.025450526739716242e-04
8.109069706943837236e-04
8.194093257956568382e-04
8.279438577294739648e-04
8.363493892666605837e-04
8.447024486095212935e-04
8.531862961507785149e-04
8.617277431263628117e-04
8.701548714266522369e-04
8.784993962695696003e-04
8.869651073229022770e-04
8.955098728083895352e-04
9.039577612330163383e-04
9.123003387773588168e-04
9.207453391694487600e-04
9.292901416013723799e-04
9.377574038805451106e-04
9.461041039509303493e-04
9.545273274617074259e-04
9.630681037210760825e-04
9.715555861395738660e-04
9.799074055891706693e-04
9.883123863516972505e-04
9.968451848550623565e-04
1.005348677585062803e-03
1.013714576607528412e-03
1.022099023131446899e-03
1.030621783811461710e-03
1.039140438847990528e-03
1.047520674592621265e-03
1.055890016044447972e-03
1.064398220363666587e-03
1.072928999662619296e-03
1.081327146869908796e-03
1.089683834001745196e-03
1.098175307411364656e-03
1.106714014538519872e-03
1.115133423969742049e-03
1.123479420208400338e-03
1.131953267550327375e-03
1.140497236925682280e-03
1.148935316283634066e-03
1.157279641017720665e-03
1.165732094722183492e-03
1.174277407018190465e-03
1.182737375166261233e-03
1.191080493710171447e-03
1.199513810868860263e-03
1.208056400992023544e-03
1.216535748737499010e-03
1.224885344792724529e-03
1.233297460853099775e-03
1.241834232803430433e-03
1.250331132027874236e-03
1.258691820593884660e-03
1.267083563089895469e-03
1.275610778620065713e-03
1.284124334193373048e-03
1.292496892471732117e-03
1.300873238101229188e-03
1.309387056229913918e-03
1.317912663487226825e-03
1.326304451052867520e-03
1.334664251629493013e-03
1.343163735836375855e-03
1.351699614012758649e-03
1.360109347766157856e-03
1.368460262387488852e-03
1.376941027130738427e-03
1.385483610191183676e-03
1.393914035194735584e-03
1.402258714328169292e-03
1.410719946359175218e-03
1.419264932084402225e-03
1.427717129313711437e-03
1.436058989995033473e-03
1.444500605806368215e-03
1.453044717307310245e-03
1.461515351682841739e-03
1.469863249796981566e-03
1.478282506531820861e-03
1.486822323103464179e-03
1.495312844886304091e-03
1.503666906350953998e-03
1.512068200001514791e-03
1.520599302041471560e-03
1.529106175898517451e-03
1.537474066597327525e-03
1.545855983704126895e-03
1.554376062971898854e-03
1.562896948981416919e-03
1.571281355215088573e-03
1.579646975568930198e-03
1.588152512680202771e-03
1.596685237569151015e-03
1.605086465822036686e-03
1.613441640140457533e-03
1.621929359626703452e-03
1.630469271205496704e-03
1.638892424710424248e-03
1.647237235623242669e-03
1.655707586705220400e-03
1.664251975897193840e-03
1.672694383420401509e-03
1.681038069529417313e-03
1.689487005743838498e-03
1.698032284217040021e-03
1.706495644606398137e-03
1.714840464339476619e-03
1.723269077078985051e-03
1.731810863918319121e-03
1.740294333433639725e-03
1.748644628456147519e-03
1.757053541505516816e-03
1.765588466504340375e-03
1.774088267102280885e-03
1.782451539599799739e-03
1.790839512528348120e-03
1.799364811575188041e-03
1.807880812745148082e-03
1.816256476020422115e-03
1.824629886324750710e-03
1.833141120886135674e-03
1.841669150351113709e-03
1.850063875020565435e-03
1.858422152382905538e-03
1.866918175225832288e-03
1.875455413305145798e-03
1.883869894863189664e-03
1.892218332443497191e-03
1.900695907583407505e-03
1.909239319512713020e-03
1.917673193558724768e-03
1.926017885693985304e-03
1.934474745641940382e-03
1.943019901046645972e-03
1.951475912925249977e-03
1.959817845350491413e-03
1.968255831908426179e-03
1.976799261372737260e-03
1.985273761053726622e-03
1.993622593841182841e-03
2.002038442462645770e-03
2.010577086169015870e-03
2.019070595714025831e-03
2.027427667151854643e-03
2.035824620443596553e-03
2.044353963666377654e-03
2.052864235777159679e-03
2.061234180286506540e-03
2.069613550243132403e-03
2.078130621950484251e-03
2.086653701578176576e-03
2.095041808328866693e-03
2.103404243211816262e-03
2.111907122646919637e-03
2.120441402686895366e-03
2.128846202130317469e-03
2.137199633246868354e-03
2.145684050465705532e-03
2.154225272217523326e-03
2.162651852555814817e-03
2.170996405660178749e-03
2.179462849405915462e-03
2.188007581068652889e-03
2.196454660168463326e-03
2.204797431335087099e-03
2.213243035353236552e-03
2.221787951418320670e-03
2.230254599366734720e-03
2.238601050585613175e-03
2.247025089401504146e-03
2.255566037188703587e-03
2.264052951589312895e-03
2.272404477341907758e-03
2.280810124910432560e-03
2.289343242083968864e-03
2.297846133488917059e-03
2.306211662848577093e-03
2.314596617275040472e-03
2.323119800597201173e-03
2.331638078973791075e-03
2.340017560408062195e-03
2.348387595282249232e-03
2.356896269976243869e-03
2.365426681161529859e-03
2.373824339975898635e-03
2.382181273885106577e-03
2.390673427941867549e-03
2.399211944554122469e-03
2.407630660801201097e-03
2.415976979359883790e-03
2.424451450605417339e-03
2.432995361412215556e-03
2.441432708939014155e-03
2.449777144704388433e-03
2.458230279378449245e-03
2.466775588574591453e-03
2.475234946014344753e-03
2.483577793035104866e-03
2.492011983492910514e-03
2.500554733853112711e-03
2.509033269309569793e-03
2.517382755636761796e-03
2.525795513897593700e-03
2.534332654418339648e-03
2.542828990529764997e-03
2.551189118140950295e-03
2.559581709047283136e-03
2.568109307746018182e-03
2.576622357272612303e-03
2.584994415270969268e-03
2.593371316705260238e-03
2.601885694855131728e-03
2.610410859901097884e-03
2.618802024021021219e-03
2.627162228675718712e-03
2.635662387862556296e-03
2.644198027905770090e-03
2.652606770484627983e-03
2.660958243284705475e-03
2.669439724411325644e-03
2.677982101816499434e-03
2.686411845493559807e-03
2.694756518713860467e-03
2.703218750639530422e-03
2.711763715402591181e-03
2.720215131788607590e-03
2.728557124031634300e-03
2.736999460137507899e-03
2.745543773629443522e-03
2.754013716016970575e-03
2.762361423464408140e-03
2.770781478948116782e-03
2.779321490032802926e-03
2.787811470548810268e-03
2.796165055475970367e-03
2.804567145672778091e-03
2.813098657027038665e-03
2.821604833752922297e-03
2.829972349955633092e-03
2.838354821309055018e-03
2.846875557456713616e-03
2.855395996703875838e-03
2.863779502802298385e-03
2.872145976070489184e-03
2.880652178813442391e-03
2.889184525885034240e-03
2.897585054980590658e-03
2.905940618503868866e-03
2.914429232327793787e-03
2.922968902175154642e-03
2.931391255977178027e-03
2.939736292308393287e-03
2.948207483680602078e-03
2.956751834452891851e-03
2.965193233519884935e-03
2.973537097478814572e-03
2.981986907701875741e-03
2.990532253475415309e-03
2.998994853250564439e-03
3.007339284599026569e-03
3.015769056635559265e-03
3.024311070876521679e-03
3.032793659444277170e-03
3.041143770923845219e-03
3.049553502837933170e-03
3.058088920365499563e-03
3.066588048478831492e-03
3.074950753767003147e-03
3.083339638606235212e-03
3.091865450536739925e-03
3.100380903633865454e-03
3.108755776324017596e-03
3.117129952328006118e-03
3.125641844907939369e-03
3.134169331324228053e-03
3.142563374681773582e-03
3.150922017194514053e-03
3.159418987847541389e-03
3.167955939736498330e-03
3.176369251185568940e-03
3.184718354377000411e-03
3.193196779362323951e-03
3.201740077241283910e-03
3.210173099119553036e-03
3.218517831955512460e-03
3.226975802555522889e-03
3.235520969617602331e-03
3.243976096890869004e-03
3.252317938990127201e-03
3.260756892923645685e-03
3.269300503917544135e-03
3.277774074298969113e-03
3.286122740752767547e-03
3.294539400840213860e-03
3.303078402110224115e-03
3.311571212942906062e-03
3.319927523359689648e-03
3.328325644293679639e-03
3.336855489830138372e-03
3.345364989595551314e-03
3.353734442229427265e-03
3.362114500790979680e-03
3.370632378681979145e-03
3.379154965129193243e-03
3.387542216979540569e-03
3.395905431082670272e-03
3.404409054608070837e-03
3.412943014819190459e-03
3.421346875448746504e-03
3.429700827996918361e-03
3.438186124552127486e-03
3.446727086159905289e-03
3.455152839777085507e-03
3.463497422662253564e-03
3.471964980705120971e-03
3.480509681647505921e-03
3.488955616721665671e-03
3.497298676715805601e-03
3.505745187708339105e-03
3.514290288829401143e-03
3.522756179142524317e-03
3.531102322438233170e-03
3.539527465656392129e-03
3.548068682675473151e-03
3.556554855013403359e-03
3.564906059643709307e-03
3.573312550864791645e-03
3.581846118288599043e-03
3.590348318745020112e-03
3.598713391241312697e-03
3.607099034351336341e-03
3.615622805143872340e-03
3.624140605039566278e-03
3.632519165507173357e-03
3.640890086333797675e-03
3.649399420353478807e-03
3.657929331205578890e-03
3.666326363190442264e-03
3.674683636108776966e-03
3.683176717232848878e-03
3.691714999140814808e-03
3.700132869393525127e-03
3.708479639956457387e-03
3.716954861748954925e-03
3.725498739189580903e-03
3.733935337185276954e-03
3.742279885030790672e-03
3.750733849528762459e-03
3.759279183657167518e-03
3.767737871854479406e-03
3.776080495524070362e-03
3.784515622510861883e-03
3.793058599059538280e-03
3.801536238919761036e-03
3.809885634169325394e-03
3.818299173749916623e-03
3.826836756592404739e-03
3.835332468651332909e-03
3.843691918684451203e-03
3.852085588617347022e-03
3.860613664699974901e-03
3.869126158004492812e-03
3.877497705656703358e-03
3.885875277740522861e-03
3.894390344306704853e-03
3.902915045055354269e-03
3.911305556708814801e-03
3.919666262425394385e-03
3.928167131737087155e-03
3.936702516854268842e-03
3.945110324627076892e-03
3.953462339923637450e-03
3.961944573118047173e-03
3.970486722044394394e-03
3.978915724476231146e-03
3.987260369000737367e-03
3.995723737711360385e-03
4.004268691932901664e-03
4.012719062749272453e-03
4.021061238584304476e-03
4.029504462858650438e-03
4.038048966450089039e-03
4.046518078896575721e-03
4.054865524593226876e-03
4.063286562891766339e-03
4.071826887257423526e-03
4.080316098600154581e-03
4.088669069567126869e-03
4.097072196231519095e-03
4.105604168112543528e-03
4.114109494279098896e-03
4.122476514621146830e-03
4.130859673539740221e-03
4.139381123929543847e-03
4.147901039151487453e-03
4.156283585620643324e-03
4.164650966167223259e-03
4.173157834485114077e-03
4.181689786933500720e-03
4.190089604280008116e-03
4.198445569086812698e-03
4.206935087901272387e-03
4.215474502252992105e-03
4.223896006690414269e-03
4.232241307880356927e-03
4.240713401306674644e-03
4.249257695538673739e-03
4.257698046952729763e-03
4.266042146696145086e-03
4.274492846067569699e-03
4.283038252535522304e-03
4.291500034879913369e-03
4.299844033837992019e-03
4.308275058937433358e-03
4.316817323508444562e-03
4.325298911201179604e-03
4.333648916680592385e-03
4.342059440365642932e-03
4.350595341369034239e-03
4.359093782077937650e-03
4.367455871145396393e-03
4.375845704651696970e-03
4.384372028723839375e-03
4.392886919627447470e-03
4.401261019570137240e-03
4.409635962665365248e-03
4.418148490241992181e-03
4.426675432105357279e-03
4.435068814890758514e-03
4.443427840204556764e-03
4.451925673134804647e-03
4.460462351299378583e-03
4.468874564429869446e-03
4.477224286676515994e-03
4.485703485174329271e-03
4.494246612722019307e-03
4.502678890661130327e-03
4.511023680165265545e-03
4.519482622152486660e-03
4.528027777396527800e-03
4.536482086993883119e-03
4.544823926460619945e-03
4.553263748630974155e-03
4.561807566164191238e-03
4.570280218403868257e-03
4.578628708677074874e-03
4.587046213530043479e-03
4.595585523409477340e-03
4.604077667565631068e-03
4.612433293406160463e-03
4.620832446367143832e-03
4.629362709660687566e-03
4.637871460476654210e-03
4.646240445477691459e-03
4.654621121796694537e-03
4.663139715899614936e-03
4.671661819390277547e-03
4.680048281636492793e-03
4.688412212477923585e-03
4.696916470057641881e-03
4.705450086457150377e-03
4.713853118527864226e-03
4.722207497265321768e-03
4.730693540611146351e-03
4.739234184741300537e-03
4.747659198333790791e-03
4.756003850009673725e-03
4.764472307736835645e-03
4.773016948418229086e-03
4.781461830176347676e-03
4.789805115477582635e-03
4.798252379753787690e-03
4.806797563576470020e-03
4.815262743601766808e-03
4.823608556857660740e-03
4.832034681037253310e-03
4.840576089856891973e-03
4.849061532270627743e-03
4.857412461320649404e-03
4.865819710165310633e-03
4.874353718505523847e-03
4.882855189122820884e-03
4.891219766038453626e-03
4.899606107812462009e-03
4.908130399675032784e-03
4.916647696192456667e-03
4.925025384221710413e-03
4.933397115851752626e-03
4.941907044995386480e-03
4.950436450343573963e-03
4.958832837409225119e-03
4.967190437849016392e-03
4.975684461231353641e-03
4.984222456147890251e-03
4.992639356496610115e-03
5.000986615384916435e-03
5.009462566031679977e-03
5.018006353314229638e-03
5.026442086143658936e-03
5.034786717967102733e-03
5.043241613716354169e-03
5.051786912999812855e-03
5.060244802293606750e-03
5.068587159729647310e-03
5.077023295684295577e-03
5.085566446129532320e-03
5.094043064036558530e-03
5.102392298418806892e-03
5.110806606941680798e-03
5.119344596866589638e-03
5.127839596314525024e-03
5.136198280178876432e-03
5.144593066942990470e-03
5.153121590410293662e-03
5.161633395211297388e-03
5.170004382013186454e-03
5.178382585785184719e-03
5.186898345601212261e-03
5.195422499566729885e-03
5.203812230434033334e-03
5.212173491228739609e-03
5.220675076697663987e-03
5.229210097401495484e-03
5.237616847742148675e-03
5.245969390662130749e-03
5.254452364096937229e-03
5.262994244458180267e-03
5.271422424021483290e-03
5.279767057214608365e-03
5.288231510989297758e-03
5.296776405241816234e-03
5.305225732819445102e-03
5.313568122868784008e-03
5.322012147861677860e-03
5.330556810437395328e-03
5.339025126024818900e-03
5.347372281679027735e-03
5.355794316264185506e-03
5.364334873618151894e-03
5.372823334315812542e-03
5.381175792861676681e-03
5.389579760723509604e-03
5.398112132159816126e-03
5.406616667300201580e-03
5.414983237699364481e-03
5.423366963370161199e-03
5.431889019678915256e-03
5.440408414719621367e-03
5.448789952079824590e-03
5.457158250965964304e-03
5.465665723651765874e-03
5.474197210140845787e-03
5.482596340134461566e-03
5.490952647966521917e-03
5.499442999477399500e-03
5.507982145213555399e-03
5.516402792727088944e-03
5.524748388035465203e-03
5.533221247923599678e-03
5.541765408163021323e-03
5.550204822699052534e-03
5.558549050526842561e-03
5.567000475640976158e-03
5.575545885496579167e-03
5.584006949181714863e-03
5.592350607401352577e-03
5.600782599749639171e-03
5.609325023408588511e-03
5.617805744140116735e-03
5.626155586872940741e-03
5.634566825527377067e-03
5.643103123645777652e-03
5.651600944012801636e-03
5.659962487972534928e-03
5.668353134277701044e-03
5.676879877540279284e-03
5.685394247166487662e-03
5.693767698394957069e-03
5.702143288653172340e-03
5.710656400329796809e-03
5.719182791633863235e-03
5.727575539588701352e-03
5.735934910361477866e-03
5.744433513763622969e-03
5.752969884452515704e-03
5.761381052109377891e-03
5.769731339688986306e-03
5.778211247089822672e-03
5.786754204284592570e-03
5.795185659022145455e-03
5.803530441067264629e-03
5.811990480135928797e-03
5.820535601998124905e-03
5.828988972419542683e-03
5.837330835652236594e-03
5.845771549807047586e-03
5.854315555397535814e-03
5.862787263218935743e-03
5.871135514199134209e-03
5.879553898858269102e-03
5.888093516514195623e-03
5.896584913630875668e-03
5.904939760296283070e-03
5.913340081481308248e-03
5.921870837212172937e-03
5.930378666690920390e-03
5.938747123349090787e-03
5.947128480794836546e-03
5.955647888380671655e-03
5.964169411303159134e-03
5.972554896813140821e-03
5.980919681135365464e-03
5.989424637529132921e-03
5.997957850850478556e-03
6.006359971794684831e-03
6.014714802610574354e-03
6.023201753706452014e-03
6.031742051085512216e-03
6.040166127395382029e-03
6.048510881838234376e-03
6.056980409999798871e-03
6.065524966915030770e-03
6.073968475004769794e-03
6.082312020418897784e-03
6.090760291632764563e-03
6.099305598819068294e-03
6.107769733897155592e-03
6.116114995719939412e-03
6.124542633113082106e-03
6.133084299869151663e-03
6.141568621795195221e-03
6.149919206375363198e-03
6.158327460488296698e-03
6.166862037483690148e-03
6.175362547978463165e-03
6.183726402869652201e-03
6.192113694228359652e-03
6.200638586491083633e-03
6.209155181002842111e-03
6.217531721239011322e-03
6.225904455961376281e-03
6.234415171147100060e-03
6.242943812887961734e-03
6.251339251604336178e-03
6.259697265459404289e-03
6.268192511115059685e-03
6.276730087637516498e-03
6.285145576171223374e-03
6.293493553481307491e-03
6.301970505894465696e-03
6.310514102935413372e-03
6.318948726052408746e-03
6.327293436976764995e-03
6.335749552823559394e-03
6.344294784377310821e-03
6.352751553471139810e-03
6.361093658697055189e-03
6.369530956622827811e-03
6.378074300030519596e-03
6.386549647446850518e-03
6.394898662976141422e-03
6.403313937666625655e-03
6.411852367823693381e-03
6.420346504355522142e-03
6.428704285237261257e-03
6.437100375761083994e-03
6.445629412206136007e-03
6.454140353191042088e-03
6.462510749645120588e-03
6.470889675734825368e-03
6.479406229090234684e-03
6.487929790210783011e-03
6.496318606132804596e-03
6.504680560150322491e-03
6.513182937697837953e-03
6.521717557208512629e-03
6.530123169905663848e-03
6.538476276887222015e-03
6.546960141151731902e-03
6.555501669711819024e-03
6.563928931835828241e-03
6.572273519281972461e-03
6.580739198611536452e-03
6.589284028598123809e-03
6.597732084504498266e-03
6.606074727139789327e-03
6.614519736720067891e-03
6.623064598865103028e-03
6.631531970470318227e-03
6.639878763262964216e-03
6.648301981706758977e-03
6.656842805899898519e-03
6.665330424813430653e-03
6.673682361203304471e-03
6.682087354776700822e-03
6.690620212612543444e-03
6.699123817139922971e-03
6.707489812795428691e-03
6.715874304804190717e-03
6.724397115195474700e-03
6.732915883465850730e-03
6.741296224893962748e-03
6.749665614909178442e-03
6.758173861221642743e-03
6.766704755322486969e-03
6.775103067190319482e-03
6.783459785069859312e-03
6.791951203511704949e-03
6.800490041711345496e-03
6.808909660150469154e-03
6.817255687672433249e-03
6.825729484839622441e-03
6.834273563902127334e-03
6.842711875694585874e-03
6.851056262219771403e-03
6.859508666814378292e-03
6.868054070393148081e-03
6.876514234624844096e-03
6.884857466560929083e-03
6.893290755314417616e-03
6.901833404822788585e-03
6.910312970585227692e-03
6.918662653771006851e-03
6.927074784460905167e-03
6.935611609016128706e-03
6.944108681622890994e-03
6.952469507526485432e-03
6.960861257876416013e-03
6.969388528368382872e-03
6.977902244726111140e-03
6.986274979886459950e-03
6.994651320636394339e-03
7.003165140237036825e-03
7.011690935538570334e-03
7.020082913112972792e-03
7.028442756795746926e-03
7.036942244790533353e-03
7.045478284223493683e-03
7.053888222341068645e-03
7.062239185024174470e-03
7.070719964425565066e-03
7.079262693516759006e-03
7.087693313734886105e-03
7.096038094574196389e-03
7.104499331834200973e-03
7.113044439175147428e-03
7.121496861878070378e-03
7.129838832448073468e-03
7.138280448996456654e-03
7.146824655474966377e-03
7.155295495472295021e-03
7.163643525400814789e-03
7.172062802561347990e-03
7.180602707023480032e-03
7.189093415804191124e-03
7.197447634464827076e-03
7.205848935334538928e-03
7.214380132239215510e-03
7.222887147913584042e-03
7.231255187660570911e-03
7.239637158789567588e-03
7.248157273738900334e-03
7.256678306300186516e-03
7.265062881011568469e-03
7.273428542136445296e-03
7.281934164187783484e-03
7.290467020989696220e-03
7.298868386319193671e-03
7.307223647622734797e-03
7.315711448829089261e-03
7.324251499004873385e-03
7.332674793787620666e-03
7.341019702016193284e-03
7.349490092006817285e-03
7.358034602804531393e-03
7.366477147970317170e-03
7.374820917787169861e-03
7.383269948424841730e-03
7.391815328296484112e-03
7.400278794205670564e-03
7.408623725125524327e-03
7.417052396688818446e-03
7.425594267775962633e-03
7.434077873427647788e-03
7.442428296508118470e-03
7.450837235091624204e-03
7.459372209294754842e-03
7.467872160632505960e-03
7.476235549439266131e-03
7.484623587882127671e-03
7.493148941556084658e-03
7.501665068367713643e-03
7.510040886193788436e-03
7.518414331894188521e-03
7.526925593984832956e-03
7.535453784650968448e-03
7.543848707877098651e-03
7.552207029081351927e-03
7.560703047630796224e-03
7.569240406150412430e-03
7.577655039644834271e-03
7.586003528316690760e-03
7.594481110737807093e-03
7.603024636488696711e-03
7.611458634181163946e-03
7.619803400275677700e-03
7.628260305762695100e-03
7.636805543395978370e-03
7.645261675068187532e-03
7.653603692665392200e-03
7.662041695937264058e-03
7.670585206626708528e-03
7.679059825803285361e-03
7.687408756259013487e-03
7.695824623522079869e-03
7.704363296503899221e-03
7.712856949200817477e-03
7.721214189027306510e-03
7.729611114760540427e-03
7.738140486953849762e-03
7.746650896393298888e-03
7.755020942044185336e-03
7.763400344845699033e-03
7.771917405479404975e-03
7.780440612814241638e-03
7.788828883391643934e-03
7.797191317771292977e-03
7.805694197947687929e-03
7.814228574296902888e-03
7.822633518241712408e-03
7.830986989976149518e-03
7.839471432663147263e-03
7.848012748325181032e-03
7.856439435988167228e-03
7.864784029834981371e-03
7.873250465461922518e-03
7.881795254218089755e-03
7.890242537075082760e-03
7.898585365384081999e-03
7.907030926486388264e-03
7.915575868934193043e-03
7.924042769917668746e-03
7.932389377652608597e-03
7.940813227921028963e-03
7.949354190446513216e-03
7.957841350889595378e-03
7.966193055714835408e-03
7.974598532453016850e-03
7.983131618967433812e-03
7.991634774244034400e-03
8.000000508382360681e-03
8.008385371770964517e-03
8.016908499725240028e-03
8.025426956500351580e-03
8.033806742279915591e-03
8.042176640732904072e-03
8.050685226274357023e-03
8.059215833022338391e-03
8.067613738015531888e-03
8.075970667632723435e-03
8.084462632069064347e-03
8.093001273083219940e-03
8.101420377753895674e-03
8.109766634789209935e-03
8.118240873171077635e-03
8.126784901154497989e-03
8.135222673898283643e-03
8.143567150493951495e-03
8.152020018659002568e-03
8.160565427413469033e-03
8.169025150387258100e-03
8.177368187750366432e-03
8.185802076350884651e-03
8.194344839168407613e-03
8.202823817468792023e-03
8.211173437255211635e-03
8.219585995851950988e-03
8.228123054742273595e-03
8.236619710672483247e-03
8.244980117016569021e-03
8.253372484907785939e-03
8.261900013663265804e-03
8.270413339508573061e-03
8.278785688738091175e-03
8.287162446311882244e-03
8.295676656990243550e-03
8.304202092298753821e-03
8.312593617046646483e-03
8.320953733298728019e-03
8.329453691222062778e-03
8.337989502056117677e-03
8.346398710995321310e-03
8.354750065128259753e-03
8.363231331021105108e-03
8.371773860881011331e-03
8.380203970476644490e-03
8.388548718811662114e-03
8.397010667835274819e-03
8.405555709638384831e-03
8.414007468964725817e-03
8.422349487824548966e-03
8.430791657669431047e-03
8.439335952057482396e-03
8.447806203437494693e-03
