0.000000000000000000e+00
8.409079152320435380e-06
1.693814856507761148e-05
2.542019193440705853e-05
3.381313904040102864e-05
4.221346513872254570e-05
5.070456492585703767e-05
5.921132126122625268e-05
6.765613954860894637e-05
7.604738349800059354e-05
8.445900453060002872e-05
9.297612821776751106e-05
1.014730322988641810e-04
1.098445113734445802e-04
1.182618401219805398e-04
1.267866209569517807e-04
1.352739679855615969e-04
1.436359492020621411e-04
1.520960883350227296e-04
1.606265216887226878e-04
1.690161406539798870e-04
1.774155456543882042e-04
1.859480106183358436e-04
1.944073854249078206e-04
2.027715105861589652e-04
2.112599949652679626e-04
2.197886539266407323e-04
2.281957841629388942e-04
2.365909027972177712e-04
2.450990539204417665e-04
2.535981092926221057e-04
2.619837779499470582e-04
2.704042260641582461e-04
2.789222429145018513e-04
2.874090704924831333e-04
2.957970026754445426e-04
3.041978985687249356e-04
3.126837949820211455e-04
3.211921012082109036e-04
3.296423419779484542e-04
3.380202336739710888e-04
3.464564098968201853e-04
3.549607861348994496e-04
3.634529080489964578e-04
3.718227414951303842e-04
3.802824260407699532e-04
3.888093615168903682e-04
3.972538740742976139e-04
4.056557462754155330e-04
4.140562815401125610e-04
4.225409395609091667e-04
4.310489200278484583e-04
4.394964592332262568e-04
4.478768970201534613e-04
4.562954730679236008e-04
4.647923678378074186e-04
4.733087494821951939e-04
4.816838260366049511e-04
4.901131984612416099e-04
4.986497588698452074e-04
5.070808486450566026e-04
5.154469880768676373e-04
5.239592615164145916e-04
5.324584878612966931e-04
5.408305956429405262e-04
5.492779078144434434e-04
5.577756472715989953e-04
5.662721991665765030e-04
5.746348185727185882e-04
5.830846964210264138e-04
5.916182804540941111e-04
6.000561106085961372e-04
6.084448072138785076e-04
6.168689756022672837e-04
6.253423921953638357e-04
6.338350460609200711e-04
6.423000654129857375e-04
6.507036457741654590e-04
6.591048313692688754e-04
6.676225935775730383e-04
6.761137247200319205e-04
6.844721567860435549e-04
6.929332544230548500e-04
7.014576546024742796e-04
7.099166892357638373e-04
7.183018685759318470e-04
7.267273756033406761e-04
7.352269030801032767e-04
7.437146293776519118e-04
7.521634300819514179e-04
7.605410620854442024e-04
7.689763612093705649e-04
7.775131205733756866e-04
7.859474094645851243e-04
7.943142826212270515e-04
8.028273678227781929e-04
8.113306875031410861e-04
8.196998905504636812e-04
8.281380405457941171e-04
8.366783994107767925e-04
8.451237005344642379e-04
8.535031747124589407e-04
8.619971195326263987e-04
8.705181142320529914e-04
8.789103921813684345e-04
8.873154618367968443e-04
8.958490874521017611e-04
9.042944853997367206e-04
9.126494719334626556e-04
9.211475191530971206e-04
9.296472873006203855e-04
9.380075489833991382e-04
9.464494268208760918e-04
9.549827138236254790e-04
9.633949871739216127e-04
9.717813304184605080e-04
9.803074709635007603e-04
9.887959646888420419e-04
9.972026098241943814e-04
1.005587968058496056e-03
1.014048545905784585e-03
1.022562623825299874e-03
1.031023389625233171e-03
1.039428268138086614e-03
1.047819408472921467e-03
1.056347286411142214e-03
1.064838926934226016e-03
1.073234530644537159e-03
1.081638389078778744e-03
1.090136569252413883e-03
1.098645501634996869e-03
1.107070022997544336e-03
1.115452110360432014e-03
1.123976539838278301e-03
1.132468110680425518e-03
1.140847289882477135e-03
1.149280662230293525e-03
1.157801835003159684e-03
1.166284412272495510e-03
1.174670992712842539e-03
1.183083555985212218e-03
1.191555650288476237e-03
1.200078085185080599e-03
1.208505779788445747e-03
1.216888734210804087e-03
1.225404135191609893e-03
1.233898496381227988e-03
1.242258162095584992e-03
1.250723324641957223e-03
1.259242866784507061e-03
1.267697750054996115e-03
1.276075968349360112e-03
1.284523999359644822e-03
1.293059880535097576e-03
1.301520815784192172e-03
1.309911472392567963e-03
1.318320594977611879e-03
1.326781671150308473e-03
1.335292327414245098e-03
1.343761110953193422e-03
1.352141200614642366e-03
1.360566085022693649e-03
1.369072582039445110e-03
1.377572133923735034e-03
1.385989862792576764e-03
1.394382923918765713e-03
1.402850925456291002e-03
1.411383926955530992e-03
1.419805885017547641e-03
1.428187253962339689e-03
1.436693348405847529e-03
1.445197335136276431e-03
1.453600233203301275e-03
1.462000981625221621e-03
1.470526483713335006e-03
1.479011055357937763e-03
1.487369976169291121e-03
1.495836415352040476e-03
1.504361429998054590e-03
1.512806669125549893e-03
1.521174113160424961e-03
1.529659426577347717e-03
1.538186329035778855e-03
1.546586533789806595e-03
1.554989559152651591e-03
1.563512292587572851e-03
1.572012492390833637e-03
1.580410391694078622e-03
1.588813990563414831e-03
1.597341019433953313e-03
1.605825550200428798e-03
1.614242435329089290e-03
1.622632695628222930e-03
1.631126805679519081e-03
1.639638680986763410e-03
1.648067559894824752e-03
1.656464540200717562e-03
1.664872039238291836e-03
1.673334740166478301e-03
1.681867800929879577e-03
1.690290274254487284e-03
1.698667626076733484e-03
1.707187140036584960e-03
1.715677802443026393e-03
1.724056473944381423e-03
1.732490116716457621e-03
1.741012078995035238e-03
1.749498060929317303e-03
1.757890731290358147e-03
1.766283461348816790e-03
1.774719273722318372e-03
1.783202858489667166e-03
1.791690321681540642e-03
1.800133951885271545e-03
1.808519246833683236e-03
1.816959272544900429e-03
1.825472933623675841e-03
1.833951717625435318e-03
1.842331175381129544e-03
1.850758459990278380e-03
1.859249750690404254e-03
1.867750448244215669e-03
1.876185330010385604e-03
1.884567165304588780e-03
1.893000386048448135e-03
1.901541945273802891e-03
1.910008267783711152e-03
1.918379317352790752e-03
1.926822347772766657e-03
1.935319132817140764e-03
1.943812342771986416e-03
1.952246756666021002e-03
1.960633360814253729e-03
1.969075491821541211e-03
1.977576918380760749e-03
1.986069199349401165e-03
1.994477445307422155e-03
2.002857655034589752e-03
2.011370305715166461e-03
2.019874914942666397e-03
2.028239625581855672e-03
2.036680157572483621e-03
2.045219921762524845e-03
2.053641677085140706e-03
2.062028573082656888e-03
2.070471576924353286e-03
2.078954580599296116e-03
2.087446824234392723e-03
2.095891703561742186e-03
2.104279884742204978e-03
2.112693410648415569e-03
2.121150672883730104e-03
2.129671219370520095e-03
2.138141115696465949e-03
2.146536846665508206e-03
2.154936974085015430e-03
2.163394505979767107e-03
2.171890008128420785e-03
2.180370853937163653e-03
2.188783228616478314e-03
2.197175361511566772e-03
2.205627823259525590e-03
2.214163283690749606e-03
2.222613944389793383e-03
2.230976267044750428e-03
2.239480416671669680e-03
2.247989339697275667e-03
2.256383757333259299e-03
2.264782817280895644e-03
2.273239771025223517e-03
2.281728072260159022e-03
2.290219234669375534e-03
2.298601600453214436e-03
2.307036207911839377e-03
2.315577248300658766e-03
2.324010888573073679e-03
2.332393986304699685e-03
2.340872930576971735e-03
2.349364108821623207e-03
2.357824912806945599e-03
2.366231920977723228e-03
2.374612203742841078e-03
2.383121787601260883e-03
2.391626961047930468e-03
2.399999784522706230e-03
2.408436964797432828e-03
2.416977804645007149e-03
2.425425557941149595e-03
2.433801983083861472e-03
2.442289634668329441e-03
2.450810622883697627e-03
2.459253456628405013e-03
2.467640524382448165e-03
2.476056883648726156e-03
2.484547542270343357e-03
2.493062787190911730e-03
2.501438036429123532e-03
2.509848159350527852e-03
2.518364339794029651e-03
2.526871118355872824e-03
2.535281773677987467e-03
2.543661614635650981e-03
2.552166463005184783e-03
2.560676158339446600e-03
2.569106554710732897e-03
2.577497672204830201e-03
2.585908793277316708e-03
2.594426087688493122e-03
2.602921715697405648e-03
2.611282383822132857e-03
2.619740928170866297e-03
2.628272712596050383e-03
2.636666808202381938e-03
2.645064554138980718e-03
2.653595014729765063e-03
2.662053302629873146e-03
2.670408611224978600e-03
2.678895832434219793e-03
2.687405441991396089e-03
2.695764759449895565e-03
2.704193242351425521e-03
2.712727365892775994e-03
2.721142203459056205e-03
2.729516934893409623e-03
2.738034570008504674e-03
2.746519466601399662e-03
2.754881702576697164e-03
2.763350775137065566e-03
2.771886889093784587e-03
2.780287932464797426e-03
2.788681700968676219e-03
2.797209487734894293e-03
2.805686336758581468e-03
2.814064181002445472e-03
2.822492787192795553e-03
2.831001036686273901e-03
2.839477505058425177e-03
2.847910693054624045e-03
2.856310709399237195e-03
2.864717298739405740e-03
2.873191986575700674e-03
2.881690786027110273e-03
2.890142756056857370e-03
2.898537354356321705e-03
2.906940395363616196e-03
2.915411420209267686e-03
2.923907908161213660e-03
2.932371472338568021e-03
2.940767555804065479e-03
2.949168105922305057e-03
2.957628580822319834e-03
2.966131510422642843e-03
2.974598995208520801e-03
2.983005478391204199e-03
2.991395064722494283e-03
2.999849658885850139e-03
3.008346438388264342e-03
3.016820274124591434e-03
3.025227952661224337e-03
3.033615172660537700e-03
3.042061510751610260e-03
3.050557362153819702e-03
3.059031851349680673e-03
3.067441422382625148e-03
3.075829526642784913e-03
3.084270148036353208e-03
3.092765941753354911e-03
3.101249181556900523e-03
3.109666241578033265e-03
3.118051519393258159e-03
3.126491389220835589e-03
3.134988474321716029e-03
3.143471713386254696e-03
3.151899311186650340e-03
3.160290660786909192e-03
3.168715423789329484e-03
3.177203559924687316e-03
3.185694732224905908e-03
3.194125196467234324e-03
3.202510707345312957e-03
3.210929917864771121e-03
3.219410098986885335e-03
3.227903103557200424e-03
3.236340121181667442e-03
3.244723617618314269e-03
3.253140241331185355e-03
3.261622189899982070e-03
3.270119166656380253e-03
3.278569921161706650e-03
3.286974670899455581e-03
3.295374854160443984e-03
3.303817575654618283e-03
3.312314630222235740e-03
3.320800627803652001e-03
3.329234007568558119e-03
3.337622933118432073e-03
3.346057339698482822e-03
3.354599259055970895e-03
3.363041459141969010e-03
3.371413756827284624e-03
3.379915767901683910e-03
3.388432987216402192e-03
3.396806099131823020e-03
3.405234190085974343e-03
3.413741375902172755e-03
3.422245221443389208e-03
3.430607614842046647e-03
3.439056396697585602e-03
3.447592293761657552e-03
3.456013935393348249e-03
3.464406093604626823e-03
3.472888935877870790e-03
3.481405901394649810e-03
3.489852011727039797e-03
3.498230870267554377e-03
3.506682483166979631e-03
3.515211174172320086e-03
3.523678839541529752e-03
3.532086328359547271e-03
3.540471344954700117e-03
3.548960747728646670e-03
3.557483548119425021e-03
3.565875202479763025e-03
3.574269279207840586e-03
3.582751281786940040e-03
3.591280595728093671e-03
3.599708639813123997e-03
3.608089746622783651e-03
3.616582005198246477e-03
3.625101283346434354e-03
3.633504878820047624e-03
3.641905761313355208e-03
3.650418418240404007e-03
3.658924766522774537e-03
3.667298699686694693e-03
3.675737495188342689e-03
3.684239154955275351e-03
3.692726596611158821e-03
3.701138509386064663e-03
3.709530024201904749e-03
3.717964274987830067e-03
3.726454552157309596e-03
3.734960000992638106e-03
3.743386389223187123e-03
3.751776289932206351e-03
3.760219393738739938e-03
3.768723941655231086e-03
3.777219108803270275e-03
3.785626854134590581e-03
3.794013979825151730e-03
3.802467086639966382e-03
3.811008964116990513e-03
3.819435243770363635e-03
3.827811706443008666e-03
3.836322830569941465e-03
3.844821997198172130e-03
3.853239121904175179e-03
3.861624066020447488e-03
3.870096986426562347e-03
3.878634104106717332e-03
3.887046126520361800e-03
3.895433270053985046e-03
3.903932150536269362e-03
3.912449906692699354e-03
3.920840666542252037e-03
3.929251804557099687e-03
3.937752761304713807e-03
3.946272335058890156e-03
3.954670250131664920e-03
3.963073413052057084e-03
3.971607971017748241e-03
3.980074065233281562e-03
3.988459470939465130e-03
3.996887695965867585e-03
4.005418460579518274e-03
4.013885456133638695e-03
4.022246300899430527e-03
4.030729252390545352e-03
4.039231804449748033e-03
4.047692904079957903e-03
4.056078338872295096e-03
4.064510372495205165e-03
4.073050533633388280e-03
4.081476843420617749e-03
4.089864094335242221e-03
4.098333496982592243e-03
4.106867418223161120e-03
4.115303823183330371e-03
4.123676273526318513e-03
4.132174668391714115e-03
4.140696903372991129e-03
4.149096780325755955e-03
4.157501863037526071e-03
4.166031645653215515e-03
4.174522646964517504e-03
4.182931978778896449e-03
4.191319606958539626e-03
4.199803316266381356e-03
4.208312660523415120e-03
4.216768715656834220e-03
4.225149662508321732e-03
4.233586277169589483e-03
4.242104457297358848e-03
4.250591807372796835e-03
4.258959384510424030e-03
4.267423710565976941e-03
4.275956861732448447e-03
4.284363813146679564e-03
4.292752685379314440e-03
4.301283171738726034e-03
4.309776449837557366e-03
4.318157461997381742e-03
4.326581708363684900e-03
4.335121377386018209e-03
4.343583291599047679e-03
4.351954545917384974e-03
4.360442498386174308e-03
4.368964703429857252e-03
4.377350571326886312e-03
4.385757641888237551e-03
4.394295785214269792e-03
4.402744268504765399e-03
4.411102919319161673e-03
4.419604197854768747e-03
4.428109353711030469e-03
4.436474673285987005e-03
4.444911891936308840e-03
4.453451943244552541e-03
4.461873864845003652e-03
4.470248214994611974e-03
4.478769921902820209e-03
4.487247456076224293e-03
4.495601544060355906e-03
4.504069206551427305e-03
4.512592193570171342e-03
4.520973241651326732e-03
4.529378133426312236e-03
4.537917116056696190e-03
4.546363446464378802e-03
4.554738933811841237e-03
4.563220448808929033e-03
4.571757284822067051e-03
4.580181741909367284e-03
4.588574903645894001e-03
4.597001924708347086e-03
4.605530212788306980e-03
4.614018482507583480e-03
4.622395570806956885e-03
4.630846909984346650e-03
4.639373231308131958e-03
4.647820832220109222e-03
4.656202360169561620e-03
4.664693555158885147e-03
4.673216676221567459e-03
4.681618745373814991e-03
4.690013303049201873e-03
4.698504050949623909e-03
4.707027212024813417e-03
4.715422132484533256e-03
4.723818023114345795e-03
4.732266731875057683e-03
4.740807752352091745e-03
4.749229366098673723e-03
4.757620484289435542e-03
4.766070579593081717e-03
4.774604695908444586e-03
4.783057766836175569e-03
4.791430314880502049e-03
4.799903375703184170e-03
4.808441548858709454e-03
4.816857192331140507e-03
4.825241727087887372e-03
4.833701754410365051e-03
4.842193772693989366e-03
4.850675302508965399e-03
4.859106111593573980e-03
4.867494945713241213e-03
4.875915943693950004e-03
4.884403449121160236e-03
4.892896858071042916e-03
4.901342282355111019e-03
4.909731281773159137e-03
4.918142497962185722e-03
4.926619674178814474e-03
4.935121959903158474e-03
4.943576927381549899e-03
4.951973090396854203e-03
4.960376004072722909e-03
4.968840724090294210e-03
4.977343780947387011e-03
4.985812595226145338e-03
4.994220927687589677e-03
5.002616555624259803e-03
5.011059805213783670e-03
5.019546538231109585e-03
5.028038797608601861e-03
5.036488291989373207e-03
5.044881211629816294e-03
5.053287769229876901e-03
5.061762211053543598e-03
5.070262477120074211e-03
5.078718655909567406e-03
5.087114244453808977e-03
5.095516760957221301e-03
5.103980664899644172e-03
5.112483739337326735e-03
5.120952616325555491e-03
5.129357621835062796e-03
5.137754149394934376e-03
5.146196543299899444e-03
5.154688832518052911e-03
5.163181551530624316e-03
5.171614965277504354e-03
5.180009741049731303e-03
5.188420028879172502e-03
5.196951062647582435e-03
5.205429665568373117e-03
5.213816840007483300e-03
5.222237070040981061e-03
5.230778675835544810e-03
5.239228059034938684e-03
5.247602799390627994e-03
5.256101735434396544e-03
5.264624283411387107e-03
5.273022884587328339e-03
5.281420182947850657e-03
5.289876485806066161e-03
5.298365672227692974e-03
5.306851352330292995e-03
5.315249143640986447e-03
5.323654566428820227e-03
5.332190080042066398e-03
5.340657073016175094e-03
5.349046291147982121e-03
5.357453972838334931e-03
5.365958238691555769e-03
5.374466581624692471e-03
5.382891110585321173e-03
5.391280342152125239e-03
5.399749366269124100e-03
5.408253991060173183e-03
5.416723645318962353e-03
5.425095801503130796e-03
5.433541282264059413e-03
5.442079845835280129e-03
5.450496272653871689e-03
5.458883284201756191e-03
5.467408360431358361e-03
5.475897919240456727e-03
5.484260563082379684e-03
5.492720481663561014e-03
5.501246292735840343e-03
5.509629868998647609e-03
5.518032897019778740e-03
5.526567329394268396e-03
5.535015134039664685e-03
5.543371521791920498e-03
5.551864120888976017e-03
5.560370854231556394e-03
5.568736114472712037e-03
5.577169804527761995e-03
5.585712286057388336e-03
5.594131019686891457e-03
5.602524404690451508e-03
5.611028821866364570e-03
5.619538098346713029e-03
5.627965949008143301e-03
5.636338454747218465e-03
5.644827609920390933e-03
5.653350030710089548e-03
5.661740518766478734e-03
5.670149960058466082e-03
5.678657263389715569e-03
5.687157792807361403e-03
5.695592902440195678e-03
5.703972442498374609e-03
5.712423747750237056e-03
5.720961804944040344e-03
5.729403529601954405e-03
5.737778987851215561e-03
5.746283578508157644e-03
5.754792789770468535e-03
5.763235182944291025e-03
5.771632279872629910e-03
5.780048136157153564e-03
5.788576006368872581e-03
5.797051720043417365e-03
5.805425314863252133e-03
5.813878199153026290e-03
5.822392796312380638e-03
5.830869168282520540e-03
5.839248419924499695e-03
5.847696859882336659e-03
5.856240714412301422e-03
5.864674844119542770e-03
5.873057150063625692e-03
5.881543513440949840e-03
5.890064998941160236e-03
5.898474647159398024e-03
5.906869217340615479e-03
5.915398438626219210e-03
5.923870875012677249e-03
5.932229201443940322e-03
5.940711537663327484e-03
5.949237432847499611e-03
5.957624788862282694e-03
5.966033926829227008e-03
5.974570150008089511e-03
5.983013326593533167e-03
5.991374305493011795e-03
5.999880017156793317e-03
6.008381894665646393e-03
6.016747662637451227e-03
6.025193001066984043e-03
6.033727886699118657e-03
6.042138486766376188e-03
6.050517993036776121e-03
6.059047642200505145e-03
6.067525749453743684e-03
6.075902453403543221e-03
6.084350378229520274e-03
6.092877831632295162e-03
6.101336779884894250e-03
6.109720475734543681e-03
6.118131792621623460e-03
6.126608054056953759e-03
6.135104524907907669e-03
6.143573329238439726e-03
6.151976119716275060e-03
6.160371593845634548e-03
6.168853681070767675e-03
6.177387194447412494e-03
6.185781932900540243e-03
6.194186419565175968e-03
6.202673908343126104e-03
6.211206100606158319e-03
6.219623367506792004e-03
6.228012436546263332e-03
6.236527348770017597e-03
6.245034986151230122e-03
6.253434314561306245e-03
6.261832799214597442e-03
6.270289044946847530e-03
6.278816060398381173e-03
6.287272911525637088e-03
6.295648007024241474e-03
6.304127878105220996e-03
6.312648419499788770e-03
6.321069497740011006e-03
6.329464755663960149e-03
6.337939965413711546e-03
6.346436987524565164e-03
6.354906901136730783e-03
6.363297286076464998e-03
6.371709461578249287e-03
6.380201286375635286e-03
6.388703665382139060e-03
6.397140613606009697e-03
6.405524755056900797e-03
6.413972820003244549e-03
6.422476990581871617e-03
6.430969007680209688e-03
6.439351049966921502e-03
6.447779451666702140e-03
6.456318740156229662e-03
6.464770710844609629e-03
6.473137092403741244e-03
6.481644624132944059e-03
6.490162837246129038e-03
6.498538776191194535e-03
6.506968952442786225e-03
6.515502295498240733e-03
6.523950779904738595e-03
6.532335847858691466e-03
6.540801413300456960e-03
6.549340184916486486e-03
6.557787565304000477e-03
6.566169547288660743e-03
6.574630345666395391e-03
6.583157242447703478e-03
6.591610220590285972e-03
6.599975215388893465e-03
6.608483431748877167e-03
6.616990577864153775e-03
6.625366709297059176e-03
6.633810157994107781e-03
6.642336930641227696e-03
6.650807147504469476e-03
6.659213439563622244e-03
6.667606380641656616e-03
6.676080845380073271e-03
6.684618581669480621e-03
6.693034471085976267e-03
6.701428725590050442e-03
6.709911380891289689e-03
6.718405986601988684e-03
6.726873486091074911e-03
6.735254572263186905e-03
6.743670726732176393e-03
6.752181592643660170e-03
6.760686188056846263e-03
6.769064709671631340e-03
6.777505876310568889e-03
6.786039233524743600e-03
6.794490153703994229e-03
6.802867045452701267e-03
6.811314680748435657e-03
6.819858212386821494e-03
6.828293728544819995e-03
6.836690356085503399e-03
6.845110817944157454e-03
6.853596951662873499e-03
6.862099166448653448e-03
6.870542838100841647e-03
6.878938569902726813e-03
6.887345188673970123e-03
6.895860101340912408e-03
6.904364055491198950e-03
6.912748402625658317e-03
6.921158345644565224e-03
6.929678160464477522e-03
6.938188860642648809e-03
6.946586673451301923e-03
6.954990442292922209e-03
6.963448564437268312e-03
6.971974549350917760e-03
6.980437654568759365e-03
6.988821652850261794e-03
6.997239397761921206e-03
7.005741710913647620e-03
7.014258416969419707e-03
7.022663935697069475e-03
7.031067823905528223e-03
7.039595303159970272e-03
7.048062928507036785e-03
7.056418714223773071e-03
7.064904520879602794e-03
7.073424896670127936e-03
7.081803362641185540e-03
7.090230112469301550e-03
7.098763270558750005e-03
7.107220373979880081e-03
7.115588254830465705e-03
7.124086069176377260e-03
7.132610352163517263e-03
7.140998207692333781e-03
7.149405937150629838e-03
7.157883713668527353e-03
7.166406040936460116e-03
7.174855876611173355e-03
7.183239481738813888e-03
7.191671951026642161e-03
7.200188545783636762e-03
7.208681527265069049e-03
7.217063983505519337e-03
7.225496812370968761e-03
7.234037583601877347e-03
7.242459865052078283e-03
7.250832361385464546e-03
7.259347961346247595e-03
7.267833810087506209e-03
7.276186987373925268e-03
7.284648312916293042e-03
7.293177067431795904e-03
7.301563144291942607e-03
7.309969552966279899e-03
7.318506580738596765e-03
7.326974739235114081e-03
7.335360344363084893e-03
7.343783279047789644e-03
7.352292696860143230e-03
7.360793903667322419e-03
7.369185894386338746e-03
7.377584957530101614e-03
7.386082003283865778e-03
7.394596433076226598e-03
7.403008189200621300e-03
7.411407178850781471e-03
7.419934445952077774e-03
7.428422763730175085e-03
7.436802084511807444e-03
7.445246293364530567e-03
7.453789079808127715e-03
7.462216830987972692e-03
7.470591113946121152e-03
7.479106679539909708e-03
7.487609713074263804e-03
7.496005735718395957e-03
7.504424904780964550e-03
7.512964751481925746e-03
7.521425887131554834e-03
7.529811176336631030e-03
7.538216816974317551e-03
7.546671281854542765e-03
7.555211975587585588e-03
7.563643412229745233e-03
7.572021257389430909e-03
7.580533793760020796e-03
7.589025463370112357e-03
7.597378367161475819e-03
7.605838411313754072e-03
7.614365816360212612e-03
7.622753002289063377e-03
7.631152722476415053e-03
7.639686488124721765e-03
7.648146622347222999e-03
7.656517675402479441e-03
7.665001090956302665e-03
7.673520752305605479e-03
7.681969757352183001e-03
7.690353496549709802e-03
7.698772518700665313e-03
7.707313494327150752e-03
7.715773961483105362e-03
7.724168677144867962e-03
7.732577102588681500e-03
7.741055108647254546e-03
7.749557034625115075e-03
7.758009754668069961e-03
7.766408436623595604e-03
7.774814802115187322e-03
7.783281269275453031e-03
7.791783373477864129e-03
7.800248931253883980e-03
7.808644042114970367e-03
7.817044563403928101e-03
7.825503814912220316e-03
7.834000633555465720e-03
7.842482716859474137e-03
7.850908763450426334e-03
7.859292047860021863e-03
7.867727158375872887e-03
7.876216144935787450e-03
7.884715779098964636e-03
7.893147926647912579e-03
7.901536909703008038e-03
7.909958242968997272e-03
7.918446964998080567e-03
7.926940338231098018e-03
7.935384121930455503e-03
7.943770598848919409e-03
7.952189180243391525e-03
7.960671837928479100e-03
7.969170507081659027e-03
7.977617197518441922e-03
7.986004952902055545e-03
7.994420299701134047e-03
8.002897953684718138e-03
8.011399940045325213e-03
8.019853146909729572e-03
8.028249410936563746e-03
8.036654733303604317e-03
8.045123278769671787e-03
8.053624185108252190e-03
8.062093123795476685e-03
8.070501086768846338e-03
8.078890372442871712e-03
8.087363499731525449e-03
8.095901237838975043e-03
8.104293626773615908e-03
8.112693321961295112e-03
8.121226342049338992e-03
8.129685503172192490e-03
8.138045296852448873e-03
8.146538643449630426e-03
8.155062358790795066e-03
8.163447509986414968e-03
8.171872811900265932e-03
8.180384109207778850e-03
8.188869517134716655e-03
8.197296517160846882e-03
8.205686207135170357e-03
8.214113091520895346e-03
8.222623057585849368e-03
8.231111357245047069e-03
8.239521667929157814e-03
8.247917585275791816e-03
8.256446757354873878e-03
8.264921039106056661e-03
8.273286968847125278e-03
8.281764176778325104e-03
8.290292535993113929e-03
8.298681207146932012e-03
8.307085288525599756e-03
8.315621277682583995e-03
8.324067553737662592e-03
8.332439295880794336e-03
8.340941963719252991e-03
8.349453573280530422e-03
8.357823442617909673e-03
8.366261906734706252e-03
8.374800442341918255e-03
8.383257048706915099e-03
8.391634101894489620e-03
8.400124971828657611e-03
8.408644466628296607e-03
8.417020892831387699e-03
8.425450412465869746e-03
8.433962537675651974e-03
8.442441355147102880e-03
8.450873574999989701e-03
