0.000000000000000000e+00
8.407481829454198144e-06
1.688977885895001841e-05
2.538123437981764394e-05
3.379997112034363810e-05
4.219862251815151391e-05
5.066966274722059369e-05
5.916728794781003683e-05
6.759919517014717526e-05
7.599231362927713076e-05
8.445046927520637387e-05
9.295119572740840014e-05
1.013969095741137574e-04
1.097883736112211569e-04
1.182326683939680779e-04
1.267333011853243421e-04
1.351926920292315158e-04
1.435863618562417383e-04
1.520167043286679961e-04
1.605139257527567740e-04
1.689861628890172273e-04
1.773856339587860848e-04
1.858031034717735311e-04
1.942937378945962875e-04
2.027771595069999342e-04
2.111854742348132758e-04
2.195919967738613318e-04
2.280732847279578958e-04
2.365654877957066823e-04
2.449853716501161453e-04
2.533833802163095914e-04
2.618532294816066112e-04
2.703513079618683553e-04
2.787844793344428714e-04
2.871772746192488958e-04
2.956341376287331397e-04
3.041349784097847897e-04
3.125820401096762648e-04
3.209734958336315364e-04
3.294164763187866236e-04
3.379169013184342299e-04
3.463775915292829476e-04
3.547716358423335195e-04
3.632007175958568059e-04
3.716974420585437847e-04
3.801708024157274377e-04
3.885710179543056756e-04
3.969873113157349766e-04
4.054771933995282790e-04
4.139615344019593871e-04
4.223708861697807681e-04
4.307764595114411152e-04
4.392567816735440454e-04
4.477496804545960424e-04
4.561706924677001967e-04
4.645681150393491418e-04
4.730367738161547373e-04
4.815352819667931251e-04
4.899697141214706545e-04
4.983622547738302032e-04
5.068178298101293656e-04
5.153187748239698111e-04
5.237671442331010094e-04
5.321586407632843607e-04
5.406003771548242116e-04
5.491005815056804792e-04
5.575624879968891535e-04
5.659569063598984297e-04
5.743848059514917916e-04
5.828810227479077699e-04
5.913554568002662385e-04
5.997564050849329455e-04
6.081715798158227569e-04
6.166607279224467063e-04
6.251459240096324992e-04
6.335563019725771149e-04
6.419609594511251158e-04
6.504402839728429210e-04
6.589338271421732235e-04
6.673560199961104788e-04
6.757528557640742452e-04
6.842202908184236284e-04
6.927191804485238052e-04
7.011548900683719273e-04
7.095472013486263992e-04
7.180014231645462765e-04
7.265024452686531841e-04
7.349521568185768752e-04
7.433437511213051695e-04
7.517841361523069010e-04
7.602840354270220613e-04
7.687472792152157987e-04
7.771421419396514190e-04
7.855687430524528440e-04
7.940643518532735463e-04
8.025399659376620046e-04
8.109417387882683279e-04
8.193557290481658225e-04
8.278440293202243058e-04
8.363301439967715757e-04
8.447416747816917674e-04
8.531453745728515003e-04
8.616236448435853762e-04
8.701178264874937906e-04
8.785412937141693496e-04
8.869375440658992891e-04
8.954037079093047627e-04
9.039029868211603163e-04
9.123400336442984843e-04
9.207321387400156307e-04
9.291849521217458111e-04
9.376860484070081861e-04
9.461371195323968909e-04
9.545288747811557766e-04
9.629678799825980859e-04
9.714674979515340114e-04
9.799320527397945013e-04
9.883273792505164069e-04
9.967527717204165746e-04
1.005247783226969737e-03
1.013724499592077912e-03
1.022127050671492671e-03
1.030539963216045357e-03
1.039027410194238695e-03
1.047514382037090155e-03
1.055927033390491885e-03
1.064329802574510249e-03
1.072807008916894407e-03
1.081301805204880643e-03
1.089726565435026120e-03
1.098122238227323706e-03
1.106587196509589005e-03
1.115086802772533936e-03
1.123525131084401147e-03
1.131917072649972055e-03
1.140368550261273940e-03
1.148869666853619695e-03
1.157322029581758609e-03
1.165713988682181776e-03
1.174151620212477527e-03
1.182650921392519507e-03
1.191116740535703598e-03
1.199512577466463770e-03
1.207936724330077203e-03
1.216431076021798037e-03
1.224908924931705041e-03
1.233312302016351461e-03
1.241724149986765235e-03
1.250210678328949948e-03
1.258698524614165195e-03
1.267112325419953497e-03
1.275514201076885122e-03
1.283990311061186185e-03
1.292485690292373510e-03
1.300911795679995497e-03
1.309306910890466451e-03
1.317770597538495689e-03
1.326270518824916459e-03
1.334710204371158037e-03
1.343101998040387721e-03
1.351552082881409206e-03
1.360053216191687555e-03
1.368506913246566063e-03
1.376899141858940181e-03
1.385335364085711791e-03
1.393834364122021642e-03
1.402301443417048200e-03
1.410697856197642118e-03
1.419120765568751899e-03
1.427614485029947856e-03
1.436093425370960292e-03
1.444497650702170630e-03
1.452908458568731532e-03
1.461394062286149736e-03
1.469882771336475857e-03
1.478297691091262720e-03
1.486698745321022620e-03
1.495173772415481868e-03
1.503669690043619913e-03
1.512097093687274525e-03
1.520491694579314103e-03
1.528954185589572693e-03
1.537454345505385534e-03
1.545895328199901973e-03
1.554287004627033031e-03
1.562735785424944476e-03
1.571236869081960854e-03
1.579691832256125599e-03
1.588084335309856293e-03
1.596519211658570464e-03
1.605017866699738486e-03
1.613486128697495066e-03
1.621883138499948668e-03
1.630304839193058098e-03
1.638797883568760038e-03
1.647277879653823683e-03
1.655682930162602224e-03
1.664092770656476180e-03
1.672577440362348544e-03
1.681066981905040940e-03
1.689482975605995909e-03
1.697883283243962213e-03
1.706357189442302700e-03
1.714853611951641828e-03
1.723282330830184454e-03
1.731676432396303793e-03
1.740137689055060730e-03
1.748638048883170790e-03
1.757080380414246601e-03
1.765471959902994992e-03
1.773919424163567004e-03
1.782420419676840643e-03
1.790876675417728313e-03
1.799269482877610985e-03
1.807703014642418051e-03
1.816201286768407992e-03
1.824670724960333326e-03
1.833068391264295466e-03
1.841488852287419742e-03
1.849981190530078368e-03
1.858462234963872322e-03
1.866868200894970190e-03
1.875277038565139644e-03
1.883760739707302737e-03
1.892251073263701922e-03
1.900668202555873872e-03
1.909067786309073811e-03
1.917540551776863045e-03
1.926037464219085933e-03
1.934467484559518639e-03
1.942861139516392300e-03
1.951321141004638956e-03
1.959821675697994130e-03
1.968265379303437475e-03
1.976656878321149564e-03
1.985103021889495205e-03
1.993603902104507889e-03
2.002061436507739968e-03
2.010454579186060284e-03
2.018886768174580921e-03
2.027384640302201581e-03
2.035855233246461251e-03
2.044253619361004106e-03
2.052672829950398081e-03
2.061164487644463750e-03
2.069646539086136480e-03
2.078053435822959597e-03
2.086461308081469148e-03
2.094944021585148225e-03
2.103435162307360547e-03
2.111853414190401502e-03
2.120252328059380430e-03
2.128723894713765215e-03
2.137221315514122987e-03
2.145652641162790458e-03
2.154045899565125780e-03
2.162504623725736846e-03
2.171005305482337500e-03
2.179450397634090028e-03
2.187841842962314366e-03
2.196286683663512939e-03
2.204787403426379695e-03
2.213246236621353464e-03
2.221639734174957453e-03
2.230070594801989142e-03
2.238568018290286628e-03
2.247039789274981464e-03
2.255438918101571131e-03
2.263856892982843341e-03
2.272347826434681188e-03
2.280830851236890187e-03
2.289238736106841143e-03
2.297645645726719994e-03
2.306127341282029810e-03
2.314619253372444084e-03
2.323038653726908469e-03
2.331436908452200283e-03
2.339907241190306887e-03
2.348405128548580658e-03
2.356837789301891289e-03
2.365230693464011325e-03
2.373688084743870441e-03
2.382188887170463322e-03
2.390635393944835849e-03
2.399026829050119637e-03
2.407470353697197061e-03
2.415970874700612211e-03
2.424431015696123116e-03
2.432824879204429844e-03
2.441254476558399854e-03
2.449751448171936640e-03
2.458224324773296103e-03
2.466624204883307095e-03
2.475040977539685882e-03
2.483531175587221172e-03
2.492015140073476024e-03
2.500424038944627694e-03
2.508830007525318997e-03
2.517310757778647157e-03
2.525803344465225950e-03
2.534223872754433771e-03
2.542621520912927060e-03
2.551090660252016036e-03
2.559588988089817659e-03
2.568022904721915106e-03
2.576415526038039385e-03
2.584871612058539572e-03
2.593372538050264537e-03
2.601820368162744129e-03
2.610211824893525316e-03
2.618654074914241250e-03
2.627154368993278241e-03
2.635615772135272827e-03
2.644010016566961368e-03
2.652438366522795639e-03
2.660934796279575045e-03
2.669408801635350832e-03
2.677809457321764404e-03
2.686225040140217089e-03
2.694714494435225798e-03
2.703199360612870174e-03
2.711609310029624176e-03
2.720014316461788831e-03
2.728494043222131748e-03
2.736987334286112867e-03
2.745409037736616219e-03
2.753806084248243500e-03
2.762274010795344112e-03
2.770772764589495788e-03
2.779207947553010566e-03
2.787600329299712385e-03
2.796055069262559645e-03
2.804556063577787715e-03
2.813005256055703916e-03
2.821396783676966523e-03
2.829837690769902627e-03
2.838337704059613366e-03
2.846800432614783431e-03
2.855195098488836052e-03
2.863622178699825899e-03
2.872118017731011431e-03
2.880593189526286894e-03
2.888994630495580855e-03
2.897409042204864699e-03
2.905897654592518378e-03
2.914383429059370489e-03
2.922794521957326579e-03
2.931198555484416587e-03
2.939677212675970933e-03
2.948171159438722072e-03
2.956594145777420839e-03
2.964990584322156879e-03
2.973457231516033437e-03
2.981956374814497164e-03
2.990392899868594273e-03
2.998785056641902445e-03
3.007238376305310015e-03
3.015739454132782080e-03
3.024190019449152309e-03
3.032581679011821501e-03
3.041021190568610894e-03
3.049520913782531421e-03
3.057984983181669027e-03
3.066380113524806370e-03
3.074805957725846011e-03
3.083301209579274171e-03
3.091777496868512026e-03
3.100179719842047297e-03
3.108593018772934369e-03
3.117080781763956459e-03
3.125567426695665015e-03
3.133979653082800791e-03
3.142382739930103721e-03
3.150860342518270376e-03
3.159354907399191011e-03
3.167779160924690581e-03
3.176175021685633589e-03
3.184640427962530298e-03
3.193139905706852185e-03
3.201577741238150875e-03
3.209969716739090838e-03
3.218421660443557437e-03
3.226922777238488103e-03
3.235374676301827970e-03
3.243766539645923791e-03
3.252204666680525314e-03
3.260704098069833190e-03
3.269169442389766467e-03
3.277565054307348194e-03
3.285989649771833571e-03
3.294484268403279938e-03
3.302961684299839974e-03
3.311364729811108916e-03
3.319776971767382252e-03
3.328263849001406212e-03
3.336751368550772145e-03
3.345164702295215769e-03
3.353566920129657462e-03
3.362043475965480026e-03
3.370538616976628821e-03
3.378964156010900305e-03
3.387359475337253876e-03
3.395823669074587905e-03
3.404323473050142358e-03
3.412762592037697253e-03
3.421154421773539307e-03
3.429605064090271351e-03
3.438106185267621791e-03
3.446559338927518510e-03
3.454951426828681282e-03
3.463388225144227017e-03
3.471887337288015116e-03
3.480353884382955156e-03
3.488750022642752354e-03
3.497173437390335444e-03
3.505667426157609273e-03
3.514145894131690331e-03
3.522549735769872799e-03
3.530960968591639274e-03
3.539446963615160233e-03
3.547935320986811674e-03
3.556349709890898551e-03
3.564751122188237944e-03
3.573226630814798927e-03
3.581722290444237095e-03
3.590149074798881009e-03
3.598543893853563269e-03
3.607006937302948638e-03
3.615506972018439798e-03
3.623947324425184826e-03
3.632339031764792673e-03
3.640788422237028598e-03
3.649289518189814414e-03
3.657743863422489514e-03
3.666136214089875129e-03
3.674571690230568621e-03
3.683070488826303314e-03
3.691538199888225180e-03
3.699934906407537777e-03
3.708357145859132731e-03
3.716850467683763953e-03
3.725329983136941962e-03
3.733734647184349786e-03
3.742144883236476344e-03
3.750629962027858533e-03
3.759119119031856422e-03
3.767534629339660580e-03
3.775935239219437457e-03
3.784409618739175210e-03
3.792905826660052538e-03
3.801333946805426217e-03
3.809728242307196516e-03
3.818190027212899421e-03
3.826690297568015146e-03
3.835132021489993590e-03
3.843523616384429339e-03
3.851971625964404483e-03
3.860472655908274518e-03
3.868928337909994901e-03
3.877320993548059435e-03
3.885755092852541479e-03
3.894253506629599248e-03
3.902722427601410405e-03
3.911119802840417638e-03
3.919540766174104199e-03
3.928033424055284856e-03
3.936514007754007838e-03
3.944919553334390316e-03
3.953328802372497314e-03
3.961812922357476306e-03
3.970302885199999444e-03
3.978719518548073757e-03
3.987119370894680326e-03
3.995592586431498915e-03
4.004089298259059550e-03
4.012518763508543355e-03
4.020912571285661756e-03
4.029373078417044715e-03
4.037873541276015311e-03
4.046316661675136879e-03
4.054708169433635274e-03
4.063154838166054168e-03
4.071655778352323111e-03
4.080112763373362240e-03
4.088505751964610462e-03
4.096938443884104442e-03
4.105436466650713365e-03
4.113906621968734835e-03
4.122304706967750212e-03
4.130724386808456473e-03
4.139216327273390929e-03
4.147697974870132205e-03
4.156104477852948058e-03
4.164512722006162744e-03
4.172995823822679869e-03
4.181486641646201333e-03
4.189904422119309496e-03
4.198303587613986566e-03
4.206775609934325540e-03
4.215272843343700372e-03
4.223703626151414231e-03
4.232097019594682416e-03
4.240556262667650143e-03
4.249056879886860608e-03
4.257501390666423163e-03
4.265892841448103330e-03
4.274338238699861882e-03
4.282839028163405726e-03
4.291297280995799886e-03
4.299690597778802262e-03
4.308122029157313883e-03
4.316619642508577430e-03
4.325090881475558528e-03
4.333489670838130102e-03
4.341908144204814114e-03
4.350399381805966637e-03
4.358881990493656058e-03
4.367289419031490823e-03
4.375696734378682097e-03
4.384178906457795837e-03
4.392670450798351334e-03
4.401089302432021656e-03
4.409487828162265456e-03
4.417958693577798968e-03
4.426456381123570691e-03
4.434888435202213354e-03
4.443281461902757676e-03
4.451739431158483612e-03
4.460240169352154560e-03
4.468686050123030218e-03
4.477077465363176259e-03
4.485521573632049973e-03
4.494022177673865498e-03
4.502481717929131960e-03
4.510875388313379843e-03
4.519305531542026910e-03
4.527802692031211024e-03
4.536275065139864192e-03
4.544674599530887024e-03
4.553091867632831462e-03
4.561582389507731414e-03
4.570065935544479450e-03
4.578474371455273570e-03
4.586880715918209908e-03
4.595361864305032989e-03
4.603854165278124626e-03
4.612274193767893632e-03
4.620672062922131194e-03
4.629141664856212431e-03
4.637639832061903576e-03
4.646073228945311190e-03
4.654465939709096986e-03
4.662922549688898466e-03
4.671423422431826566e-03
4.679870710147235324e-03
4.688262128456934658e-03
4.696704882255387133e-03
4.705205265807338444e-03
4.713666148954134653e-03
4.722060211724146174e-03
4.730489062954308481e-03
4.738985706158512987e-03
4.747459243106345698e-03
4.755859560114857575e-03
4.764275595906749400e-03
4.772765343142493580e-03
4.781249847857583189e-03
4.789659364635246407e-03
4.798064750549882115e-03
4.806544879934161393e-03
4.815037887771879757e-03
4.823459103021042645e-03
4.831856376398525887e-03
4.840324811298284645e-03
4.848823378607471264e-03
4.857258030329451338e-03
4.865650489580192369e-03
4.874105811629600438e-03
4.882606783070971186e-03
4.891055377063401391e-03
4.899446847765073429e-03
4.907888320274631476e-03
4.916388488699858193e-03
4.924850622825800196e-03
4.933245091558295832e-03
4.941672717482342020e-03
4.950168831157022997e-03
4.958643485796160669e-03
4.967044557406340155e-03
4.975459484920390953e-03
4.983948483562634577e-03
4.992433835922686219e-03
5.000844414748585251e-03
5.009248871157377138e-03
5.017727991309274722e-03
5.026221658754805033e-03
5.034644083004457919e-03
5.043040769263690444e-03
5.051507973648785947e-03
5.060006955942394392e-03
5.068442886660715595e-03
5.076835128653730059e-03
5.085289071039839591e-03
5.093790127323916117e-03
5.102240083242521457e-03
5.110631667861088509e-03
5.119071805741247372e-03
5.127571678125917437e-03
5.136035137405720215e-03
5.144430034229211662e-03
5.152856444917966981e-03
5.161351992719099419e-03
5.169827747990351184e-03
5.178229600372470827e-03
5.186643396286098884e-03
5.195131574394657240e-03
5.203617820394339927e-03
5.212029503756417624e-03
5.220433019091061215e-03
5.228911133592863483e-03
5.237405417049817088e-03
5.245829068858149681e-03
5.254225182197771148e-03
5.262691152879091228e-03
5.271190519854974423e-03
5.279627726160098476e-03
5.288019775461327669e-03
5.296472380684049373e-03
5.304973485310054450e-03
5.313424753902015220e-03
5.321816497581472599e-03
5.330255288294261616e-03
5.338754861857694829e-03
5.347219612676936372e-03
5.355614976868315266e-03
5.364040157478444822e-03
5.372535078072442939e-03
5.381011976284134912e-03
5.389414643933423434e-03
5.397827353627371316e-03
5.406314657263467348e-03
5.414801787159571368e-03
5.423214607910838841e-03
5.431617199318114660e-03
5.440094227219547350e-03
5.448589134904223419e-03
5.457014099763135735e-03
5.465409656206352343e-03
5.473874387063629512e-03
5.482374066592992333e-03
5.490812625497537743e-03
5.499204512604012780e-03
5.507655729195511454e-03
5.516156874007627046e-03
5.524609467456103110e-03
5.533001447579209871e-03
5.541438846117072332e-03
5.549938132109195031e-03
5.558404145204685377e-03
5.566800050879598498e-03
5.575223993353848641e-03
5.583718269658677867e-03
5.592196300990510960e-03
5.600599800365537242e-03
5.609011447516611994e-03
5.617497832233397589e-03
5.625985840730379425e-03
5.634399844151085843e-03
5.642801549072507319e-03
5.651277459972989942e-03
5.659772962108015198e-03
5.668199302700884824e-03
5.676594297182541680e-03
5.685057725163821657e-03
5.693557720137702206e-03
5.701997682198835932e-03
5.710389423437236406e-03
5.718839226286891002e-03
5.727340372734971395e-03
5.735794336772966073e-03
5.744186595103564601e-03
5.752622542060770172e-03
5.761121469053180968e-03
5.769588796107264286e-03
5.777985313043974662e-03
5.786407932942487509e-03
5.794901513326989294e-03
5.803380712136815139e-03
5.811785098812878754e-03
5.820195684446419042e-03
5.828681110842560444e-03
5.837170004278986919e-03
5.845585127633061602e-03
5.853986011452868427e-03
5.862460810285048153e-03
5.870956829807445071e-03
5.879384523677209755e-03
5.887778983185740049e-03
5.896241160570114478e-03
5.904741387942183395e-03
5.913182721400017314e-03
5.921574347006085953e-03
5.930022814335211313e-03
5.938523903865895563e-03
5.946979181991895319e-03
5.955371736385126590e-03
5.963806283752628480e-03
5.972304876211819574e-03
5.980773426189955715e-03
5.989170561307955234e-03
5.997591973624130136e-03
6.006084875363822302e-03
6.014565125911271355e-03
6.022970367208999205e-03
6.031379971060520095e-03
6.039864454018250770e-03
6.048354173491334723e-03
6.056770387908338646e-03
6.065170518295174076e-03
6.073644199594739612e-03
6.082140747337415679e-03
6.090569720560474673e-03
6.098963707800096092e-03
6.107424719905460951e-03
6.115925128261346343e-03
6.124367738958915244e-03
6.132759276037179873e-03
6.141206468457918906e-03
6.149707464409435304e-03
6.158163974032113998e-03
6.166556827672020451e-03
6.174990069459779067e-03
6.183488271206921509e-03
6.191957968331397374e-03
6.200355770996647010e-03
6.208775970730956266e-03
6.217268195432148516e-03
6.225749457207627700e-03
6.234155570871622448e-03
6.242564201381444432e-03
6.251047711790515445e-03
6.259538244461309089e-03
6.267955585608431072e-03
6.276354999512671895e-03
6.284827502131720527e-03
6.293324563611024484e-03
6.301754860265817472e-03
6.310148406636037141e-03
6.318608121809308163e-03
6.327108701611068413e-03
6.335552711496407301e-03
6.343944182795238813e-03
6.352390023593489435e-03
6.360890890370180482e-03
6.369348725970224410e-03
6.377741932340246812e-03
6.386173795024557669e-03
6.394671578438698191e-03
6.403142470787842426e-03
6.411541004792180309e-03
6.419959936274776714e-03
6.428451468021469627e-03
6.436933737261858052e-03
6.445340801245620123e-03
6.453748480010643683e-03
6.462231035645063862e-03
6.470722322897293904e-03
6.479140756263899147e-03
6.487539523917256433e-03
6.496010874755283812e-03
6.504508389835328072e-03
6.512939952586280397e-03
6.521333113766028533e-03
6.529791595946883923e-03
6.538292299668776140e-03
6.546737661908609042e-03
6.555129083849760285e-03
6.563573686958101144e-03
6.572074394996524002e-03
6.580533457297049575e-03
6.588926989971480817e-03
6.597357622413040253e-03
6.605854963912308024e-03
6.614326944270477147e-03
6.622726187584920474e-03
6.631143929864625336e-03
6.639634733929126835e-03
6.648117937445260570e-03
6.656525989158459944e-03
6.664932702526884037e-03
6.673414232606423614e-03
6.681906295630920395e-03
6.690325879961459173e-03
6.698724006913019287e-03
6.707194170974849386e-03
6.715692156093117267e-03
6.724124999469126111e-03
6.732517836354989099e-03
6.740975027563751373e-03
6.749475857280132739e-03
6.757922570734869495e-03
6.766313972023668515e-03
6.774757294672075977e-03
6.783257805532458447e-03
6.791718125717821977e-03
6.800112017421689609e-03
6.808541417482488235e-03
6.817038321395554358e-03
6.825511364888904066e-03
6.833911324884262527e-03
6.842327909723441154e-03
6.850818020009926713e-03
6.859302094297310692e-03
6.867711127047728542e-03
6.876116925062932331e-03
6.884597524048298792e-03
6.893090248410368819e-03
6.901510915777358049e-03
6.909908449791550555e-03
6.918377391166755097e-03
6.926875798757638897e-03
6.935309895162198451e-03
6.943702448762079094e-03
6.952158344929546679e-03
6.960659274190420485e-03
6.969107305293569497e-03
6.977498740331968853e-03
6.985940765215299490e-03
6.994441029158263157e-03
7.002902638106539915e-03
7.011296919854222501e-03
7.019725060798400265e-03
7.028221439677627067e-03
7.036695600807662231e-03
7.045096338975109958e-03
7.053511731447361169e-03
7.062001053781386505e-03
7.070486052872554383e-03
7.078896185177179466e-03
7.087301006862977912e-03
7.095780557049754730e-03
7.104273977391434639e-03
7.112695873117083449e-03
7.121092796157474022e-03
7.129560530291318733e-03
7.138059346163059572e-03
7.146494725767175288e-03
7.154887040053730697e-03
7.163341550780509895e-03
7.171842574564305309e-03
7.180291968973531724e-03
7.188683490830035001e-03
7.197124177844595877e-03
7.205624164083690962e-03
7.214087089989247061e-03
7.222481793051976733e-03
7.230908694340262670e-03
7.239404496217718456e-03
7.247879791583818065e-03
7.256281314029252097e-03
7.264695580067443564e-03
7.273184115907293558e-03
7.281670005451709032e-03
7.290081195123723073e-03
7.298485122663470048e-03
7.306963680116782857e-03
7.315457712074028250e-03
7.323880797844808076e-03
7.332277156852863055e-03
7.340743668008127380e-03
7.349242867376699732e-03
7.357679526303113719e-03
7.366071644731035130e-03
7.374524839809979727e-03
7.383025941453813003e-03
7.391476625240793290e-03
7.399868280342661829e-03
7.408307672676052273e-03
7.416807403813874787e-03
7.425271556936080368e-03
7.433666697426719906e-03
7.442092447120347669e-03
7.450587670014188063e-03
7.459064031003895257e-03
7.467466287187032696e-03
7.475879498177992293e-03
7.484367215625319265e-03
7.492853939489434872e-03
7.501266203503383773e-03
7.509669228865474382e-03
7.518146781131268032e-03
7.526641387703044729e-03
7.535065708382599620e-03
7.543461523678737964e-03
7.551926880263805028e-03
7.560426424301920287e-03
7.568864292872659952e-03
7.577256241673193705e-03
7.585708168206432324e-03
7.594209298294847359e-03
7.602661215664874121e-03
7.611053056357272584e-03
7.619491165513180356e-03
7.627990611440363909e-03
7.636455976150009241e-03
7.644851572011981435e-03
7.653276153391745142e-03
7.661770788123022612e-03
7.670248208087126693e-03
7.678651240806257626e-03
7.687063442166961087e-03
7.695550335816755266e-03
7.704037859143066970e-03
7.712451203114252356e-03
7.720853371647605663e-03
7.729329907241427010e-03
7.737825089650603172e-03
7.746250642873083424e-03
7.754645932965753378e-03
7.763110130377430355e-03
7.771609946708793459e-03
7.780049063313096772e-03
7.788440868021911066e-03
7.796891481602077900e-03
7.805392623184387313e-03
7.813845789211843265e-03
7.822237860448574484e-03
7.830674630160605262e-03
7.839173744479736167e-03
7.847640324801842884e-03
7.856036452659953193e-03
7.864459815410876700e-03
7.872953804001077763e-03
7.881432316176694916e-03
7.889836163900706273e-03
7.898247350845485210e-03
7.906733335870008011e-03
7.915221702943970455e-03
7.923636130199552055e-03
7.932037478529080365e-03
7.940512954596542702e-03
7.949008642962246407e-03
7.957435494764197176e-03
7.965830252381855131e-03
7.974293199199860085e-03
7.982793270941009392e-03
7.991233732533390213e-03
7.999625406555263205e-03
8.008074676819621623e-03
8.016575801115772421e-03
8.025030254118492579e-03
8.033422595080826761e-03
8.041858001701844214e-03
8.050356799341669076e-03
8.058824578480748568e-03
8.067221287924806680e-03
8.075643467262425337e-03
8.084136798942166344e-03
8.092616356330573080e-03
8.101021020038050996e-03
8.109431231572367463e-03
8.117916301385022168e-03
8.126405490904108769e-03
8.134820992494969094e-03
8.143221563590605575e-03
8.151695944245324760e-03
8.160192160362242722e-03
8.168620302811728517e-03
8.177014561858691327e-03
8.185476278391888225e-03
8.193976579215004469e-03
8.202418363415805644e-03
8.210809926603224174e-03
8.219257879039935238e-03
8.227758954038587660e-03
8.236214670382742756e-03
8.244607312112546896e-03
8.253041358226569091e-03
8.261539781417326714e-03
8.270008761035332542e-03
8.278406120280282568e-03
8.286827044647785551e-03
8.295319690768632181e-03
8.303800318715005846e-03
8.312205859528616278e-03
8.320615067978291354e-03
8.329099155442679092e-03
8.337589155227354693e-03
8.346005809316204421e-03
8.354405614440578789e-03
8.362878786343234255e-03
8.371375545530987047e-03
8.379805053771722037e-03
8.388198825290729341e-03
8.396659286979883327e-03
8.405159766581548828e-03
8.413602924620565068e-03
8.421994402677700567e-03
8.430441044963795164e-03
8.438941997717467822e-03
8.447399000135091124e-03
