0.000000000000000000e+00
8.378755208066266221e-06
1.687499017249822873e-05
2.538075971783056709e-05
3.378159638199438762e-05
4.214276304417842423e-05
5.061033927698185977e-05
5.912304672557791151e-05
6.755685995283953061e-05
7.591129553612711780e-05
8.434785081772468824e-05
9.286507339610469084e-05
1.013263475803507439e-04
1.096820745842556395e-04
1.180897439337226220e-04
1.266098065869526040e-04
1.350908670527185319e-04
1.434580760695485359e-04
1.518439278919694803e-04
1.603386637260306746e-04
1.688334125482570454e-04
1.772149587492945829e-04
1.855700024205585456e-04
1.940414985339949233e-04
2.025603763078978050e-04
2.109811534360326018e-04
2.193247795810632401e-04
2.277706009511655896e-04
2.362759682055129255e-04
2.446929702076164705e-04
2.530353514886250765e-04
2.614774271820430253e-04
2.700054081562690105e-04
2.784571117453807647e-04
2.867976377727782591e-04
2.952240385352013609e-04
3.037352211973073425e-04
3.121839049421571820e-04
3.205452382180733477e-04
3.289631034469570428e-04
3.374673688805752145e-04
3.459262403194959465e-04
3.542727013871259899e-04
3.626950914218949121e-04
3.712198797787930548e-04
3.796914026697222532e-04
3.880338019757489151e-04
3.964366102522912019e-04
4.049494316538330540e-04
4.134105485986993601e-04
4.217591339933113043e-04
4.301721947310658948e-04
4.386938601542183418e-04
4.471745415494976809e-04
4.555219129291060822e-04
4.639197518390186965e-04
4.724332111089556423e-04
4.808898983479775193e-04
4.892362575033085961e-04
4.976406643887037063e-04
5.061524218213455956e-04
5.146432214815471447e-04
5.230003957501943614e-04
5.313902286080647358e-04
5.399002838449195240e-04
5.483642464304661719e-04
5.567234001543708635e-04
5.651213880790554624e-04
5.736333575386268939e-04
5.821206922104253624e-04
5.904868463593085761e-04
5.988712335691643955e-04
6.073792494530593509e-04
6.158777667447488816e-04
6.242484479486923440e-04
6.326287642965559366e-04
6.411362803782481206e-04
6.496366274574274721e-04
6.580117713348920209e-04
6.663970130895948340e-04
6.748973886106991076e-04
6.833937269761743757e-04
6.917865790763298630e-04
7.001602845009746636e-04
7.086584437529789464e-04
7.171646790080284670e-04
7.255542992429448758e-04
7.339224210623148141e-04
7.424114714916662432e-04
7.509206451291369332e-04
7.593132897661787834e-04
7.676770687904279191e-04
7.761637851690047531e-04
7.846702021957922346e-04
7.930726515090741465e-04
8.014316713574499030e-04
8.098947850776889697e-04
8.183996877424374716e-04
8.267933443764323561e-04
8.351510127385185873e-04
8.436263914430126507e-04
8.521471443511343833e-04
8.605462039108413477e-04
8.688983958766940572e-04
8.773641568483389478e-04
8.858710972820855881e-04
8.942670285992582917e-04
9.026243822408007347e-04
9.111008677571249192e-04
9.196195401871357913e-04
9.280257764591401132e-04
9.363765833544450932e-04
9.448361272785229040e-04
9.533557576102200245e-04
9.617803225737846023e-04
9.701301221015032079e-04
9.785628097442023408e-04
9.870793778712202895e-04
9.955390379767696616e-04
1.003886303655706106e-03
1.012297690700090765e-03
1.020803810719897930e-03
1.029289509686762919e-03
1.037650885840815619e-03
1.046042562812286207e-03
1.054553532732520164e-03
1.063011696918222558e-03
1.071368275880478244e-03
1.079758793676894495e-03
1.088277637378348142e-03
1.096768436344388274e-03
1.105139014119036877e-03
1.113506908112423151e-03
1.122005324844386554e-03
1.130516052272592100e-03
1.138902959967254573e-03
1.147258450300405862e-03
1.155720860166429024e-03
1.164248251332894706e-03
1.172666531784805370e-03
1.181011449080096717e-03
1.189466969099470077e-03
1.197975200019129076e-03
1.206404329856424406e-03
1.214759121460158055e-03
1.223201852078308885e-03
1.231712872440376277e-03
1.240175305486972569e-03
1.248528146343196076e-03
1.256945868358401225e-03
1.265449981725332192e-03
1.273931175459919879e-03
1.282302983904838600e-03
1.290696140113215548e-03
1.299191245023848971e-03
1.307676767826218426e-03
1.316050608270172761e-03
1.324448450679588905e-03
1.332941656309314001e-03
1.341436579076352945e-03
1.349815387408873297e-03
1.358206016925241197e-03
1.366706859224589132e-03
1.375213758676846953e-03
1.383592612656848542e-03
1.391965932202322495e-03
1.400471236032635632e-03
1.408976515169134284e-03
1.417353991664475248e-03
1.425731798758426332e-03
1.434225465173907333e-03
1.442730367845101308e-03
1.451110056332909504e-03
1.459470886749356273e-03
1.467968655233080951e-03
1.476479066243135269e-03
1.484876568921566099e-03
1.493224177282073380e-03
1.501696595754845476e-03
1.510220309251207376e-03
1.518639505651850699e-03
1.526986622200863022e-03
1.535427052217614580e-03
1.543948079995444145e-03
1.552397870726510707e-03
1.560743053405097688e-03
1.569176990946381193e-03
1.577698647494217739e-03
1.586155186039498377e-03
1.594504424031480561e-03
1.602938283331989096e-03
1.611454153319489277e-03
1.619925615030844970e-03
1.628286163961330897e-03
1.636698538575641348e-03
1.645213463835765340e-03
1.653690381891634179e-03
1.662051060768343158e-03
1.670453037771986622e-03
1.678961667569787725e-03
1.687418390423670164e-03
1.695771306012533236e-03
1.704190192395493592e-03
1.712697350267751873e-03
1.721172559904890443e-03
1.729527402720985917e-03
1.737932015403027353e-03
1.746449889563111719e-03
1.754929820928827645e-03
1.763288551015798752e-03
1.771698286170035521e-03
1.780206013175096753e-03
1.788697819014038346e-03
1.797070590746480383e-03
1.805466308465393998e-03
1.813975989163374913e-03
1.822473756777980795e-03
1.830842890994443650e-03
1.839229772953520584e-03
1.847739769305828178e-03
1.856236718543463485e-03
1.864605416854915251e-03
1.872994398907529409e-03
1.881501037321711527e-03
1.890001346942628800e-03
1.898378850599215023e-03
1.906769914050277306e-03
1.915267056956231843e-03
1.923772004471045955e-03
1.932161193469599447e-03
1.940530517863353534e-03
1.949023925333324319e-03
1.957525468045642932e-03
1.965916393016865858e-03
1.974288935901959488e-03
1.982759888194755328e-03
1.991256580607898841e-03
1.999642043518490286e-03
2.008008891144237324e-03
2.016494873616857860e-03
2.025011150718232338e-03
2.033413472318243952e-03
2.041771455327825741e-03
2.050242753763917465e-03
2.058752268006569259e-03
2.067147217797556114e-03
2.075525350291845383e-03
2.083990721366049334e-03
2.092504851139463402e-03
2.100900845190645065e-03
2.109257077939335773e-03
2.117741332912800433e-03
2.126260945538891584e-03
2.134679213671301576e-03
2.143027552102549048e-03
2.151481648513026493e-03
2.160005455417529207e-03
2.168451291808876167e-03
2.176805558590708383e-03
2.185227169276985314e-03
2.193734155777928886e-03
2.202203003460857268e-03
2.210560609828973212e-03
2.218969468714815114e-03
2.227477481428298545e-03
2.235932484063080788e-03
2.244275597868166001e-03
2.252680112470656446e-03
2.261200637078191952e-03
2.269684940939918107e-03
2.278047258109784472e-03
2.286429563356868078e-03
2.294934603995333559e-03
2.303437565171489662e-03
2.311827908764258529e-03
2.320195344350061209e-03
2.328669672535502340e-03
2.337177916295124589e-03
2.345604385100691618e-03
2.353966058768998219e-03
2.362404795535495792e-03
2.370915284616680833e-03
2.379356765979871984e-03
2.387701572337499762e-03
2.396140042551279069e-03
2.404668144569552940e-03
2.413122581188586156e-03
2.421469290553005145e-03
2.429897668106465857e-03
2.438405090566784367e-03
2.446858627941494481e-03
2.455225181188896467e-03
2.463631555528290017e-03
2.472134158482610679e-03
2.480616771939772678e-03
2.488990530392711474e-03
2.497376982300743720e-03
2.505868670359780778e-03
2.514372550408394170e-03
2.522767229093639003e-03
2.531131374301505421e-03
2.539602664067235841e-03
2.548121913693557426e-03
2.556542545084868490e-03
2.564895308997232944e-03
2.573351545502884814e-03
2.581867709685335514e-03
2.590314419132144167e-03
2.598669672481210974e-03
2.607096974480512062e-03
2.615610248459348131e-03
2.624079741908352109e-03
2.632442807171008880e-03
2.640842198186629016e-03
2.649355896495717445e-03
2.657842089568927032e-03
2.666214895618125753e-03
2.674592619689135885e-03
2.683090827324014372e-03
2.691598990869887784e-03
2.700003777048549936e-03
2.708367032529975394e-03
2.716831079346134110e-03
2.725339825750101776e-03
2.733759056835520767e-03
2.742099680363411889e-03
2.750552389712045478e-03
2.759067943757713068e-03
2.767468669813589500e-03
2.775817230473934510e-03
2.784274593971640746e-03
2.792800047214557147e-03
2.801237749592710210e-03
2.809576953642349377e-03
2.818025576247234869e-03
2.826539131737929901e-03
2.834953073534869899e-03
2.843312510022237300e-03
2.851762083851561418e-03
2.860277365437078213e-03
2.868717988185579167e-03
2.877076740659069778e-03
2.885495680471652623e-03
2.894005468578153984e-03
2.902480727935891937e-03
2.910856827005287462e-03
2.919241604393925035e-03
2.927741048053598624e-03
2.936237536713863852e-03
2.944636582578411769e-03
2.952999417103672336e-03
2.961479621476607090e-03
2.969987906429563673e-03
2.978411140233832612e-03
2.986765390360828464e-03
2.995217662775898505e-03
3.003733600461468492e-03
3.012190823390799646e-03
3.020551218124741585e-03
3.028964333318466019e-03
3.037468135705463992e-03
3.045931129802982151e-03
3.054284455671498356e-03
3.062698338668350291e-03
3.071220084809782400e-03
3.079695676527370498e-03
3.088047271553878790e-03
3.096454478097089482e-03
3.104975165905219520e-03
3.113453688793815788e-03
3.121808835136468015e-03
3.130213457973898567e-03
3.138732703955569164e-03
3.147208939085821122e-03
3.155567234026760391e-03
3.163969693123604935e-03
3.172483036934509518e-03
3.180963041530976334e-03
3.189324889548171560e-03
3.197723635665266056e-03
3.206231936103063913e-03
3.214716381077630230e-03
3.223079110648422937e-03
3.231472606178559595e-03
3.239976822766539675e-03
3.248459441968286170e-03
3.256834441042780973e-03
3.265205944596606420e-03
3.273695782161144523e-03
3.282200942531604288e-03
3.290592845541513278e-03
3.298953639695163895e-03
3.307440119654731902e-03
3.315951325236524052e-03
3.324349425449231715e-03
3.332710857619884844e-03
3.341191992419024863e-03
3.349707322758311342e-03
3.358118587274738602e-03
3.366478056241183590e-03
3.374953390723925851e-03
3.383470851702226074e-03
3.391886011152787667e-03
3.400237965692989514e-03
3.408702679502515018e-03
3.417225665890851437e-03
3.425638600910964598e-03
3.433987762723361356e-03
3.442445492130295423e-03
3.450952375628127313e-03
3.459379860362197558e-03
3.467732914876959192e-03
3.476166133533377216e-03
3.484688282507436823e-03
3.493147726397301950e-03
3.501493966019849236e-03
3.509909086660432595e-03
3.518414634292151445e-03
3.526901385319195642e-03
3.535263198394905833e-03
3.543652879029204894e-03
3.552138884613300837e-03
3.560647934038475588e-03
3.569036781189308810e-03
3.577400333455960004e-03
3.585865126839126588e-03
3.594391633443084176e-03
3.602811387808723103e-03
3.611161971926230355e-03
3.619596888505577804e-03
3.628126412316964606e-03
3.636570953016804789e-03
3.644922757155364106e-03
3.653326637592413904e-03
3.661847861080017811e-03
3.670321965759010350e-03
3.678683902635411593e-03
3.687054590476490992e-03
3.695555424419290618e-03
3.704063059335620245e-03
3.712436772104053383e-03
3.720799673371971792e-03
3.729285578842024378e-03
3.737770175069760406e-03
3.746139478191912175e-03
3.754527652061733726e-03
3.763014907139435906e-03
3.771500710344556726e-03
3.779892316735389193e-03
3.788258013690062615e-03
3.796742650921363770e-03
3.805236058555769643e-03
3.813600694808779844e-03
3.821983795687433193e-03
3.830482450642398035e-03
3.838954237215956838e-03
3.847316094814301739e-03
3.855726478472535322e-03
3.864221585485635817e-03
3.872708004366785459e-03
3.881082315654052917e-03
3.889471057985868525e-03
3.897944702488929849e-03
3.906439858857004011e-03
3.914849252408461946e-03
3.923199456217909414e-03
3.931666928372531088e-03
3.940172583366406862e-03
3.948551483797595532e-03
3.956916743571264015e-03
3.965402387807223650e-03
3.973891673417972656e-03
3.982257731142836710e-03
3.990640502955247054e-03
3.999137807012882566e-03
4.007607761399757315e-03
4.015964908482169173e-03
4.024367837847726143e-03
4.032876607428931282e-03
4.041330377544794135e-03
4.049673481001386452e-03
4.058090949654582710e-03
4.066605401677270484e-03
4.075071466579646001e-03
4.083427458049927565e-03
4.091814645743909774e-03
4.100313848839584087e-03
4.108801751156041480e-03
4.117169633303551478e-03
4.125548660553648821e-03
4.134033049334440678e-03
4.142542374120121093e-03
4.150934250445539528e-03
4.159295519460533101e-03
4.167763214484698775e-03
4.176279905460995000e-03
4.184704406400546924e-03
4.193057240526053969e-03
4.201490386140464654e-03
4.210010774298894240e-03
4.218469770676970890e-03
4.226821442810474450e-03
4.235226936223634130e-03
4.243734626499595132e-03
4.252220121695551337e-03
4.260580699285040386e-03
4.268971142024780702e-03
4.277466202428333378e-03
4.285956838722647377e-03
4.294340824733970143e-03
4.302710834392434874e-03
4.311188943296143106e-03
4.319693690491482885e-03
4.328109419499208063e-03
4.336464651743646842e-03
4.344911716050725570e-03
4.353429301025038903e-03
4.361881642729716416e-03
4.370235426972361205e-03
4.378641101464727202e-03
4.387154275760760461e-03
4.395638369371827718e-03
4.404001012357677651e-03
4.412384042676503922e-03
4.420877521414181069e-03
4.429381470869964144e-03
4.437763244331945252e-03
4.446132323369545759e-03
4.454606416501232652e-03
4.463112145499058096e-03
4.471523549055435483e-03
4.479879736331631064e-03
4.488329402080878244e-03
4.496842735197330125e-03
4.505288659780472098e-03
4.513642231961888067e-03
4.522054106510520199e-03
4.530555463640536899e-03
4.539025200194866244e-03
4.547389153032442392e-03
4.555778723956655819e-03
4.564274377273652532e-03
4.572775156865990093e-03
4.581154517325026175e-03
4.589523271551305614e-03
4.598001450991397003e-03
4.606510097280427062e-03
4.614917345665049166e-03
4.623275724664842497e-03
4.631722887352616308e-03
4.640237856657843801e-03
4.648680515645137352e-03
4.657032379417376175e-03
4.665446311855356819e-03
4.673958502547690720e-03
4.682432855204929703e-03
4.690789450203692798e-03
4.699169805632902840e-03
4.707666383201576481e-03
4.716137571028408172e-03
4.724485610495628499e-03
4.732882971844732181e-03
4.741394464046889794e-03
4.749875516992366209e-03
4.758233144814120498e-03
4.766606311685540713e-03
4.775108057534881503e-03
4.783581601871712483e-03
4.791926142012937172e-03
4.800324306676977126e-03
4.808834717570533053e-03
4.817319543752695242e-03
4.825681396506942798e-03
4.834066086742419381e-03
4.842567656009356090e-03
4.851062093146148516e-03
4.859430694808763995e-03
4.867802946884226475e-03
4.876299641605664169e-03
4.884775096432525214e-03
4.893130091044166005e-03
4.901514814742858293e-03
4.910020991325252972e-03
4.918488388284223724e-03
4.926834792454484573e-03
4.935241981620325756e-03
4.943756748140997609e-03
4.952201118140880584e-03
4.960558736945916078e-03
4.968977527953478968e-03
4.977485857667268178e-03
4.985923570268328830e-03
4.994274779062475925e-03
5.002707573617229571e-03
5.011219762117416834e-03
5.019666238052630444e-03
5.028044186354573009e-03
5.036444161881724335e-03
5.044930263550700782e-03
5.053408465763504706e-03
5.061807166500987241e-03
5.070183117864244214e-03
5.078645222892852300e-03
5.087143969057630714e-03
5.095568959090715673e-03
5.103925099125097495e-03
5.112366362840115724e-03
5.120866199045752062e-03
5.129301811931078967e-03
5.137664659573428980e-03
5.146072418128001640e-03
5.154555713708447277e-03
5.163024341531174434e-03
5.171409317751058179e-03
5.179787544608762534e-03
5.188277285981026006e-03
5.196768005106727588e-03
5.205148297388837234e-03
5.213527000364064599e-03
5.221987415643957603e-03
5.230492925934784355e-03
5.238905087550435082e-03
5.247277863699443406e-03
5.255712485541691979e-03
5.264221447573878485e-03
5.272668806993742983e-03
5.281048158637043598e-03
5.289449517919770326e-03
5.297936849497272491e-03
5.306412387977731474e-03
5.314802549399941754e-03
5.323173220276099932e-03
5.331640016900918502e-03
5.340134810857929265e-03
5.348539076067320222e-03
5.356906236895898551e-03
5.365352598349895988e-03
5.373857988078800316e-03
5.382288490911170051e-03
5.390660693609649994e-03
5.399077710277309580e-03
5.407582394785516965e-03
5.416046888001352887e-03
5.424430959075071147e-03
5.432814869377975212e-03
5.441309019592832641e-03
5.449791988252727752e-03
5.458207149019307820e-03
5.466573689014316700e-03
5.475014604364380859e-03
5.483520386020524981e-03
5.491967398375298404e-03
5.500324319174164540e-03
5.508741557681474076e-03
5.517239724876884382e-03
5.525707463841741419e-03
5.534068285241380489e-03
5.542462064922626039e-03
5.550932651653967508e-03
5.559414491200905840e-03
5.567812204190855305e-03
5.576182492846544665e-03
5.584648471221191623e-03
5.593140345336064349e-03
5.601569159582133785e-03
5.609926747013377693e-03
5.618351460579714719e-03
5.626849876080759760e-03
5.635301486233505394e-03
5.643661989524578065e-03
5.652062804506529335e-03
5.660544417364736514e-03
5.669024857992219744e-03
5.677396688087638435e-03
5.685776450138906209e-03
5.694235808168641132e-03
5.702722295826904118e-03
5.711133781331542182e-03
5.719502352969034649e-03
5.727937702086165032e-03
5.736437098161121205e-03
5.744879768423581320e-03
5.753247325427312230e-03
5.761644388173751616e-03
5.770139730432073850e-03
5.778613204623890033e-03
5.786986325221251011e-03
5.795367885224901247e-03
5.803846078653674377e-03
5.812333740540686321e-03
5.820725411896991025e-03
5.829093883221584012e-03
5.837536312126694223e-03
5.846036214095415642e-03
5.854457762103788473e-03
5.862815214217382935e-03
5.871230651334349154e-03
5.879723137348618484e-03
5.888179104055406982e-03
5.896546521007934617e-03
5.904928142202840041e-03
5.913413324517631693e-03
5.921894849092819955e-03
5.930281038630511037e-03
5.938648336980221001e-03
5.947110474824733595e-03
5.955600670015463380e-03
5.964009045377443273e-03
5.972370075278924870e-03
5.980791673773790292e-03
5.989281585384108320e-03
5.997718183441604761e-03
6.006066397924467691e-03
6.014464298561484311e-03
6.022955894557147083e-03
6.031425609696823391e-03
6.039781260450136427e-03
6.048172807339852186e-03
6.056643706695558418e-03
6.065131147640139345e-03
6.073526719952805804e-03
6.081894578869788057e-03
6.090332972930163034e-03
6.098832446049181309e-03
6.107252844744206523e-03
6.115613265518816781e-03
6.124028950419059536e-03
6.132527687514861478e-03
6.140980583427000164e-03
6.149356187666129084e-03
6.157729651138066883e-03
6.166207904091064972e-03
6.174689814440603199e-03
6.183083393532881437e-03
6.191438600446457809e-03
6.199893900690815925e-03
6.208379237476422188e-03
6.216783289858056859e-03
6.225145756002766970e-03
6.233570531219150175e-03
6.242056076268168163e-03
6.250497089037403142e-03
6.258843649712005595e-03
6.267255059046824943e-03
6.275740869334328620e-03
6.284187394299597419e-03
6.292551311871735428e-03
6.300935062660778171e-03
6.309407754814241008e-03
6.317878596891673970e-03
6.326242470555470607e-03
6.334612576017122770e-03
6.343074819813391413e-03
6.351541884945482823e-03
6.359932260099787626e-03
6.368286353000670273e-03
6.376730986842395719e-03
6.385219356558571868e-03
6.393615940103862007e-03
6.401973919306805198e-03
6.410402583720218803e-03
6.418883148953173808e-03
6.427309904706048765e-03
6.435660980027840296e-03
6.444074236890515173e-03
6.452567005214664836e-03
6.461009757856638752e-03
6.469364168960917323e-03
6.477759211988324932e-03
6.486242198244039810e-03
6.494698862736607119e-03
6.503074138680633998e-03
6.511436672309444881e-03
6.519907535409351536e-03
6.528392831023899050e-03
6.536779263137303987e-03
6.545144441763259789e-03
6.553589583447868433e-03
6.562083138624537869e-03
6.570501966945725171e-03
6.578839770615648071e-03
6.587278237037512245e-03
6.595780044001297270e-03
6.604187820066557274e-03
6.612544372184159941e-03
6.620984064092046671e-03
6.629477699844761943e-03
6.637933411809364762e-03
6.646284038761843260e-03
6.654686705998624947e-03
6.663167318030401715e-03
6.671646888018033933e-03
6.680018022387169616e-03
6.688386344561297187e-03
6.696877703088292833e-03
6.705342928576931913e-03
6.713716110145386516e-03
6.722086224640658018e-03
6.730573891359292044e-03
6.739045174349802755e-03
6.747429437562575683e-03
6.755803401314856675e-03
6.764251956551749038e-03
6.772739617551979015e-03
6.781151874238730039e-03
6.789501347925605730e-03
6.797939306264460212e-03
6.806433229021212339e-03
6.814869461827981548e-03
6.823217482534430292e-03
6.831633369486751241e-03
6.840122060049783417e-03
6.848577735336204043e-03
6.856949603370856954e-03
6.865330252884480067e-03
6.873800456356242081e-03
6.882281362887997939e-03
6.890677472210882809e-03
6.899044302479368819e-03
6.907481234912598092e-03
6.915975137367251675e-03
6.924404578610258987e-03
6.932759261311710261e-03
6.941161529088251889e-03
6.949647872305577366e-03
6.958091519421708351e-03
6.966447013246506934e-03
6.974842837334817129e-03
6.983320156900381902e-03
6.991789521700943720e-03
7.000169588502825994e-03
7.008542274579288543e-03
7.016998222807151186e-03
7.025493298338703410e-03
7.033906566851652782e-03
7.042247557880586956e-03
7.050695579470639060e-03
7.059188855087714272e-03
7.067586587433108067e-03
7.075943847416703986e-03
7.084382308479997802e-03
7.092873281455363763e-03
7.101297117615517490e-03
7.109653283527263799e-03
7.118057078906483461e-03
7.126526715218533051e-03
7.134975792228675888e-03
7.143338145900111381e-03
7.151727049492895977e-03
7.160203994684428974e-03
7.168652073856086361e-03
7.177022246128629546e-03
7.185389065097651587e-03
7.193858954583460044e-03
7.202322678217258980e-03
7.210694734370057084e-03
7.219061203679759398e-03
7.227514138133279108e-03
7.235987577626934279e-03
7.244384760493388295e-03
7.252732946754556279e-03
7.261175235835312138e-03
7.269661079875882129e-03
7.278068057175028985e-03
7.286421971482217978e-03
7.294833974705188656e-03
7.303321870249069626e-03
7.311764875477511777e-03
7.320113863565094053e-03
7.328522209770571214e-03
7.337002028111221270e-03
7.345473892408409256e-03
7.353835086149060514e-03
7.362208637206752934e-03
7.370695120988123190e-03
7.379156145748034731e-03
7.387499499838971057e-03
7.395890526131346406e-03
7.404383139087665489e-03
7.412858067586779523e-03
7.421214472682321865e-03
7.429578073662315013e-03
7.438061779028705411e-03
7.446560888418532823e-03
7.454936703590911776e-03
7.463281113990099906e-03
7.471743847570201831e-03
7.480250385947171711e-03
7.488654811922304533e-03
7.496998290385054053e-03
7.505427988125184385e-03
7.513927135976581663e-03
7.522368348956010552e-03
7.530724191099131236e-03
7.539115570324270328e-03
7.547603187789699540e-03
7.556065287945862297e-03
7.564408900463514412e-03
7.572787158610188446e-03
7.581285467227528475e-03
7.589736558531657261e-03
7.598067356328663639e-03
7.606467785861482228e-03
7.614972438051346298e-03
7.623403174489009129e-03
7.631733360201219465e-03
7.640144439726041792e-03
7.648644397014531075e-03
7.657070897754000675e-03
7.665403145838977500e-03
7.673829766514253178e-03
7.682341914763403563e-03
7.690783988301260789e-03
7.699110560311019265e-03
7.707526307608728554e-03
7.716029175607229396e-03
7.724442531863266737e-03
7.732770434157238727e-03
7.741194896960879555e-03
7.749697949693430503e-03
7.758100796738554017e-03
7.766435631725960957e-03
7.774878787233019048e-03
7.783370537543942910e-03
7.791754873499713227e-03
7.800101916539462638e-03
7.808563841901101921e-03
7.817068851201820767e-03
7.825470236399695995e-03
7.833799312926902070e-03
7.842228148775559279e-03
7.850735217532380308e-03
7.859175355934376953e-03
7.867509980014919871e-03
7.875912887521884648e-03
7.884419335171125379e-03
7.892890066330454646e-03
7.901235127389539398e-03
7.909612749876308510e-03
7.918097585032502286e-03
7.926592759939767030e-03
7.934956357682057537e-03
7.943309226572606990e-03
7.951765148839218256e-03
7.960254014164610398e-03
7.968659289159595038e-03
7.977001475493593341e-03
7.985450004820990669e-03
7.993944816278417478e-03
8.002339366633880180e-03
8.010690637397814215e-03
8.019150001119077983e-03
8.027649996067531823e-03
8.036063167771622523e-03
8.044406120927664189e-03
8.052854119572043154e-03
8.061361267277186021e-03
8.069783018631771984e-03
8.078115901393099346e-03
8.086555133556411201e-03
8.095068545455160608e-03
8.103487768021324852e-03
8.111816970241120944e-03
8.120253796297100327e-03
8.128752978434289692e-03
8.137179164584576463e-03
8.145518221971665904e-03
8.153950873014462891e-03
8.162454208462290375e-03
8.170886654237215219e-03
8.179226114307217715e-03
8.187653546063575899e-03
8.196162046696214495e-03
8.204605387863595639e-03
8.212935775158219931e-03
8.221355362099610348e-03
8.229865628472330871e-03
8.238311815303432303e-03
8.246642721722678357e-03
8.255051965584526627e-03
8.263552269142623516e-03
8.271972789103581788e-03
8.280312818269687861e-03
8.288745209368005712e-03
8.297243808681069310e-03
8.305659354622263804e-03
8.313994420520913128e-03
8.322436245697477017e-03
8.330935509392704483e-03
8.339337294933205080e-03
8.347682994410290588e-03
8.356131202385206833e-03
8.364623249251584500e-03
8.373041908955020096e-03
8.381395505851013672e-03
8.389807579573473409e-03
8.398301369178731365e-03
8.406748159644315474e-03
8.415094625102920514e-03
8.423492238004533922e-03
8.431989027384201654e-03
