0.000000000000000000e+00
8.419362916827961117e-06
1.689202333322808062e-05
2.537159009200975565e-05
3.379920339674742180e-05
4.221216888276592112e-05
5.067625960481317201e-05
5.916041068462630343e-05
6.759783862218049836e-05
7.600694509263502857e-05
8.446127165764665771e-05
9.294754095834143858e-05
1.013953305609617555e-04
1.098035116052672978e-04
1.182474560018797105e-04
1.267332635935012415e-04
1.351912448909505632e-04
1.436015000780581016e-04
1.520351463102876874e-04
1.605179173533321537e-04
1.689853095498388281e-04
1.774003991923966972e-04
1.858246923709121104e-04
1.943019979084394165e-04
2.027774284513710209e-04
2.111996186488085002e-04
2.196162995779766896e-04
2.280860228107904045e-04
2.365675668772250929e-04
2.449986085866981953e-04
2.534099189263464870e-04
2.618704643099085396e-04
2.703557594410902648e-04
2.787968531565857347e-04
2.872053851938334394e-04
2.956558240490869162e-04
3.041422710983380357e-04
3.125938491623423917e-04
3.210024647565630691e-04
3.294425698482296872e-04
3.379275250477039010e-04
3.463891781688828117e-04
3.548007962169947931e-04
3.632309801530122237e-04
3.717119340479213573e-04
3.801825404984886985e-04
3.885999024074968697e-04
3.970212315019251118e-04
4.054959366593230939e-04
4.139738430615846703e-04
4.223991781625440769e-04
4.308135059162067652e-04
4.392800703179065088e-04
4.477632118005760490e-04
4.561979790594883040e-04
4.646078303548779745e-04
4.730648249720203666e-04
4.815508159433367361e-04
4.899957703282402290e-04
4.984039917609888902e-04
5.068506143200236574e-04
5.153368534708913182e-04
5.237921298657081687e-04
5.322016294090808940e-04
5.406378759519892821e-04
5.491217127600256593e-04
5.575867547698938262e-04
5.660002841415849237e-04
5.744269759350042028e-04
5.829058999379807884e-04
5.913794418972968077e-04
5.997994484999141090e-04
6.082180467251036005e-04
6.166898900789287647e-04
6.251700589867296510e-04
6.335985973885687079e-04
6.420110798451040017e-04
6.504741744935653826e-04
6.589586870350488219e-04
6.673971407252448458e-04
6.758060397687642778e-04
6.842592833222652755e-04
6.927456298821193723e-04
7.011945091632856798e-04
7.096027490525347748e-04
7.180456307285298977e-04
7.265312221949558891e-04
7.349902598218115623e-04
7.434008480656179117e-04
7.518335128878779298e-04
7.603158050915869446e-04
7.687841146446781947e-04
7.771998267539091589e-04
7.856232413783893320e-04
7.940998557825959796e-04
8.025759966748881617e-04
8.109990716944032001e-04
8.194150382374128976e-04
8.278839058545934453e-04
8.363659300549690671e-04
8.447980040885772531e-04
8.532088728900699519e-04
8.616684245089861272e-04
8.701539621642714623e-04
8.785961178945377080e-04
8.870045437713531883e-04
8.954538909547321308e-04
9.039403273094197971e-04
9.123929432105520225e-04
9.208017780909099085e-04
9.292407823582701960e-04
9.377254569700582947e-04
9.461880910564538687e-04
9.546001950318269529e-04
9.630293982127848072e-04
9.715097984987822437e-04
9.799812702441942046e-04
9.883993245097140706e-04
9.968198767665492534e-04
1.005293791612830393e-03
1.013772366524091917e-03
1.022198585450765978e-03
1.030612350685618977e-03
1.039077963144152987e-03
1.047561513341192492e-03
1.055997331086063872e-03
1.064406850946531067e-03
1.072862817868906011e-03
1.081348934776730402e-03
1.089795003951873724e-03
1.098203180981427397e-03
1.106648755038603911e-03
1.115134850873193998e-03
1.123591183666485839e-03
1.132000966594619859e-03
1.140436174138198750e-03
1.148919623519505323e-03
1.157385588652951828e-03
1.165799720528968870e-03
1.174225449161622704e-03
1.182703762329926191e-03
1.191178062091922734e-03
1.199598902870969899e-03
1.208016739715657992e-03
1.216487760356449715e-03
1.224968496635562209e-03
1.233397989754668640e-03
1.241810004558298926e-03
1.250272099337766717e-03
1.258756945743584339e-03
1.267196425520787607e-03
1.275605157055737958e-03
1.284057304524770324e-03
1.292543709856974581e-03
1.300993659532894949e-03
1.309402008805693246e-03
1.317843812697306553e-03
1.326329168984062643e-03
1.334789249059365650e-03
1.343200204971488907e-03
1.351631897733531233e-03
1.360113683231133595e-03
1.368582904023713876e-03
1.376999247348721428e-03
1.385421820488138113e-03
1.393897710640209283e-03
1.402374551967179497e-03
1.410798513373031369e-03
1.419213802921417402e-03
1.427681791169278184e-03
1.436164269408247421e-03
1.444597393850172900e-03
1.453007839330620497e-03
1.461466396566147132e-03
1.469952139387450864e-03
1.478395378118652244e-03
1.486803710754581141e-03
1.495251979766354378e-03
1.503738370017008476e-03
1.512192022916876172e-03
1.520601103631027268e-03
1.529039013496810056e-03
1.537523385326263143e-03
1.545986976284519435e-03
1.554399610488053484e-03
1.562827827265210034e-03
1.571307662026654502e-03
1.579779969808280896e-03
1.588198754703879986e-03
1.596618539019945817e-03
1.605091649962129370e-03
1.613570872561266665e-03
1.621997983576155006e-03
1.630411223385082363e-03
1.638875861485273883e-03
1.647359805364368010e-03
1.655796662292400353e-03
1.664205900430301482e-03
1.672660817915005765e-03
1.681147039698002721e-03
1.689594219351535408e-03
1.698002385250721620e-03
1.706446912032357974e-03
1.714932832101088512e-03
1.723390226676620608e-03
1.731800306210308765e-03
1.740234501555271715e-03
1.748717525984034649e-03
1.757184411190823104e-03
1.765599155983143794e-03
1.774023949828536792e-03
1.782501624342382835e-03
1.790976658286051217e-03
1.799398360791005158e-03
1.807815446875023473e-03
1.816285637288901720e-03
1.824766904719251140e-03
1.833197384720800741e-03
1.841608941709831429e-03
1.850070039151674841e-03
1.858555186414200932e-03
1.866995699989996505e-03
1.875404294608582108e-03
1.883855341917222651e-03
1.892341783470234511e-03
1.900792784983373332e-03
1.909201291320932132e-03
1.917642004637233957e-03
1.926127108691578224e-03
1.934588208527520444e-03
1.942999575435300046e-03
1.951430298042337863e-03
1.959911554930470010e-03
1.968381673662479483e-03
1.976798664021897460e-03
1.985220428707543203e-03
1.993695564965845997e-03
2.002173095998206233e-03
2.010597940611799639e-03
2.019012596997031821e-03
2.027479678197845973e-03
2.035962589223774474e-03
2.044396770266865889e-03
2.052806820897004354e-03
2.061264377287529495e-03
2.069750289979044658e-03
2.078194628536161274e-03
2.086602882449166158e-03
2.095050089017224792e-03
2.103536394596215112e-03
2.111991089725441181e-03
2.120400434334893721e-03
2.128837267279658219e-03
2.137321306672456279e-03
2.145785835268441966e-03
2.154199035679681302e-03
2.162626267992940731e-03
2.171105523558885479e-03
2.179578635018202676e-03
2.187998192612851042e-03
2.196417212142584303e-03
2.204889510704334966e-03
2.213369352455328565e-03
2.221797373074961297e-03
2.230210118048310975e-03
2.238673767001291524e-03
2.247158084964995944e-03
2.255595969470904592e-03
2.264004974776522971e-03
2.272458821373467708e-03
2.280945130039061051e-03
2.289393407364222026e-03
2.297801605187062713e-03
2.306245077496081337e-03
2.314730794317011123e-03
2.323189248180578328e-03
2.331599644753734081e-03
2.340032850966255063e-03
2.348515415441287512e-03
2.356983218056730219e-03
2.365398581418143124e-03
2.373822476788794468e-03
2.382299480916747012e-03
2.390775231273243543e-03
2.399197812469295015e-03
2.407614168756968230e-03
2.416083515383851341e-03
2.424565279422303491e-03
2.432996776244750539e-03
2.441407885353048292e-03
2.449867989182994300e-03
2.458353399861589513e-03
2.466794963104756988e-03
2.475203442729653324e-03
2.483653394591021912e-03
2.492139843988081666e-03
2.500591884898015465e-03
2.509000590839762911e-03
2.517440205359297838e-03
2.525925041625941454e-03
2.534387135357688958e-03
2.542798960725333682e-03
2.551228707855582745e-03
2.559709419671929876e-03
2.568180415593211089e-03
2.576598078401803535e-03
2.585019058279903071e-03
2.593493416201485269e-03
2.601971624374709718e-03
2.610397350046917645e-03
2.618811419809254602e-03
2.627277565906343398e-03
2.635760893674996864e-03
2.644196127441700555e-03
2.652605822715268895e-03
2.661062363928557058e-03
2.669548416640573490e-03
2.677993865721203532e-03
2.686402060462949812e-03
2.694848216752957284e-03
2.703334399526890249e-03
2.711790144774510036e-03
2.720199765545795127e-03
2.728635546317937591e-03
2.737119218216309702e-03
2.745584672122347494e-03
2.753998464440400324e-03
2.762424724006074580e-03
2.770903382422495054e-03
2.779377266239136616e-03
2.787797636580548535e-03
2.796215893656070050e-03
2.804687374446907661e-03
2.813167802260610473e-03
2.821596758861700908e-03
2.830009029180287610e-03
2.838471681172366739e-03
2.846956348665251064e-03
2.855395256387775749e-03
2.863804073279727514e-03
2.872256832112485368e-03
2.880743210233750393e-03
2.889192566878681645e-03
2.897600845700689775e-03
2.906043250720100144e-03
2.914528742706995294e-03
2.922988245984648945e-03
2.931398989455443350e-03
2.939831221231078116e-03
2.948313294567091354e-03
2.956782010963694175e-03
2.965197999048791323e-03
2.973621033951766388e-03
2.982097333410691376e-03
2.990573788227003475e-03
2.998997255297176402e-03
3.007412914356332508e-03
3.015881396838152387e-03
3.024363627859506538e-03
3.032796164532027255e-03
3.041206839878164269e-03
3.049665952106040724e-03
3.058151588107133577e-03
3.066594220891780305e-03
3.075002600783384270e-03
3.083451468395089282e-03
3.091937891722422796e-03
3.100390967291697872e-03
3.108799905341682029e-03
3.117238422279656595e-03
3.125722969301364049e-03
3.134186031262422081e-03
3.142598362111808340e-03
3.151027127135484253e-03
3.159507280982947180e-03
3.167979128845931774e-03
3.176397499170635456e-03
3.184817708353083598e-03
3.193291270550072374e-03
3.201770137618906772e-03
3.210196748289935020e-03
3.218610273424067896e-03
3.227075458117703750e-03
3.235559187489981704e-03
3.243995465505843459e-03
3.252404851880710910e-03
3.260860357465903206e-03
3.269346526019551499e-03
3.277793087519665759e-03
3.286201251531114826e-03
3.294646362466464862e-03
3.303132386985172930e-03
3.311589190016556074e-03
3.319999099183287578e-03
3.328433854625819331e-03
3.336917123157138575e-03
3.345383496978559818e-03
3.353797896537885105e-03
3.362223205920928000e-03
3.370701242560548289e-03
3.379175871484623936e-03
3.387597088247560739e-03
3.396014588996272045e-03
3.404485245370778013e-03
3.412966223209190197e-03
3.421396147170220614e-03
3.429807955685356367e-03
3.438269610257560938e-03
3.446754596609083107e-03
3.455194530981099341e-03
3.463603195892082497e-03
3.472054857410229647e-03
3.480541284733620119e-03
3.488991700969055251e-03
3.497400110856092870e-03
3.505841433952107313e-03
3.514326683617778613e-03
3.522787218025704142e-03
3.531198347157544180e-03
3.539629610504712188e-03
3.548111167207569465e-03
3.556580787866487053e-03
3.564997412190864644e-03
3.573419622847725640e-03
3.581895185340289861e-03
3.590372334473231324e-03
3.598796684596870972e-03
3.607211686812437576e-03
3.615679279502869315e-03
3.624161953441389517e-03
3.632595542925352427e-03
3.641005807210521625e-03
3.649463924669038746e-03
3.657949749088499312e-03
3.666393470998938198e-03
3.674801763994200478e-03
3.683249562422735539e-03
3.691735922649395495e-03
3.700190034875968769e-03
3.708599227365255019e-03
3.717036658790200294e-03
3.725520890082458219e-03
3.733984897847409355e-03
3.742397775648984015e-03
3.750825555957492015e-03
3.759305139213396998e-03
3.767777807222692701e-03
3.776196925653155581e-03
3.784616370316286511e-03
3.793089125629573073e-03
3.801568626618882611e-03
3.809996134461306194e-03
3.818409150248440465e-03
3.826873354735982509e-03
3.835357468815503521e-03
3.843794778989554489e-03
3.852203905584227189e-03
3.860658353855510316e-03
3.869144618848558478e-03
3.877592284357305082e-03
3.886000455444946211e-03
3.894444518672675933e-03
3.902930354879427695e-03
3.911388217810697447e-03
3.919798431151183711e-03
3.928232187266454331e-03
3.936715015594321326e-03
3.945182306542942274e-03
3.953597320741444356e-03
3.962021712449742897e-03
3.970499098229219627e-03
3.978974451363402956e-03
3.987396537594603205e-03
3.995813296708698378e-03
4.004283119028957671e-03
4.012764611443190611e-03
4.021195534666990347e-03
4.029606890427005379e-03
4.038067550689457795e-03
4.046552821224656989e-03
4.054993794153418166e-03
4.063402332924681559e-03
4.071852897129848645e-03
4.080339348662826576e-03
4.088790809041768608e-03
4.097199395831022627e-03
4.105639625326854870e-03
4.114124616093861944e-03
4.122586157740510890e-03
4.130997717982185825e-03
4.139428010685997777e-03
4.147909031723631505e-03
4.156379541074536714e-03
4.164796821455526987e-03
4.173218236462784489e-03
4.181693034662238573e-03
4.190170867671851040e-03
4.198596098329807590e-03
4.207010488343220639e-03
4.215477162901291007e-03
4.223960261510858669e-03
4.232394905639784953e-03
4.240804791809496370e-03
4.249261904406454078e-03
4.257747884651760795e-03
4.266192710513028001e-03
4.274600932686114900e-03
4.283047675758554045e-03
4.291533934534663350e-03
4.299989091158946432e-03
4.308398553002235759e-03
4.316834918949753394e-03
4.325318803869595760e-03
4.333783741597825589e-03
4.342197197263351384e-03
4.350623997955229381e-03
4.359102995837201011e-03
4.367576452290322132e-03
4.375996360402725077e-03
4.384415042321144866e-03
4.392886983583210898e-03
4.401367089387799893e-03
4.409795516358653959e-03
4.418208048179782070e-03
4.426671260371909875e-03
4.435155737819307040e-03
4.443594071971639081e-03
4.452002986714214718e-03
4.460456357481665593e-03
4.468942701471226644e-03
4.477391455490228704e-03
4.485799679872380132e-03
4.494242684779208019e-03
4.502728307851667881e-03
4.511187224845756433e-03
4.519597766885993274e-03
4.528030542549877149e-03
4.536512896707414408e-03
4.544981102868366624e-03
4.553396737383684847e-03
4.561820248337866181e-03
4.570296948713464293e-03
4.578773011648019746e-03
4.587195979433028245e-03
4.595612022613627771e-03
4.604080993931210751e-03
4.612562968542890593e-03
4.620994918691699767e-03
4.629405832599834195e-03
4.637865501792798849e-03
4.646351018499011304e-03
4.654793048418047301e-03
4.663201479896385282e-03
4.671650954028308024e-03
4.680137398956077388e-03
4.688589894424639339e-03
4.696998697908293628e-03
4.705437829421521730e-03
4.713922543428618675e-03
4.722385066265133088e-03
4.730797105861406573e-03
4.739226421493556232e-03
4.747706891890450358e-03
4.756178267077137110e-03
4.764596233810983010e-03
4.773016872504771274e-03
4.781490884792420105e-03
4.789969386651661033e-03
4.798395498162188154e-03
4.806809321782815232e-03
4.815275049979622808e-03
4.823758557986216298e-03
4.832194250876959557e-03
4.840603801565332952e-03
4.849059891818775260e-03
4.857546000318493408e-03
4.865991937775282841e-03
4.874400112453189209e-03
4.882845809872078495e-03
4.891331929484951310e-03
4.899788138649750942e-03
4.908197881908949942e-03
4.916633208891963737e-03
4.925116710777131812e-03
4.933582569676793310e-03
4.941996624683888534e-03
4.950422462837098837e-03
4.958900853881226603e-03
4.967375068919798256e-03
4.975795805078469906e-03
4.984213727618317519e-03
4.992684849470549295e-03
5.001165524766934024e-03
5.009594900266902719e-03
5.018006964821767821e-03
5.026469180311287158e-03
5.034953993825641572e-03
5.043393349993726023e-03
5.051802093925989584e-03
5.060254372730403107e-03
5.068740777490450024e-03
5.077190600896739139e-03
5.085598928656440143e-03
5.094040860877879599e-03
5.102526250936175942e-03
5.110986209836772612e-03
5.119397114769499817e-03
5.127828921009748575e-03
5.136310772379893384e-03
5.144779888038991666e-03
5.153196151005351097e-03
5.161618819422761177e-03
5.170094801412144191e-03
5.178571563240104599e-03
5.186995415405264674e-03
5.195410779560400739e-03
5.203878876929532785e-03
5.212361306467484627e-03
5.220794302519693279e-03
5.229204792207213341e-03
5.237663470260275206e-03
5.246149195199082023e-03
5.254592302451229630e-03
5.263000640282423752e-03
5.271449038018290005e-03
5.279935440718446470e-03
5.288388969726930469e-03
5.296798014736866372e-03
5.305236054123069374e-03
5.313720468102369442e-03
5.322183947345467993e-03
5.330596510680306148e-03
5.339024843516891258e-03
5.347504751135492666e-03
5.355976963268173699e-03
5.364395654219678532e-03
5.372815526924934644e-03
5.381288738329937683e-03
5.389767888123404849e-03
5.398194888229541390e-03
5.406608184951235130e-03
5.415072943785605164e-03
5.423556845761724927e-03
5.431993576521799462e-03
5.440402840094818795e-03
5.448857886247853409e-03
5.457344101262965284e-03
5.465791147354560203e-03
5.474199306968939756e-03
5.482643960099197779e-03
5.491129907706168885e-03
5.499587174837589076e-03
5.507997212569228432e-03
5.516431527128288527e-03
5.524914609422781030e-03
5.533381385940985310e-03
5.541796051711289639e-03
5.550220953897610013e-03
5.558698711157568535e-03
5.567173660694130395e-03
5.575595254073437666e-03
5.584012426203898739e-03
5.592482720737417846e-03
5.600963929952496555e-03
5.609394286263300576e-03
5.617805893515546295e-03
5.626267113444404812e-03
5.634752230775182634e-03
5.643192617141357982e-03
5.651601221811433824e-03
5.660052403186791731e-03
5.668538846726680833e-03
5.676989721502899433e-03
5.685398202012540737e-03
5.693839047635500597e-03
5.702324188411976059e-03
5.710785167134159283e-03
5.719196476774797769e-03
5.727627315556067279e-03
5.736108641856844763e-03
5.744578654745115080e-03
5.752995560995133491e-03
5.761417419390180150e-03
5.769892652461258188e-03
5.778370103799624832e-03
5.786794837962673695e-03
5.795209564556689542e-03
5.803676760682577492e-03
5.812159624213412631e-03
5.820593674201244953e-03
5.829003766636287574e-03
5.837461447239929505e-03
5.845947345785348047e-03
5.854391548527685535e-03
5.862799805906524810e-03
5.871247141758626983e-03
5.879733464548164527e-03
5.888188032453089624e-03
5.896597338871980773e-03
5.905034301239902791e-03
5.913518387390164638e-03
5.921982803825136775e-03
5.930395928813299473e-03
5.938823278928711050e-03
5.947302610559730175e-03
5.955775628144893696e-03
5.964195084921799020e-03
5.972614194637052357e-03
5.981086596589839204e-03
5.989566368050181465e-03
5.997994273251907628e-03
6.006407073259132333e-03
6.014870846129448043e-03
6.023355123956661977e-03
6.031792881305843637e-03
6.040201907526624413e-03
6.048655887737612591e-03
6.057142191574937939e-03
6.065590334696190078e-03
6.073998520958022104e-03
6.082442123183888841e-03
6.090927871171544078e-03
6.099386196177226417e-03
6.107796547538445545e-03
6.116229872674851589e-03
6.124712499833853165e-03
6.133180192249984390e-03
6.141595474921276478e-03
6.150019475889391754e-03
6.158496567884909519e-03
6.166972234162621316e-03
6.175394703141611624e-03
6.183811144062199665e-03
6.192280598523213289e-03
6.200762307252609927e-03
6.209193675102131320e-03
6.217604834203890700e-03
6.226065062231208279e-03
6.234550447081192541e-03
6.242991878740439607e-03
6.251400366640828647e-03
6.259850453786240318e-03
6.268336908793492937e-03
6.276788821928195802e-03
6.285197496130818899e-03
6.293637245870886514e-03
6.302122120480412384e-03
6.310584094408850687e-03
6.318995855777585074e-03
6.327425721791329200e-03
6.335906506449425456e-03
6.344377397949676686e-03
6.352794971661089411e-03
6.361216044473113826e-03
6.369690503634052765e-03
6.378168632378509832e-03
6.386594245665440026e-03
6.395008381017758779e-03
6.403474646909024758e-03
6.411957928174290278e-03
6.420393030361164904e-03
6.428802762438570566e-03
6.437259432114224474e-03
6.445745473805082962e-03
6.454190784050580811e-03
6.462598979478351678e-03
6.471045265775216861e-03
6.479531470811039640e-03
6.487987085561345083e-03
6.496396666215567724e-03
6.504832575050667996e-03
6.513316299624345197e-03
6.521781640857162408e-03
6.530195353784361972e-03
6.538621730728088818e-03
6.547100468917389435e-03
6.555574261165986183e-03
6.563994524358351956e-03
6.572412872556859798e-03
6.580884458826920420e-03
6.589364819421822395e-03
6.597793654893002908e-03
6.606205979083603665e-03
6.614668757939727237e-03
6.623153387954481587e-03
6.631592166600415277e-03
6.640000999779174448e-03
6.648453896036985410e-03
6.656940271543465744e-03
6.665389494436702381e-03
6.673797755056653895e-03
6.682240293915557572e-03
6.690725820320765974e-03
6.699185194157179779e-03
6.707595887159994129e-03
6.716028238625505395e-03
6.724510379291738157e-03
6.732978984126837020e-03
6.741394889107096486e-03
6.749818026721206288e-03
6.758294420018302016e-03
6.766770790590920064e-03
6.775194142583405160e-03
6.783609882285626842e-03
6.792078477331590924e-03
6.800560655478661565e-03
6.808993058746564200e-03
6.817403782691025364e-03
6.825863021166632405e-03
6.834348635658230552e-03
6.842791132110162197e-03
6.851199518648668808e-03
6.859648522027899514e-03
6.868134955636007524e-03
6.876587901658000844e-03
6.884996803988755777e-03
6.893435457561158941e-03
6.901920046466772894e-03
6.910382989863313348e-03
6.918795249861279389e-03
6.927224136397121951e-03
6.935704365144858795e-03
6.944176109998116339e-03
6.952594385195908465e-03
6.961014687405244449e-03
6.969488354100626670e-03
6.977967143169936694e-03
6.986393638942068988e-03
6.994807226188915275e-03
7.003272535649973651e-03
7.011756219603189864e-03
7.020192365161590821e-03
7.028601782716595303e-03
7.037057421451511918e-03
7.045543581302296694e-03
7.053990002351519586e-03
7.062398163242266172e-03
7.070843405982215994e-03
7.079329457037034611e-03
7.087786127191274439e-03
7.096195994177512470e-03
7.104630876145033060e-03
7.113114202420735797e-03
7.121580462166807179e-03
7.129994779894205381e-03
7.138420204896574021e-03
7.146898325700550350e-03
7.155372865034233601e-03
7.163793969777786617e-03
7.172211561784689465e-03
7.180682326170195751e-03
7.189163240543128969e-03
7.197593037917078725e-03
7.206004899692966190e-03
7.214466682482270458e-03
7.222951635175763573e-03
7.231391437902774146e-03
7.239800115066433173e-03
7.248251916603543760e-03
7.256738343865224913e-03
7.265188627167762717e-03
7.273597012419022109e-03
7.282038472755852920e-03
7.290523759164591576e-03
7.298984165343472968e-03
7.307395237859423513e-03
7.315826622137385112e-03
7.324308250054713774e-03
7.332777759268225073e-03
7.341194297396978242e-03
7.349616607721091988e-03
7.358092269215542325e-03
7.366569334456906509e-03
7.374993569051935607e-03
7.383408647800537329e-03
7.391876357959342204e-03
7.400358981117483373e-03
7.408792434173513096e-03
7.417202743933632055e-03
7.425660990072135113e-03
7.434146797373354827e-03
7.442590379018238465e-03
7.450998676872994629e-03
7.459446610856046954e-03
7.467932986396368274e-03
7.476386966832344015e-03
7.484796120546716863e-03
7.493233688159540822e-03
7.501717966573603902e-03
7.510181856748577786e-03
7.518594657654209708e-03
7.527022560968494279e-03
7.535502222597121637e-03
7.543974790844467336e-03
7.552393807207233474e-03
7.560813345658948942e-03
7.569286208042014762e-03
7.577765634027143482e-03
7.586193023193616054e-03
7.594606098150003155e-03
7.603070431375137835e-03
7.611554501903272825e-03
7.619991678972980707e-03
7.628400830927783635e-03
7.636855417258728122e-03
7.645341675727990866e-03
7.653789200120306863e-03
7.662197362685506559e-03
7.670641560382683577e-03
7.679127427201915337e-03
7.687585155196284895e-03
7.695995323361372147e-03
7.704429204837662075e-03
7.712912096267456399e-03
7.721379271851572072e-03
7.729794202347674975e-03
7.738218706961425865e-03
7.746696182253660912e-03
7.755171446750593056e-03
7.763593416787993931e-03
7.772010266157950049e-03
7.780480199682583177e-03
7.788961632036153944e-03
7.797392422625548485e-03
7.805803831351454738e-03
7.814264621471084249e-03
7.822749862169076085e-03
7.831190699410042061e-03
7.839599248095551962e-03
7.848049953969061035e-03
7.856536408947309078e-03
7.864987735763212875e-03
7.873396292057011775e-03
7.881836662324368664e-03
7.890321692831424663e-03
7.898783107478553334e-03
7.907194604329446930e-03
7.915625020753538563e-03
7.924106116116260909e-03
7.932576514614327057e-03
7.940993704443378987e-03
7.949415217617245011e-03
7.957890119706613127e-03
7.966367868778750569e-03
7.974792982307125910e-03
7.983207444317146420e-03
7.991674241843865073e-03
8.000157290847596803e-03
8.008591796816819791e-03
8.017001725029232126e-03
8.025458970063670955e-03
8.033944936684351071e-03
8.042389618396953918e-03
8.050797843305063095e-03
8.059244722942501132e-03
8.067731001879246619e-03
8.076186023011362736e-03
8.084595444052164806e-03
8.093031945910253433e-03
8.101515882158866894e-03
8.109980701557792035e-03
8.118394075968517198e-03
8.126821000959823585e-03
8.135300080443969017e-03
8.143773439023964736e-03
8.152193238217511975e-03
8.160612015705812766e-03
8.169084066809249173e-03
8.177564099756621380e-03
8.185992402668871779e-03
8.194404992023038986e-03
8.202868336558800239e-03
8.211352772467253244e-03
8.219790971847714539e-03
8.228199906618880941e-03
8.236653420062538603e-03
8.245139759590987619e-03
8.253588372151440811e-03
8.261996581602062267e-03
8.270439725324034430e-03
8.278925382464172658e-03
8.287384163287900632e-03
8.295794655670058609e-03
8.304227557321658404e-03
8.312709980026668916e-03
8.321178068581062959e-03
8.329593616922819840e-03
8.338017238276944701e-03
8.346494034553604210e-03
8.354970008543259608e-03
8.363392856913107187e-03
8.371808988138128294e-03
8.380278075385416345e-03
8.388759992616083919e-03
8.397191804249743222e-03
8.405602770524810488e-03
8.414062571652882946e-03
8.422548062975277958e-03
8.430989951731894527e-03
8.439398391200080007e-03
8.447848008630940569e-03
