0.000000000000000000e+00
8.375917636935583204e-06
1.688371715573197654e-05
2.535729362423018633e-05
3.370204341674307082e-05
4.212245471699924387e-05
5.063782765576383988e-05
5.907094315126811901e-05
6.741391581044028653e-05
7.587447303528233023e-05
8.439069251151828715e-05
9.278298339833103588e-05
1.011405128821510937e-04
1.096304431352464122e-04
1.181301182105160919e-04
1.264946864713242282e-04
1.348812891316009024e-04
1.433883255959619385e-04
1.518486743776994627e-04
1.601904284651235928e-04
1.686207244761307744e-04
1.771455072871787881e-04
1.855676082112308169e-04
1.939113936361644430e-04
2.023748757998358489e-04
2.108900434248430487e-04
2.192762012510537375e-04
2.276409728641178606e-04
2.361357914482551876e-04
2.446230927311992035e-04
2.529796395918196294e-04
2.613775297416056449e-04
2.698965041866269567e-04
2.783484176956103440e-04
2.866889551634324010e-04
2.951232138914867704e-04
3.036462064242784675e-04
3.120626653849057513e-04
3.204111278360881158e-04
3.288833927069195295e-04
3.373868306525327175e-04
3.457647899677838738e-04
3.541378848214675880e-04
3.626439175725690908e-04
3.711218881711815932e-04
3.794709172114962316e-04
3.878769376007349507e-04
3.963962014149615635e-04
4.048397509122402568e-04
4.131797196346108088e-04
4.216294833453843580e-04
4.301424167474935593e-04
4.385494827248631665e-04
4.469043493723323635e-04
4.553825490642867107e-04
4.638876192373480971e-04
4.722842176046524571e-04
4.806498206453707622e-04
4.891436413669783415e-04
4.976469163558756457e-04
5.060305153154999935e-04
5.144127721944058646e-04
5.229111843383038799e-04
5.314387321391401834e-04
5.398426221826386475e-04
5.482195647960404119e-04
5.566998453964026395e-04
5.652301129125047660e-04
5.736731744156770181e-04
5.820396253313726365e-04
5.904823063959335023e-04
5.989979034606832033e-04
6.074363185174700384e-04
6.157845158100238962e-04
6.242379105609356053e-04
6.327507210207525008e-04
6.411604729907359815e-04
6.495138621690578267e-04
6.579852939213325135e-04
6.664939764389325207e-04
6.748841649725833896e-04
6.832479282327224559e-04
6.917353227858518295e-04
7.002422775962382140e-04
7.086412014415682673e-04
7.170182903535328141e-04
7.255155716736203702e-04
7.340365516076849612e-04
7.424416057302611312e-04
7.508192531183666618e-04
7.592964782794614075e-04
7.678154619970116446e-04
7.762439843920972702e-04
7.846133273439652792e-04
7.930697761047712487e-04
8.016101865643461295e-04
8.100770449517495468e-04
8.184549303120229819e-04
8.268763639082496062e-04
8.353964898528405507e-04
8.439057466698385258e-04
8.523109638290595359e-04
8.606833634779733049e-04
8.691816487847398107e-04
8.777097726331306062e-04
8.861514140839192328e-04
8.945239920200681290e-04
9.029776853180024451e-04
9.115078209378842805e-04
9.199944450187489981e-04
9.283598051693736858e-04
9.367752837015335537e-04
9.452942477923343464e-04
9.538059607465987659e-04
9.622058227034668149e-04
9.705726839970018911e-04
9.790667921854435529e-04
9.875746852490746748e-04
9.959805749158183365e-04
1.004361134925879553e-03
1.012842707892945126e-03
1.021359449751199069e-03
1.029751419180293748e-03
1.038109413893371349e-03
1.046597843350603133e-03
1.055095604034164301e-03
1.063457881727847710e-03
1.071847131898353471e-03
1.080355593563993820e-03
1.088816487150872855e-03
1.097159110891996652e-03
1.105589237740120263e-03
1.114112529895390589e-03
1.122534067754674819e-03
1.130877621996728396e-03
1.139341931695599022e-03
1.147855999447256869e-03
1.156241488876129809e-03
1.164604935482850328e-03
1.173101805132759252e-03
1.181582301589647818e-03
1.189938960078083417e-03
1.198340066381732138e-03
1.206857492549644499e-03
1.215310113907067417e-03
1.223649280104954036e-03
1.232085328761710298e-03
1.240606917530761872e-03
1.249018749529725138e-03
1.257367794905924841e-03
1.265843994479454301e-03
1.274348226793149599e-03
1.282726939451152163e-03
1.291096309515968234e-03
1.299602915922196339e-03
1.308078359509391069e-03
1.316429872546426424e-03
1.324832437491179531e-03
1.333352305879932165e-03
1.341803133290369113e-03
1.350143566555201237e-03
1.358579771327063368e-03
1.367102130269576407e-03
1.375516710394259932e-03
1.383863873328286358e-03
1.392337453847312598e-03
1.400840989628420212e-03
1.409220508801935570e-03
1.417593286184385629e-03
1.426090714089252656e-03
1.434580387032777541e-03
1.442944826300299492e-03
1.451339485955627142e-03
1.459845739988659954e-03
1.468325514783916375e-03
1.476676993006301218e-03
1.485085436944206866e-03
1.493606600418972323e-03
1.502066987342100691e-03
1.510422906597687744e-03
1.518847197762043322e-03
1.527366398906062316e-03
1.535815020608233272e-03
1.544158761611223642e-03
1.552591926271685739e-03
1.561115185936759551e-03
1.569538336515895758e-03
1.577880506725572564e-03
1.586341312861721349e-03
1.594862360377411999e-03
1.603299466825759559e-03
1.611662996415652496e-03
1.620120838377796506e-03
1.628650143449809256e-03
1.637093968439791089e-03
1.645450837111718176e-03
1.653901579364968049e-03
1.662423858154722309e-03
1.670873456400791745e-03
1.679216168261513532e-03
1.687655290689530751e-03
1.696184009989062198e-03
1.704649402922163220e-03
1.713010180058775669e-03
1.721441297732961753e-03
1.729969081587476179e-03
1.738441124983416920e-03
1.746803666852672588e-03
1.755226886481032816e-03
1.763742650903819559e-03
1.772232699676897037e-03
1.780613834581717221e-03
1.789007622339419592e-03
1.797521470442402540e-03
1.806023768380638330e-03
1.814396863345615722e-03
1.822786422657343220e-03
1.831299060285612864e-03
1.839803147549119722e-03
1.848181455004755183e-03
1.856574215868665115e-03
1.865075313024665109e-03
1.873584560414689234e-03
1.881982271865228823e-03
1.890351305121721476e-03
1.898845277879834077e-03
1.907366816895282504e-03
1.915793342828402438e-03
1.924152804816133379e-03
1.932619036053743761e-03
1.941146075753498457e-03
1.949581068268604021e-03
1.957931344607194337e-03
1.966399145262180508e-03
1.974928334411834956e-03
1.983368543397416583e-03
1.991735701215806027e-03
2.000181840940180953e-03
2.008708757193227931e-03
2.017169487014296159e-03
2.025533964327821956e-03
2.033965339925752035e-03
2.042493314321087213e-03
2.050966331074022785e-03
2.059333658963454546e-03
2.067746574162411706e-03
2.076271435329015216e-03
2.084760403090682099e-03
2.093134963992626142e-03
2.101538441685975572e-03
2.110056805315497358e-03
2.118553001888276010e-03
2.126937980027952639e-03
2.135324713468407260e-03
2.143833913125770679e-03
2.152344927574926202e-03
2.160747031582762635e-03
2.169115977793338156e-03
2.177609502427169802e-03
2.186116393081500176e-03
2.194519103737310219e-03
2.202888959286187446e-03
2.211383175494440953e-03
2.219904744155960351e-03
2.228320988557251463e-03
2.236687781419663141e-03
2.245165590270054544e-03
2.253689135273627062e-03
2.262111613153022956e-03
2.270460490009406068e-03
2.278928939879009633e-03
2.287444162474178665e-03
2.295856278420859049e-03
2.304213882220391627e-03
2.312685231477364274e-03
2.321213738159598906e-03
2.329651623626760332e-03
2.338007712891515804e-03
2.346464980326832227e-03
2.354995085915757499e-03
2.363454245865722822e-03
2.371807016431571463e-03
2.380251465463248568e-03
2.388777613496494406e-03
2.397252432598231866e-03
2.405607314213823508e-03
2.414019678712739109e-03
2.422547949518105790e-03
2.431037109885594589e-03
2.439402833604818657e-03
2.447808412427268654e-03
2.456327402711920137e-03
2.464824828918748319e-03
2.473207036116431296e-03
2.481592425603202333e-03
2.490106963768740338e-03
2.498612627749667667e-03
2.506997844322412291e-03
2.515383496333071806e-03
2.523884601125254284e-03
2.532404248119363415e-03
2.540799530591393574e-03
2.549154960740575293e-03
2.557643929526741671e-03
2.566154919350974433e-03
2.574563404794344510e-03
2.582931238512567885e-03
2.591413676657826435e-03
2.599937425030049865e-03
2.608367095748836701e-03
2.616721151195612258e-03
2.625189979206206132e-03
2.633710735550309507e-03
2.642147351600232508e-03
2.650506316356937130e-03
2.658963896885947753e-03
2.667494603325384298e-03
2.675942740518585852e-03
2.684299448404763207e-03
2.692748577698053907e-03
2.701274130841808344e-03
2.709732775936838072e-03
2.718099521890625196e-03
2.726529564968677415e-03
2.735058255270493826e-03
2.743539570594076896e-03
2.751892740872320230e-03
2.760313554892725868e-03
2.768835230820793341e-03
2.777314855675026839e-03
2.785679993125959614e-03
2.794094077240988350e-03
2.802608556274268671e-03
2.811113619731222136e-03
2.819492099006773098e-03
2.827878005140188004e-03
2.836380826655822245e-03
2.844890072637963879e-03
2.853280456469580589e-03
2.861664843186958497e-03
2.870164780292460121e-03
2.878683523877269626e-03
2.887085726167978785e-03
2.895449117600787207e-03
2.903942444938779031e-03
2.912464370825448064e-03
2.920881508019795240e-03
2.929241919606237910e-03
2.937718960721940123e-03
2.946246037559360157e-03
2.954681611361080051e-03
2.963036644056250661e-03
2.971491516307519024e-03
2.980004800702480087e-03
2.988411923807413658e-03
2.996766242755459497e-03
3.005243866694343787e-03
3.013761175113688091e-03
3.022156182237537795e-03
3.030512625010895866e-03
3.039002929471846561e-03
3.047526991618467514e-03
3.055957487712611820e-03
3.064310861653382970e-03
3.072782584122313049e-03
3.081312677421220794e-03
3.089763605049661993e-03
3.098109597158435913e-03
3.106548369089186939e-03
3.115072923110071001e-03
3.123489399998930806e-03
3.131834262926262800e-03
3.140299390433543610e-03
3.148815854079482605e-03
3.157201977445101091e-03
3.165561507580274582e-03
3.174048444801074072e-03
3.182547079585436745e-03
3.190909966472426848e-03
3.199291801943345438e-03
3.207802681006459607e-03
3.216292665563614140e-03
3.224681745550052325e-03
3.233076252874608498e-03
3.241573324730643614e-03
3.250080143968213028e-03
3.258480828549107592e-03
3.266855848487119907e-03
3.275354406766410337e-03
3.283880431285704938e-03
3.292320076159004939e-03
3.300692268453225397e-03
3.309146741113769968e-03
3.317676651269209440e-03
3.326154647459943735e-03
3.334521454689438023e-03
3.342940692538441932e-03
3.351459260147552580e-03
3.359970102830688726e-03
3.368380246575708014e-03
3.376763699644456159e-03
3.385242503893722867e-03
3.393780082512577820e-03
3.402215560139176462e-03
3.410587967254474946e-03
3.419037832014671773e-03
3.427566679223343748e-03
3.436055282929084166e-03
3.444435850941647472e-03
3.452831505513589711e-03
3.461341291891145092e-03
3.469818972334172327e-03
3.478171374165780778e-03
3.486574619565897815e-03
3.495092909033099219e-03
3.503543649405400136e-03
3.511882686832942975e-03
3.520317758251709488e-03
3.528838715949120589e-03
3.537249937128787453e-03
3.545598407566229963e-03
3.554074019375757457e-03
3.562577833756228052e-03
3.570956234513746660e-03
3.579324607275026320e-03
3.587830314633542062e-03
3.596305039524803297e-03
3.604652818503677018e-03
3.613060119719023727e-03
3.621580237193177104e-03
3.630028334485036878e-03
3.638368671173658649e-03
3.646805747018068422e-03
3.655329825801530153e-03
3.663751670472424355e-03
3.672097477444817223e-03
3.680564670968030586e-03
3.689077678733042234e-03
3.697484705097672970e-03
3.705836578025431885e-03
3.714314258827443229e-03
3.722813523722925868e-03
3.731193455916174441e-03
3.739565171436922200e-03
3.748061763790311827e-03
3.756547961261529414e-03
3.764904766283119330e-03
3.773298151021241536e-03
3.781815951175487769e-03
3.790262741790847035e-03
3.798602215048187472e-03
3.807047791190349383e-03
3.815557920719856930e-03
3.823955448522675573e-03
3.832308383784411784e-03
3.840794963348406494e-03
3.849299521811015874e-03
3.857704185228062049e-03
3.866083415705157556e-03
3.874562294822381150e-03
3.883083068352314107e-03
3.891482831351160149e-03
3.899850078540031528e-03
3.908322296127035751e-03
3.916842609868041725e-03
3.925263008288844453e-03
3.933627340908785013e-03
3.942097187513671566e-03
3.950613801325135108e-03
3.959048345260636655e-03
3.967419950959430799e-03
3.975868003432928011e-03
3.984404957794472624e-03
3.992868712713395357e-03
4.001240898612231159e-03
4.009666630030962568e-03
4.018186076928646593e-03
4.026684954426731217e-03
4.035071040558535146e-03
4.043463445844035914e-03
4.051963861276724858e-03
4.060489180653475277e-03
4.068891367454707114e-03
4.077266059284094524e-03
4.085746036500568536e-03
4.094274642788539587e-03
4.102699422961693029e-03
4.111048516618504879e-03
4.119512838645181599e-03
4.128041053383303682e-03
4.136477247123891178e-03
4.144844600988581776e-03
4.153293082855627483e-03
4.161819354374611014e-03
4.170284215676148612e-03
4.178643441765237353e-03
4.187071684420628354e-03
4.195598625041774450e-03
4.204071648637588282e-03
4.212439993490441070e-03
4.220854682525043873e-03
4.229365673624555996e-03
4.237830133408789814e-03
4.246191065821577210e-03
4.254605314709975807e-03
4.263133406190769067e-03
4.271622548125021158e-03
4.279986460030344060e-03
4.288382406905235505e-03
4.296893547329411374e-03
4.305377048315649213e-03
4.313744846789199956e-03
4.322154798753741027e-03
4.330670845323808353e-03
4.339156561444424201e-03
4.347538661685481330e-03
4.355936456411486218e-03
4.364438270569558076e-03
4.372948731584078673e-03
4.381349262028232973e-03
4.389717670528334691e-03
4.398212673043850988e-03
4.406732760672345435e-03
4.415128289274095064e-03
4.423495122452468682e-03
4.431988347198248870e-03
4.440510116916664661e-03
4.448938029704176990e-03
4.457295742612076873e-03
4.465764162057443525e-03
4.474296339454081166e-03
4.482723875702402175e-03
4.491070493891326058e-03
4.499538392483469311e-03
4.508068458788351551e-03
4.516523626630192766e-03
4.524870191504556417e-03
4.533302357014466939e-03
4.541824631819172363e-03
4.550251090622665570e-03
4.558599957081442729e-03
4.567054931653579883e-03
4.575564017659097121e-03
4.583968715812732769e-03
4.592322701284191552e-03
4.600804333525357510e-03
4.609303107087535378e-03
4.617668468166263689e-03
4.626050327763298747e-03
4.634552658728753084e-03
4.643017916476074002e-03
4.651363258135117820e-03
4.659785066225794435e-03
4.668308177155480743e-03
4.676780330723012517e-03
4.685148931196115966e-03
4.693560131066924074e-03
4.702082441508601170e-03
4.710570511673378875e-03
4.718944852635438038e-03
4.727347895472204867e-03
4.735864515043316375e-03
4.744360965335130825e-03
4.752742242733131242e-03
4.761137404079626018e-03
4.769640103407371545e-03
4.778147944617281047e-03
4.786545298925675568e-03
4.794918411170553778e-03
4.803415203565425048e-03
4.811936960910608192e-03
4.820331688266997830e-03
4.828708455245168084e-03
4.837189931450481400e-03
4.845708008251243225e-03
4.854113302127073537e-03
4.862488263615776657e-03
4.870963708960195961e-03
4.879479469088090354e-03
4.887890728026905891e-03
4.896246059621226290e-03
4.904717237733329828e-03
4.913253024893673299e-03
4.921683888883966046e-03
4.930045617368213062e-03
4.938490325914919425e-03
4.947014537400325207e-03
4.955434406869943867e-03
4.963777597141711025e-03
4.972241930126327161e-03
4.980758435784983680e-03
4.989167053866499016e-03
4.997540384427082150e-03
5.006015139688037990e-03
5.014536333364062043e-03
5.022958848285269395e-03
5.031308168420710498e-03
5.039777123338107581e-03
5.048301231129126085e-03
5.056724343131902520e-03
5.065070460527102206e-03
5.073536298685299602e-03
5.082054069487453030e-03
5.090474719645183069e-03
5.098822514579209354e-03
5.107292940723931300e-03
5.115823362533448819e-03
5.124248141890322926e-03
5.132605506176238230e-03
5.141070222255287279e-03
5.149596255614539292e-03
5.158026944448980411e-03
5.166391164957563446e-03
5.174843239412495188e-03
5.183370380548146458e-03
5.191816214937752631e-03
5.200155901343529036e-03
5.208591880327890708e-03
5.217116650386099085e-03
5.225533798948158587e-03
5.233882374253252118e-03
5.242351216023001699e-03
5.250881300112059981e-03
5.259335208891767997e-03
5.267681247762766653e-03
5.276128619561075775e-03
5.284654758667690910e-03
5.293116672493431221e-03
5.301472746354200447e-03
5.309908081065315387e-03
5.318434709005711268e-03
5.326907567078378695e-03
5.335271469695832512e-03
5.343691422490616516e-03
5.352210975680309589e-03
5.360699103767151141e-03
5.369067229494398248e-03
5.377473570646412737e-03
5.385989706728709289e-03
5.394471040360862731e-03
5.402835248372801422e-03
5.411233612596840978e-03
5.419750133055935282e-03
5.428242744169691804e-03
5.436619331045304190e-03
5.445015337694720375e-03
5.453518799933605547e-03
5.462028035865970632e-03
5.470429106748021623e-03
5.478797602793465844e-03
5.487285571738017773e-03
5.495785862243234704e-03
5.504152841954018660e-03
5.512530132109853299e-03
5.521038912939904043e-03
5.529535309063057617e-03
5.537916976521940066e-03
5.546303984007925313e-03
5.554815279821562028e-03
5.563324281044267419e-03
5.571713110997618922e-03
5.580097465911051068e-03
5.588597076278532805e-03
5.597117380602215954e-03
5.605516803431595182e-03
5.613870913089916148e-03
5.622357973126955455e-03
5.630862309399513321e-03
5.639262221567224558e-03
5.647626818606474482e-03
5.656121162488144533e-03
5.664644731128863978e-03
5.673074527760672142e-03
5.681428044336226182e-03
5.689899840731113198e-03
5.698430430002493670e-03
5.706894929168340042e-03
5.715267237140882889e-03
5.723684209441972162e-03
5.732213690870185605e-03
5.740702018740918844e-03
5.749069767619744559e-03
5.757469676498575342e-03
5.765986374165787617e-03
5.774475870676774002e-03
5.782840874404951252e-03
5.791232631600057301e-03
5.799738987917244133e-03
5.808214006716810179e-03
5.816559919527773161e-03
5.824967163055494793e-03
5.833488124078470109e-03
5.841932957329511872e-03
5.850272074171483302e-03
5.858707837707395095e-03
5.867228360837398529e-03
5.875641062116026755e-03
5.883987998164401205e-03
5.892462150654535942e-03
5.900962394831347352e-03
5.909340493607520214e-03
5.917713038509510477e-03
5.926210453018485036e-03
5.934691505366455899e-03
5.943049505728510012e-03
5.951445384246797227e-03
5.959954641395101040e-03
5.968408043671490602e-03
5.976745774007159902e-03
5.985184895915204167e-03
5.993697930404833993e-03
6.002120232362110133e-03
6.010469816058017223e-03
6.018938159077978807e-03
6.027455797662267974e-03
6.035884717618676329e-03
6.044248057027258245e-03
6.052708105602972941e-03
6.061238312780750127e-03
6.069684388650502943e-03
6.078045330835586159e-03
6.086488883820986157e-03
6.095021875510673454e-03
6.103477742064387750e-03
6.111821721613058291e-03
6.120258054007139854e-03
6.128776400444516798e-03
6.137231717003636088e-03
6.145588066576735883e-03
6.154025052980842403e-03
6.162549586952043197e-03
6.171018142411656589e-03
6.179388951756973648e-03
6.187799365943656357e-03
6.196326506841117084e-03
6.204810064241661309e-03
6.213174096324278542e-03
6.221582702021492828e-03
6.230101089136358926e-03
6.238595645019761118e-03
6.246975769042459152e-03
6.255372680178832023e-03
6.263871317693971673e-03
6.272369720920076101e-03
6.280734854177165254e-03
6.289113767219614050e-03
6.297622121574945539e-03
6.306095561184836724e-03
6.314440535920367269e-03
6.322855845960034284e-03
6.331368579742435894e-03
6.339802339950772678e-03
6.348144824471672366e-03
6.356601694803766522e-03
6.365114223371166023e-03
6.373505574925644214e-03
6.381860837123489068e-03
6.390349136966287300e-03
6.398845638204786121e-03
6.407208872130432283e-03
6.415592555263608873e-03
6.424097988512808208e-03
6.432572628172473356e-03
6.440917903892967415e-03
6.449326890938422881e-03
6.457845681701970299e-03
6.466297472272756683e-03
6.474641496514076111e-03
6.483077128106017398e-03
6.491590156434178319e-03
6.500018914152207693e-03
6.508364222688724221e-03
6.516821094042035342e-03
6.525338701380314389e-03
6.533773272825404294e-03
6.542130219814598115e-03
6.550591127294661496e-03
6.559122071859470327e-03
6.567568765374392527e-03
6.575928865775009825e-03
6.584371033554251712e-03
6.592902544540914407e-03
6.601359507933450728e-03
6.609703460904304932e-03
6.618139579064473768e-03
6.626655822940702954e-03
6.635114100590057233e-03
6.643478068171774185e-03
6.651906517770070706e-03
6.660424290114309170e-03
6.668873196076161892e-03
6.677227777765087566e-03
6.685666814596438745e-03
6.694193151937494028e-03
6.702665521539910229e-03
6.711032418213086145e-03
6.719448910948407246e-03
6.727969178325480561e-03
6.736456619486864625e-03
6.744833196805129910e-03
6.753228924285971553e-03
6.761735105602538487e-03
6.770209644736965328e-03
6.778557353558702439e-03
6.786963425566234186e-03
6.795484328650171386e-03
6.803929907899756470e-03
6.812269794746316637e-03
6.820705527836748092e-03
6.829227682870582343e-03
6.837643649330458345e-03
6.845988178648175146e-03
6.854452926687023585e-03
6.862960339428213381e-03
6.871346705499616590e-03
6.879712122447146673e-03
6.888199563050970663e-03
6.896707183944991368e-03
6.905100831213812143e-03
6.913478733642812110e-03
6.921977501850104172e-03
6.930495335996962949e-03
6.938895411388905192e-03
6.947268891024238266e-03
6.955752381625189724e-03
6.964274159158297117e-03
6.972691286928555179e-03
6.981056739854764499e-03
6.989527119317369072e-03
6.998052616572427061e-03
7.006486057889243016e-03
7.014842901852590303e-03
7.023306121127484772e-03
7.031834155831678118e-03
7.040280743669644417e-03
7.048640021824655044e-03
7.057085745687932676e-03
7.065614905534304234e-03
7.074071730560735523e-03
7.082432797125525793e-03
7.090865312074501672e-03
7.099393897611895252e-03
7.107868539383466536e-03
7.116227743654178310e-03
7.124647521970717962e-03
7.133171624930134333e-03
7.141655001652470053e-03
7.150012221476959896e-03
7.158423532121399591e-03
7.166941764998048005e-03
7.175439197108193952e-03
7.183810178131433757e-03
7.192198454717642353e-03
7.200710375071915290e-03
7.209214437852963335e-03
7.217608933235647971e-03
7.225986989509138904e-03
7.234482148344785653e-03
7.242990655489862407e-03
7.251400258554946410e-03
7.259771144292794659e-03
7.268251007674246533e-03
7.276771761748236124e-03
7.285193298754526897e-03
7.293550418962593124e-03
7.302026523269052743e-03
7.310554502671179344e-03
7.318975511709705992e-03
7.327333239990833740e-03
7.335795506039601704e-03
7.344319556511872370e-03
7.352740344657914158e-03
7.361081628686961219e-03
7.369543688799403032e-03
7.378057836892932923e-03
7.386452943092176350e-03
7.394809314957727885e-03
7.403298175670773064e-03
7.411821223802011506e-03
7.420236990751745594e-03
7.428603652493788803e-03
7.437079041411870546e-03
7.445599885291170027e-03
7.454031971871272547e-03
7.462401472533820683e-03
7.470849036988228345e-03
7.479371760416637926e-03
7.487811635971145137e-03
7.496174249454714243e-03
7.504623986339564908e-03
7.513148523077932406e-03
7.521600664707303770e-03
7.529952857714470975e-03
7.538391212736734667e-03
7.546915910867951771e-03
7.555386270911379140e-03
7.563747600933018629e-03
7.572168319857366069e-03
7.580682254390641410e-03
7.589166800182742603e-03
7.597542062965499665e-03
7.605941807715980649e-03
7.614456758058394184e-03
7.622959514946947394e-03
7.631328711663313939e-03
7.639713971812882136e-03
7.648226629886897138e-03
7.656735082790346210e-03
7.665122464738292028e-03
7.673506224275952053e-03
7.682003695833795713e-03
7.690520093255864137e-03
7.698925468892875608e-03
7.707289962723695015e-03
7.715777622989405775e-03
7.724301762767071117e-03
7.732721017092436533e-03
7.741083661889591912e-03
7.749556919479754814e-03
7.758084030501065376e-03
7.766513721278502265e-03
7.774878653905584885e-03
7.783331909998436951e-03
7.791853196323708652e-03
7.800275431197413456e-03
7.808619087506831792e-03
7.817083013443018244e-03
7.825605897097959521e-03
7.834028028255604278e-03
7.842373500361158462e-03
7.850838822161775032e-03
7.859355347254029511e-03
7.867773346343262877e-03
7.876120333218715117e-03
7.884583934243131337e-03
7.893097338277229105e-03
7.901483265540947681e-03
7.909840629272728990e-03
7.918328242076631829e-03
7.926822599965945015e-03
7.935180751184923303e-03
7.943570259008169571e-03
7.952078106344722536e-03
7.960536353342375152e-03
7.968877372677129686e-03
7.977306636597574982e-03
7.985828524417371010e-03
7.994247358804452627e-03
8.002588236669338356e-03
8.011051200089956692e-03
8.019563608790660630e-03
8.027950484900587408e-03
8.036311243736592516e-03
8.044800200773421714e-03
8.053284329257165766e-03
8.061635471236309677e-03
8.070033126827596062e-03
8.078550977665129723e-03
8.087000725737696072e-03
8.095338441170860794e-03
8.103772232046377311e-03
8.112291371559474801e-03
8.120700890887011525e-03
8.129049811359884831e-03
8.137523660648935536e-03
8.146027222487643021e-03
8.154416558917078686e-03
8.162778043840796319e-03
8.171271393666598368e-03
8.179789488729083055e-03
8.188191878866577650e-03
8.196566648121794696e-03
8.205047197557307354e-03
8.213563562180378752e-03
8.221964591571411657e-03
8.230336522739079008e-03
8.238814494228250893e-03
8.247337688945734213e-03
8.255763371396458022e-03
8.264129817286823554e-03
8.272584047673496588e-03
8.281106937595166320e-03
8.289548071660751000e-03
8.297911383318250234e-03
8.306355242577388373e-03
8.314878318314235586e-03
8.323340677877433258e-03
8.331695310387349576e-03
8.340122057033435427e-03
8.348641635716552711e-03
8.357090811226096025e-03
8.365448369176943511e-03
8.373882765446741608e-03
8.382409295761878917e-03
8.390882034761961220e-03
8.399248174550764251e-03
8.407663255984977255e-03
8.416182439721399400e-03
8.424669622881155590e-03
8.433039694800964839e-03
8.441443037655118470e-03
