0.000000000000000000e+00
8.392512150497111710e-06
1.692082790284082721e-05
2.536718206868519772e-05
3.371967927564009724e-05
4.220830834198349680e-05
5.071369667537197390e-05
5.907738442289010372e-05
6.750791674476284141e-05
7.604452039135528466e-05
8.446012986592846402e-05
9.283344036365989498e-05
1.013494996113056769e-04
1.098292780917494522e-04
1.181857577505887103e-04
1.266485514342965382e-04
1.351837783588601496e-04
1.435735216029472789e-04
1.519707582525346777e-04
1.605004974381015858e-04
1.689590943039354488e-04
1.773187973071259328e-04
1.858043685550379409e-04
1.943116565800150650e-04
2.026711218759685439e-04
2.111012797653174903e-04
2.196376857847589072e-04
2.280549428393144026e-04
2.364275047075465805e-04
2.449405040202664642e-04
2.534338592551301124e-04
2.617921975068202012e-04
2.702524982618288913e-04
2.787852070623537894e-04
2.871942973436392415e-04
2.955889297039213819e-04
3.040999910968993775e-04
3.126078428067456823e-04
3.209985935817568996e-04
3.294086883049251557e-04
3.379325358223323481e-04
3.464057107513546230e-04
3.547784296548277044e-04
3.632142180356901385e-04
3.717292865034290588e-04
3.802097154903446023e-04
3.885705260528207988e-04
3.970340362087297474e-04
4.055643281525212374e-04
4.139538175911716298e-04
4.223632202551806658e-04
4.308569028378861810e-04
4.393485828129346273e-04
4.477917090100731008e-04
4.561651993894925137e-04
4.646018594257217567e-04
4.731045199561058020e-04
4.815996293329034795e-04
4.900063951025519912e-04
4.983924973591441661e-04
5.068878794482855991e-04
5.153914439494770329e-04
5.238329984910887558e-04
5.322260349097757094e-04
5.406387264758308504e-04
5.491637132294727424e-04
5.576361117612554409e-04
5.659997719387601734e-04
5.744788898282588308e-04
5.830026972922159375e-04
5.914387442795361258e-04
5.998104189291534032e-04
6.082700715246727426e-04
6.168058398668019738e-04
6.252262614878036258e-04
6.335994893704317539e-04
6.421198751254012047e-04
6.505987601080410240e-04
6.589584194829522417e-04
6.674268627230721699e-04
6.759567010859117821e-04
6.843473304374858308e-04
6.927538760986289186e-04
7.012885364624091072e-04
7.097388392635410560e-04
7.180961298417320830e-04
7.265861583599415733e-04
7.350939276340543458e-04
7.434562325373220582e-04
7.518806876862301359e-04
7.604103850518595300e-04
7.688196508872935115e-04
7.771895650612644507e-04
7.857038549034959856e-04
7.941745428845876833e-04
8.025175689070569761e-04
8.109897163229295991e-04
8.195078381638217944e-04
8.278718087750228539e-04
8.362860574503006971e-04
8.448194757041912247e-04
8.532400380703825766e-04
8.616068954704044283e-04
8.701187972589594999e-04
8.786005523999219175e-04
8.869481660908737266e-04
8.954065328369907421e-04
9.039312642304319842e-04
9.123143440453765048e-04
9.207130386747738654e-04
9.292435530430278841e-04
9.376920880779616519e-04
9.460577622926085242e-04
9.545489887138062981e-04
9.630701473682484704e-04
9.714805303428253628e-04
9.798771343122096664e-04
9.883635025939613728e-04
9.968881391739375930e-04
1.005284245038542577e-03
1.013685904716007469e-03
1.022216317776124045e-03
1.030681051208478735e-03
1.039034770245705203e-03
1.047520609333259765e-03
1.056030126760183199e-03
1.064393324486373818e-03
1.072818763040536911e-03
1.081354825320597320e-03
1.089775245708478595e-03
1.098143749821177146e-03
1.106656224645070257e-03
1.115139460257139493e-03
1.123488652559052111e-03
1.131947156213555664e-03
1.140472872955586737e-03
1.148856149260890072e-03
1.157260848128351637e-03
1.165794791249717384e-03
1.174260520025798568e-03
1.182629696875945333e-03
1.191095508187033124e-03
1.199621907669592156e-03
1.208044190877932515e-03
1.216438804896176427e-03
1.224870229371074950e-03
1.233356104512293473e-03
1.241845200241387592e-03
1.250291738932111192e-03
1.258682906591282197e-03
1.267092118601892458e-03
1.275616268024609484e-03
1.284092261608068674e-03
1.292487993270337440e-03
1.300892548659877621e-03
1.309423504344616948e-03
1.317900578884104602e-03
1.326290173494652173e-03
1.334705722622320755e-03
1.343206374758052499e-03
1.351693498754424861e-03
1.360144058893463220e-03
1.368506803687241126e-03
1.376983603287328323e-03
1.385509497564296234e-03
1.393931546873352972e-03
1.402326628413691923e-03
1.410738980952649328e-03
1.419211581012557377e-03
1.427698355002703480e-03
1.436159729522053447e-03
1.444560333391670072e-03
1.452942568957800613e-03
1.461396448316715354e-03
1.469915121850471794e-03
1.478380821737181831e-03
1.486765592288962585e-03
1.495176872291551027e-03
1.503688147943003754e-03
1.512196119923717597e-03
1.520575295470256907e-03
1.529005346390175822e-03
1.537541968711571153e-03
1.545964009124657776e-03
1.554348508214955463e-03
1.562825241917034256e-03
1.571359858817603008e-03
1.579769917725273995e-03
1.588165717533800061e-03
1.596673049729392755e-03
1.605176247351022736e-03
1.613609323534549635e-03
1.621976646029260919e-03
1.630437409365661583e-03
1.638968470873816479e-03
1.647371811863107679e-03
1.655760398759632563e-03
1.664287358360706532e-03
1.672757370361500993e-03
1.681107120121393562e-03
1.689584039259759557e-03
1.698103253110648178e-03
1.706465002892025920e-03
1.714882877901184296e-03
1.723417749527606522e-03
1.731830157096400733e-03
1.740195751137534703e-03
1.748706075449233495e-03
1.757175631985805411e-03
1.765513498174921475e-03
1.773998179390559853e-03
1.782496886052088421e-03
1.790837453831828222e-03
1.799282701159635265e-03
1.807811932014558509e-03
1.816186979292839111e-03
1.824578845909487733e-03
1.833113686348784377e-03
1.841520931480762667e-03
1.849883150394195661e-03
1.858398172858329684e-03
1.866867453802286032e-03
1.875203407645057449e-03
1.883688547846390114e-03
1.892186380774709418e-03
1.900526463172597536e-03
1.908980916860588545e-03
1.917500459569102325e-03
1.925854511713984835e-03
1.934272544771333414e-03
1.942803689152477597e-03
1.951208210207221270e-03
1.959571575839342151e-03
1.968098601936160361e-03
1.976537103373629967e-03
1.984880611117544220e-03
1.993387869460709269e-03
2.001872912033167765e-03
2.010211338451258368e-03
2.018666136734155372e-03
2.027185445851775996e-03
2.035538377939832139e-03
2.043960503526527379e-03
2.052488490756169091e-03
2.060892886883518380e-03
2.069256946085934641e-03
2.077784039233027905e-03
2.086222972740974565e-03
2.094568050437860263e-03
2.103077326655234617e-03
2.111549607576627356e-03
2.119897937715569617e-03
2.128357953792367127e-03
2.136880026751877045e-03
2.145259660679504216e-03
2.153657835868067263e-03
2.162192337239746825e-03
2.170621986139919038e-03
2.178968620821722466e-03
2.187478291678561591e-03
2.195948423315377627e-03
2.204283779891431407e-03
2.212767134668389320e-03
2.221273700910359004e-03
2.229625596719541671e-03
2.238048973489059623e-03
2.246581077919210245e-03
2.254958895939377858e-03
2.263348130407734186e-03
2.271878684019559488e-03
2.280311607623760478e-03
2.288657344976621419e-03
2.297167282078343455e-03
2.305637328045893105e-03
2.313974975656482580e-03
2.322459346034291307e-03
2.330957944753921183e-03
2.339302891591933664e-03
2.347740068423800550e-03
2.356271521954482299e-03
2.364648243624378494e-03
2.373039523383544368e-03
2.381574528657641986e-03
2.389989050983025009e-03
2.398350097605759894e-03
2.406861748228319303e-03
2.415335343957185008e-03
2.423682054112658284e-03
2.432143303193653235e-03
2.440662718952669227e-03
2.449018363772290357e-03
2.457440170044627222e-03
2.465966307420509179e-03
2.474376142897059556e-03
2.482745003426334481e-03
2.491262429677918409e-03
2.499732964977091892e-03
2.508080038047537114e-03
2.516556396285777285e-03
2.525075004015556873e-03
2.533447084587705199e-03
2.541861725293853916e-03
2.550397016365296959e-03
2.558832311093663450e-03
2.567193873260491428e-03
2.575703411836788997e-03
2.584191365204707193e-03
2.592543505655089085e-03
2.600999480768868832e-03
2.609531150489103821e-03
2.617938776982501985e-03
2.626330056971036032e-03
2.634849925785449475e-03
2.643346235303772104e-03
2.651715997268453383e-03
2.660156325511667426e-03
2.668691222196974307e-03
2.677104539942426736e-03
2.685486713366266615e-03
2.694010279173629247e-03
2.702491656986816954e-03
2.710895755121386485e-03
2.719288258476959281e-03
2.727797185211558884e-03
2.736299184819158872e-03
2.744664717383088221e-03
2.753112197890544930e-03
2.761643437895870863e-03
2.770050588607259751e-03
2.778426524667820547e-03
2.786950838973080522e-03
2.795419069804739622e-03
2.803764877399057311e-03
2.812239173652603813e-03
2.820758169234575171e-03
2.829123327040821301e-03
2.837542904213377539e-03
2.846075489300791718e-03
2.854512925050370527e-03
2.862881844359931212e-03
2.871394609793593428e-03
2.879893915734467978e-03
2.888286430682254075e-03
2.896700739116787188e-03
2.905240730149228744e-03
2.913696882313945337e-03
2.922078261553925482e-03
2.930484902077991859e-03
2.938994858784413269e-03
2.947493758345167726e-03
2.955886989504464494e-03
2.964286760264994627e-03
2.972727066749480170e-03
2.981216550354381066e-03
2.989707567534107685e-03
2.998135801097266944e-03
3.006520463843689091e-03
3.014940185919596366e-03
3.023425656482329159e-03
3.031917735510290986e-03
3.040358563998608616e-03
3.048742823975113952e-03
3.057156545837612198e-03
3.065632061195207314e-03
3.074128367388069809e-03
3.082577345919137492e-03
3.090966394019596143e-03
3.099369498428534812e-03
3.107841280348408192e-03
3.116339802750960845e-03
3.124793857332933654e-03
3.133186995143088637e-03
3.141586594776990711e-03
3.150051422186495031e-03
3.158549851612089520e-03
3.167013846613103614e-03
3.175406863530547390e-03
3.183803831138516758e-03
3.192261780478891208e-03
3.200763458596943105e-03
3.209230628848088601e-03
3.217623847238066347e-03
3.226029722425175286e-03
3.234556916308894189e-03
3.243041168077537891e-03
3.251446365101259839e-03
3.259834084229105977e-03
3.268342790034593770e-03
3.276840559637969694e-03
3.285265017422246692e-03
3.293661792953424088e-03
3.302065236503892720e-03
3.310540542192836472e-03
3.319049251839813457e-03
3.327502581009297942e-03
3.335885104004212166e-03
3.344314816882273337e-03
3.352822420771699261e-03
3.361318361437813564e-03
3.369678479365428077e-03
3.378134112937014426e-03
3.386664526446851124e-03
3.395087284060314525e-03
3.403473075847116090e-03
3.411951255946653067e-03
3.420446872764803734e-03
3.428913267669767874e-03
3.437314441963460095e-03
3.445708214258700643e-03
3.454218004000887514e-03
3.462726553050405557e-03
3.471124543228536717e-03
3.479527729765462523e-03
3.488025966404764439e-03
3.496520508023354644e-03
3.504963739203320779e-03
3.513330523435957611e-03
3.521815144399484745e-03
3.530341389305694227e-03
3.538741415834425249e-03
3.547138516407218663e-03
3.555665059310643590e-03
3.564155841233656793e-03
3.572550582039724001e-03
3.580962943618271228e-03
3.589489152496029654e-03
3.597981135001107611e-03
3.606366797692229717e-03
3.614791347277638948e-03
3.623312702518908558e-03
3.631791257130150170e-03
3.640160835805617348e-03
3.648624581742690529e-03
3.657159660853180876e-03
3.665574128853567142e-03
3.673958161187981537e-03
3.682426919729236275e-03
3.690962224000028050e-03
3.699399241043334081e-03
3.707776737203920172e-03
3.716266505433201122e-03
3.724787660449500448e-03
3.733181295805943021e-03
3.741588397537460101e-03
3.750059637654192066e-03
3.758573493973883795e-03
3.767022327686293977e-03
3.775385412511382717e-03
3.783870049654916839e-03
3.792387388132208159e-03
3.800787699415524978e-03
3.809189815826794726e-03
3.817627699672506217e-03
3.826109480535585562e-03
3.834595079180213271e-03
3.843043134141353387e-03
3.851415752154470178e-03
3.859876500779168065e-03
3.868410423370522312e-03
3.876811391155888468e-03
3.885203661687793367e-03
3.893730150301275960e-03
3.902203366814913001e-03
3.910567763105401128e-03
3.919049823452308914e-03
3.927571055304513933e-03
3.935956979454720457e-03
3.944365483327248907e-03
3.952905225091220449e-03
3.961362660605044148e-03
3.969731148345331459e-03
3.978192134355532095e-03
3.986716651893840516e-03
3.995159334685548236e-03
4.003538616640951037e-03
4.011971878735750424e-03
4.020503828623230719e-03
4.028942467164437977e-03
4.037309333633518592e-03
4.045820349376558385e-03
4.054323354060395887e-03
4.062712577367445094e-03
4.071125145554098379e-03
4.079634128481504467e-03
4.088127714897036094e-03
4.096552798058608613e-03
4.104940061405853990e-03
4.113368830130471367e-03
4.121857010233068337e-03
4.130350790812698826e-03
4.138783400732111602e-03
4.147183171139829337e-03
4.155586107233747231e-03
4.164050886285675795e-03
4.172562908740534530e-03
4.181026157696071492e-03
4.189394411139900701e-03
4.197849885721526529e-03
4.206349258497747365e-03
4.214817280504939631e-03
4.223232665695166033e-03
4.231603865285946640e-03
4.240092264500910750e-03
4.248609152694588290e-03
4.257025484066083443e-03
4.265412177349782105e-03
4.273858964633653508e-03
4.282365393506541371e-03
4.290844776062803685e-03
4.299267346445099884e-03
4.307653593914172012e-03
4.316127225969518602e-03
4.324661976691081787e-03
4.333069991362320517e-03
4.341462209963968880e-03
4.349971097055580806e-03
4.358470651564729827e-03
4.366871994831699258e-03
4.375281572458499836e-03
4.383805476373864134e-03
4.392283839549834465e-03
4.400655495767299454e-03
4.409101237945679125e-03
4.417643523797909304e-03
4.426081926867975712e-03
4.434457248015944743e-03
4.442945082073107219e-03
4.451461843645310168e-03
4.459838391690442057e-03
4.468266611304391039e-03
4.476788247982190980e-03
4.485273706961729299e-03
4.493668337837198462e-03
4.502082103723676482e-03
4.510587056921424969e-03
4.519086833904673896e-03
4.527503122710680589e-03
4.535887969732982014e-03
4.544406620429538440e-03
4.552899970670027871e-03
4.561256102318041704e-03
4.569714206310732281e-03
4.578238674786090819e-03
4.586623382007346504e-03
4.595020320324269721e-03
4.603551744578320871e-03
4.611998935240186476e-03
4.620353930089537292e-03
4.628844564344699458e-03
4.637360206257365447e-03
4.645731382833659037e-03
4.654157511221747139e-03
4.662695662380355113e-03
4.671144260842355865e-03
4.679499978698441892e-03
4.687998792374692414e-03
4.696498996458079583e-03
4.704852552432746936e-03
4.713294510161673140e-03
4.721827121970977210e-03
4.730220264888125581e-03
4.738603112325708716e-03
4.747130970257980309e-03
4.755580702587333501e-03
4.763932515728307518e-03
4.772420603729962164e-03
4.780922457987773523e-03
4.789285567560687580e-03
4.797714023558677376e-03
4.806247239022782940e-03
4.814659564883197289e-03
4.823030866591733988e-03
4.831547355844337775e-03
4.840019674941665150e-03
4.848372516874609184e-03
4.856843944123949604e-03
4.865367862363285598e-03
4.873759370335745654e-03
4.882163194052473870e-03
4.890695551882739620e-03
4.899140099790456893e-03
4.907492744344816096e-03
4.915990432431674960e-03
4.924489428939526903e-03
4.932848239760557855e-03
4.941290790826549303e-03
4.949824746675070102e-03
4.958235834502676236e-03
4.966620713248911904e-03
4.975150252772760420e-03
4.983627269076038382e-03
4.991983394056875856e-03
5.000455248470848067e-03
5.008976539829068653e-03
5.017356747432328429e-03
5.025757483568300474e-03
5.034293446168955528e-03
5.042731749923953614e-03
5.051087435116597378e-03
5.059588013894503015e-03
5.068087580955877788e-03
5.076445545677348535e-03
5.084896421128632174e-03
5.093431725087240944e-03
5.101846784298286197e-03
5.110233110040600379e-03
5.118746672820056152e-03
5.127253695885608704e-03
5.135627630496547580e-03
5.144059765657705077e-03
5.152542767501016273e-03
5.161059115048456832e-03
5.169442464402070406e-03
5.177862769315330280e-03
5.186401189417045622e-03
5.194850026317503720e-03
5.203216672828320927e-03
5.211715664228635213e-03
5.220230760441258756e-03
5.228616764256470775e-03
5.237024825181911362e-03
5.245556549999897365e-03
5.254021321105451468e-03
5.262377106823597217e-03
5.270867751860438752e-03
5.279388576622551232e-03
5.287768486389230090e-03
5.296182040554245699e-03
5.304717206341895419e-03
5.313156183220228354e-03
5.321517853804549197e-03
5.330028787591853390e-03
5.338536830844616693e-03
5.346910475384206683e-03
5.355346902472054964e-03
5.363888773184792048e-03
5.372319003134871235e-03
5.380708617933867809e-03
5.389141176884284200e-03
5.397622937192499311e-03
5.406121921282612541e-03
5.414543160197431669e-03
5.422925429809623971e-03
5.431386732738695960e-03
5.439897255605037965e-03
5.448374953645020342e-03
5.456743167175281441e-03
5.465201026853963757e-03
5.473692497126605126e-03
5.482181669853696850e-03
5.490595932703671266e-03
5.498990971628930566e-03
5.507478411222566095e-03
5.515987864109193027e-03
5.524414021965810308e-03
5.532797670237074063e-03
5.541310167992590137e-03
5.549810992775827331e-03
5.558191149006811750e-03
5.566617304922858930e-03
5.575115758614771107e-03
5.583604231249187158e-03
5.592034726466888449e-03
5.600401757336861269e-03
5.608906903507386403e-03
5.617423335962287365e-03
5.625829054848876902e-03
5.634224201185668128e-03
5.642721762730964173e-03
5.651239983144183861e-03
5.659651683022200348e-03
5.668043622941631651e-03
5.676551949284304108e-03
5.685050156501948206e-03
5.693481438074741649e-03
5.701871191614505362e-03
5.710287135449295531e-03
5.718742966670814325e-03
5.727233792492228935e-03
5.735717342261182489e-03
5.744146037147322865e-03
5.752528997694760816e-03
5.760986011669712997e-03
5.769497572982771640e-03
5.777964739128858829e-03
5.786336599133180998e-03
5.794800776165034278e-03
5.803331149837553070e-03
5.811769670464493436e-03
5.820147861079088582e-03
5.828581605230974058e-03
5.837074186420208519e-03
5.845586021364545387e-03
5.853979659128328780e-03
5.862386211076721886e-03
5.870898956994921938e-03
5.879401198252611621e-03
5.887818390655599407e-03
5.896191900168196338e-03
5.904680050235255884e-03
5.913205757295957217e-03
5.921623559128411096e-03
5.930007053804470588e-03
5.938443101350402743e-03
5.946926935670027517e-03
5.955414742612120255e-03
5.963858963837494892e-03
5.972252768184424868e-03
5.980650990317215934e-03
5.989132150550929672e-03
5.997636791907186293e-03
6.006094341832186705e-03
6.014460561421659281e-03
6.022943978582770592e-03
6.031467598409749262e-03
6.039849566288211548e-03
6.048258633740548687e-03
6.056798344447040724e-03
6.065249043283553812e-03
6.073610513715962250e-03
6.082109100629101012e-03
6.090620472465586334e-03
6.098993488760126591e-03
6.107428439925656483e-03
6.115934288637966780e-03
6.124410399418794317e-03
6.132843098575007333e-03
6.141212291240353074e-03
6.149696632630329701e-03
6.158222221881719249e-03
6.166639583737509520e-03
6.175031954344130727e-03
6.183504472835692732e-03
6.192026695895716699e-03
6.200472984775002271e-03
6.208849174491371664e-03
6.217293445540577126e-03
6.225837058943963116e-03
6.234263964238636289e-03
6.242642607121047515e-03
6.251158726041914672e-03
6.259657622104649113e-03
6.268049880608136254e-03
6.276465292697121917e-03
6.284958901324979273e-03
6.293469842638570351e-03
6.301895607018457267e-03
6.310289707284828103e-03
6.318715771724148049e-03
6.327241527651971537e-03
6.335720412316257939e-03
6.344094970946915525e-03
6.352549299107805233e-03
6.361092626634434061e-03
6.369531752089728494e-03
6.377906450020757664e-03
6.386383491444849042e-03
6.394919850421365917e-03
6.403343164007246728e-03
6.411721751203120108e-03
6.420210534666869785e-03
6.428728722596714108e-03
6.437151084098057842e-03
6.445537295922621791e-03
6.453988172623059856e-03
6.462487736131452068e-03
6.470983394244071013e-03
6.479353558089599036e-03
6.487783819259785451e-03
6.496268076069688230e-03
6.504757480463826610e-03
6.513208448801133775e-03
6.521596181236897181e-03
6.530002406317907300e-03
6.538488750847706345e-03
6.547003592737857952e-03
6.555450624229510088e-03
6.563822393267648887e-03
6.572258275956730650e-03
6.580749596079240107e-03
6.589249319397372413e-03
6.597669175278880402e-03
6.606061591544538057e-03
6.614494989352246238e-03
6.623036890686753199e-03
6.631488290068750756e-03
6.639850618167576247e-03
6.648344787611382839e-03
6.656866921592401350e-03
6.665264814641081760e-03
6.673670151727774044e-03
6.682148452694107628e-03
6.690659417806611199e-03
6.699092695482745420e-03
6.707465740241198328e-03
6.715978534974476229e-03
6.724479177630813924e-03
6.732856373659603863e-03
6.741291194364824532e-03
6.749800381776645264e-03
6.758285316159843258e-03
6.766684886050295875e-03
6.775092018341207813e-03
6.783615845113233518e-03
6.792104956375707991e-03
6.800485083090741095e-03
6.808906260633238935e-03
6.817383439725192666e-03
6.825895461637043055e-03
6.834336684606221422e-03
6.842717835633166726e-03
6.851139973656516537e-03
6.859634995956181112e-03
6.868129186609331013e-03
6.876570126019397426e-03
6.884962748950455153e-03
6.893359182091866703e-03
6.901881904409133857e-03
6.910381095065210207e-03
6.918781022438251493e-03
6.927183771204999986e-03
6.935666988374294788e-03
6.944186053799218314e-03
6.952584817408917831e-03
6.960987663050859954e-03
6.969518097753873639e-03
6.977996182600733344e-03
6.986350068217552813e-03
6.994825943724540876e-03
7.003350711685014073e-03
7.011738432309051403e-03
7.020149590407487490e-03
7.028690367059686230e-03
7.037149138481742054e-03
7.045520605118324800e-03
7.053981437462907012e-03
7.062519765986952427e-03
7.070966889770457543e-03
7.079354626004993878e-03
7.087780340866048183e-03
7.096319106955264328e-03
7.104767857567283358e-03
7.113123737723266865e-03
7.121621268578504776e-03
7.130121360053075577e-03
7.138483441148952592e-03
7.146927031402783986e-03
7.155459860168432440e-03
7.163862361743461582e-03
7.172240581751572128e-03
7.180770135557475349e-03
7.189244075617017005e-03
7.197613482905340122e-03
7.206083056632752587e-03
7.214620725285890955e-03
7.223028283165552899e-03
7.231423035439031761e-03
7.239928000324341757e-03
7.248431408327777464e-03
7.256858991432580709e-03
7.265230021875673273e-03
7.273719655933557141e-03
7.282241282116574087e-03
7.290631887192776384e-03
7.299032341465334743e-03
7.307507463363824285e-03
7.316018633711084129e-03
7.324468493805397391e-03
7.332841270318852904e-03
7.341274830948871406e-03
7.349760687539617574e-03
7.358249255822359690e-03
7.366694855692399770e-03
7.375067283069279729e-03
7.383569027602950724e-03
7.392090898789008095e-03
7.400485712737799385e-03
7.408895359009634932e-03
7.417409338852621985e-03
7.425912555208922031e-03
7.434298357608625646e-03
7.442732156341373521e-03
7.451273026757221016e-03
7.459690011238779596e-03
7.468064120438620834e-03
7.476581069316807875e-03
7.485061946549648876e-03
7.493415226820048652e-03
7.501876548916011807e-03
7.510400553892634425e-03
7.518787226996617550e-03
7.527190808173904978e-03
7.535729038634375772e-03
7.544186188563162948e-03
7.552566090981307698e-03
7.561037035072677021e-03
7.569568619812245408e-03
7.577957221346014183e-03
7.586370622423960729e-03
7.594898376632823120e-03
7.603372790164766686e-03
7.611741479187562019e-03
7.620218739473821369e-03
7.628744467700639305e-03
7.637171324682516874e-03
7.645564610687125527e-03
7.654025250112780378e-03
7.662517448186093039e-03
7.671012164779647882e-03
7.679390017567125186e-03
7.687816011815558175e-03
7.696311696400800692e-03
7.704808904919352615e-03
7.713205025785622657e-03
7.721616574747324109e-03
7.730154544311695908e-03
7.738602978430600236e-03
7.746962395141172852e-03
7.755459324678447459e-03
7.763962173802493351e-03
7.772321344592623971e-03
7.780755448210922680e-03
7.789289912927833612e-03
7.797697633449289685e-03
7.806072577610933746e-03
7.814598699677008029e-03
7.823064951579540224e-03
7.831412207678403389e-03
7.839893545163638747e-03
7.848414152443613026e-03
7.856792156920746825e-03
7.865217807273196943e-03
7.873751426127719930e-03
7.882189281630039984e-03
7.890551514193629504e-03
7.899060430027294438e-03
7.907561604371966119e-03
7.915927505760398525e-03
7.924378792820551548e-03
7.932899924634355393e-03
7.941366683970951107e-03
7.949768550691734686e-03
7.958160717413034074e-03
7.966659081895711633e-03
7.975182022681949132e-03
7.983607288259421744e-03
7.991996630204329169e-03
8.000430334109506769e-03
8.008920318109655906e-03
8.017427566311076739e-03
8.025843640102996168e-03
8.034229592866513198e-03
8.042743808947958734e-03
8.051247067922821105e-03
8.059629874561527810e-03
8.068056337409951206e-03
8.076598319410353138e-03
8.085058403331476726e-03
8.093430117524008302e-03
8.101897373826697293e-03
8.110430192999479315e-03
8.118865889194790131e-03
8.127248241644293228e-03
8.135701962474779086e-03
8.144212842960204743e-03
8.152675611801055849e-03
8.161068027869151920e-03
8.169475716140904217e-03
8.178008763417189339e-03
8.186485761734866445e-03
8.194852155380323924e-03
8.203316745444390670e-03
8.211842753344531301e-03
8.220285994045388456e-03
8.228656558978834565e-03
8.237164576848308647e-03
8.245665587446845621e-03
8.254048090339062560e-03
8.262477013299025785e-03
8.271007460331011515e-03
8.279486550324831676e-03
8.287858693854165473e-03
8.296307915749841569e-03
8.304845688136663906e-03
8.313306764172134766e-03
8.321688095377420200e-03
8.330131492588014816e-03
8.338624416540761294e-03
8.347129542341461678e-03
8.355559144912261260e-03
8.363927075643873277e-03
8.372417575940224385e-03
8.380939411413178275e-03
8.389319796101810459e-03
8.397733982387725962e-03
8.406269170599613497e-03
8.414705875251508177e-03
8.423064544617804919e-03
8.431573518748094326e-03
8.440068530699638971e-03
8.448418608832830579e-03
