0.000000000000000000e+00
8.373530070799398760e-06
1.687122880067500882e-05
2.537247767864750532e-05
3.375585664331809410e-05
4.213201030397478475e-05
5.062530521497492062e-05
5.913262671043944662e-05
6.752703441907301207e-05
7.590162255100204593e-05
8.438561773522425984e-05
9.289306990632845390e-05
1.013001869004711832e-04
1.096628908584665801e-04
1.181425478864771349e-04
1.266583899836142826e-04
1.350608904977421392e-04
1.434188095778546530e-04
1.518993740447745547e-04
1.604136759837539281e-04
1.688183667108877255e-04
1.771847992175876077e-04
1.856596419825287886e-04
1.941775967454670542e-04
2.025965522628666053e-04
2.109575259622364170e-04
2.194258654964943050e-04
2.279474570788226175e-04
2.363650268969444336e-04
2.447202701068235467e-04
2.531882645038254745e-04
2.617093497758196338e-04
2.701362153004170652e-04
2.784969587375906580e-04
2.869558029929162798e-04
2.954781562334618289e-04
3.039117519218477274e-04
3.122619056764639302e-04
3.207183696744383061e-04
3.292405640943685589e-04
3.376717432893334026e-04
3.460267344194425617e-04
3.544790479913085646e-04
3.630022690597063369e-04
3.714419306295938645e-04
3.798005320818904993e-04
3.882427702829049118e-04
3.967637220244089121e-04
4.052143994391713957e-04
4.135644634061899400e-04
4.220036712852167087e-04
4.305281650512608077e-04
4.389742561203851699e-04
4.473238536801775055e-04
4.557621070511264452e-04
4.642823786833272064e-04
4.727325244874248044e-04
4.810953294863256073e-04
4.895189690950023636e-04
4.980408257506929162e-04
5.064880686609390557e-04
5.148498405767115921e-04
5.232712949893047506e-04
5.317833345579958638e-04
5.402397165714870183e-04
5.485990209919549025e-04
5.570207978637867338e-04
5.655296148889193486e-04
5.739942890528100961e-04
5.823463910777284397e-04
5.907644886102080906e-04
5.992776917413143506e-04
6.077472047328768721e-04
6.161061735624174217e-04
6.245181150885857017e-04
6.330299162079677973e-04
6.414996117789969468e-04
6.498682720845166527e-04
6.582714620144475195e-04
6.667835266096867409e-04
6.752503967244964222e-04
6.836176063375979392e-04
6.920184580124864177e-04
7.005151245589573026e-04
7.089964559460464749e-04
7.173808832699460000e-04
7.257527247358000998e-04
7.342392463932638936e-04
7.427375151800434151e-04
7.511527963516875491e-04
7.595062921945900996e-04
7.679649037663591627e-04
7.764689377647977743e-04
7.848818576818910805e-04
7.932280049318731494e-04
8.016872069863391305e-04
8.101941910341100552e-04
8.185905125163777610e-04
8.269420751496484381e-04
8.353940023627054543e-04
8.438972120512966890e-04
8.523077527252956786e-04
8.606632263775592859e-04
8.691219859665869551e-04
8.776329613342506372e-04
8.860663247682118047e-04
8.944087704961726885e-04
9.028515130528359800e-04
9.113586739486809586e-04
9.197648947012554638e-04
9.281171437009206335e-04
9.365809149479683085e-04
9.450830837604113580e-04
9.534724337163222102e-04
9.618371766294064136e-04
9.703173714939898132e-04
9.788109082545400335e-04
9.871878505606261015e-04
9.955631519011703349e-04
1.004060934029243684e-03
1.012544925746040577e-03
1.020915246548473971e-03
1.029303983010139293e-03
1.037802146184264125e-03
1.046275067610343912e-03
1.054634179854630578e-03
1.063035609470293396e-03
1.071540728763811182e-03
1.079994759165327309e-03
1.088340410506562477e-03
1.096749763850887651e-03
1.105260857841924719e-03
1.113737399496491937e-03
1.122090339270783192e-03
1.130489223207420141e-03
1.138993011035147442e-03
1.147451852558347774e-03
1.155801271595576895e-03
1.164205775275513680e-03
1.172728001360955671e-03
1.181200918050940695e-03
1.189560546888004380e-03
1.197936029504594003e-03
1.206433096220427704e-03
1.214941313364578841e-03
1.223315123896673946e-03
1.231681413753371503e-03
1.240177829454392616e-03
1.248671674723194442e-03
1.257064257360688327e-03
1.265437416174938594e-03
1.273915625668204992e-03
1.282409871427590657e-03
1.290794439113211126e-03
1.299162650651761826e-03
1.307654814709371038e-03
1.316155076142509674e-03
1.324567384886498559e-03
1.332917772628473656e-03
1.341383121171098791e-03
1.349896197930664865e-03
1.358330165344593093e-03
1.366682317998248316e-03
1.375115067618333346e-03
1.383619702673397327e-03
1.392069799158469987e-03
1.400417883965282420e-03
1.408834216658017349e-03
1.417340206740219568e-03
1.425796113291660566e-03
1.434151222103563885e-03
1.442563906653334229e-03
1.451062984573233848e-03
1.459552288955297868e-03
1.467921746200821689e-03
1.476306428477657797e-03
1.484789978044905295e-03
1.493292393210900052e-03
1.501689701810099246e-03
1.510057321065919706e-03
1.518528449304590170e-03
1.527030951630686762e-03
1.535427015774193599e-03
1.543800016089691548e-03
1.552268468156084956e-03
1.560783104950534206e-03
1.569184963000305744e-03
1.577555557501642306e-03
1.586027799556220114e-03
1.594542631617104980e-03
1.602954495404013135e-03
1.611312054391191365e-03
1.619782184656921213e-03
1.628304784394816367e-03
1.636714457918484432e-03
1.645063281854472264e-03
1.653537761743728704e-03
1.662057226535979849e-03
1.670469942413932646e-03
1.678827028223517847e-03
1.687287241640293050e-03
1.695803334396445714e-03
1.704218896589535653e-03
1.712559354025124971e-03
1.721022943055409591e-03
1.729544127902669102e-03
1.737972302307095544e-03
1.746312025378424053e-03
1.754740243685616900e-03
1.763265021602739751e-03
1.771717384174798654e-03
1.780061470928097833e-03
1.788486258780811172e-03
1.797009010546037804e-03
1.805470078619320464e-03
1.813821408200527816e-03
1.822246633195297215e-03
1.830761507358978158e-03
1.839236577005835642e-03
1.847600098567429199e-03
1.856005534670279386e-03
1.864519217653891033e-03
1.872997227610716025e-03
1.881355365872464623e-03
1.889756114957759922e-03
1.898266865040719844e-03
1.906749453261792149e-03
1.915112760851368952e-03
1.923501409161898794e-03
1.932002640896390800e-03
1.940461351064602831e-03
1.948813532274634502e-03
1.957227327432846647e-03
1.965736394873600877e-03
1.974178750534959746e-03
1.982524900160548796e-03
1.990957023177410308e-03
1.999473962131672385e-03
2.007898612819836257e-03
2.016253723788241550e-03
2.024697175274401545e-03
2.033206539025062074e-03
2.041652045863259074e-03
2.050010644081050326e-03
2.058436412557295477e-03
2.066933143785107917e-03
2.075397930533004476e-03
2.083773992062233713e-03
2.092172385484713810e-03
2.100653065491463883e-03
2.109142744719601139e-03
2.117543243357669462e-03
2.125913472442021810e-03
2.134365933618082630e-03
2.142869034572228264e-03
2.151303006097874185e-03
2.159662697685216584e-03
2.168091425856552307e-03
2.176588544637586466e-03
2.185050159906025934e-03
2.193418186423946956e-03
2.201822657197758867e-03
2.210310402557820030e-03
2.218800623466657580e-03
2.227186809039918315e-03
2.235559296313118383e-03
2.244016995313452903e-03
2.252503110013814348e-03
2.260917814329626609e-03
2.269276214865798957e-03
2.277728143339893471e-03
2.286235659628748935e-03
2.294690128388622487e-03
2.303069285069625927e-03
2.311466260787013813e-03
2.319968071481420119e-03
2.328447770700189847e-03
2.336820639111949864e-03
2.345218268955475555e-03
2.353697892737296928e-03
2.362194567264868511e-03
2.370626935119328569e-03
2.379002503316669879e-03
2.387418207921283148e-03
2.395917579522268293e-03
2.404386310780044604e-03
2.412769886764387986e-03
2.421152686655443642e-03
2.429633931739432189e-03
2.438124503569027903e-03
2.446521612404626688e-03
2.454886373880062634e-03
2.463348873539264548e-03
2.471835190920657239e-03
2.480250431226574230e-03
2.488615466764293894e-03
2.497047908458606587e-03
2.505550538040039223e-03
2.514001061026784837e-03
2.522374821928419827e-03
2.530772596178647391e-03
2.539276098008991147e-03
2.547749412475744293e-03
2.556119250436730741e-03
2.564514943574443782e-03
2.572996628788618966e-03
2.581483260628618815e-03
2.589877512792875848e-03
2.598248061810324271e-03
2.606705006043868490e-03
2.615200393325581123e-03
2.623628529419343245e-03
2.631995928214314259e-03
2.640424342200655555e-03
2.648927039971988532e-03
2.657390376822449472e-03
2.665775118440758505e-03
2.674161380577869986e-03
2.682639786750119597e-03
2.691131351288025397e-03
2.699544575836553256e-03
2.707911243939804466e-03
2.716365149395883784e-03
2.724866192537679643e-03
2.733304529190298555e-03
2.741656161345193583e-03
2.750086241146389859e-03
2.758583438880482953e-03
2.767034342810124285e-03
2.775411813527138213e-03
2.783812605494122381e-03
2.792297404703393635e-03
2.800781982099948258e-03
2.809180569728842326e-03
2.817556412420267348e-03
2.826012708425822053e-03
2.834503746167655377e-03
2.842928222722519889e-03
2.851285342200236307e-03
2.859734186854285577e-03
2.868219157344764798e-03
2.876653448136210715e-03
2.885026795584447884e-03
2.893443894359246267e-03
2.901951740400048833e-03
2.910413098294937443e-03
2.918800198989631237e-03
2.927189086768031741e-03
2.935656829747229288e-03
2.944158875373574080e-03
2.952597286326095593e-03
2.960954141786847470e-03
2.969385422522930005e-03
2.977887435066605814e-03
2.986355573620637967e-03
2.994717452647164147e-03
3.003119839362336421e-03
3.011603360600607817e-03
3.020078205835408439e-03
3.028463634097159664e-03
3.036832212813418957e-03
3.045291342750874007e-03
3.053788791232469723e-03
3.062213806449695912e-03
3.070569953137444394e-03
3.079004666583515584e-03
3.087503163866348131e-03
3.095944107890733019e-03
3.104301012788647594e-03
3.112716207169320074e-03
3.121219740488597686e-03
3.129673748927777784e-03
3.138022136980256425e-03
3.146433700134890731e-03
3.154942852073289086e-03
3.163387621611652052e-03
3.171735073983185209e-03
3.180162117571512688e-03
3.188667572112707533e-03
3.197084604387809108e-03
3.205431075975729086e-03
3.213877740295336717e-03
3.222380927977225827e-03
3.230780129840446057e-03
3.239129808061353387e-03
3.247591602351138345e-03
3.256111917931202738e-03
3.264523039227268646e-03
3.272865840466918520e-03
3.281319350362522404e-03
3.289821772483539439e-03
3.298245937095679696e-03
3.306595905269573560e-03
3.315046391546035490e-03
3.323552714298967214e-03
3.331965558287615457e-03
3.340318945112508327e-03
3.348772463953680022e-03
3.357284792722471309e-03
3.365713693961553798e-03
3.374066427123366841e-03
3.382513960377192888e-03
3.391026805347286798e-03
3.399473189222068648e-03
3.407816192362164535e-03
3.416250288236856274e-03
3.424770504600830896e-03
3.433217220947532965e-03
3.441557927260269038e-03
3.449985075461644343e-03
3.458508289048382346e-03
3.466956408253002355e-03
3.475297470486253277e-03
3.483720226965913991e-03
3.492229854008848354e-03
3.500690706377990267e-03
3.509035840712154165e-03
3.517452525882672383e-03
3.525960754655644690e-03
3.534398768570823097e-03
3.542752991668327023e-03
3.551179094018183657e-03
3.559683121272646123e-03
3.568141987624092685e-03
3.576492610889944659e-03
3.584914508331986556e-03
3.593426700780164625e-03
3.601898018089366889e-03
3.610253981650691623e-03
3.618660163884716667e-03
3.627176744667596434e-03
3.635652027557013596e-03
3.644001855342915864e-03
3.652408026181055371e-03
3.660919599045524882e-03
3.669396289941835414e-03
3.677744746929007946e-03
3.686145304480558001e-03
3.694652187044629010e-03
3.703124387944997219e-03
3.711479105514823608e-03
3.719862066123411429e-03
3.728369805287248817e-03
3.736859164123663372e-03
3.745220593205735894e-03
3.753585712810406008e-03
3.762071626767102273e-03
3.770583417277737631e-03
3.778965460949159499e-03
3.787320177015984172e-03
3.795798231257086798e-03
3.804284674156191166e-03
3.812659755569893470e-03
3.821037614066849671e-03
3.829515748656581522e-03
3.838003699107722655e-03
3.846400373799273038e-03
3.854756506963451668e-03
3.863231301062518622e-03
3.871727221530218803e-03
3.880097374880046163e-03
3.888465015077214020e-03
3.896952192063090226e-03
3.905427512388552971e-03
3.913787364452638376e-03
3.922175141390323028e-03
3.930674820873952466e-03
3.939133786466405933e-03
3.947483354004353504e-03
3.955890676892336554e-03
3.964399686804623117e-03
3.972841772932337451e-03
3.981182297295240285e-03
3.989615310586338073e-03
3.998121354094601176e-03
4.006546507988945766e-03
4.014905868131621314e-03
4.023333459961290007e-03
4.031847044653043277e-03
4.040267322372666052e-03
4.048631113495361998e-03
4.057054705910036196e-03
4.065555343366608794e-03
4.074012360788283049e-03
4.082373248592841009e-03
4.090771887236550712e-03
4.099259809305706714e-03
4.107736349415982112e-03
4.116116810090183695e-03
4.124485962441064128e-03
4.132966721328180416e-03
4.141453510175502339e-03
4.149815273838428770e-03
4.158193074756998467e-03
4.166685469047810841e-03
4.175151977117213739e-03
4.183498677363736186e-03
4.191897900104785829e-03
4.200396020455575072e-03
4.208868440097442154e-03
4.217226772867828030e-03
4.225617040598008550e-03
4.234104812251448212e-03
4.242603243214708095e-03
4.250982748446532553e-03
4.259349365578327974e-03
4.267815169555461141e-03
4.276323431271572550e-03
4.284735673889151532e-03
4.293083282141656014e-03
4.301518261153574295e-03
4.310021556665558952e-03
4.318460827578216553e-03
4.326813893272352454e-03
4.335229167557525486e-03
4.343737848093155024e-03
4.352212120625452603e-03
4.360568667600069406e-03
4.368957131790390802e-03
4.377450983770625470e-03
4.385947866492373795e-03
4.394321659914899279e-03
4.402692713863055191e-03
4.411167296265900394e-03
4.419669857962624758e-03
4.428072373013377909e-03
4.436427744910918271e-03
4.444880344387897551e-03
4.453390939055617767e-03
4.461828398255014184e-03
4.470179102442188752e-03
4.478591666829121951e-03
4.487091687407929533e-03
4.495529492901909237e-03
4.503873708542112386e-03
4.512303855014538831e-03
4.520809286933149748e-03
4.529228942716271959e-03
4.537571808855593407e-03
4.546011625024507820e-03
4.554517684407247136e-03
4.562941302931652031e-03
4.571307969989752730e-03
4.579722716909472371e-03
4.588222949456345449e-03
4.596674249080883769e-03
4.605046127335183856e-03
4.613436798535625917e-03
4.621915951246756589e-03
4.630394604075742902e-03
4.638770806134149410e-03
4.647145562706974861e-03
4.655606133957729091e-03
4.664079009799476996e-03
4.672475854240193058e-03
4.680832416873155141e-03
4.689286611179465519e-03
4.697771843465242854e-03
4.706175156513887729e-03
4.714535584214507233e-03
4.722964729232329538e-03
4.731459800872619449e-03
4.739881388430585048e-03
4.748233093425965889e-03
4.756655867307895032e-03
4.765134902660669164e-03
4.773576072871105712e-03
4.781933740911245047e-03
4.790339319514410818e-03
4.798835271151557363e-03
4.807299213007043548e-03
4.815663319239233547e-03
4.824049522525769573e-03
4.832520840282288933e-03
4.840994874094652935e-03
4.849385826753254726e-03
4.857744531546734357e-03
4.866200720719564103e-03
4.874696200841551266e-03
4.883105721647969244e-03
4.891457327648879479e-03
4.899893446965124418e-03
4.908381753235646454e-03
4.916815982234339598e-03
4.925180434346846173e-03
4.933592740547305434e-03
4.942089110763678815e-03
4.950548330227962091e-03
4.958909423714938196e-03
4.967310598784901825e-03
4.975794402104406593e-03
4.984273954624874811e-03
4.992661737802062301e-03
5.001037733182428675e-03
5.009503275335299051e-03
5.018000915383325454e-03
5.026416786995650636e-03
5.034771989600696045e-03
5.043220578995899137e-03
5.051720993097475777e-03
5.060150930287546887e-03
5.068510564038805274e-03
5.076926432565478063e-03
5.085418887470093477e-03
5.093877113169623105e-03
5.102224381826340333e-03
5.110637662974220133e-03
5.119136389033288048e-03
5.127610135333299582e-03
5.135983237938040145e-03
5.144366570599568506e-03
5.152830139356222479e-03
5.161309328698789750e-03
5.169702932936632439e-03
5.178069583423113194e-03
5.186529166782235210e-03
5.195018238057641340e-03
5.203438143216259498e-03
5.211802396674797798e-03
5.220233836803991022e-03
5.228730263398042970e-03
5.237177516383788138e-03
5.245540424099384008e-03
5.253933034882907020e-03
5.262411715508686846e-03
5.270884788446505986e-03
5.279272145914246615e-03
5.287642289063690902e-03
5.296103906240660561e-03
5.304594685340789477e-03
5.313001749405914416e-03
5.321354941335508168e-03
5.329799647267190882e-03
5.338299579916661909e-03
5.346746981557582920e-03
5.355096382369269221e-03
5.363508319092327552e-03
5.371997294292555486e-03
5.380452051888232404e-03
5.388828997601428569e-03
5.397212880649053870e-03
5.405694663174840514e-03
5.414176786996446021e-03
5.422576706191365066e-03
5.430933589798774691e-03
5.439406192331799721e-03
5.447894468542591011e-03
5.456302561188721909e-03
5.464665605293279535e-03
5.473095728105222685e-03
5.481584526737345864e-03
5.490021958612464024e-03
5.498375058580477932e-03
5.506795096941870422e-03
5.515274737042264591e-03
5.523726308828727852e-03
5.532096117735574130e-03
5.540488878396174037e-03
5.548971908910886423e-03
5.557442794562202602e-03
5.565814031324749743e-03
5.574191887040794158e-03
5.582665066433417471e-03
5.591139928686153331e-03
5.599527420175086541e-03
5.607887107573121185e-03
5.616331065094286312e-03
5.624826356139708307e-03
5.633255605100803871e-03
5.641617031901472595e-03
5.650025391593760382e-03
5.658517291642422078e-03
5.666974534213819852e-03
5.675328667003438909e-03
5.683724689961944590e-03
5.692194942434634052e-03
5.700656536778202742e-03
5.709035447335859652e-03
5.717408416492852571e-03
5.725876667549113612e-03
5.734358478065210846e-03
5.742769834313362319e-03
5.751116540859221686e-03
5.759568807533468546e-03
5.768064091458475172e-03
5.776487082779673161e-03
5.784845131836456079e-03
5.793262656404697501e-03
5.801755875483332985e-03
5.810204065692954785e-03
5.818571309135550304e-03
5.826961386371543559e-03
5.835441414322017038e-03
5.843919303908359786e-03
5.852311906340221422e-03
5.860673187076377230e-03
5.869139451789487545e-03
5.877627359659795721e-03
5.886027949088209338e-03
5.894392022525871827e-03
5.902823773444122735e-03
5.911317358937926390e-03
5.919745516338489888e-03
5.928095151012550967e-03
5.936502517429239831e-03
5.944999965560320357e-03
5.953463064445350082e-03
5.961814154512357945e-03
5.970216637125572330e-03
5.978696722352198380e-03
5.987174530202550755e-03
5.995555566611724188e-03
6.003930202691899060e-03
6.012391886872306239e-03
6.020876421132877361e-03
6.029292402454694035e-03
6.037641313821806056e-03
6.046091996498784496e-03
6.054586570794991823e-03
6.063017761003934754e-03
6.071376959656578885e-03
6.079793604144069843e-03
6.088286769838294719e-03
6.096732534542015358e-03
6.105099141969145757e-03
6.113483278151115273e-03
6.121965367994330366e-03
6.130442873133042266e-03
6.138820357590036268e-03
6.147189470156402477e-03
6.155653543407214705e-03
6.164146322709794339e-03
6.172548408541033392e-03
6.180906095688163022e-03
6.189333533261783676e-03
6.197814141541220859e-03
6.206248806729913053e-03
6.214599493225976892e-03
6.223019077939638023e-03
6.231506311025273616e-03
6.239937958515825826e-03
6.248303476244033115e-03
6.256690248277937787e-03
6.265179783726584559e-03
6.273644943520339211e-03
6.282005969526294545e-03
6.290395667299409146e-03
6.298861253816304996e-03
6.307342705614402481e-03
6.315739063603339511e-03
6.324106903515558722e-03
6.332569562260167810e-03
6.341062844352774071e-03
6.349480677576345954e-03
6.357829272179944119e-03
6.366266986877593299e-03
6.374757226619389913e-03
6.383184377227738709e-03
6.391548262632284344e-03
6.399957753514171586e-03
6.408441900952359556e-03
6.416899251135252565e-03
6.425254555231415567e-03
6.433650725924051732e-03
6.442127450895742367e-03
6.450589404353315216e-03
6.458967541034484929e-03
6.467340713019833522e-03
6.475789366533510165e-03
6.484262387294601956e-03
6.492671011629379089e-03
6.501024314341572082e-03
6.509476176897349350e-03
6.517957240963502194e-03
6.526362466086904277e-03
6.534720676421636523e-03
6.543134366314393678e-03
6.551623327859768323e-03
6.560065270475080174e-03
6.568413565892551077e-03
6.576818305135358721e-03
6.585310396486076211e-03
6.593761451580049462e-03
6.602131517388446988e-03
6.610513583524462410e-03
6.618988543606069141e-03
6.627462028794470043e-03
6.635833646101419597e-03
6.644205865844232499e-03
6.652663905193996648e-03
6.661142353095127894e-03
6.669542410978359509e-03
6.677903121341602355e-03
6.686330534176032278e-03
6.694812769668224625e-03
6.703246811138679172e-03
6.711593447584795688e-03
6.720014295078245541e-03
6.728494794982115522e-03
6.736926227459811255e-03
6.745283671425333222e-03
6.753677704014242333e-03
6.762165152807824223e-03
6.770608753678478142e-03
6.778971264784866731e-03
6.787353717939532786e-03
6.795826782183675072e-03
6.804292834347113079e-03
6.812654049819426814e-03
6.821028867555253145e-03
6.829496793616581310e-03
6.837964851516427009e-03
6.846350745612973451e-03
6.854704426970006752e-03
6.863157815585048220e-03
6.871648982330958062e-03
6.880048991522653631e-03
6.888402672461920416e-03
6.896832826677553978e-03
6.905316455609399051e-03
6.913744240361794149e-03
6.922101889529839493e-03
6.930499305236971670e-03
6.938978152566140437e-03
6.947438942028641082e-03
6.955794971724579660e-03
6.964186561733874507e-03
6.972655054967752050e-03
6.981112347129862436e-03
6.989481022834985284e-03
6.997853832951021584e-03
7.006324496202035595e-03
7.014784795673288144e-03
7.023164917766329222e-03
7.031524338950595823e-03
7.039980122728780633e-03
7.048463412794769324e-03
7.056850061578195596e-03
7.065204366421771673e-03
7.073645171317977098e-03
7.082128308302975198e-03
7.090542328261490064e-03
7.098884583140561630e-03
7.107320025251166046e-03
7.115813324464089623e-03
7.124262287541835957e-03
7.132610404684548190e-03
7.141015223753333259e-03
7.149516844661078785e-03
7.157951192602913723e-03
7.166289794125708934e-03
7.174714545604282678e-03
7.183211169928230451e-03
7.191625526624651973e-03
7.199968199418177450e-03
7.208409487252060571e-03
7.216907699352116852e-03
7.225307730217086707e-03
7.233654107464659519e-03
7.242112595428287607e-03
7.250612544987583737e-03
7.259001401522634754e-03
7.267349468294046107e-03
7.275807350292558436e-03
7.284305135904509468e-03
7.292713298669144251e-03
7.301060731833951788e-03
7.309508394535241434e-03
7.318016775388300546e-03
7.326405975501743863e-03
7.334754396323983801e-03
7.343212203047513702e-03
7.351716246762510058e-03
7.360128598950935359e-03
7.368474379016974780e-03
7.376926673105205917e-03
7.385435629723636174e-03
7.393848610143334034e-03
7.402204631511329243e-03
7.410645233575084180e-03
7.419158948831315950e-03
7.427589468182284674e-03
7.435933041550019107e-03
7.444366046707403574e-03
7.452880912565676072e-03
7.461318327056610730e-03
7.469654714953182645e-03
7.478088808958126971e-03
7.486604168910413436e-03
7.495040460952459918e-03
7.503377655496777827e-03
7.511809980220184903e-03
7.520318694099211061e-03
7.528756985947328284e-03
7.537104787378362362e-03
7.545529751370413409e-03
7.554044255585684771e-03
7.562484051574475119e-03
7.570837450315237756e-03
7.579246874781634703e-03
7.587757709739321663e-03
7.596194806059828816e-03
7.604549918952298315e-03
7.612955629793929056e-03
7.621459281946340973e-03
7.629901668427460648e-03
7.638246768235567620e-03
7.646657873690702531e-03
7.655159232836191222e-03
7.663616121556493001e-03
7.671954706364946495e-03
7.680359294995084234e-03
7.688868868991083697e-03
7.697331034076902723e-03
7.705671823647924912e-03
7.714070390828884835e-03
7.722577553453341750e-03
7.731044730715988002e-03
7.739390276765174652e-03
7.747785740190900848e-03
7.756285277805374974e-03
7.764752491532082163e-03
7.773114717097628912e-03
7.781499740682334791e-03
7.790001984553411411e-03
7.798479852076642405e-03
7.806836991092760102e-03
7.815213657032880901e-03
7.823711619866197120e-03
7.832196096371247390e-03
7.840552104231112221e-03
7.848925851492626060e-03
7.857424413955090697e-03
7.865908777241798280e-03
7.874272687720973787e-03
7.882648853836226460e-03
7.891142953888917802e-03
7.899619082917827204e-03
7.907996829344142442e-03
7.916359290076124128e-03
7.924846866144412416e-03
7.933332367397873813e-03
7.941709792297498363e-03
7.950066359107896621e-03
7.958545520005770244e-03
7.967021322381851595e-03
7.975383513240955763e-03
7.983749001635030706e-03
7.992233125826076617e-03
8.000723380064640733e-03
8.009094492266008794e-03
8.017450030689036999e-03
8.025931903790129579e-03
8.034428183258878267e-03
8.042805140961332977e-03
8.051162187236456103e-03
8.059637390877069998e-03
8.068134706826374583e-03
8.076531468399452546e-03
8.084878938477937926e-03
8.093347811094999192e-03
8.101853879755776047e-03
8.110245072802830038e-03
8.118586904162655021e-03
8.127053271797806885e-03
8.135560155841319030e-03
8.143956407765483643e-03
8.152303248165904126e-03
8.160767656445607268e-03
8.169270398850576875e-03
8.177681454597556659e-03
8.186020929994186277e-03
8.194474036738650519e-03
8.202985390296277379e-03
8.211389037924503309e-03
8.219725457588691539e-03
8.228168769147030034e-03
8.236673446373962010e-03
8.245091892278476331e-03
8.253428937411596417e-03
8.261844086077187871e-03
8.270351437963540872e-03
8.278802293636415566e-03
8.287136621519907223e-03
8.295532584502638557e-03
8.304028323992698746e-03
8.312506729601746094e-03
8.320855817545970423e-03
8.329227750138981992e-03
8.337712704011424406e-03
8.346172400855189979e-03
8.354522424240137454e-03
8.362898805274132652e-03
8.371400232554152346e-03
8.379874457743711688e-03
8.388245249759932257e-03
8.396597369236872416e-03
8.405077180825610075e-03
8.413575110669055043e-03
8.421959972151268903e-03
8.430303534747978639e-03
