0.000000000000000000e+00
8.424449200866368100e-06
1.689298931757339300e-05
2.536742154885065933e-05
3.379879395433516899e-05
4.221790834396811604e-05
5.067915879381131185e-05
5.915743980535654488e-05
6.759709699801058603e-05
7.601306230297971613e-05
8.446601071943867021e-05
9.294598538799107813e-05
1.013944280964718309e-04
1.098097361259255881e-04
1.182539035630148221e-04
1.267333377616544686e-04
1.351903966140995659e-04
1.436075935758965468e-04
1.520431239538066993e-04
1.605198048643767517e-04
1.689847381628702182e-04
1.774061977041373379e-04
1.858339549486274383e-04
1.943058047555362212e-04
2.027773739158801787e-04
2.112050378377451523e-04
2.196265748919243223e-04
2.280918008782501470e-04
2.365683316420597775e-04
2.450036079286700631e-04
2.534209457230252515e-04
2.618782202061104556e-04
2.703576655663372189e-04
2.788014473059188293e-04
2.872168829511568188e-04
2.956654870342136001e-04
3.041455658282328153e-04
3.125981510791361038e-04
3.210141389009792600e-04
3.294540110958660002e-04
3.379323962216312319e-04
3.463934141870795061e-04
3.548123635104326150e-04
3.632440675094618138e-04
3.717185760659559449e-04
3.801870027177031621e-04
3.886111226814477067e-04
3.970357663217635421e-04
4.055045196838171374e-04
4.139787903762290507e-04
4.224099283502514364e-04
4.308291678370004601e-04
4.392906771287914637e-04
4.477688600170430674e-04
4.562082544554408692e-04
4.646242752331046608e-04
4.730775018312551776e-04
4.815574554604769753e-04
4.900056180942979206e-04
4.984209111459029368e-04
5.068653503698734202e-04
5.153448435003814580e-04
5.238016288212054552e-04
5.322187396524477891e-04
5.406545207837816632e-04
5.491313301498269763e-04
5.575960240355540840e-04
5.660173244611206621e-04
5.744453039479654631e-04
5.829173363806883484e-04
5.913887222601051140e-04
5.998161591726793550e-04
6.082378748054157944e-04
6.167033242872992918e-04
6.251797376242541155e-04
6.336147438877205284e-04
6.420321908261234119e-04
6.504897223501724876e-04
6.589691151651419889e-04
6.674126164551547578e-04
6.758280754502984152e-04
6.842769595491567580e-04
6.927570505483818947e-04
7.012093678857103402e-04
7.096252916193838836e-04
7.180654461209250768e-04
7.265439107714026989e-04
7.350046847841260359e-04
7.434234946505954410e-04
7.518554515534865007e-04
7.603301085625810505e-04
7.687983240208032514e-04
7.772222493068651301e-04
7.856470876742914326e-04
7.941160540189067365e-04
8.025901604153175837e-04
8.110210659628935533e-04
8.194404325952882057e-04
8.279021998724774446e-04
8.363802829862088594e-04
8.448194138431543154e-04
8.532354941006507331e-04
8.616889970837288354e-04
8.701689287813310809e-04
8.786168094519494027e-04
8.870320914315682091e-04
8.954768017086674192e-04
9.039563519115300034e-04
9.124128620215082430e-04
9.208298889585680687e-04
9.292659224969033842e-04
9.377428576102824669e-04
9.462073112908285250e-04
9.546284529575180733e-04
9.630566581001788473e-04
9.715288701780868535e-04
9.800000723374881813e-04
9.884272821720065192e-04
9.968491788251781453e-04
1.005314850286409848e-03
1.013791143782231561e-03
1.022225880918879596e-03
1.030643438224080645e-03
1.039101227091316628e-03
1.047580563819338435e-03
1.056023785954334935e-03
1.064439269186750071e-03
1.072888434867554650e-03
1.081368534514651810e-03
1.089820583819936430e-03
1.098236445107104650e-03
1.106676882783347955e-03
1.115155424060848338e-03
1.123615952337644192e-03
1.132034624743820340e-03
1.140466834175950239e-03
1.148941639218571415e-03
1.157409640547180704e-03
1.165833374913468343e-03
1.174258408191600168e-03
1.182727586930197540e-03
1.191201526470287743e-03
1.199632201440463657e-03
1.208051697475300088e-03
1.216513721175058703e-03
1.224991702913401457e-03
1.233430569829820252e-03
1.241846713217285804e-03
1.250300490817070776e-03
1.258780399568364431e-03
1.267227996621531072e-03
1.275643271525274186e-03
1.284088252064408044e-03
1.292567857790710099e-03
1.301024091946150147e-03
1.309441037312822700e-03
1.317877324562331505e-03
1.326354382402741491e-03
1.334818596333162957e-03
1.343239580059147177e-03
1.351668013791127408e-03
1.360140402416841086e-03
1.368611420502402476e-03
1.377038403795668477e-03
1.385460484076895355e-03
1.393926375670826237e-03
1.402402547401029528e-03
1.410837017012759546e-03
1.419254685978242093e-03
1.427712732430493460e-03
1.436192009982900338e-03
1.444634955100579116e-03
1.453050463578593266e-03
1.461499911902972406e-03
1.469980017040756030e-03
1.478431799299822613e-03
1.486847599817988155e-03
1.495288321142518827e-03
1.503766937201495794e-03
1.512227218223305848e-03
1.520645756621221345e-03
1.529078218005971036e-03
1.537553170370254676e-03
1.546020955138589694e-03
1.554444501942832662e-03
1.562869730257248268e-03
1.571339120219419861e-03
1.579812890638108720e-03
1.588243336911979468e-03
1.596662964876769406e-03
1.605125242820847195e-03
1.613603121900903129e-03
1.622041723918822738e-03
1.630457934424719112e-03
1.638911984291765555e-03
1.647391869171526855e-03
1.655839181453976072e-03
1.664254452624616383e-03
1.672699702470942674e-03
1.681179361583928257e-03
1.689635319582123013e-03
1.698052185217966423e-03
1.706488728108032345e-03
1.714965905804680980e-03
1.723429878915905397e-03
1.731850704624147063e-03
1.740279369958508014e-03
1.748751932259987084e-03
1.757222765614391020e-03
1.765649522225483988e-03
1.774071788325362782e-03
1.782537898860761701e-03
1.791013946528559461e-03
1.799448150320421842e-03
1.807865931776456202e-03
1.816324236270597291e-03
1.824803451261459031e-03
1.833246121304218804e-03
1.841661655868317418e-03
1.850111387812685380e-03
1.858591495876729368e-03
1.867043011250523387e-03
1.875458753262634328e-03
1.883899758153926218e-03
1.892378448038608283e-03
1.900838480059404301e-03
1.909256887793582590e-03
1.917689600511993846e-03
1.926164699809819643e-03
1.934632264954669030e-03
1.943055627300387805e-03
1.951481051451032806e-03
1.959950652279430355e-03
1.968424251422368470e-03
1.976854469706997800e-03
1.985274232589343598e-03
1.993736763905845123e-03
2.002214539310747960e-03
2.010652875345201630e-03
2.019069157198484336e-03
2.027523477748656433e-03
2.036003337673271494e-03
2.044450363632810234e-03
2.052865634585471482e-03
2.061311153854062436e-03
2.069790864352067956e-03
2.078246545343644981e-03
2.086663332840844615e-03
2.095100133886345067e-03
2.103577428290578921e-03
2.112041162140609798e-03
2.120461830317424759e-03
2.128890731042622306e-03
2.137363463917282391e-03
2.145834111263673297e-03
2.154260642202172372e-03
2.162683096370048106e-03
2.171149424791774061e-03
2.179625345480223995e-03
2.188059285070149355e-03
2.196477180460089211e-03
2.204935744351488314e-03
2.213414892905747958e-03
2.221857289160288854e-03
2.230272851230073131e-03
2.238722868572733116e-03
2.247202976207700407e-03
2.255654224146020920e-03
2.264069910063273936e-03
2.272511199706514409e-03
2.280989961185703706e-03
2.289449741259886630e-03
2.297868022018269372e-03
2.306300986242964743e-03
2.314776232163159083e-03
2.323243574505615833e-03
2.331666755565068444e-03
2.340092376966506401e-03
2.348562187608000968e-03
2.357035613069579857e-03
2.365465604359731286e-03
2.373885505772412290e-03
2.382348288257642426e-03
2.390825958530216205e-03
2.399264027403022470e-03
2.407680384798475352e-03
2.416134974197826479e-03
2.424614807570050178e-03
2.433061546299012789e-03
2.441476820319934092e-03
2.449922608864440413e-03
2.458402367803990980e-03
2.466857774292241252e-03
2.475274486201840905e-03
2.483711547902131209e-03
2.492188955179780972e-03
2.500652448869402494e-03
2.509072960296386458e-03
2.517502099742598316e-03
2.525975000222264229e-03
2.534445460040500239e-03
2.542871766526403482e-03
2.551294411443423560e-03
2.559760956360256513e-03
2.568236746530479578e-03
2.576670424728517202e-03
2.585088435255964660e-03
2.593547258422551887e-03
2.602026336526358768e-03
2.610468461068039987e-03
2.618884052691196167e-03
2.627334355679094083e-03
2.635814459340293445e-03
2.644265439558867413e-03
2.652681073087397728e-03
2.661122646854616018e-03
2.669601478486707032e-03
2.678061004598237833e-03
2.686479162778127646e-03
2.694912377839694690e-03
2.703387768640042477e-03
2.711854885534057194e-03
2.720277889282619876e-03
2.728703709096559106e-03
2.737173727533487311e-03
2.745646977242275407e-03
2.754076742401138228e-03
2.762496785908837276e-03
2.770959817168644305e-03
2.779437380862008651e-03
2.787875181692119238e-03
2.796291619072745118e-03
2.804746475307094353e-03
2.813226280436571802e-03
2.821672730980767131e-03
2.830088011450848217e-03
2.838534069426221045e-03
2.847013873948660637e-03
2.855469000734619633e-03
2.863885637521544712e-03
2.872322961513372030e-03
2.880800478863475549e-03
2.889263732920825580e-03
2.897684087397277980e-03
2.906113467556451554e-03
2.914586533731055706e-03
2.923056805686459220e-03
2.931482888848180833e-03
2.939905724836678561e-03
2.948372485690587460e-03
2.956848143295791233e-03
2.965281562351119397e-03
2.973699687958663348e-03
2.982158771144679740e-03
2.990637776280027221e-03
2.999079631049598408e-03
3.007495253231222236e-03
3.015945842123299390e-03
3.024425940195632143e-03
3.032876652524188650e-03
3.041292235645802911e-03
3.049734092541356214e-03
3.058212993476458041e-03
3.066672263607849846e-03
3.075090302623833486e-03
3.083523767171375378e-03
3.091999302387906604e-03
3.100466191825883809e-03
3.108889020814127862e-03
3.117315039359489469e-03
3.125785264125806144e-03
3.134258337321784230e-03
3.142687876988988285e-03
3.151108065397976651e-03
3.159571342874915867e-03
3.168048799890798694e-03
3.176486331738707317e-03
3.184902852241047570e-03
3.193357973333189187e-03
3.201837748979678103e-03
3.210283911106451109e-03
3.218699200517649572e-03
3.227145527893608874e-03
3.235625375506234833e-03
3.244080225875083708e-03
3.252496788851126901e-03
3.260934377548930108e-03
3.269412001598689683e-03
3.277875016170105158e-03
3.286295214479310021e-03
3.294724837848084925e-03
3.303198066815821350e-03
3.311668149159749473e-03
3.320094010416314075e-03
3.328517038892703315e-03
3.336984015102654674e-03
3.345459536947626399e-03
3.353892699208564122e-03
3.362310940670371322e-03
3.370770284412822216e-03
3.379249213230871296e-03
3.387690799963405473e-03
3.396106454087130608e-03
3.404557329322597300e-03
3.413037419284915656e-03
3.421487863075836893e-03
3.429903399027918551e-03
3.438345538740831663e-03
3.446824507883124254e-03
3.455283519434759060e-03
3.463701443274888603e-03
3.472135157043534318e-03
3.480610836163991646e-03
3.489077496035760794e-03
3.497500152759128438e-03
3.505926372018494056e-03
3.514396801728058434e-03
3.522869696808366737e-03
3.531299011011615561e-03
3.539719348315698098e-03
3.548182870027589454e-03
3.556660219352905748e-03
3.565097480923761462e-03
3.573514088347244742e-03
3.581969472666479692e-03
3.590449217395300877e-03
3.598895090922237146e-03
3.607310391280382084e-03
3.615756988717084685e-03
3.624236876547745709e-03
3.632691451246358380e-03
3.641107941323930026e-03
3.649545797091267255e-03
3.658023524588108893e-03
3.666486299944547115e-03
3.674906342581808327e-03
3.683336211416531145e-03
3.691809600682633731e-03
3.700279491709637745e-03
3.708705133087253532e-03
3.717128354851563597e-03
3.725595546067374426e-03
3.734070929028584455e-03
3.742503837368245379e-03
3.750922195070868163e-03
3.759381800127810803e-03
3.767860649317483941e-03
3.776301969072433113e-03
3.784717657219647570e-03
3.793168818827967644e-03
3.801648898317681446e-03
3.810099072291518209e-03
3.818514564643753911e-03
3.826956986151033510e-03
3.835436022536809451e-03
3.843894773375803112e-03
3.852312585872808264e-03
3.860746548451956996e-03
3.869222370512420076e-03
3.877688798600352309e-03
3.886111285496938843e-03
3.894537707835753117e-03
3.903008340452823396e-03
3.911481056152507629e-03
3.919910144624574877e-03
3.928330634633917309e-03
3.936794398180102142e-03
3.945271638896527024e-03
3.953708629264827100e-03
3.962125327635951724e-03
3.970580974122755145e-03
3.979060685763364906e-03
3.987506270146370588e-03
3.995921583958527736e-03
4.004368452809197593e-03
4.012848377726225581e-03
4.021302677058764992e-03
4.029719095142892012e-03
4.038157220817512397e-03
4.046635048314766933e-03
4.055097584166268004e-03
4.063517471961230511e-03
4.071947588630949778e-03
4.080421136519718148e-03
4.088890834595651676e-03
4.097316258419721538e-03
4.105739674279170436e-03
4.114207080218748244e-03
4.122682320961515087e-03
4.131114978315926500e-03
4.139533453284468048e-03
4.147993319540285717e-03
4.156472085988612529e-03
4.164913140189313405e-03
4.173328864698383663e-03
4.181780312185031691e-03
4.190260379541385638e-03
4.198710282920298763e-03
4.207125735250522719e-03
4.215568437202086433e-03
4.224047539929635595e-03
4.232506027676716416e-03
4.240923732789365387e-03
4.249357943686247682e-03
4.257833907095330203e-03
4.266300101312891883e-03
4.274722420703665378e-03
4.283149047698163979e-03
4.291619880907882219e-03
4.300092416372683878e-03
4.308521279166851146e-03
4.316941925273248132e-03
4.325405927728899827e-03
4.333883058939059542e-03
4.342319777481233774e-03
4.350736569784909372e-03
4.359192476821639912e-03
4.367672153480261880e-03
4.376117449189958347e-03
4.384532778300229833e-03
4.392979919195942433e-03
4.401459877971169651e-03
4.409913904690295448e-03
4.418330252048022037e-03
4.426768650120784659e-03
4.435246574232522103e-03
4.443708870282041951e-03
4.452128604405714354e-03
4.460558970777721115e-03
4.469032675012606093e-03
4.477502177601138181e-03
4.485927386269295859e-03
4.494350996895671302e-03
4.502818617506957471e-03
4.511293712517829013e-03
4.519726121307499588e-03
4.528144714648900393e-03
4.536604842927501741e-03
4.545083523190095523e-03
4.553524312386678791e-03
4.561940075996987788e-03
4.570391809353843530e-03
4.578871862314784665e-03
4.587321493319393255e-03
4.595736909912515565e-03
4.604179891437579913e-03
4.612659059127588099e-03
4.621117281170414315e-03
4.629534882936835009e-03
4.637969342304281740e-03
4.646445445261243590e-03
4.654911403987565914e-03
4.663333557982249356e-03
4.671760392387512735e-03
4.680231423435599059e-03
4.688703777743908133e-03
4.697132415127267327e-03
4.705553221534452581e-03
4.714017460386254327e-03
4.722494480988861411e-03
4.730930927171755548e-03
4.739347816837086343e-03
4.747803983659312950e-03
4.756283622495026918e-03
4.764728629912234545e-03
4.773143976166877890e-03
4.781591390458135409e-03
4.790071379414519680e-03
4.798525130049617442e-03
4.806941407171866007e-03
4.815380079269251934e-03
4.823858096694584076e-03
4.832320153147219056e-03
4.840739735054501794e-03
4.849170352158487136e-03
4.857644211140290519e-03
4.866113516385162964e-03
4.874538512437986450e-03
4.882962317794390869e-03
4.891430152644002036e-03
4.899905098964349275e-03
4.908337262217007252e-03
4.916755974263075681e-03
4.925216364233331486e-03
4.933694956116607515e-03
4.942135481520309147e-03
4.950551286339619633e-03
4.959003304345418681e-03
4.967483341669497350e-03
4.975932699074602644e-03
4.984348083046503258e-03
4.992791342637472110e-03
5.001270574385324394e-03
5.009728529195234259e-03
5.018146030940522084e-03
5.026580738427674153e-03
5.035056979512900904e-03
5.043522701534121529e-03
5.051944691578942603e-03
5.060371735609339207e-03
5.068842962089151020e-03
5.077315134838906313e-03
5.085743546030831001e-03
5.094164516287291548e-03
5.102628988964516728e-03
5.111105898201486614e-03
5.119542072054745346e-03
5.127959061746627419e-03
5.136415486970790159e-03
5.144895085796442891e-03
5.153339806286758550e-03
5.161755170982135210e-03
5.170202859625068655e-03
5.178682875454990175e-03
5.187136354131499476e-03
5.195552561966559207e-03
5.203991510123798930e-03
5.212469618234728125e-03
5.220931434618103495e-03
5.229350865829780932e-03
5.237781734491491446e-03
5.246255746310487383e-03
5.254724851819585901e-03
5.263149638743671622e-03
5.271573638593188629e-03
5.280041687172470043e-03
5.288516481787372200e-03
5.296948402472520696e-03
5.305367234341591340e-03
5.313827885477902073e-03
5.322306386188886164e-03
5.330746648408650479e-03
5.339162497645548629e-03
5.347614799099056557e-03
5.356094819193535535e-03
5.364543901532159952e-03
5.372959257627916464e-03
5.381402793493855231e-03
5.389882088336473039e-03
5.398339774030153602e-03
5.406757179453656678e-03
5.415192135321472873e-03
5.423668512578645740e-03
5.432133996817089389e-03
5.440555824686449903e-03
5.448983080959686129e-03
5.457454500079469625e-03
5.465926490726951553e-03
5.474354675384996913e-03
5.482775812979440340e-03
5.491240516770074312e-03
5.499717313455725239e-03
5.508153214730904940e-03
5.516570306973502327e-03
5.525026990142019312e-03
5.533506546428079535e-03
5.541950980705502398e-03
5.550366365151101350e-03
5.558814329425392810e-03
5.567294368899206730e-03
5.575747576105074925e-03
5.584163715437515281e-03
5.592602941817979845e-03
5.601081137365093200e-03
5.609542713153327538e-03
5.617961995671908078e-03
5.626393116945994054e-03
5.634867281391899366e-03
5.643336184770274266e-03
5.651760765159528216e-03
5.660184959940459115e-03
5.668653222967783185e-03
5.677127862520150482e-03
5.685559542828887494e-03
5.693978495940952081e-03
5.702439408580148132e-03
5.710917815888812490e-03
5.719357814853302455e-03
5.727773711699448746e-03
5.736226295610243400e-03
5.744706297246084982e-03
5.753155102723948519e-03
5.761570434594394906e-03
5.770014245803397127e-03
5.778493602854605643e-03
5.786951017498257431e-03
5.795368329632847454e-03
5.803803534545927227e-03
5.812280046022037273e-03
5.820745291740774333e-03
5.829166958378997031e-03
5.837594430002418858e-03
5.846066038824416361e-03
5.854537847086642086e-03
5.862965805363920015e-03
5.871387114249693520e-03
5.879852046960010181e-03
5.888328729774498609e-03
5.896764358795890219e-03
5.905181555908442341e-03
5.913638496493379970e-03
5.922118007337070708e-03
5.930562156953369905e-03
5.938977562515975438e-03
5.947425804108990438e-03
5.955905863703007605e-03
5.964358799849840340e-03
5.972774871938256978e-03
5.981214377847764684e-03
5.989692658248126599e-03
5.998153992613024753e-03
6.006573128463919484e-03
6.015004502631227448e-03
6.023478817542624389e-03
6.031947516013733655e-03
6.040371893593773737e-03
6.048796283169398900e-03
6.057264760066981280e-03
6.065739241768783492e-03
6.074170684477383023e-03
6.082589760427264784e-03
6.091050933467234696e-03
6.099529245213206746e-03
6.107968981517007505e-03
6.116384929203776306e-03
6.124837793917470991e-03
6.133317776231164524e-03
6.141766303355147318e-03
6.150181615056427888e-03
6.158625700232779783e-03
6.167105118282462800e-03
6.175562260225569283e-03
6.183979482278710062e-03
6.192414937091379572e-03
6.200891580625035072e-03
6.209356586711848452e-03
6.217778092873015895e-03
6.226205783260150596e-03
6.234677579044940569e-03
6.243149204388378538e-03
6.251576935134527981e-03
6.259998418572240361e-03
6.268463578112091344e-03
6.276940145368287670e-03
6.285375502397297538e-03
6.293792806396412629e-03
6.302250004689260825e-03
6.310729466895973437e-03
6.319173332915151153e-03
6.327588760346013891e-03
6.336037281141123495e-03
6.344517357362041039e-03
6.352970023160506817e-03
6.361386028955104931e-03
6.369825816708569663e-03
6.378304179379198566e-03
6.386765270577088489e-03
6.395184261743942430e-03
6.403615889634323328e-03
6.412090355101511194e-03
6.420558845290583877e-03
6.428983023091691847e-03
6.437407607734465208e-03
6.445876298865079075e-03
6.454350619309543076e-03
6.462781826287201763e-03
6.471201026986149636e-03
6.479662460134279385e-03
6.488140674037426447e-03
6.496580146668864617e-03
6.504996149020197092e-03
6.513449293295512157e-03
6.521929254956533410e-03
6.530377501280730003e-03
6.538792796799573238e-03
6.547237155277428958e-03
6.555716632769380790e-03
6.564173500064517108e-03
6.572590634809422593e-03
6.581026340934347831e-03
6.589503113867084191e-03
6.597967879700745997e-03
6.606389226159197978e-03
6.614817138594722770e-03
6.623289118451751965e-03
6.631760560133806957e-03
6.640188063561341947e-03
6.648609724748978482e-03
6.657075109130672526e-03
6.665551558920020103e-03
6.673986644869230739e-03
6.682404057732293200e-03
6.690861513350502068e-03
6.699340923722476790e-03
6.707784508116726267e-03
6.716199958637771548e-03
6.724648759664416178e-03
6.733128848982063153e-03
6.741581246236109590e-03
6.749997187550344814e-03
6.758437257642961604e-03
6.766915700133052311e-03
6.775376547633301175e-03
6.783795397653794024e-03
6.792227278719416110e-03
6.800701892873377806e-03
6.809170172692209297e-03
6.817594154815488292e-03
6.826018934263124865e-03
6.834487838504818731e-03
6.842961995640523855e-03
6.851392969635524202e-03
6.859812296950686117e-03
6.868273988258373833e-03
6.876752102894495740e-03
6.885191312084001578e-03
6.893607372526160473e-03
6.902060793837667269e-03
6.910540733914572950e-03
6.918988698699586083e-03
6.927403982185861668e-03
6.935848612003980146e-03
6.944328147219555603e-03
6.952784740336112775e-03
6.961201790683079968e-03
6.969637748793607729e-03
6.978114648188901530e-03
6.986579174088589604e-03
6.995000361908557292e-03
7.003428498968896493e-03
7.011900659400720388e-03
7.020371917358735926e-03
7.028799193762434554e-03
7.037221035416539247e-03
7.045686642307131750e-03
7.054162972962862294e-03
7.062597789513519984e-03
7.071015312731621788e-03
7.079473025925426058e-03
7.087952381211955893e-03
7.096395685855671001e-03
7.104811160569947034e-03
7.113260242953359409e-03
7.121740341919686676e-03
7.130192470841271828e-03
7.138608349042200804e-03
7.147048702554642530e-03
7.155527222561833614e-03
7.163987824498967497e-03
7.172406536112712477e-03
7.180838670341076202e-03
7.189313433014584385e-03
7.197781499121157917e-03
7.206205288599797087e-03
7.214630263363133039e-03
7.223099380610003770e-03
7.231573370869841602e-03
7.240004113118579145e-03
7.248423569547962977e-03
7.256885518465885053e-03
7.265363531645328832e-03
7.273802476164815262e-03
7.282218599253622443e-03
7.290672296474912974e-03
7.299152213700790294e-03
7.307599894705573210e-03
7.316015170024898172e-03
7.324460070983057625e-03
7.332939662133593738e-03
7.341395978174939177e-03
7.349812946062427889e-03
7.358249158173077800e-03
7.366726181534597774e-03
7.375190466770744670e-03
7.383611496020960410e-03
7.392039861414888627e-03
7.400512199579975525e-03
7.408983272995027687e-03
7.417410321960709110e-03
7.425832346905449077e-03
7.434298175019871634e-03
7.442774384243002958e-03
7.451208931748579296e-03
7.459626566726299153e-03
7.468084538213216883e-03
7.476563834827942324e-03
7.485006860864386498e-03
7.493422360614617611e-03
7.501871726017819014e-03
7.510351831430828878e-03
7.518803692511951547e-03
7.527219509484704349e-03
7.535660147287822144e-03
7.544138743106195213e-03
7.552599097772053592e-03
7.561017674279959730e-03
7.569450061413375390e-03
7.577924971995663415e-03
7.586392821523493292e-03
7.594816422060440310e-03
7.603241592550633726e-03
7.611710921813815214e-03
7.620184743177924915e-03
7.628615255806834965e-03
7.637034843965353342e-03
7.645497048672751823e-03
7.653974959265228903e-03
7.662413638832515396e-03
7.670829828344842907e-03
7.679283799232247514e-03
7.687763692495507353e-03
7.696211088259333546e-03
7.704626359218102322e-03
7.713071530713665018e-03
7.721551175766705986e-03
7.730007214755097063e-03
7.738424102531654865e-03
7.746860570567406200e-03
7.755337714683835718e-03
7.763801759218675637e-03
7.772222630329002173e-03
7.780651227434377294e-03
7.789123740377012529e-03
7.797594628519307486e-03
7.806021450697320403e-03
7.814443661871551400e-03
7.822909709480725324e-03
7.831385794685011975e-03
7.839820075489391596e-03
7.848237823418461115e-03
7.856696053239521985e-03
7.865175287850197094e-03
7.873618037908113043e-03
7.882033564040505369e-03
7.890483213570777601e-03
7.898963322437150061e-03
7.907414915675321787e-03
7.915830673537682660e-03
7.924271595902983301e-03
7.932750265545112506e-03
7.941210370920956038e-03
7.949628815537191848e-03
7.958061454776340499e-03
7.966536512740839127e-03
7.975004143071283066e-03
7.983427558067090340e-03
7.991852924582437331e-03
8.000322465232606595e-03
8.008796115586370654e-03
8.017226399728485248e-03
8.025646122225640194e-03
8.034108580714608219e-03
8.042586387695916175e-03
8.051024801121126409e-03
8.059441060798136144e-03
8.067895303005464744e-03
8.076375171573065004e-03
8.084822281355362808e-03
8.093237550986587606e-03
8.101682991890086366e-03
8.110162688866433267e-03
8.118618450974545223e-03
8.127035260206947470e-03
8.135471985823832311e-03
8.143949247656982748e-03
8.152413051884447107e-03
8.160833764965307394e-03
8.169262596503404014e-03
8.177735281167410747e-03
8.186205983584252457e-03
8.194632579241170958e-03
8.203054977748688859e-03
8.211521243768057227e-03
8.219997202775025658e-03
8.228431218632458952e-03
8.236849079829525883e-03
8.245307568847374050e-03
8.253786738319916425e-03
8.262229214071927993e-03
8.270644766933640465e-03
8.279094701381621915e-03
8.287574810598285352e-03
8.296026136574751256e-03
8.304441837672203383e-03
8.312883044647915651e-03
8.321361787031023027e-03
8.329821641189436021e-03
8.338239957580617992e-03
8.346672848526382263e-03
8.355148053044899811e-03
8.363615461371503093e-03
8.372038694232876097e-03
8.380464257491095081e-03
8.388934008130575007e-03
8.397407485344931741e-03
8.405837541965121423e-03
8.414257402061513930e-03
8.422720112470364479e-03
8.431197814685183548e-03
8.439635961103177098e-03
8.448052295369178066e-03
