0.000000000000000000e+00
8.387550472897805663e-06
1.689015948102610509e-05
2.541826707820472915e-05
3.383934867682584157e-05
4.219619583026679806e-05
5.066707455313916255e-05
5.920345219480219434e-05
6.766480893262128121e-05
7.602402556713032465e-05
8.444970344060766091e-05
9.298331079333650175e-05
1.014756182971518538e-04
1.098554909143061248e-04
1.182462126060245477e-04
1.267582954792597749e-04
1.352791647190584108e-04
1.436832749612433624e-04
1.520550286897318852e-04
1.605342306856786399e-04
1.690715818161515123e-04
1.775125054838646492e-04
1.858705428412216610e-04
1.943170644154228958e-04
2.028511266778090165e-04
2.113365541087273373e-04
2.197007418295989433e-04
2.281057839447742075e-04
2.366266156476678085e-04
2.451400623811402120e-04
2.535401907887734128e-04
2.619093585564407798e-04
2.704015090837715864e-04
2.789336012303512383e-04
2.873668952857027234e-04
2.957286797468338920e-04
3.041802515109983665e-04
3.127194270409053897e-04
3.211866186340625400e-04
3.295517472238868538e-04
3.379701017217514019e-04
3.464958799348440057e-04
3.550006114209125528e-04
3.633797680266475879e-04
3.717678625394627663e-04
3.802710923818011617e-04
3.887993319710063506e-04
3.972167253454720400e-04
4.055756048779631255e-04
4.140483721910165902e-04
4.225843313173678465e-04
4.310450419236244745e-04
4.394043149137548594e-04
4.478307204641407391e-04
4.563640853513753915e-04
4.648566443925765531e-04
4.732374218251933690e-04
4.816289888327986331e-04
4.901385985376813205e-04
4.986615653025204672e-04
5.070662298228502309e-04
5.154370703094109541e-04
5.239153140649101606e-04
5.324524529275597058e-04
5.408971003010866994e-04
5.492522535587491574e-04
5.576977941270787765e-04
5.662323762666564590e-04
5.747176784435473066e-04
5.830800766601060324e-04
5.914869178151107047e-04
6.000085000199418660e-04
6.085214791901225832e-04
6.169176122034321840e-04
6.252875237314701714e-04
6.337839519340672306e-04
6.423145056474886729e-04
6.507467954344793581e-04
6.591070946250789618e-04
6.675618245786873409e-04
6.761009813659178995e-04
6.845663994867238165e-04
6.929323694839513003e-04
7.013510599146334902e-04
7.098783073713059747e-04
7.183810533660275584e-04
7.267599113934707826e-04
7.351492224642431446e-04
7.436532255816124615e-04
7.521812878638848426e-04
7.605931641930569918e-04
7.689555945463387963e-04
7.774311061240172117e-04
7.859676550025942012e-04
7.944226095000611306e-04
8.027749514036793856e-04
8.112133528905884688e-04
8.197470539363754501e-04
8.282368082351004726e-04
8.366096760827742770e-04
8.450041749561274960e-04
8.535233763607585509e-04
8.620386166505409351e-04
8.704412596963847408e-04
8.788104001098059068e-04
8.872985559815565982e-04
8.958324854727386672e-04
9.042659861214386464e-04
9.126283879298430516e-04
9.210785153490701465e-04
9.296172676017893472e-04
9.380868783356704479e-04
9.464509496492645464e-04
9.548685639764649142e-04
9.633933550863760980e-04
9.719001379240943886e-04
9.802794364847503862e-04
9.886658072807840043e-04
9.971690820230649961e-04
1.005697551662283621e-03
1.014113983594807245e-03
1.022472978751042634e-03
1.030946587187283638e-03
1.039483132079772800e-03
1.047941644667577067e-03
1.056295911323479851e-03
1.064728941165758638e-03
1.073262797061051016e-03
1.081753514443051928e-03
1.090128338670727200e-03
1.098521067899285676e-03
1.107039255758454762e-03
1.115555004045174848e-03
1.123958227408917423e-03
1.132327959243818521e-03
1.140814129988401964e-03
1.149349015520882353e-03
1.157782755319516996e-03
1.166144928007351337e-03
1.174594584255572250e-03
1.183133321538886503e-03
1.191603008236150757e-03
1.199966767776008796e-03
1.208384285773448155e-03
1.216909521754772593e-03
1.225415550491564323e-03
1.233794408846200031e-03
1.242181534696392168e-03
1.250685133496333423e-03
1.259213432390211655e-03
1.267628043543261689e-03
1.275988068585352710e-03
1.284462743841256705e-03
1.292999527826069065e-03
1.301455739450705067e-03
1.309808075580491064e-03
1.318245258913827234e-03
1.326779172921066941e-03
1.335268796899559277e-03
1.343640037338313976e-03
1.352035649526312855e-03
1.360555658407297053e-03
1.369070559380661809e-03
1.377471970678401060e-03
1.385840243849693204e-03
1.394331028701291733e-03
1.402863609850032523e-03
1.411296696325637810e-03
1.419657541587966698e-03
1.428109768088288174e-03
1.436649206459410244e-03
1.445115070567793650e-03
1.453479921800296176e-03
1.461898238173011148e-03
1.470426476306876907e-03
1.478927275883177954e-03
1.487306072144177005e-03
1.495696190499390919e-03
1.504201306439101674e-03
1.512728244974200290e-03
1.521135387792756522e-03
1.529501912924451914e-03
1.537979051860109171e-03
1.546516001708794080e-03
1.554964025974171857e-03
1.563317128750106545e-03
1.571761243707816159e-03
1.580295919071391265e-03
1.588781882070844581e-03
1.597144300976481145e-03
1.605550403637392683e-03
1.614072235565889527e-03
1.622585145692619817e-03
1.630978346848091639e-03
1.639349390155524656e-03
1.647847899656875066e-03
1.656378190941828121e-03
1.664807632613491675e-03
1.673163163303237983e-03
1.681625685826959420e-03
1.690163464622264225e-03
1.698626499051960302e-03
1.706988440235695983e-03
1.715410014485412981e-03
1.723943172792008699e-03
1.732436453511954728e-03
1.740815890414361107e-03
1.749206472998298192e-03
1.757718151803169771e-03
1.766238834356921280e-03
1.774642685069322988e-03
1.783013469703575039e-03
1.791493832159800608e-03
1.800031135392010651e-03
1.808467144539474157e-03
1.816827448965817890e-03
1.825275781344729486e-03
1.833812641917186058e-03
1.842287631977062223e-03
1.850648807745324280e-03
1.859064626508941413e-03
1.867588812260330064e-03
1.876097246732154420e-03
1.884477146930190090e-03
1.892861263598249588e-03
1.901364383765770470e-03
1.909892935663901016e-03
1.918308235337126601e-03
1.926667470914003935e-03
1.935141871846785986e-03
1.943678777598333712e-03
1.952133680616371849e-03
1.960485394681804692e-03
1.968924001437040092e-03
1.977458309805296081e-03
1.985946984766827697e-03
1.994314579996563867e-03
2.002713636898339773e-03
2.011234452729093996e-03
2.019748614886328082e-03
2.028146492223850423e-03
2.036514682683824955e-03
2.045010101793232581e-03
2.053541063943126275e-03
2.061972127696058178e-03
2.070329562018538572e-03
2.078787860273074908e-03
2.087326357878234884e-03
2.095789949435906008e-03
2.104152947654179713e-03
2.112572660266773174e-03
2.121105446154809577e-03
2.129599327904749609e-03
2.137978555006598853e-03
2.146369052320966538e-03
2.154880067264920707e-03
2.163401222687402932e-03
2.171805019355778441e-03
2.180175559095496804e-03
2.188655759396141310e-03
2.197193170011770350e-03
2.205629242477383407e-03
2.213989346331158604e-03
2.222437650490368018e-03
2.230974611997996702e-03
2.239449391854139541e-03
2.247810576225970844e-03
2.256226427811888844e-03
2.264750762898420922e-03
2.273258823946590866e-03
2.281638279365827675e-03
2.290022921116469188e-03
2.298526294391881487e-03
2.307054792939583574e-03
2.315469160628670642e-03
2.323829061473200574e-03
2.332303811370776969e-03
2.340840725050166021e-03
2.349295132289296213e-03
2.357646726488231252e-03
2.366085897899572379e-03
2.374620262937544597e-03
2.383108651291085834e-03
2.391475465195054464e-03
2.399875404555916209e-03
2.408396401029353536e-03
2.416910359947435985e-03
2.425307049789086292e-03
2.433675644030612421e-03
2.442171887607511721e-03
2.450702717593541795e-03
2.459133026067255191e-03
2.467489439922287628e-03
2.475949516130520559e-03
2.484487769462428303e-03
2.492950952741668832e-03
2.501312610128111121e-03
2.509733698486869575e-03
2.518266897783348439e-03
2.526760294058263273e-03
2.535138997321547544e-03
2.543529268953420835e-03
2.552041852192094788e-03
2.560561541062662382e-03
2.568965114395338565e-03
2.577335388208526566e-03
2.585816941549035682e-03
2.594353681136942185e-03
2.602788344350136056e-03
2.611148968335906019e-03
2.619597905551257228e-03
2.628136035887540436e-03
2.636607031149478409e-03
2.644969647744990510e-03
2.653386526045330325e-03
2.661912006479348527e-03
2.670417333458863403e-03
2.678795306079259034e-03
2.687182805009998097e-03
2.695687044682651672e-03
2.704215024323435024e-03
2.712624136960592458e-03
2.720988136301050013e-03
2.729464545376137068e-03
2.738001569697654392e-03
2.746450729393580797e-03
2.754802915905021302e-03
2.763246418770931145e-03
2.771781189580204904e-03
2.780266615151725552e-03
2.788627706481003592e-03
2.797035082404525277e-03
2.805557328372474801e-03
2.814069759403215430e-03
2.822459463060747551e-03
2.830832743569225863e-03
2.839332819736104917e-03
2.847862640366908421e-03
2.856288218135764022e-03
2.864641952269160897e-03
2.873110318678009228e-03
2.881647569346371465e-03
2.890107863312289110e-03
2.898463650917315268e-03
2.906892833312414628e-03
2.915426900010617724e-03
2.923917789546022581e-03
2.932291680522838666e-03
2.940684010492713735e-03
2.949202857812511288e-03
2.957718447285691363e-03
2.966119274740505653e-03
2.974487355399025798e-03
2.982977884356208861e-03
2.991510586414104517e-03
2.999942784140717869e-03
3.008301907267613585e-03
3.016755982370579285e-03
3.025295311406729724e-03
3.033759862364859231e-03
3.042122966966682909e-03
3.050541900909089447e-03
3.059073407829815319e-03
3.067568945199068003e-03
3.075947739694329542e-03
3.084337995343514570e-03
3.092847752298138412e-03
3.101369633874170254e-03
3.109773176449399067e-03
3.118142806732550083e-03
3.126623416333716016e-03
3.135160678652298537e-03
3.143595965729587341e-03
3.151955819046039012e-03
3.160404468847184938e-03
3.168942374828506020e-03
3.177413841968564773e-03
3.185776165010981414e-03
3.194192753816133424e-03
3.202718422201255525e-03
3.211223551186760325e-03
3.219601434797567194e-03
3.227988822566219777e-03
3.236493399829334146e-03
3.245021140266333547e-03
3.253428615744306720e-03
3.261793724088181152e-03
3.270270696038182854e-03
3.278807943448849762e-03
3.287254170838294336e-03
3.295607811139896880e-03
3.304052467374305087e-03
3.312587651557255281e-03
3.321071018747976354e-03
3.329430410750771913e-03
3.337840821559601937e-03
3.346363756150023006e-03
3.354875120151217319e-03
3.363259305417993800e-03
3.371637571834301076e-03
3.380139235397007762e-03
3.388668545296383196e-03
3.397089240133573888e-03
3.405444396133721838e-03
3.413916726157625696e-03
3.422453754370868937e-03
3.430911036630567967e-03
3.439262400470233152e-03
3.447698788101523620e-03
3.456233118899415448e-03
3.464722168810436924e-03
3.473090306192180409e-03
3.481488172431163996e-03
3.490009237076112294e-03
3.498523232048596394e-03
3.506919529501432119e-03
3.515287650264319573e-03
3.523784645609195736e-03
3.532315412863846257e-03
3.540744508266749618e-03
3.549099595558958490e-03
3.557562164291685081e-03
3.566100153036958105e-03
3.574562314132965612e-03
3.582921771555027963e-03
3.591345346176996484e-03
3.599879305421880768e-03
3.608371442813361907e-03
3.616747663122922476e-03
3.625137951181062797e-03
3.633654856461036257e-03
3.642171727431469698e-03
3.650573618424817271e-03
3.658942123141714371e-03
3.667429857942492485e-03
3.675963642161327993e-03
3.684396304885587201e-03
3.692755949011696306e-03
3.701208345060049212e-03
3.709747903637984102e-03
3.718213109863782295e-03
3.726576292012704055e-03
3.734994781296765293e-03
3.743525527222043951e-03
3.752022101775451604e-03
3.760400688324146493e-03
3.768790525803795630e-03
3.777299853744105380e-03
3.785822324358951909e-03
3.794225837348039893e-03
3.802595125720186625e-03
3.811075569800952655e-03
3.819612946331340988e-03
3.828048454827720319e-03
3.836407989963592016e-03
3.844856489734299783e-03
3.853394433278347665e-03
3.861866005720842026e-03
3.870228080288552579e-03
3.878644590893621895e-03
3.887170458294674034e-03
3.895675330508349340e-03
3.904053089389937937e-03
3.912440528138268897e-03
3.920945311828718562e-03
3.929472926656945447e-03
3.937879756746655822e-03
3.946245202767649160e-03
3.954722474296102318e-03
3.963260039081752291e-03
3.971704154277986600e-03
3.980058756667499351e-03
3.988504227784842558e-03
3.997039862745528638e-03
4.005521390472954919e-03
4.013880343060045701e-03
4.022292482636509112e-03
4.030815867317902486e-03
4.039326481527639144e-03
4.047708235864705059e-03
4.056088899132171723e-03
4.064591251204386496e-03
4.073120412201471259e-03
4.081537859804798204e-03
4.089894861760416667e-03
4.098368701203888159e-03
4.106905828721334716e-03
4.115360461265144335e-03
4.123710892639869188e-03
4.132150634826788592e-03
4.140685285333620298e-03
4.149172788709719513e-03
4.157536110611588336e-03
4.165939481890305017e-03
4.174461484769878723e-03
4.182974612810873988e-03
4.191366226714274279e-03
4.199737385507864608e-03
4.208236925811594670e-03
4.216766984321258446e-03
4.225193102468525336e-03
4.233546404683452904e-03
4.242014307600515052e-03
4.250551796552964195e-03
4.259011941758815076e-03
4.267367105443578557e-03
4.275796770445692598e-03
4.284331059377718617e-03
4.292821695997358321e-03
4.301194168563272219e-03
4.309587250411994232e-03
4.318107015234322332e-03
4.326622148304122908e-03
4.335021412047736743e-03
4.343388577203617477e-03
4.351882194341080180e-03
4.360414079425663919e-03
4.368844909180710084e-03
4.377201689678828639e-03
4.385659935226758101e-03
4.394198679242775941e-03
4.402661653526360186e-03
4.411022739998287159e-03
4.419443873111673568e-03
4.427977373568001661e-03
4.436470480462572155e-03
4.444847803428536408e-03
4.453237847205891026e-03
4.461752366541108482e-03
4.470270631128333769e-03
4.478673317024867151e-03
4.487042298363385327e-03
4.495527277177101613e-03
4.504062385096405802e-03
4.512495587309758166e-03
4.520855416488812895e-03
4.529306395321230916e-03
4.537846007164285551e-03
4.546312140539211614e-03
4.554675235877153963e-03
4.563093262818554950e-03
4.571623204714197336e-03
4.580120997213812419e-03
4.588499297428453617e-03
4.596888994266914823e-03
4.605397609232266855e-03
4.613920810591389671e-03
4.622324389346690009e-03
4.630693402901720629e-03
4.639173468957192431e-03
4.647711023606575578e-03
4.656147048324568542e-03
4.664506226965320357e-03
4.672954437438592290e-03
4.681492209371146060e-03
4.689964501701871478e-03
4.698326104267082012e-03
4.706742380871005611e-03
4.715268225735824020e-03
4.723773315910797209e-03
4.732150859285922870e-03
4.740538176862371840e-03
4.749043084854120793e-03
4.757570644525178048e-03
4.765977130977690733e-03
4.774342696393600767e-03
4.782820076524045040e-03
4.791357840203945041e-03
4.799801131126046894e-03
4.808155956553327587e-03
4.816601776030343500e-03
4.825137827138645946e-03
4.833618097282630331e-03
4.841977065451258042e-03
4.850389993385981202e-03
4.858913887259676614e-03
4.867423684937722053e-03
4.875803659641758485e-03
4.884186203176069281e-03
4.892689261179694604e-03
4.901218246429368819e-03
4.909631618249997442e-03
4.917991539780374941e-03
4.926466629553172619e-03
4.935003880199099677e-03
4.943455636874567218e-03
4.951806341087173699e-03
4.960248414130515038e-03
4.968783241247993858e-03
4.977269325015042101e-03
4.985630365843898154e-03
4.994036854178643056e-03
5.002559303106023959e-03
5.011071762681000574e-03
5.019460294606332279e-03
5.027834050266940039e-03
5.036334847444362897e-03
5.044864639528560783e-03
5.053287577418835892e-03
5.061641391611002710e-03
5.070112377722711498e-03
5.078649733211411041e-03
5.087107743522157471e-03
5.095459382630341573e-03
5.103894540673711844e-03
5.112429247630486361e-03
5.120918430720838681e-03
5.129285923513966609e-03
5.137684051460747990e-03
5.146205515669262549e-03
5.154719511516869107e-03
5.163114423580032926e-03
5.171483052229356413e-03
5.179981072309249035e-03
5.188511799833943686e-03
5.196939510763067503e-03
5.205293053624322590e-03
5.213758722156147142e-03
5.222296760614479789e-03
5.230757608455447426e-03
5.239113510281436133e-03
5.247541555117365801e-03
5.256076167199520872e-03
5.264567068717635259e-03
5.272939657842683030e-03
5.281332425999535687e-03
5.289852220106749069e-03
5.298367515229965470e-03
5.306766523409407917e-03
5.315133580393083083e-03
5.323627531585953254e-03
5.332159555369024584e-03
5.340589930983219956e-03
5.348945874491844304e-03
5.357405443708255013e-03
5.365944292685605015e-03
5.374406899521731382e-03
5.382766467821827917e-03
5.391189233831935809e-03
5.399723345383670818e-03
5.408215719129712447e-03
5.416591563417859356e-03
5.424981791643484000e-03
5.433498913512181845e-03
5.442015953480560699e-03
5.450417208465638784e-03
5.458785011833980697e-03
5.467274186294899911e-03
5.475807756626413503e-03
5.484239711331728891e-03
5.492597791242482229e-03
5.501052615579896284e-03
5.509592114215685309e-03
5.518056113492995733e-03
5.526417941160141623e-03
5.534837626638546525e-03
5.543370547485342373e-03
5.551864785244844946e-03
5.560242241469989799e-03
5.568631923743459430e-03
5.577145654706991244e-03
5.585664765941883436e-03
5.594067248042099323e-03
5.602435849463347113e-03
5.610920985323877321e-03
5.619456273381927443e-03
5.627889264739419257e-03
5.636248643822614098e-03
5.644700154344907406e-03
5.653239900295303592e-03
5.661705576724742131e-03
5.670068160611075984e-03
5.678486439722175289e-03
5.687017579136383755e-03
5.695513920062533243e-03
5.703891974470246679e-03
5.712281225518201812e-03
5.720792443866517044e-03
5.729313649094403861e-03
5.737716219912363837e-03
5.746085235940680790e-03
5.754568082772359983e-03
5.763104404980851601e-03
5.771538168824397706e-03
5.779897622609253202e-03
5.788347858706372612e-03
5.796887411050851042e-03
5.805354406501125712e-03
5.813717138523583593e-03
5.822134754298814892e-03
5.830664578534874680e-03
5.839162896645299847e-03
5.847540819037246908e-03
5.855930212769601927e-03
5.864439362663502464e-03
5.872962419045357242e-03
5.881365655694917143e-03
5.889734445426135848e-03
5.898215351868685286e-03
5.906752729111105181e-03
5.915187911973912756e-03
5.923547079647726275e-03
5.931995947399025353e-03
5.940534793095561365e-03
5.949004402212927818e-03
5.957366568366393410e-03
5.965783501512509149e-03
5.974311562068765173e-03
5.982812863320722749e-03
5.991190476583194320e-03
5.999579217760183693e-03
6.008086355429458590e-03
6.016611708729266948e-03
6.025015608532836853e-03
6.033383538626377676e-03
6.041862855269522145e-03
6.050400783646416904e-03
6.058837969151921118e-03
6.067196134400279495e-03
6.075643940470112740e-03
6.084182047172191111e-03
6.092654505277440846e-03
6.101015375486634404e-03
6.109431737625140892e-03
6.117958564764263731e-03
6.126462075715473875e-03
6.134839491804142987e-03
6.143227443221377371e-03
6.151733621982287230e-03
6.160260081756437425e-03
6.168664743942153458e-03
6.177031836929293591e-03
6.185510416833548547e-03
6.194048508079839227e-03
6.202487478955567499e-03
6.210844530346491636e-03
6.219291887319330914e-03
6.227829535203669407e-03
6.236304055330588007e-03
6.244664408137793991e-03
6.253079989070284804e-03
6.261605997789840283e-03
6.270111644301377962e-03
6.278489081859523445e-03
6.286876011377452202e-03
6.295381169730549127e-03
6.303908756803876072e-03
6.312314805396524071e-03
6.320680546311980424e-03
6.329158288423225066e-03
6.337696419054609891e-03
6.346137754111139812e-03
6.354493142559180727e-03
6.362939964371427080e-03
6.371477007333928126e-03
6.379953532418070408e-03
6.388313298803744399e-03
6.396728079453067352e-03
6.405253444668584581e-03
6.413760472494898363e-03
6.422138213447363062e-03
6.430524167677204549e-03
6.439028727014537400e-03
6.447556925277445929e-03
6.455964475148109026e-03
6.464328816308517398e-03
6.472806084848591046e-03
6.481344175282678990e-03
6.489787692286812411e-03
6.498142065634349672e-03
6.506587982446889774e-03
6.515124531859195316e-03
6.523603860952313128e-03
6.531962840693122420e-03
6.540376384620009108e-03
6.548900934733111086e-03
6.557409717323876668e-03
6.565788251128032785e-03
6.574172580437997668e-03
6.582676443282322286e-03
6.591205230731899019e-03
6.599614865417902446e-03
6.607977175845629846e-03
6.616453982923345585e-03
6.624991978365355957e-03
6.633437390611003452e-03
6.641790717922082740e-03
6.650235986893709116e-03
6.658772319122788393e-03
6.667252910711033743e-03
6.675611694451249675e-03
6.684024496421010417e-03
6.692548825168625690e-03
6.701058296366788937e-03
6.709437462867407116e-03
6.717820830150220482e-03
6.726324490534410505e-03
6.734853564256864170e-03
6.743264278010440739e-03
6.751625780334009896e-03
6.760102195157441894e-03
6.768640113460336859e-03
6.777086865896445565e-03
6.785439374120002219e-03
6.793884193997635698e-03
6.802420310524258211e-03
6.810901652023343585e-03
6.819260387740896413e-03
6.827672647168478437e-03
6.836196773780547561e-03
6.844706689745710948e-03
6.853086391653833917e-03
6.861468985127910578e-03
6.869972481141568658e-03
6.878501733647819118e-03
6.886913234782695604e-03
6.895274117129260132e-03
6.903750307986537479e-03
6.912288230837396012e-03
6.920735976953881416e-03
6.929088026770461629e-03
6.937532389517387689e-03
6.946068310640764534e-03
6.954550301698276052e-03
6.962909016948649714e-03
6.971320789374266941e-03
6.979844762437424632e-03
6.988354947665079663e-03
6.996735008346070817e-03
7.005117083576531921e-03
7.013620497932744439e-03
7.022149825127903602e-03
7.030561745023452061e-03
7.038922256653108896e-03
7.047398293672887948e-03
7.055936240099923082e-03
7.064384359895948921e-03
7.072736222404417405e-03
7.081180480102601191e-03
7.089716395562944626e-03
7.098198572868988365e-03
7.106557288627717538e-03
7.114968936313767998e-03
7.123492882881860000e-03
7.132003167364656462e-03
7.140383396540878405e-03
7.148765264807688431e-03
7.157268630477956785e-03
7.165797985925918823e-03
7.174210144908347783e-03
7.182570486394864590e-03
7.191046425543308473e-03
7.199584369757185132e-03
7.208032916009931602e-03
7.216384600928834638e-03
7.224828660787604301e-03
7.233364520250980256e-03
7.241847048599064918e-03
7.250205791997037415e-03
7.258617139700475340e-03
7.267141013782859801e-03
7.275651359533028516e-03
7.284031642092265481e-03
7.292413409646188692e-03
7.300916774675262483e-03
7.309446159463777945e-03
7.317858296254566020e-03
7.326218627287908042e-03
7.334694620371130444e-03
7.343232611753545275e-03
7.351680807433938480e-03
7.360032617093389268e-03
7.368476821899328649e-03
7.377012732838921991e-03
7.385495000958952269e-03
7.393853730825102402e-03
7.402265272891151403e-03
7.410789241985994702e-03
7.419299506742902707e-03
7.427679641079954279e-03
7.436061584151080692e-03
7.444565017588119539e-03
7.453094403694351770e-03
7.461506271626084166e-03
7.469866778552612489e-03
7.478342907522259400e-03
7.486880927383231417e-03
7.495328584086967047e-03
7.503680638795849969e-03
7.512125104802977633e-03
7.520661134215130862e-03
7.529142857812871036e-03
7.537501579591034291e-03
7.545913576294539446e-03
7.554437719467350064e-03
7.562947688257696914e-03
7.571327341851709358e-03
7.579709921515388749e-03
7.588213514546600542e-03
7.596742752968808042e-03
7.605153799303734224e-03
7.613514851990936180e-03
7.621991280762718465e-03
7.630529304511017574e-03
7.638975946044162385e-03
7.647328403876315316e-03
7.655773302408385925e-03
7.664309588894567885e-03
7.672790507198826854e-03
7.681149217903654285e-03
7.689561781132604051e-03
7.698086210968949593e-03
7.706595587002412068e-03
7.714974567239203836e-03
7.723358076438265919e-03
7.731861942270288300e-03
7.740390853152288170e-03
7.748800486196104342e-03
7.757162663446493661e-03
7.765639511549446428e-03
7.774177657269211450e-03
7.782622747107503791e-03
7.790975965380966470e-03
7.799421496255056103e-03
7.807958184406481664e-03
7.816437707948561617e-03
7.824796514178097850e-03
7.833209986705972835e-03
7.841734802988158115e-03
7.850243118966896902e-03
7.858621365551722235e-03
7.867006087509169354e-03
7.875510299977220643e-03
7.884038857027224692e-03
7.892447071365013209e-03
7.900810535399279896e-03
7.909287772769849068e-03
7.917826099778112192e-03
7.926269389002271043e-03
7.934623509381351358e-03
7.943069710321184335e-03
7.951606693816840737e-03
7.960084495116780123e-03
7.968443600963015863e-03
7.976857967916391526e-03
7.985383286537106953e-03
7.993890419438055492e-03
8.002268080714896453e-03
8.010653914115033192e-03
8.019158783069083724e-03
8.027686786177627362e-03
8.036093433438674938e-03
8.044458378474865154e-03
8.052936059966408697e-03
8.061474349600415354e-03
8.069915679484746668e-03
8.078270894074248906e-03
8.086717728974700259e-03
8.095255109024368512e-03
8.103731213851370074e-03
8.112090660351282956e-03
8.120505759967045975e-03
8.129031833613806560e-03
8.137537617181287222e-03
8.145914907940079649e-03
8.154301746585554747e-03
8.162807214732137676e-03
8.171334445821158352e-03
8.179740000524097707e-03
8.188106058937962700e-03
8.196584176240999040e-03
8.205122435163305153e-03
8.213562166558933952e-03
8.221918411751768033e-03
8.230365655551985862e-03
8.238903603031895798e-03
8.247377854212867287e-03
8.255737832440629420e-03
8.264153630442746395e-03
8.272680308004844857e-03
8.281184652098804236e-03
8.289561766179403754e-03
8.297949435053757553e-03
8.306455563771611775e-03
8.314982078657027348e-03
8.323386702176161292e-03
8.331753605116209646e-03
8.340232472042991008e-03
8.348770661100457513e-03
8.357208613223664206e-03
8.365566042364892471e-03
8.374013694710306238e-03
8.382552103067573285e-03
8.391024504006611151e-03
8.399385116152418077e-03
8.407801468193065383e-03
8.416328942848005229e-03
8.424831831260786580e-03
8.433208863386687862e-03
8.441597055293485405e-03
8.450104249413691038e-03
