0.000000000000000000e+00
8.372006112899451363e-06
1.687975568140749676e-05
2.540108080005284259e-05
3.379106379344681176e-05
4.214577222968352987e-05
5.063239492895585652e-05
5.915645691299872274e-05
6.755904169468035004e-05
7.590705622269997466e-05
8.438269109942117291e-05
9.291923127993141369e-05
1.013471353724623621e-04
1.096887899583583680e-04
1.181432088580750646e-04
1.266754277378634148e-04
1.351164821843053540e-04
1.434545680718239007e-04
1.518920847293405568e-04
1.604287779489864017e-04
1.688923405668002877e-04
1.772382903969870827e-04
1.856561875957320521e-04
1.941879034128607309e-04
2.026670844699892879e-04
2.110139469808193296e-04
2.194125384660900954e-04
2.279352019177397360e-04
2.364299842356767608e-04
2.447915550830465385e-04
2.531760009681690974e-04
2.616938125285147567e-04
2.702046367441791560e-04
2.785793969910705411e-04
2.869437211000826476e-04
2.954431343272707119e-04
3.039610256266224051e-04
3.123494625881934050e-04
3.207065084110046231e-04
3.291969376078827426e-04
3.377292402357174326e-04
3.461403863639915708e-04
3.544851318696207241e-04
3.629544365998305295e-04
3.714851489721271807e-04
3.799093523097517907e-04
3.882500136838069947e-04
3.967047762236116477e-04
4.052437312402128677e-04
4.136927789534507963e-04
4.220339949105169166e-04
4.304685657505223162e-04
4.390027948602134248e-04
4.474651264324845711e-04
4.558066586396399044e-04
4.642221554422676475e-04
4.727531260738708713e-04
4.812349947414923368e-04
4.895876511424642613e-04
4.979868392361746533e-04
5.065131682378218878e-04
5.150113354052674765e-04
5.233712155194601484e-04
5.317511341991252400e-04
5.402622101824120686e-04
5.487700917941608879e-04
5.571454524674381839e-04
5.655131549278616821e-04
5.740184945421068427e-04
5.825429809725019264e-04
5.909364934339216740e-04
5.992890416823144209e-04
6.077733013412658881e-04
6.162997822691594456e-04
6.247058732601781751e-04
6.330526883842319376e-04
6.415241628695337022e-04
6.500619258584998481e-04
6.584941648994841780e-04
6.668343940310539255e-04
6.752865984224990393e-04
6.838208790706740235e-04
6.922653122449374391e-04
7.006042803976375794e-04
7.090373365319821127e-04
7.175730830013435325e-04
7.260399242881100711e-04
7.343859953424945654e-04
7.428015400798822568e-04
7.513335550006094597e-04
7.598162384282201648e-04
7.681658317450178186e-04
7.765611948137986047e-04
7.850814095828730164e-04
7.935780688316349148e-04
8.019420864456691320e-04
8.103231192713096801e-04
8.188392378707108924e-04
8.273530794268657649e-04
8.357301071874026401e-04
8.440938222178744847e-04
8.525901028870002101e-04
8.611079510254625443e-04
8.695009332587092920e-04
8.778547193666715520e-04
8.863422123458578354e-04
8.948759150804147088e-04
9.032904154070605903e-04
9.116349332304652699e-04
9.200999360540154009e-04
9.286311777882939270e-04
9.370583034792258521e-04
9.453994079915536064e-04
9.538486452257218971e-04
9.623873763356660671e-04
9.708415378873330465e-04
9.791824370719520807e-04
9.876132701448806731e-04
9.961455404284926853e-04
1.004610321880204746e-03
1.012955233757508421e-03
1.021364191534980233e-03
1.029893624160357337e-03
1.038380930922418784e-03
1.046736432587887103e-03
1.055130700272284431e-03
1.063652848120067015e-03
1.072153526233605905e-03
1.080517432871585170e-03
1.088892471438528999e-03
1.097398800689428902e-03
1.105910942074648422e-03
1.114293407289258233e-03
1.122655986947202313e-03
1.131156025707704326e-03
1.139682530428520919e-03
1.148080401641271347e-03
1.156430672304531882e-03
1.164906795398859898e-03
1.173434563231537039e-03
1.181849673360055005e-03
1.190193682945244824e-03
1.198659788245129898e-03
1.207198854375605675e-03
1.215636868112868673e-03
1.223977383821005151e-03
1.232420127742554078e-03
1.240951787440725592e-03
1.249403122921493355e-03
1.257744228997510283e-03
1.266170320721607314e-03
1.274706600230671389e-03
1.283182427610989268e-03
1.291530087285224339e-03
1.299937696084527182e-03
1.308463992710052993e-03
1.316949393675348814e-03
1.325304976050953190e-03
1.333692040231309857e-03
1.342211527886040274e-03
1.350716817628890877e-03
1.359086098158822017e-03
1.367461524903410604e-03
1.375970722387910789e-03
1.384486744134295943e-03
1.392869848792282692e-03
1.401227720403158466e-03
1.409718772174537544e-03
1.418241995131505400e-03
1.426643702493377280e-03
1.434993072502615749e-03
1.443475383874942303e-03
1.452010951739599780e-03
1.460430957181825962e-03
1.468774192203378594e-03
1.477230330234257641e-03
1.485763029893816560e-03
1.494199892779619421e-03
1.502539282053953328e-03
1.510983877790332639e-03
1.519523661252525446e-03
1.527983995996101685e-03
1.536326521984266759e-03
1.544748797075438723e-03
1.553279567758390723e-03
1.561751236384839548e-03
1.570098160857423758e-03
1.578502017832589645e-03
1.587031084246373798e-03
1.595524319001067823e-03
1.603882306701820892e-03
1.612271440351995726e-03
1.620790492854764803e-03
1.629294723354362401e-03
1.637664004248313987e-03
1.646033585320909451e-03
1.654539148063418307e-03
1.663055686520201236e-03
1.671440855187593432e-03
1.679801268971475815e-03
1.688297390289015361e-03
1.696826059583719272e-03
1.705229383229885055e-03
1.713576635907488850e-03
1.722050773280250522e-03
1.730580283991655938e-03
1.738999891817447335e-03
1.747341592478874033e-03
1.755804595176463367e-03
1.764344694255370145e-03
1.772785960593089693e-03
1.781127433951157748e-03
1.789566404349798032e-03
1.798099929962929631e-03
1.806555744075789317e-03
1.814895604914567835e-03
1.823318832194140192e-03
1.831853899245571059e-03
1.840331968060870786e-03
1.848680952618194729e-03
1.857086340357487833e-03
1.865613400187012558e-03
1.874103257755471274e-03
1.882460458132264843e-03
1.890843938923640350e-03
1.899360943778957440e-03
1.907867066375301896e-03
1.916237462865708974e-03
1.924611442186852572e-03
1.933119620751404559e-03
1.941638478959359241e-03
1.950025467824726636e-03
1.958381156713431218e-03
1.966869775403696976e-03
1.975392886141508555e-03
1.983795694949592233e-03
1.992144336981143456e-03
2.000623572707546302e-03
2.009159876305897582e-03
2.017584086093520551e-03
2.025926352173064091e-03
2.034381070082026590e-03
2.042913261306354526e-03
2.051351841417216586e-03
2.059690536481580819e-03
2.068131637459040811e-03
2.076670272271568217e-03
2.085132818686248526e-03
2.093477312817006511e-03
2.101896191032676022e-03
2.110426031479246175e-03
2.118901448010345259e-03
2.127247937943176331e-03
2.135648761811127175e-03
2.144174799853928743e-03
2.152670301403169974e-03
2.161031873354172291e-03
2.169416974497334789e-03
2.177933420861738641e-03
2.186440150789476389e-03
2.194812349134554579e-03
2.203177911952786464e-03
2.211679285827683385e-03
2.220198269697626261e-03
2.228587403919404190e-03
2.236946192047984793e-03
2.245436837962654520e-03
2.253966314689133301e-03
2.262375207940614443e-03
2.270718511574772256e-03
2.279187879078077919e-03
2.287717549304736121e-03
2.296142274885766207e-03
2.304484497916696028e-03
2.312941261017744960e-03
2.321480869245641943e-03
2.329928795325016989e-03
2.338269596673193517e-03
2.346700933286111762e-03
2.355231722447147409e-03
2.363693413500307823e-03
2.372035072341515359e-03
2.380452926496617189e-03
2.388986511234921211e-03
2.397471016965531821e-03
2.405824609668654954e-03
2.414220366326286487e-03
2.422741710903898206e-03
2.431235924676014050e-03
2.439595922028651911e-03
2.447975572335513855e-03
2.456489548370812803e-03
2.465002251305001106e-03
2.473381205261307274e-03
2.481747419735889568e-03
2.490248014412537163e-03
2.498768815292738438e-03
2.507160315669055596e-03
2.515511501471120927e-03
2.523995055291902798e-03
2.532524354677299222e-03
2.540936319823355449e-03
2.549283128927340870e-03
2.557753471833335273e-03
2.566289860124381685e-03
2.574721565324238244e-03
2.583059623090622463e-03
2.591507059597430128e-03
2.600040516170240307e-03
2.608487519362618495e-03
2.616829083783696764e-03
2.625262495020088023e-03
2.633801078419888923e-03
2.642271884238324344e-03
2.650616706564849333e-03
2.659027074817108677e-03
2.667552903804164006e-03
2.676035201019990803e-03
2.684385483939329218e-03
2.692781606145537403e-03
2.701306166608999273e-03
2.709808558794411532e-03
2.718176163357912799e-03
2.726552717078081518e-03
2.735063821724916227e-03
2.743574781282569382e-03
2.751950717042313081e-03
2.760313560115573630e-03
2.768811934973561609e-03
2.777335891263337572e-03
2.785732460357557595e-03
2.794086451008548529e-03
2.802571586682677928e-03
2.811103180030579980e-03
2.819516725028241213e-03
2.827858636821377683e-03
2.836323630388030807e-03
2.844856595923100570e-03
2.853287255126491905e-03
2.861628928374718422e-03
2.870080099645502900e-03
2.878620187825919018e-03
2.887073520998940587e-03
2.895413196193246871e-03
2.903841399725196840e-03
2.912373157789787531e-03
2.920838596972116091e-03
2.929182938234493796e-03
2.937595649865412661e-03
2.946128522332627786e-03
2.954617667219776485e-03
2.962972212853437048e-03
2.971364990880607810e-03
2.979885234989328602e-03
2.988383695762460070e-03
2.996745971284617716e-03
3.005123128292607609e-03
3.013634288715790702e-03
3.022148713023874427e-03
3.030531215538384820e-03
3.038894027724104146e-03
3.047393951076407537e-03
3.055918014413992051e-03
3.064312259320073686e-03
3.072663250449208031e-03
3.081142823777398114e-03
3.089672078508294822e-03
3.098086322189269951e-03
3.106431964240339693e-03
3.114900322793921674e-03
3.123438434458976690e-03
3.131873772616071677e-03
3.140212346213742869e-03
3.148657954913325514e-03
3.157190126538080618e-03
3.165638520531787944e-03
3.173980410067190130e-03
3.182410166515953036e-03
3.190948194946731375e-03
3.199421817584739095e-03
3.207767779194518193e-03
3.216176791521944186e-03
3.224702626365961999e-03
3.233185957108866953e-03
3.241538409821277580e-03
3.249930250844238876e-03
3.258452169350667393e-03
3.266956571717031035e-03
3.275325428799046121e-03
3.283700957115126377e-03
3.292210423920056885e-03
3.300723319870487501e-03
3.309102426590975615e-03
3.317462927982671797e-03
3.325956751795109811e-03
3.334480929775010365e-03
3.342881499026123613e-03
3.351232933433699688e-03
3.359715463243609368e-03
3.368248219816865566e-03
3.376664292385363458e-03
3.385007055182417002e-03
3.393465688663839085e-03
3.401998124653029480e-03
3.410434132611532814e-03
3.418775155583180219e-03
3.427222017612700962e-03
3.435761285736534977e-03
3.444218674841872680e-03
3.452559816644620860e-03
3.460982080433715278e-03
3.469511555073184240e-03
3.477980308377672230e-03
3.486328238632002956e-03
3.494734848051606578e-03
3.503265896223615485e-03
3.511759887208032883e-03
3.520116873067762400e-03
3.528505392785567015e-03
3.537019801887060846e-03
3.545520389839371643e-03
3.553888539609971562e-03
3.562260087018951325e-03
3.570768073961645608e-03
3.579287224111354047e-03
3.587674909925485985e-03
3.596034265167555137e-03
3.604526935436511495e-03
3.613051533426896340e-03
3.621451353622296733e-03
3.629799557658465372e-03
3.638273349826772179e-03
3.646805804150773239e-03
3.655229213152038845e-03
3.663572199242860847e-03
3.672033277004291794e-03
3.680570254165928083e-03
3.689010010985385724e-03
3.697349606485307669e-03
3.705785859031043850e-03
3.714318887834050509e-03
3.722777623311588138e-03
3.731120352100785256e-03
3.739543700021011330e-03
3.748079534398880263e-03
3.756558565812251772e-03
3.764907833013782582e-03
3.773307138385580822e-03
3.781828971577658703e-03
3.790319038668930364e-03
3.798677704286811899e-03
3.807062964838771758e-03
3.815582786519320681e-03
3.824094057489086946e-03
3.832467487452704061e-03
3.840837189241462502e-03
3.849338586360992638e-03
3.857853280282633104e-03
3.866241034296333430e-03
3.874595933495168093e-03
3.883087177014109877e-03
3.891617449345461440e-03
3.900025577515654762e-03
3.908374118256246858e-03
3.916847746861207638e-03
3.925380539462447818e-03
3.933803473210858125e-03
3.942144339233641034e-03
3.950597362995989306e-03
3.959132821037530253e-03
3.967577718382664029e-03
3.975917499886360423e-03
3.984358395944690573e-03
3.992896533309020328e-03
4.001358839577862092e-03
4.009702182477458028e-03
4.018116935549941732e-03
4.026646385899335968e-03
4.035123785577405912e-03
4.043473071231555062e-03
4.051874982223297068e-03
4.060404129317128283e-03
4.068902517885253020e-03
4.077263793159121956e-03
4.085645586302540967e-03
4.094158043352032553e-03
4.102663690852654046e-03
4.111036347916595911e-03
4.119403492867431543e-03
4.127909111317011083e-03
4.136432225517854173e-03
4.144823818574549894e-03
4.153180308618283946e-03
4.161668467825668273e-03
4.170195173296389196e-03
4.178601687285289114e-03
4.186946118314826236e-03
4.195417893786939321e-03
4.203951976736964788e-03
4.212378661421739556e-03
4.220721712751215882e-03
4.229178330915529457e-03
4.237716372591452361e-03
4.246161425233619183e-03
4.254500945204979859e-03
4.262933878781385334e-03
4.271466268633241324e-03
4.279928545994934712e-03
4.288270839879854308e-03
4.296691546780295572e-03
4.305226676176971724e-03
4.313709050710882315e-03
4.322061224066176509e-03
4.330456928250386167e-03
4.338978662901542965e-03
4.347471027809883190e-03
4.355830412154836941e-03
4.364212860281485931e-03
4.372730430522253284e-03
4.381243598100547330e-03
4.389620133705916458e-03
4.397987645669078870e-03
4.406487951310577786e-03
4.415005585646636713e-03
4.423395624243157270e-03
4.431747676884637520e-03
4.440235377721026173e-03
4.448765638075214551e-03
4.457176139968758999e-03
4.465524026736798768e-03
4.473995347481302121e-03
4.482529394507672044e-03
4.490956904179417043e-03
4.499296097710821923e-03
4.507745477549910708e-03
4.516279948550452374e-03
4.524726996049555951e-03
4.533068354817494303e-03
4.541504634959700297e-03
4.550042110082168009e-03
4.558508938989729031e-03
4.566852847606192416e-03
4.575263873843694873e-03
4.583790541044715887e-03
4.592271416625004661e-03
4.600622311241862536e-03
4.609020732607381141e-03
4.617547014508909323e-03
4.626048099749054295e-03
4.634413767975567242e-03
4.642790075426296223e-03
4.651298959685178439e-03
4.659807508527563993e-03
4.668182597564058019e-03
4.676547603838598563e-03
4.685048942013663072e-03
4.693574613118619079e-03
4.701972338250468009e-03
4.710325079655889972e-03
4.718807333964367655e-03
4.727333899302720195e-03
4.735745662122748528e-03
4.744087497917257902e-03
4.752554576611113003e-03
4.761090746005101383e-03
4.769524203211881162e-03
4.777867616980702517e-03
4.786315891054868099e-03
4.794851932869088548e-03
4.803302931270098976e-03
4.811641060858463416e-03
4.820068485348088377e-03
4.828600710356100063e-03
4.837069862296243354e-03
4.845416149514615925e-03
4.853829081463536047e-03
4.862360880551367531e-03
4.870848688475112528e-03
4.879202887008564707e-03
4.887591452820783632e-03
4.896109290318147178e-03
4.904608495872547422e-03
4.912973191625161218e-03
4.921351142551948568e-03
4.929864188428135889e-03
4.938381606531782632e-03
4.946764950013765767e-03
4.955124775392237384e-03
4.963618450601635368e-03
4.972139560459564595e-03
4.980534905023877024e-03
4.988885872271829613e-03
4.997368496012379036e-03
5.005902734444212486e-03
5.014322486280304095e-03
5.022666200117684859e-03
5.031129236869499345e-03
5.039662723943364765e-03
5.048095886120546570e-03
5.056434152024969278e-03
5.064879257999418266e-03
5.073416082503078885e-03
5.081870947762346519e-03
5.090214586942226616e-03
5.098642044725021014e-03
5.107177357014981885e-03
5.115650310291653714e-03
5.123994131205446452e-03
5.132400668753231247e-03
5.140926476786309741e-03
5.149413432671172582e-03
5.157769192262432953e-03
5.166161278491680948e-03
5.174684926926225587e-03
5.183190958307653563e-03
5.191559653277198066e-03
5.199931078314627003e-03
5.208437059194878822e-03
5.216949942217992235e-03
5.225329527597404045e-03
5.233691695586141154e-03
5.242189059010425416e-03
5.250717691274566466e-03
5.259120532756440466e-03
5.267469555715565896e-03
5.275948346914715627e-03
5.284477891709204837e-03
5.292893229008097111e-03
5.301235087979759390e-03
5.309697687817329509e-03
5.318234570631219169e-03
5.326673119979097488e-03
5.335014997770283832e-03
5.343459831756805847e-03
5.351996631721551295e-03
5.360451696644276572e-03
5.368791137417090222e-03
5.377214891088636858e-03
5.385746676677383681e-03
5.394219279609033420e-03
5.402567478910481197e-03
5.410975807363486989e-03
5.419506685773509309e-03
5.427998771784119103e-03
5.436353962197573025e-03
5.444741433142081567e-03
5.453256872668323096e-03
5.461757454807576392e-03
5.470125416751320246e-03
5.478499628781232332e-03
5.487010719197979447e-03
5.495530631155133572e-03
5.503916769857656113e-03
5.512275183098930623e-03
5.520766730878520767e-03
5.529289763914241491e-03
5.537686821608068036e-03
5.546036907337022204e-03
5.554515079016393575e-03
5.563049647947018554e-03
5.571473134075992026e-03
5.579815448181819904e-03
5.588276869031484455e-03
5.596811366487377919e-03
5.605247293638171771e-03
5.613586436807333629e-03
5.622026271859299415e-03
5.630561585015144040e-03
5.639019617875226133e-03
5.647363617995095064e-03
5.655788012841935115e-03
5.664322866054808878e-03
5.672798993557432237e-03
5.681145007676213256e-03
5.689547962408308956e-03
5.698070254610885718e-03
5.706559322350241055e-03
5.714917996985527035e-03
5.723305970673771975e-03
5.731827157001089315e-03
5.740335982357969331e-03
5.748707140225003953e-03
5.757076841701801000e-03
5.765578407836399570e-03
5.774091899636396921e-03
5.782477322074456791e-03
5.790835535459433123e-03
5.799329129162039340e-03
5.807859848134293117e-03
5.816266901179425845e-03
5.824614620478897088e-03
5.833087109954237376e-03
5.841616481506310514e-03
5.850036558205597495e-03
5.858378345929309526e-03
5.866834721378947487e-03
5.875372749321781073e-03
5.883818934058268960e-03
5.892159574343506026e-03
5.900598258926127888e-03
5.909132322315284805e-03
5.917590045207775373e-03
5.925933017724427376e-03
5.934348892793350413e-03
5.942880167037917563e-03
5.951360570581368768e-03
5.959711657223887640e-03
5.968113694126151239e-03
5.976640003257968625e-03
5.985135188606997142e-03
5.993494480555783786e-03
6.001875366192423004e-03
6.010386410536873968e-03
6.018892668385808151e-03
6.027268401677531202e-03
6.035636391417137890e-03
6.044142647974849736e-03
6.052665910930891090e-03
6.061056740528972774e-03
6.069411605989561732e-03
6.077894044149254917e-03
6.086419062891656323e-03
6.094826104393331022e-03
6.103172384907758902e-03
6.111645703533600052e-03
6.120183320630988300e-03
6.128613649728081002e-03
6.136955045840364852e-03
6.145406283680035150e-03
6.153938386024078444e-03
6.162381889245076641e-03
6.170721916527034494e-03
6.179155366005840630e-03
6.187692539193098001e-03
6.196160401234137964e-03
6.204505350962116923e-03
6.212921317276616159e-03
6.221451376976521418e-03
6.229931027674430639e-03
6.238282044042631896e-03
6.246676165658946248e-03
6.255198861615454339e-03
6.263697563229361949e-03
6.272060802466171946e-03
6.280442867456194345e-03
6.288958015505990463e-03
6.297469892341130658e-03
6.305846895643847649e-03
6.314209612485722177e-03
6.322706689323195732e-03
6.331225768981612982e-03
6.339619365760825603e-03
6.347972846620185752e-03
6.356461917167866710e-03
6.364995546376782387e-03
6.373407982463388625e-03
6.381753620881822076e-03
6.390217982410814276e-03
6.398749187498080880e-03
6.407177990593214238e-03
6.415517437376712026e-03
6.423969793024866121e-03
6.432509433867181214e-03
6.440961712188116028e-03
6.449303249768348345e-03
6.457734089927427180e-03
6.466267150034942304e-03
6.474731573521735374e-03
6.483075657608581774e-03
6.491486602466790302e-03
6.500017726955952327e-03
6.508504007396376072e-03
6.516856950401842853e-03
6.525254019075933838e-03
6.533777658484034821e-03
6.542276682055299906e-03
6.550640576289137006e-03
6.559016110457843371e-03
6.567526232068982700e-03
6.576037343715965267e-03
6.584415409809231401e-03
6.592780776296795417e-03
6.601283551099186575e-03
6.609809112139569676e-03
6.618205233112459292e-03
6.626556441095479179e-03
6.635037405551239172e-03
6.643564659403874625e-03
6.651975976978328174e-03
6.660319785632037339e-03
6.668789843304049475e-03
6.677328662661670931e-03
6.685762134990026577e-03
6.694103965097862596e-03
6.702551299389478655e-03
6.711085368630733891e-03
6.719533894251948289e-03
6.727872228854413043e-03
6.736302923358958306e-03
6.744838928917369636e-03
6.753308996201614657e-03
6.761655352012274460e-03
6.770068434703404962e-03
6.778599015524144206e-03
6.787083105605438635e-03
6.795435773297281087e-03
6.803826262776497408e-03
6.812346723821089377e-03
6.820846451715423947e-03
6.829210232266931871e-03
6.837590925130335347e-03
6.846104986012181183e-03
6.854619713976697372e-03
6.863000304414572719e-03
6.871360950906943432e-03
6.879856364863745286e-03
6.888375168773677726e-03
6.896769738329904670e-03
6.905121856235506284e-03
6.913608186716458173e-03
6.922142436134291928e-03
6.930558520250165722e-03
6.938903366089357351e-03
6.947366357214441145e-03
6.955898161839216796e-03
6.964328682503858649e-03
6.972667060511759766e-03
6.981115744832080104e-03
6.989654142540594438e-03
6.998108358979542552e-03
7.006451054224157628e-03
7.014879303256505751e-03
7.023412252535690854e-03
7.031880610014476334e-03
7.040224085845634729e-03
7.048631869037760671e-03
7.057160052559313494e-03
7.065647395979500478e-03
7.074003172520210506e-03
7.082396684360127946e-03
7.090918955010836779e-03
7.099420997620335683e-03
7.107787085763607113e-03
7.116159309731139547e-03
7.124665232834692143e-03
7.133178144297588202e-03
7.141558818097566361e-03
7.149922680944630071e-03
7.158421087062281744e-03
7.166947870629495482e-03
7.175349148867436744e-03
7.183696683090590868e-03
7.192173662152782747e-03
7.200700293214828268e-03
7.209115242287233993e-03
7.217458903842889802e-03
7.225923776033526050e-03
7.234462690344586715e-03
7.242902139420438583e-03
7.251243327828973267e-03
7.259684369436605195e-03
7.268215887854896987e-03
7.276669446716477543e-03
7.285008239817506934e-03
7.293433929119832494e-03
7.301968914371728334e-03
7.310445206828347468e-03
7.318795346324897914e-03
7.327199879572292990e-03
7.335725861127075434e-03
7.344213902205946713e-03
7.352568527900423326e-03
7.360954479065837629e-03
7.369471943991368415e-03
7.377978227031982070e-03
7.386350148195084536e-03
7.394723132067046283e-03
7.403230197775152385e-03
7.411747243856989936e-03
7.420132095435570327e-03
7.428487425811608307e-03
7.436976696236709435e-03
7.445501599476618722e-03
7.453905014323101985e-03
7.462255082949530161e-03
7.470732991804234988e-03
7.479268075374441785e-03
7.487692135980862640e-03
7.496031959852385296e-03
7.504486445141293934e-03
7.513018618513566532e-03
7.521457021848180005e-03
7.529798179790008275e-03
7.538239185127279356e-03
7.546778267989231147e-03
7.555241871017239104e-03
7.563584570636651579e-03
7.572002983082223686e-03
7.580530137462231956e-03
7.589004688830842081e-03
7.597351559896898393e-03
7.605754255581440720e-03
7.614281527825826970e-03
7.622777684136465212e-03
7.631140356952639987e-03
7.639523452377637580e-03
7.648038450220673475e-03
7.656544150815965122e-03
7.664913628102880232e-03
7.673281977159385203e-03
7.681784361918293606e-03
7.690304020878217794e-03
7.698694671663346319e-03
7.707052195859847264e-03
7.715543199155315557e-03
7.724071634436139797e-03
7.732477920816173932e-03
7.740822135335514997e-03
7.749292192357102108e-03
7.757823208914922317e-03
7.766247117226514514e-03
7.774590588864714429e-03
7.783047548672968573e-03
7.791586818251257200e-03
7.800033598796654241e-03
7.808372544930984940e-03
7.816806105915216629e-03
7.825337118447642237e-03
7.833796984028496349e-03
7.842140164522164170e-03
7.850558856379906761e-03
7.859093469301010534e-03
7.867577397758750146e-03
7.875928741858219742e-03
7.884326613477286860e-03
7.892848068093961944e-03
7.901340252940466935e-03
7.909699517463508744e-03
7.918081357157652836e-03
7.926596668958459102e-03
7.935108205712091203e-03
7.943485777245785223e-03
7.951852772830607374e-03
7.960355380299368941e-03
7.968875422395825178e-03
7.977263732128946072e-03
7.985617818299190970e-03
7.994102603626171075e-03
8.002631014688798422e-03
8.011041647886331385e-03
8.019388083480030738e-03
8.027861611720145743e-03
8.036398021284821280e-03
8.044826444203739477e-03
8.053165964143304406e-03
8.061615622558708852e-03
8.070149164284379922e-03
8.078593214046752777e-03
8.086934894381461736e-03
8.095370417864221693e-03
8.103909698170614490e-03
8.112378296911413808e-03
8.120721480317756938e-03
8.129135883877607396e-03
8.137663200505908592e-03
8.146142167402664960e-03
8.154492357764296651e-03
8.162889844854918225e-03
8.171415942298674434e-03
8.179916351322275708e-03
8.188280769145309113e-03
8.196660974328010343e-03
8.205174088273314847e-03
8.213683548622646713e-03
8.222057726819907708e-03
8.230422781689519796e-03
8.238922716503638624e-03
8.247444824915574693e-03
8.255838816820780870e-03
8.264193559970959765e-03
8.272682166956538824e-03
8.281213465444657584e-03
8.289623204778294452e-03
8.297967812955258510e-03
8.306434510717369130e-03
8.314966668996786811e-03
8.323394845898689220e-03
8.331735973511762358e-03
8.340190671336396994e-03
8.348730961916966606e-03
8.357181124810649647e-03
8.365521283958709739e-03
8.373952166184771284e-03
8.382484520865689931e-03
8.390946679635200370e-03
8.399290826857431710e-03
8.407705340128881349e-03
8.416239213076678535e-03
8.424726275557762808e-03
8.433078102400008713e-03
8.441475226499559059e-03
