0.000000000000000000e+00
8.373269144545003690e-06
1.686968686081450583e-05
2.535013691166926395e-05
3.370383999407271095e-05
4.209942901345842329e-05
5.061120056025122780e-05
5.906858289904867438e-05
6.742406879467454370e-05
7.583838340302005406e-05
8.434650471997521388e-05
9.279042544689933335e-05
1.011482255261245914e-04
1.095749675882893355e-04
1.180827962924253208e-04
1.265433422261239699e-04
1.349290896036176523e-04
1.433178498228893701e-04
1.517926806872486585e-04
1.602800770317250507e-04
1.686834231048236490e-04
1.770427589678582366e-04
1.854881138143080318e-04
1.939887525852452080e-04
2.024026973012274381e-04
2.107661432126905750e-04
2.191968277355699256e-04
2.276848122812114743e-04
2.361282478032332552e-04
2.444972349475695245e-04
2.529061159960744611e-04
2.614059086408489587e-04
2.698751580833734184e-04
2.782398944430007886e-04
2.866370190091455626e-04
2.951205712302116852e-04
3.036110098620466895e-04
3.120044703093451826e-04
3.203819739597096568e-04
3.288431218726038554e-04
3.373468796477241058e-04
3.457697634148504894e-04
3.541327767667620807e-04
3.625608387681964438e-04
3.710639898313498951e-04
3.795146908590254359e-04
3.878676999821928329e-04
3.962794126481715244e-04
4.047684769909908249e-04
4.132350152123005728e-04
4.216134340288307152e-04
4.299960808487059659e-04
4.384752094053848701e-04
4.469655320962580194e-04
4.553774838762235139e-04
4.637376008144274879e-04
4.721862539235622798e-04
4.806850112528629091e-04
4.891229407858566991e-04
4.974767886292136418e-04
5.058979808574519529e-04
5.143883611832772516e-04
5.228486068195440685e-04
5.312132302681885207e-04
5.396060885755881451e-04
5.480855487762327028e-04
5.565625386399432242e-04
5.649587732994429878e-04
5.733214982371701712e-04
5.818017421417218376e-04
5.902964971832015380e-04
5.987160826356295725e-04
6.070742917447447722e-04
6.155224421658348367e-04
6.240199350106003743e-04
6.324575896135054866e-04
6.408239068790298797e-04
6.492384457128109587e-04
6.577380913771648917e-04
6.661934014947103449e-04
6.745738176310914474e-04
6.829537842607045876e-04
6.914441115821342004e-04
6.999341018747528122e-04
7.083224352284772261e-04
7.166935680485370455e-04
7.251651415603517113e-04
7.336621353085119503e-04
7.420770421904033555e-04
7.504428001347152478e-04
7.588748963229468387e-04
7.673774448416475352e-04
7.758251156355534936e-04
7.841887307885413421e-04
7.925930513183654293e-04
8.010874441485519443e-04
8.095585777523706204e-04
8.179291051926738075e-04
8.263137213523630027e-04
8.347830939669157032e-04
8.432733411107061570e-04
8.516664801783865825e-04
8.600337447982235942e-04
8.684807791181521890e-04
8.769770184928879150e-04
8.854040934312206682e-04
8.937613609211932921e-04
9.021841392970667136e-04
9.106832606043983262e-04
9.191485513864010044e-04
9.275124201016411024e-04
9.359030977641802970e-04
9.443905078421665697e-04
9.528751065904683855e-04
9.612614641573218825e-04
9.696323119510848665e-04
9.781069022832937238e-04
9.865987867744474473e-04
9.949747122545292595e-04
1.003335836724710516e-03
1.011826810660601539e-03
1.020303362639920011e-03
1.028662431704713059e-03
1.037046949023680839e-03
1.045542569508135528e-03
1.054007627449461129e-03
1.062366048605271852e-03
1.070761312589955591e-03
1.079260760386230398e-03
1.087713165502554070e-03
1.096053310304397456e-03
1.104462277545263747e-03
1.112963835698214639e-03
1.121397591842903784e-03
1.129738287760204043e-03
1.138167070750393433e-03
1.146669441522836204e-03
1.155081065759935551e-03
1.163425945432832332e-03
1.171874098690880604e-03
1.180374789883419182e-03
1.188768374991524364e-03
1.197117927001644213e-03
1.205591165513666572e-03
1.214081567179233802e-03
1.222467166230883744e-03
1.230837383022704732e-03
1.239303250835517697e-03
1.247802198246222936e-03
1.256181074344868247e-03
1.264558606360755054e-03
1.273011856023814874e-03
1.281517958331965679e-03
1.289937705077525126e-03
1.298304226562076950e-03
1.306730999838094784e-03
1.315224322219225080e-03
1.323665137037792917e-03
1.332036287487821076e-03
1.340420814816761308e-03
1.348908343216061049e-03
1.357382508850944964e-03
1.365752384698322702e-03
1.374135761515675892e-03
1.382604597314826458e-03
1.391088951790026527e-03
1.399489589650662570e-03
1.407859059203628999e-03
1.416304228640414284e-03
1.424801088012616138e-03
1.433241361236570633e-03
1.441607402400345598e-03
1.450008385964206585e-03
1.458499134455252307e-03
1.466956877113183462e-03
1.475328802499533114e-03
1.483703635213826696e-03
1.492177234630713209e-03
1.500663866510155032e-03
1.509058452323532116e-03
1.517417519113985376e-03
1.525872965780359931e-03
1.534375061198565895e-03
1.542801929593712448e-03
1.551157019261168672e-03
1.559576574806515121e-03
1.568072080818818433e-03
1.576523035864176676e-03
1.584894679329592031e-03
1.593279036702774897e-03
1.601766254715581220e-03
1.610243317087073312e-03
1.618641384951270169e-03
1.627016118097356990e-03
1.635474879580347618e-03
1.643976729707359108e-03
1.652387836113611676e-03
1.660747622934132623e-03
1.669188174892856759e-03
1.677686755712012780e-03
1.686128358567704887e-03
1.694489169682971644e-03
1.702888803891312300e-03
1.711372031194324751e-03
1.719841602167783250e-03
1.728228906051458525e-03
1.736610064005999262e-03
1.745082301436501858e-03
1.753566116144865232e-03
1.761970363721023858e-03
1.770326956726083791e-03
1.778779008280690233e-03
1.787280637614819699e-03
1.795726470959895741e-03
1.804073738401109142e-03
1.812499958083337893e-03
1.820989415611596642e-03
1.829472179545012711e-03
1.837868831395705416e-03
1.846238979169637995e-03
1.854703066206317419e-03
1.863188729475673223e-03
1.871614053190136066e-03
1.879971116619448069e-03
1.888402101687955111e-03
1.896901576377072471e-03
1.905344146014472653e-03
1.913707378613452173e-03
1.922116085208861640e-03
1.930605608385028071e-03
1.939069905950170864e-03
1.947443252711680449e-03
1.955826497624928596e-03
1.964308199951037611e-03
1.972783187911654208e-03
1.981161530733954127e-03
1.989535426595661315e-03
1.997994885159633856e-03
2.006483193994222473e-03
2.014888722912201724e-03
2.023240494243230912e-03
2.031687918391252273e-03
2.040183607018320692e-03
2.048604817667418025e-03
2.056966121877070851e-03
2.065380896350798180e-03
2.073866179579404029e-03
2.082318703963375976e-03
2.090677533100677304e-03
2.099089410744247371e-03
2.107573485594543047e-03
2.116021114061616970e-03
2.124393595206241093e-03
2.132771884228933882e-03
2.141250332340123227e-03
2.149724681942483812e-03
2.158102001708472190e-03
2.166480756233967950e-03
2.174945664045671925e-03
2.183427661073138008e-03
2.191827040157356531e-03
2.200185889102252660e-03
2.208647344714593889e-03
2.217149664227865274e-03
2.225558028733671569e-03
2.233919024210805244e-03
2.242352302607870159e-03
2.250847749865054863e-03
2.259284361538926693e-03
2.267638329518721976e-03
2.276060243686026541e-03
2.284548441573975262e-03
2.293006362494199365e-03
2.301374625247323228e-03
2.309765359463091753e-03
2.318246875890367549e-03
2.326719755369585554e-03
2.335110023803224199e-03
2.343475848280481694e-03
2.351938933553916495e-03
2.360430363752515689e-03
2.368829354384365850e-03
2.377193460644364768e-03
2.385632381959838701e-03
2.394123191212432777e-03
2.402548961688556056e-03
2.410902203908086520e-03
2.419335826655589789e-03
2.427837030821316383e-03
2.436269049048726040e-03
2.444630801636882463e-03
2.453037030006087818e-03
2.461530740614087821e-03
2.469995489787503960e-03
2.478359385416556166e-03
2.486757414419660077e-03
2.495239797389541339e-03
2.503724047389356902e-03
2.512109139886455934e-03
2.520483342041533997e-03
2.528955847614053863e-03
2.537445243776187322e-03
2.545858304347926003e-03
2.554214513537761324e-03
2.562661136377250137e-03
2.571158839219814338e-03
2.579582235123396849e-03
2.587943124934620909e-03
2.596354880817403760e-03
2.604841222392074475e-03
2.613292060493458465e-03
2.621650708186431047e-03
2.630055568919363509e-03
2.638545319344254986e-03
2.647010990928430011e-03
2.655389186798173470e-03
2.663772736260807544e-03
2.672241902361923577e-03
2.680724459868609987e-03
2.689121393395122513e-03
2.697487539056343548e-03
2.705945149257906780e-03
2.714434272555445605e-03
2.722857480024270735e-03
2.731216130300273028e-03
2.739652345249408462e-03
2.748162925587768063e-03
2.756579610199455955e-03
2.764927428552992495e-03
2.773380643024022253e-03
2.781878286005119976e-03
2.790273968217250530e-03
2.798629015943753223e-03
2.807096295110520032e-03
2.815612515134191269e-03
2.824019197917749125e-03
2.832356133221442841e-03
2.840801833353947051e-03
2.849320053310856402e-03
2.857761503882417457e-03
2.866102777515772831e-03
2.874519683342877802e-03
2.883041184048614706e-03
2.891514186567422512e-03
2.899862814491557545e-03
2.908256257655274409e-03
2.916753545337062627e-03
2.925251271145225436e-03
2.933621241637948338e-03
2.941987446534816576e-03
2.950455448963464327e-03
2.958960876901730978e-03
2.967369515164383891e-03
2.975715184483524681e-03
2.984164550267453218e-03
2.992680670695269021e-03
3.001117201896988471e-03
3.009457458570125987e-03
3.017880177718674541e-03
3.026392790814492161e-03
3.034859864320828011e-03
3.043207084786352015e-03
3.051600672455053679e-03
3.060108273768289040e-03
3.068604072593276392e-03
3.076970092308118233e-03
3.085341788635288275e-03
3.093820564413443663e-03
3.102334547599926336e-03
3.110728040353470236e-03
3.119079141764981994e-03
3.127527573841321420e-03
3.136051479222009240e-03
3.144481816095825652e-03
3.152820695730137318e-03
3.161242534027876912e-03
3.169767914422675151e-03
3.178230566443170351e-03
3.186573348932006389e-03
3.194970710094168463e-03
3.203483576254899292e-03
3.211969414063801757e-03
3.220322095252210054e-03
3.228696486200462786e-03
3.237198374400783105e-03
3.245669405042875613e-03
3.254043623356076692e-03
3.262426765998512144e-03
3.270907690616519682e-03
3.279397205557495806e-03
3.287791335260837298e-03
3.296149970174300659e-03
3.304619149391862555e-03
3.313119989472948241e-03
3.321545325521664711e-03
3.329890908673985295e-03
3.338335723351104276e-03
3.346839124389655584e-03
3.355289083120078977e-03
3.363640978293834603e-03
3.372055860076703104e-03
3.380551778451850158e-03
3.389009851714541895e-03
3.397357949124134042e-03
3.405774280503355220e-03
3.414283747143328270e-03
3.422748079078236777e-03
3.431093170691835743e-03
3.439492967032987264e-03
3.448000775402187881e-03
3.456474487798601603e-03
3.464828582273361563e-03
3.473224624433841022e-03
3.481734706179894726e-03
3.490210315507506940e-03
3.498570236381871434e-03
3.506962330079387187e-03
3.515476457953080423e-03
3.523962850713698979e-03
3.532315827265319896e-03
3.540708935445083857e-03
3.549218170135835359e-03
3.557703316530663393e-03
3.566058960660034149e-03
3.574447625529931800e-03
3.582952246091652190e-03
3.591436154778926589e-03
3.599794105134216781e-03
3.608172929066884825e-03
3.616672990422211287e-03
3.625151415753604354e-03
3.633527343426006927e-03
3.641909717840970291e-03
3.650395738576084261e-03
3.658878312974855624e-03
3.667254365828512015e-03
3.675638118049201659e-03
3.684119796764398838e-03
3.692616780470668689e-03
3.700987945891078337e-03
3.709360265996387331e-03
3.717852320285832367e-03
3.726347832564337863e-03
3.734720880389616211e-03
3.743083927407468009e-03
3.751571983011266556e-03
3.760047820273512611e-03
3.768422633813509493e-03
3.776782603210646159e-03
3.785274975041915627e-03
3.793779676543241729e-03
3.802178213899223228e-03
3.810521989528796449e-03
3.818986712002103451e-03
3.827507918202133208e-03
3.835928826011609106e-03
3.844277234825462138e-03
3.852709579181147221e-03
3.861219098309000199e-03
3.869666774205190313e-03
3.878010909502638444e-03
3.886428497048155170e-03
3.894949381836357652e-03
3.903405834779397499e-03
3.911752175227030046e-03
3.920176352091106313e-03
3.928689518497212145e-03
3.937156839997436007e-03
3.945511027254571500e-03
3.953920923668269999e-03
3.962437768668068509e-03
3.970908600279048246e-03
3.979256262580960039e-03
3.987658960620102389e-03
3.996175978682638651e-03
4.004647524040630402e-03
4.012999470437547157e-03
4.021400980053156313e-03
4.029913757940630815e-03
4.038392410288574839e-03
4.046751077278255317e-03
4.055153922630890667e-03
4.063661214567763393e-03
4.072143512134930241e-03
4.080508863221683422e-03
4.088893212378962201e-03
4.097396504386608546e-03
4.105886341096869931e-03
4.114254838226645561e-03
4.122631049370301982e-03
4.131129298146584555e-03
4.139602484687353659e-03
4.147967232169692993e-03
4.156359029806044880e-03
4.164848302608054574e-03
4.173339952386835063e-03
4.181706255470385609e-03
4.190095106530561733e-03
4.198585686823181999e-03
4.207085397574831728e-03
4.215465450569726331e-03
4.223842072843773769e-03
4.232338935937732249e-03
4.240842766324939145e-03
4.249220123139803643e-03
4.257588268913157017e-03
4.266085382278306422e-03
4.274588410797352037e-03
4.282968927898467108e-03
4.291336056128679591e-03
4.299827587296712120e-03
4.308334891490962250e-03
4.316721668797992607e-03
4.325096137993390648e-03
4.333576744895002025e-03
4.342083149225442820e-03
4.350481846677460573e-03
4.358838121813079884e-03
4.367319472841366471e-03
4.375833224336544980e-03
4.384228053739887970e-03
4.392582674723184352e-03
4.401064559518219621e-03
4.409576526449629670e-03
4.417975032017542464e-03
4.426326998083084455e-03
4.434804213828918637e-03
4.443314541660346208e-03
4.451717147648030955e-03
4.460062465849632188e-03
4.468535023132197588e-03
4.477045807212034871e-03
4.485457003528412791e-03
4.493801334941282567e-03
4.502256699291936476e-03
4.510760667070849023e-03
4.519160385009387583e-03
4.527501560532785733e-03
4.535963528672929714e-03
4.544469533955694529e-03
4.552851588402171724e-03
4.561199073152629076e-03
4.569677791058187125e-03
4.578194504410681466e-03
4.586600645955560447e-03
4.594935170477137260e-03
4.603378631373768355e-03
4.611898400591570024e-03
4.620335738989117015e-03
4.628679894258071366e-03
4.637091991218075804e-03
4.645603183655714653e-03
4.654071502876949359e-03
4.662422522232917768e-03
4.670812145351959516e-03
4.679322562367223617e-03
4.687778562381346437e-03
4.696133412322622998e-03
4.704540836227931629e-03
4.713042696938897838e-03
4.721511706261144470e-03
4.729853215512132454e-03
4.738259521357065032e-03
4.746770191956204386e-03
4.755243679138230171e-03
4.763598286671520687e-03
4.771989964086669790e-03
4.780490731520046013e-03
4.788975213550497601e-03
4.797341249041481119e-03
4.805720266776731218e-03
4.814218950964761247e-03
4.822692303063830926e-03
4.831062116527755010e-03
4.839446441222875796e-03
4.847928893356099646e-03
4.856412112853143552e-03
4.864779521396810774e-03
4.873138385475647011e-03
4.881628187247262669e-03
4.890112970911120009e-03
4.898465146067866420e-03
4.906843806004355414e-03
4.915344374934847368e-03
4.923841801775410802e-03
4.932218692127702739e-03
4.940577649212192501e-03
4.949054740913775251e-03
4.957564893858313129e-03
4.965974298109176836e-03
4.974323876118560625e-03
4.982768833553556306e-03
4.991286356212171899e-03
4.999728363169035801e-03
5.008080463255426898e-03
5.016491661041798215e-03
5.025004496159671090e-03
5.033475536709101569e-03
5.041833232564383455e-03
5.050216637656313769e-03
5.058722359298010486e-03
5.067219318681880774e-03
5.075597867740725029e-03
5.083958667724520174e-03
5.092439801546448826e-03
5.100953505102760049e-03
5.109356303588500486e-03
5.117698557388732777e-03
5.126151385733300134e-03
5.134680015395795723e-03
5.143119201241409637e-03
5.151453914641977022e-03
5.159873655639562323e-03
5.168392061833454107e-03
5.176856424198073882e-03
5.185206930426876533e-03
5.193609589043152001e-03
5.202117236038792704e-03
5.210590231802009198e-03
5.218946657954587863e-03
5.227328452458138500e-03
5.235838267177779504e-03
5.244341282418707798e-03
5.252713383522322407e-03
5.261070010480230034e-03
5.269549351102913344e-03
5.278063599921647454e-03
5.286462593757325010e-03
5.294812339281077494e-03
5.303283116132644949e-03
5.311797204927176837e-03
5.320208912628248028e-03
5.328551715433885692e-03
5.336998661552961633e-03
5.345528663249435840e-03
5.353972718025160407e-03
5.362308575143115950e-03
5.370723380172189726e-03
5.379241892404804451e-03
5.387711465195265878e-03
5.396061514405707006e-03
5.404460926975545622e-03
5.412971909940303590e-03
5.421447324885016704e-03
5.429804330070205423e-03
5.438180868113848092e-03
5.446687679386574311e-03
5.455195078494842927e-03
5.463571640583901427e-03
5.471929915986742561e-03
5.480403796513412529e-03
5.488915195178905616e-03
5.497316056529075179e-03
5.505663928204402278e-03
5.514135625853877273e-03
5.522657117120071714e-03
5.531067856016386002e-03
5.539406947056331985e-03
5.547847359280313681e-03
5.556376472329756060e-03
5.564824338854112637e-03
5.573164010449308328e-03
5.581587737930769275e-03
5.590100928455013149e-03
5.598557486535546759e-03
5.606905682496171259e-03
5.615306743397623437e-03
5.623828431126793974e-03
5.632314777179204049e-03
5.640668192432609501e-03
5.649044214006681067e-03
5.657539077220347795e-03
5.666039340645241500e-03
5.674417228956139814e-03
5.682780757513686450e-03
5.691271948669756817e-03
5.699779182751146117e-03
5.708166957009447144e-03
5.716514437266980234e-03
5.724984491731074931e-03
5.733511497379559577e-03
5.741931984917126620e-03
5.750271696710593239e-03
5.758711832527242148e-03
5.767226339067123633e-03
5.775665616883795921e-03
5.784007284449824669e-03
5.792436973336856192e-03
5.800963832901511776e-03
5.809421895178991206e-03
5.817762523234360980e-03
5.826159816098860390e-03
5.834673498134642332e-03
5.843157197040491427e-03
5.851515209991327120e-03
5.859900632563425603e-03
5.868407123846275213e-03
5.876895996096272341e-03
5.885260692553826584e-03
5.893624292181156091e-03
5.902118542862910475e-03
5.910634434145810127e-03
5.919025751121836237e-03
5.927377712919430254e-03
5.935847843298499779e-03
5.944357226286315146e-03
5.952763965440411448e-03
5.961106318762474619e-03
5.969566324458338603e-03
5.978096985502283529e-03
5.986527690007185237e-03
5.994866279903662484e-03
6.003292443775810720e-03
6.011811327496086391e-03
6.020265142743532610e-03
6.028606680954833909e-03
6.037024237711979650e-03
6.045548595628454959e-03
6.054016146798193998e-03
6.062363983774602012e-03
6.070748887034707782e-03
6.079259587112110716e-03
6.087752704828725860e-03
6.096115910416313559e-03
6.104492844750553787e-03
6.112993522104298756e-03
6.121489874987573639e-03
6.129864116614217907e-03
6.138218322508437463e-03
6.146704111754704679e-03
6.155223690800943823e-03
6.163624089924347842e-03
6.171972106342268720e-03
6.180437604798274392e-03
6.188950462678138344e-03
6.197361847224403669e-03
6.205700956718364011e-03
6.214150174176300001e-03
6.222681126140561410e-03
6.231123680820277629e-03
6.239462774909842330e-03
6.247884008361374517e-03
6.256397229824972768e-03
6.264854504767088626e-03
6.273198583505630761e-03
6.281606391613129420e-03
6.290129568693736406e-03
6.298608167210333064e-03
6.306960835537700136e-03
6.315337299365491458e-03
6.323839536681265770e-03
6.332338433801206617e-03
6.340708932835175012e-03
6.349078242073303430e-03
6.357572535760199796e-03
6.366074460309501665e-03
6.374459533891615667e-03
6.382805369268723314e-03
6.391282299214643380e-03
6.399807078577232806e-03
6.408217682564757225e-03
6.416562853185864626e-03
6.425013538293454333e-03
6.433526216557561989e-03
6.441953897407380440e-03
6.450290002550585627e-03
6.458729578674743399e-03
6.467260021031434256e-03
6.475712864773039423e-03
6.484054545913582948e-03
6.492460697785566552e-03
6.500972955376077556e-03
6.509442532298083048e-03
6.517790703051456330e-03
6.526187718117366920e-03
6.534705260901425491e-03
6.543193527556103069e-03
6.551552337887356532e-03
6.559920379724751976e-03
6.568415968414259565e-03
6.576920329817082488e-03
6.585299041302331534e-03
6.593660158256168906e-03
6.602148527569503232e-03
6.610659519343268543e-03
6.619052102840210575e-03
6.627393171499964923e-03
6.635859120793174103e-03
6.644384415448657821e-03
6.652803638341196410e-03
6.661146099389310751e-03
6.669594769509222011e-03
6.678114162739278402e-03
6.686546473367939274e-03
6.694879624399038484e-03
6.703307362493938874e-03
6.711835648251322610e-03
6.720297300318276400e-03
6.728642373509844538e-03
6.737047828312998400e-03
6.745559417564178477e-03
6.754027953261471616e-03
6.762376060205974385e-03
6.770764594890976186e-03
6.779278768270331594e-03
6.787776818052793613e-03
6.796143923382797457e-03
6.804509003822683741e-03
6.812995178184936065e-03
6.821496387724525039e-03
6.829880644699802203e-03
6.838237441343307868e-03
6.846720147170376296e-03
6.855237641395143730e-03
6.863639064977269597e-03
6.871977264607333907e-03
6.880431830162779018e-03
6.888958564948031646e-03
6.897391401266998907e-03
6.905733474698728946e-03
6.914165142990096220e-03
6.922678362974420303e-03
6.931126733155140891e-03
6.939465992960788809e-03
6.947881994867159509e-03
6.956407901583229469e-03
6.964881362944732451e-03
6.973230176117510733e-03
6.981613242310889464e-03
6.990118286713225236e-03
6.998611590877262985e-03
7.006976485175117793e-03
7.015350809268739753e-03
7.023850665718962480e-03
7.032349588442248292e-03
7.040726341699998780e-03
7.049076640333730957e-03
7.057559071524483960e-03
7.066081070228296367e-03
7.074484834097405535e-03
7.082831333271711813e-03
7.091291062387760323e-03
7.099803333824885286e-03
7.108222912883549113e-03
7.116559625156290182e-03
7.125005722206050399e-03
7.133536536851501839e-03
7.141983073628467224e-03
7.150322321513372971e-03
7.158736409394191036e-03
7.167250015230824424e-03
7.175713571781611871e-03
7.184058497620483125e-03
7.192461688645060067e-03
7.200981826240436708e-03
7.209465296287993243e-03
7.217818215263764256e-03
7.226191369816916538e-03
7.234691460984293832e-03
7.243191838352503256e-03
7.251565266533676821e-03
7.259930210878961371e-03
7.268423305718876848e-03
7.276931518532628665e-03
7.285315553701827117e-03
7.293660728137927110e-03
7.302132821410257761e-03
7.310656445046422904e-03
7.319069659315015006e-03
7.327412492398233460e-03
7.335867507780504532e-03
7.344385436238904524e-03
7.352810189148141148e-03
7.361143975734368849e-03
7.369579060659356244e-03
7.378108641455777793e-03
7.386563503193549832e-03
7.394906080809868915e-03
7.403318169558015943e-03
7.411833376050487240e-03
7.420297375196730633e-03
7.428638578415200713e-03
7.437034436593101434e-03
7.445552041740161053e-03
7.454043512976540192e-03
7.462405078648668387e-03
7.470778296808870851e-03
7.479277082055842477e-03
7.487770401271186781e-03
7.496138354619298616e-03
7.504499889793262053e-03
7.512992016231722150e-03
7.521510040319791257e-03
7.529904788371434565e-03
7.538250235787869076e-03
7.546717135138408805e-03
7.555228733601853514e-03
7.563636980990031712e-03
7.571978976584472186e-03
7.580434970980071997e-03
7.588964346299631458e-03
7.597399740811156682e-03
7.605733467102418315e-03
7.614160270518461823e-03
7.622675948927322767e-03
7.631127921965056085e-03
7.639472521835304585e-03
7.647885213228071584e-03
7.656408235733927134e-03
7.664881428262031865e-03
7.673223872378430628e-03
7.681610507070401467e-03
7.690116093046311420e-03
7.698609225280845549e-03
7.706977605895840716e-03
7.715348275489224660e-03
7.723847224865354466e-03
7.732346260488467786e-03
7.740717460972931091e-03
7.749073704207501759e-03
7.757555164837062582e-03
7.766077192125583374e-03
7.774483673359105888e-03
7.782825445867373564e-03
7.791283481881035484e-03
7.799794110114017381e-03
7.808213723362096396e-03
7.816556396196661094e-03
7.824999357539101641e-03
7.833527241642972844e-03
7.841971283703926335e-03
7.850306757100583219e-03
7.858718250676985026e-03
7.867238893313623083e-03
7.875713816477905582e-03
7.884064262791505226e-03
7.892458009218387971e-03
7.900961149542706091e-03
7.909441253940458633e-03
7.917803339708911342e-03
7.926176608894575440e-03
7.934681617776176421e-03
7.943190621827791661e-03
7.951566904638307162e-03
7.959922900167396703e-03
7.968394758230289490e-03
7.976909208583045710e-03
7.985314004240294181e-03
7.993659327905990736e-03
8.002127150904965111e-03
8.010647517685758057e-03
8.019059214312918363e-03
8.027398647916085192e-03
8.035836851825186103e-03
8.044366400906716522e-03
8.052816784508606482e-03
8.061155375820196547e-03
8.069575683612419115e-03
8.078086588791005482e-03
8.086544806592413717e-03
8.094894341482620007e-03
8.103292544852530935e-03
8.111812654128415859e-03
8.120299568111302019e-03
8.128653014640151511e-03
8.137026461938742794e-03
8.145521126833530842e-03
8.154025454296068287e-03
8.162406049227423008e-03
8.170766225946745134e-03
8.179251205826586907e-03
8.187755884418982180e-03
8.196149473739550856e-03
8.204495798186866445e-03
8.212963899384282535e-03
8.221490972599313288e-03
8.229910564730630318e-03
8.238251851372368692e-03
8.246681280448536419e-03
8.255206200697577656e-03
8.263660429465377252e-03
8.272000833791221669e-03
8.280420068701287856e-03
8.288930531515083591e-03
8.297389291694530142e-03
8.305742540134598145e-03
8.314135384397024903e-03
8.322652267280952407e-03
8.331142708389844762e-03
8.339499134766597405e-03
8.347868889438978673e-03
8.356361209115637650e-03
8.364873066968394472e-03
8.373261177140918152e-03
8.381615899093888128e-03
8.390081025035923609e-03
8.398597311400916171e-03
8.407016409923352002e-03
8.415360587137016291e-03
8.423808378440233655e-03
8.432315512202706587e-03
