0.000000000000000000e+00
8.400603598045405424e-06
1.688613623165804870e-05
2.538469025832854232e-05
3.380276481750860677e-05
4.219135714930136763e-05
5.066098662374196045e-05
5.916672302103560257e-05
6.760390870048048600e-05
7.598668470419091530e-05
8.443704552034644894e-05
9.294538242595238144e-05
1.014017602099196325e-04
1.097859798499526747e-04
1.182161766658034407e-04
1.267207772734714227e-04
1.351954105255953522e-04
1.435878382163416659e-04
1.519992185081136952e-04
1.604944271789714616e-04
1.689847400563064181e-04
1.773905456958691147e-04
1.857868932341446492e-04
1.942680230033938039e-04
2.027697954327828964e-04
2.111925849898038242e-04
2.195790880736001364e-04
2.280427146237486548e-04
2.365504379806694223e-04
2.449928807931700905e-04
2.533754859749129461e-04
2.618197139646343701e-04
2.703276345224319408e-04
2.787898764992680122e-04
2.871753630750737774e-04
2.956000324452459551e-04
3.041024020945505774e-04
3.125825014664435075e-04
3.209776526892790479e-04
3.293848546204693932e-04
3.378761019551019965e-04
3.463704812137389198e-04
3.547805535563963199e-04
3.631739864621325205e-04
3.716507988019692940e-04
3.801541515778218607e-04
3.885822681343713693e-04
3.969673759934923859e-04
4.054266160633652159e-04
4.139343479687685704e-04
4.223816111600869417e-04
4.307646699609814786e-04
4.392047370031722004e-04
4.477120783857841497e-04
4.561776207239584460e-04
4.645649977750018820e-04
4.729859029130878151e-04
4.814867895446034614e-04
4.899697082512415470e-04
4.983674141241406811e-04
5.067710787753553154e-04
5.152603013527080021e-04
5.237568592463194995e-04
5.321703004083961795e-04
5.405609100968643407e-04
5.490341317691598217e-04
5.575394973876312069e-04
5.659717397094877469e-04
5.743554801241203918e-04
5.828096231680919949e-04
5.913182572270557014e-04
5.997703052894542107e-04
6.081538057961705145e-04
6.165882275776986016e-04
6.250939841587689789e-04
6.335650301808430640e-04
6.419547833904796835e-04
6.503707711528861719e-04
6.588681802901586240e-04
6.673554393319118972e-04
6.757573185633562783e-04
6.841574379520968044e-04
6.926419215881993337e-04
7.011413357540257794e-04
7.095600061558933165e-04
7.179483388606757843e-04
7.264169658513327426e-04
7.349229450791561506e-04
7.433610628433390396e-04
7.517437896270239527e-04
7.601935774784524718e-04
7.687015286033200764e-04
7.771588364625381384e-04
7.855431288465818248e-04
7.939729975598355111e-04
8.024774075805169793e-04
8.109524956549396014e-04
8.193449670517337835e-04
8.277565248770014754e-04
8.362518007437630581e-04
8.447421930844752720e-04
8.531475226772664401e-04
8.615441820934321331e-04
8.700256262850840881e-04
8.785271850135380591e-04
8.869495805905574506e-04
8.953363241188038932e-04
9.038003174646106570e-04
9.123079636131991134e-04
9.207499706871477433e-04
9.291325570556701946e-04
9.375770521451265264e-04
9.460850120770850384e-04
9.545470214261087515e-04
9.629324039925746389e-04
9.713573125436303574e-04
9.798597660148173575e-04
9.883396922486106188e-04
9.967346951631494718e-04
1.005142128213042715e-03
1.013633461168810283e-03
1.022127717280173903e-03
1.030537610494972056e-03
1.038931174429597168e-03
1.047408444784355937e-03
1.055911486447598004e-03
1.064339390850122099e-03
1.072724545320447595e-03
1.081184023156285924e-03
1.089691597236191762e-03
1.098138749080271358e-03
1.106521797933206772e-03
1.114961811800519852e-03
1.123469187138620992e-03
1.131934758285830416e-03
1.140322187937760010e-03
1.148742875812302144e-03
1.157243704930389092e-03
1.165726607903330714e-03
1.174124657869379329e-03
1.182527998820012650e-03
1.191016962025787411e-03
1.199513746400903249e-03
1.207927561696004294e-03
1.216317910304399530e-03
1.224790770870469144e-03
1.233296247370732016e-03
1.241728932661157392e-03
1.250112489646682196e-03
1.258566431542743839e-03
1.267075008482143475e-03
1.275527391832651436e-03
1.283910945143197950e-03
1.292345146526386376e-03
1.300851092139431288e-03
1.309322098102799455e-03
1.317711888584727773e-03
1.326128114105131145e-03
1.334625685328661967e-03
1.343112699708612703e-03
1.351514389153103462e-03
1.359914693521826600e-03
1.368399891694778957e-03
1.376898779096375619e-03
1.385317040153672113e-03
1.393705542304805303e-03
1.402174930567094907e-03
1.410680740058027974e-03
1.419118117805191195e-03
1.427500879581664397e-03
1.435951129344891332e-03
1.444459433274814181e-03
1.452915908239029276e-03
1.461300116586941068e-03
1.469730321932155885e-03
1.478234897039271568e-03
1.486709624552844241e-03
1.495101922520768959e-03
1.503513433236670872e-03
1.512008739962075569e-03
1.520498963008265914e-03
1.528904530479877023e-03
1.537300929521643808e-03
1.545782103200054941e-03
1.554283849587259538e-03
1.562706556092594576e-03
1.571093043951884418e-03
1.579556657846808466e-03
1.588064381644984854e-03
1.596506823924733051e-03
1.604889400209616283e-03
1.613333492548043582e-03
1.621841411806615452e-03
1.630303748512238349e-03
1.638689250754218852e-03
1.647113676393251701e-03
1.655615955682831954e-03
1.664096267270319483e-03
1.672491542180124706e-03
1.680898428312572589e-03
1.689389417303910519e-03
1.697884038519368449e-03
1.706294403232498300e-03
1.714687576271135524e-03
1.723163726731730561e-03
1.731667354085903712e-03
1.740096069248769700e-03
1.748480966278788276e-03
1.756939599126520644e-03
1.765446905821085833e-03
1.773895206454152544e-03
1.782278324842470401e-03
1.790717412848309405e-03
1.799223979816004558e-03
1.807690834160931553e-03
1.816078795236469824e-03
1.824498615211908679e-03
1.832998978173609565e-03
1.841482400448570759e-03
1.849881291610873738e-03
1.858283960298719520e-03
1.866772330399334460e-03
1.875269519317867076e-03
1.883684159895681167e-03
1.892073987446685375e-03
1.900546074843751775e-03
1.909051800072407131e-03
1.917485491199769250e-03
1.925868724722232597e-03
1.934321562824823553e-03
1.942830159698699568e-03
1.951283747773010883e-03
1.959667455494419966e-03
1.968100047924623008e-03
1.976605569422696263e-03
1.985078119363881122e-03
1.993468745962858734e-03
2.001882630138584508e-03
2.010379478171309912e-03
2.018868041648381410e-03
2.027271218507399435e-03
2.035669891383109619e-03
2.044153037484049227e-03
2.052653441843405816e-03
2.061073680022753023e-03
2.069461352894984372e-03
2.077927486095056380e-03
2.086434548886511621e-03
2.094874440872830038e-03
2.103257028105319591e-03
2.111704503618541239e-03
2.120212017836540629e-03
2.128671889541268285e-03
2.137056598919864683e-03
2.145484571360118092e-03
2.153987552250746871e-03
2.162464980713265164e-03
2.170858696740479449e-03
2.179268239407060413e-03
2.187761946286417587e-03
2.196253453781552272e-03
2.204661502329879636e-03
2.213056430459340619e-03
2.221535697472794540e-03
2.230037920778720449e-03
2.238463381975436955e-03
2.246849119621592561e-03
2.255310586667436806e-03
2.263818655033385512e-03
2.272263074901163457e-03
2.280645870025408903e-03
2.289087761015971573e-03
2.297595466575220232e-03
2.306059668452724656e-03
2.314446045805810051e-03
2.322868301243714070e-03
2.331369850504116589e-03
2.339851799086332257e-03
2.348248475585095873e-03
2.356652972535316914e-03
2.365142897353401854e-03
2.373638960596255714e-03
2.382051433633489406e-03
2.390442576158301625e-03
2.398916509950476880e-03
2.407421648524417195e-03
2.415852983710390939e-03
2.424237001103583030e-03
2.432691933288885690e-03
2.441200529755650078e-03
2.449651654251378072e-03
2.458035057428884472e-03
2.466470810745744965e-03
2.474976552721973051e-03
2.483446621632347858e-03
2.491835887294274049e-03
2.500253148299778731e-03
2.508750789514338584e-03
2.517237260105335134e-03
2.525638418125700484e-03
2.534039193144719919e-03
2.542524942666138724e-03
2.551023272155103494e-03
2.559441143915828446e-03
2.567829803188635164e-03
2.576299627127642562e-03
2.584805322022642408e-03
2.593242259720252626e-03
2.601625044814843881e-03
2.610075545025643869e-03
2.618583896921596738e-03
2.627040060403764647e-03
2.635424241101713607e-03
2.643854573395513531e-03
2.652359217678783385e-03
2.660833766006613643e-03
2.669226042080505984e-03
2.677637565542475336e-03
2.686132879297035286e-03
2.694623089580124725e-03
2.703028689079180549e-03
2.711425058515969360e-03
2.719906205941269479e-03
2.728407976734196095e-03
2.736830717028230619e-03
2.745217172174145050e-03
2.753680768182406244e-03
2.762188497960821072e-03
2.770630958248827998e-03
2.779013555882995333e-03
2.787457629801129780e-03
2.795965541891841377e-03
2.804427918209989774e-03
2.812813455929500262e-03
2.821237813809716107e-03
2.829740086962909823e-03
2.838220439679651000e-03
2.846615739530957562e-03
2.855022557786687527e-03
2.863513512392612103e-03
2.872008190246784585e-03
2.880418635013967665e-03
2.888811752167095778e-03
2.897287785908531088e-03
2.905791492297783718e-03
2.914220305283100800e-03
2.922605161853104264e-03
2.931063694590954442e-03
2.939571007466670275e-03
2.948019416825159965e-03
2.956402544250286233e-03
2.964841519934465885e-03
2.973348028076693971e-03
2.981815015674568053e-03
2.990203057704924478e-03
2.998622723274855639e-03
3.007123018293764941e-03
3.015606546748421813e-03
3.024005589869021866e-03
3.032408098907419906e-03
3.040896337801756583e-03
3.049393453097218234e-03
3.057808476790602626e-03
3.066198114517492291e-03
3.074669899092397681e-03
3.083175724017114989e-03
3.091609780651922816e-03
3.099992974759463015e-03
3.108445506557187734e-03
3.116954073133160023e-03
3.125407994404528957e-03
3.133791774636806443e-03
3.142224226665140969e-03
3.150729667326011407e-03
3.159202348555547116e-03
3.167593074916682464e-03
3.176006859425358451e-03
3.184503631715402631e-03
3.192992247188215175e-03
3.201395499448840901e-03
3.209794109385248444e-03
3.218277216410494416e-03
3.226777632188218125e-03
3.235197916691747236e-03
3.243585579442078738e-03
3.252051736442138768e-03
3.260558774776406432e-03
3.268998655202429594e-03
3.277381244451862182e-03
3.285828783476946700e-03
3.294336314037013980e-03
3.302796079102743223e-03
3.311180770394801277e-03
3.319608804369587364e-03
3.328111856207341922e-03
3.336589184348606740e-03
3.344982823137297723e-03
3.353392485094549343e-03
3.361886265063632195e-03
3.370377751195518037e-03
3.378785535061112639e-03
3.387180672724910118e-03
3.395660194235121040e-03
3.404162415092283102e-03
3.412587335538151429e-03
3.420973277560509628e-03
3.429435217994235719e-03
3.437943158933558317e-03
3.446387111758309613e-03
3.454769875286570983e-03
3.463212506908480270e-03
3.471720226724918975e-03
3.480183777706303411e-03
3.488569846881451209e-03
3.496993184830299826e-03
3.505495037214035204e-03
3.513976152190742466e-03
3.522372114799633951e-03
3.530778041989532986e-03
3.539268929365413114e-03
3.547763958554829046e-03
3.556174946564134853e-03
3.564567681764639791e-03
3.573043144005821296e-03
3.581547350850227806e-03
3.589976583739062661e-03
3.598361344304799956e-03
3.606819387151373717e-03
3.615326961322377474e-03
3.623775653138885944e-03
3.632158825360641292e-03
3.640597515797718529e-03
3.649103948978443899e-03
3.657571237168488060e-03
3.665959348966046048e-03
3.674378914796014393e-03
3.682879135321628916e-03
3.691362743539237674e-03
3.699761831028936399e-03
3.708164391570243149e-03
3.716652652708097183e-03
3.725149915020714662e-03
3.733564677016626768e-03
3.741954465943258396e-03
3.750426460406356549e-03
3.758932215250903892e-03
3.767366016929701421e-03
3.775749240339056501e-03
3.784202065278080215e-03
3.792710676022927226e-03
3.801164275769826351e-03
3.809547998110480050e-03
3.817980514703307651e-03
3.826486008352546122e-03
3.834958642360883092e-03
3.843349312804709029e-03
3.851763061335678091e-03
3.860259840546975338e-03
3.868748508854665414e-03
3.877151758103963407e-03
3.885550312476539203e-03
3.894033304525325399e-03
3.902533806011447819e-03
3.910954190273386796e-03
3.919341802552050655e-03
3.927807633859988108e-03
3.936314781955991063e-03
3.944754927560567385e-03
3.953137494253810419e-03
3.961584583474637294e-03
3.970092097379764561e-03
3.978552324932215466e-03
3.986937111512555559e-03
3.995364719054912347e-03
4.003867396809373917e-03
4.012345306448190235e-03
4.020739277975059374e-03
4.029148376985613490e-03
4.037641333507128831e-03
4.046133438103081958e-03
4.054542160571696953e-03
4.062936538359606525e-03
4.071415117022170703e-03
4.079917188820408706e-03
4.088343992074974613e-03
4.096729422604952243e-03
4.105189985721003493e-03
4.113697632719634859e-03
4.122143446916455220e-03
4.130526385973158632e-03
4.138967278102419038e-03
4.147474823225936157e-03
4.155939642922847760e-03
4.164326651745204125e-03
4.172747997995827560e-03
4.181249122137594906e-03
4.189731719727179254e-03
4.198129079562852063e-03
4.206532952066549536e-03
4.215022370148832284e-03
4.223518809354314361e-03
4.231931954611006970e-03
4.240322641957852690e-03
4.248795997634643822e-03
4.257301344690149481e-03
4.265733403593384258e-03
4.274117144002465354e-03
4.282571301733104421e-03
4.291079954326973075e-03
4.299531952691083674e-03
4.307915405810490948e-03
4.316349793366195363e-03
4.324855459130810473e-03
4.333326613676386808e-03
4.341716383817736079e-03
4.350132191544450917e-03
4.358629459157876800e-03
4.367116913054493003e-03
4.375518941738544033e-03
4.383918881660298257e-03
4.392402947046309541e-03
4.400902603148408761e-03
4.409321603261383456e-03
4.417709763926457381e-03
4.426177799757370461e-03
4.434683878755258692e-03
4.443122583523711859e-03
4.451505224615271393e-03
4.459954461205170757e-03
4.468461982571193640e-03
4.476920243396206520e-03
4.485304690242792464e-03
4.493733691884368997e-03
4.502237480371308782e-03
4.510713467403195537e-03
4.519106720960102547e-03
4.527516951458277275e-03
4.536011290362416785e-03
4.544502131971079641e-03
4.552909573465954360e-03
4.561304828438750292e-03
4.569784616616255797e-03
4.578286676408737169e-03
4.586711503386256550e-03
4.595097387830184878e-03
4.603559359866035532e-03
4.612067382713760065e-03
4.620511317995568135e-03
4.628894060177259594e-03
4.637336405823473499e-03
4.645844169530320873e-03
4.654308001862024653e-03
4.662694195656867657e-03
4.671116852028921705e-03
4.679618539102857813e-03
4.688100192830384205e-03
4.696496585923990406e-03
4.704901541217742546e-03
4.713391780807449881e-03
4.721887562691276519e-03
4.730299578820381691e-03
4.738691246519385371e-03
4.747165319781214768e-03
4.755670369279648563e-03
4.764101233175975676e-03
4.772485376229891781e-03
4.780940722755299202e-03
4.789449022985052540e-03
4.797900022997887357e-03
4.806283378831851041e-03
4.814719218456786805e-03
4.823224917009854423e-03
4.831695019699391858e-03
4.840084262366417360e-03
4.848501512417416510e-03
4.856998976700287012e-03
4.865485616477873212e-03
4.873886873814859029e-03
4.882287532500582602e-03
4.890773047077992715e-03
4.899271510325987379e-03
4.907689686828994521e-03
4.916078191218082108e-03
4.924547328440788060e-03
4.933053071452820834e-03
4.941490777013723967e-03
4.949873460719064928e-03
4.958323352825620006e-03
4.966831053737164568e-03
4.975288531799742717e-03
4.983672846727428378e-03
4.992102427786245661e-03
5.000606758870376582e-03
5.009081916551819981e-03
5.017474815870040863e-03
5.025885611317245857e-03
5.034380400624496009e-03
5.042871061724790195e-03
5.051277581765081272e-03
5.059673365844593110e-03
5.068153851216192739e-03
5.076655834829137473e-03
5.085079550420893053e-03
5.093465660667389865e-03
5.101928287712404614e-03
5.110436239029354788e-03
5.118879568808885200e-03
5.127262245957270662e-03
5.135705023058751047e-03
5.144212875121965782e-03
5.152676344777943306e-03
5.161062343729256978e-03
5.169485363331109695e-03
5.177987200224767536e-03
5.186468597458012385e-03
5.194864757996261670e-03
5.203269976183410965e-03
5.211760413145313277e-03
5.220256008878026294e-03
5.228667717690739514e-03
5.237059622675880113e-03
5.245533961291073792e-03
5.254038872078128398e-03
5.262469359854898138e-03
5.270853713674381567e-03
5.279309827762830760e-03
5.287817846004601655e-03
5.296268226478394008e-03
5.304651509716310463e-03
5.313088172473862114e-03
5.321593568207242005e-03
5.330063289970385712e-03
5.338452321233939230e-03
5.346869980856162538e-03
5.355367733368502844e-03
5.363853963889175964e-03
5.372254931008240038e-03
5.380655862599698948e-03
5.389141765406873369e-03
5.397639945394259488e-03
5.406057739923897029e-03
5.414446421163939503e-03
5.422916344003170415e-03
5.431421986571452649e-03
5.439858859617761194e-03
5.448241615211949461e-03
5.456692112037367197e-03
5.465200323925299697e-03
5.473656623552588391e-03
5.482040816979408260e-03
5.490470953437587460e-03
5.498975536865703499e-03
5.507450152387579657e-03
5.515842657135359983e-03
5.524253842804255875e-03
5.532748938240915175e-03
5.541239296518846690e-03
5.549645406213801063e-03
5.558041464755770870e-03
5.566522286322492588e-03
5.575024243329318972e-03
5.583447352908551403e-03
5.591833627458413399e-03
5.600296734961832980e-03
5.608804593255601115e-03
5.617247512183341437e-03
5.625630112540536305e-03
5.634073431159235777e-03
5.642581346138290585e-03
5.651044348660294245e-03
5.659430124360248678e-03
5.667853396063131551e-03
5.676355342441678428e-03
5.684836558830236829e-03
5.693232519413378954e-03
5.701637884963734956e-03
5.710128428990792621e-03
5.718623924752527093e-03
5.727035495209082186e-03
5.735427463659999690e-03
5.743901815386584682e-03
5.752406715151707657e-03
5.760837104400098364e-03
5.769221441696214051e-03
5.777677510692213504e-03
5.786185526229595602e-03
5.794635910703428705e-03
5.803019169504001519e-03
5.811455819631749717e-03
5.819961194300162996e-03
5.828430892534214834e-03
5.836819917510048007e-03
5.845237531125961443e-03
5.853735198256464732e-03
5.862221501531388393e-03
5.870622464086278774e-03
5.879023365973071007e-03
5.887509240268465685e-03
5.896007415431817403e-03
5.904425191820889506e-03
5.912813854611361115e-03
5.921283764930350239e-03
5.929789393596897676e-03
5.938226270089583952e-03
5.946609016454381530e-03
5.955059503130935745e-03
5.963567715290996919e-03
5.972024005081683594e-03
5.980408220116173977e-03
5.988838286669615797e-03
5.997342829974908369e-03
6.005817462063010349e-03
6.014209990582071626e-03
6.022621075344153363e-03
6.031116094962593772e-03
6.039606482065945636e-03
6.048012615328109826e-03
6.056408620996767134e-03
6.064889398747757426e-03
6.073391346895165403e-03
6.081814505332405751e-03
6.090200741936241217e-03
6.098663778104683811e-03
6.107171621881053378e-03
6.115614557378823771e-03
6.123997116546581361e-03
6.132440438047817056e-03
6.140948331431161401e-03
6.149411272711128446e-03
6.157797003660881070e-03
6.166220355677597652e-03
6.174722310560260344e-03
6.183203416643309226e-03
6.191599292879004790e-03
6.200004787442855124e-03
6.208495206488593224e-03
6.216990690133673662e-03
6.225402193084415316e-03
6.233794172929999280e-03
6.242268515940526882e-03
6.250773402573923249e-03
6.259203763186910879e-03
6.267588064375818196e-03
6.276044090868010752e-03
6.284552093305404742e-03
6.293002517039965327e-03
6.301385774137722301e-03
6.309822287853279060e-03
6.318327629611698165e-03
6.326797432579398840e-03
6.335186478712410453e-03
6.343604013232820305e-03
6.352101590056563260e-03
6.360587958643700024e-03
6.368988955428553020e-03
6.377389799798243060e-03
6.385875554909839491e-03
6.394373775900023121e-03
6.402791670605379078e-03
6.411180261259932789e-03
6.419649926776851805e-03
6.428155531223729569e-03
6.436592701730937775e-03
6.444975398161106005e-03
6.453425619809125512e-03
6.461933462594401587e-03
6.470390328019897178e-03
6.478774574403407295e-03
6.487204284062460073e-03
6.495708682928316539e-03
6.504183638578618989e-03
6.512576415044557705e-03
6.520987316718051749e-03
6.529482191637720964e-03
6.537972736014179692e-03
6.546379061908153690e-03
6.554774918063844755e-03
6.563255501503625564e-03
6.571757582973937473e-03
6.580180979027981658e-03
6.588567106406563283e-03
6.597029863141023846e-03
6.605537791444379518e-03
6.613980948410700007e-03
6.622363570565336331e-03
6.630806270508817109e-03
6.639314126598541872e-03
6.647777615794126307e-03
6.656163601203154631e-03
6.664586446393300050e-03
6.673088228865402087e-03
6.681569737954612398e-03
6.689965987059291914e-03
6.698370947145100562e-03
6.706861214833324467e-03
6.715357001312855997e-03
6.723768957105970626e-03
6.732160408689739223e-03
6.740634268441743349e-03
6.749139396322949638e-03
6.757570504304916473e-03
6.765954506840611386e-03
6.774409420888854484e-03
6.782917838030873281e-03
6.791369158069060670e-03
6.799752506083759154e-03
6.808187793657341502e-03
6.816693391636475391e-03
6.825163925762196479e-03
6.833553336752526929e-03
6.841969838214766522e-03
6.850466869669368138e-03
6.858954107566012093e-03
6.867355871592123462e-03
6.875755992229413971e-03
6.884240104179028055e-03
6.892739511845738694e-03
6.901158538459424736e-03
6.909546640161051689e-03
6.918014274145049651e-03
6.926520422159845522e-03
6.934959473688994368e-03
6.943342037282648239e-03
6.951790477385471657e-03
6.960297838234701974e-03
6.968756903004211765e-03
6.977141457216350789e-03
6.985569770960072325e-03
6.994072753572453185e-03
7.002549912677534516e-03
7.010943542091542177e-03
7.019353087196763576e-03
7.027846735593173966e-03
7.036338113624204284e-03
7.044746353088147429e-03
7.053141036483087135e-03
7.061620104100384786e-03
7.070122017997844399e-03
7.078548160984150101e-03
7.086933604759404134e-03
7.095394386619471340e-03
7.103901952363285595e-03
7.112347589179296263e-03
7.120730471566560568e-03
7.129171389839405668e-03
7.137678961273566554e-03
7.146143702387378061e-03
7.154530682779687914e-03
7.162951910312505797e-03
7.171453010848477874e-03
7.179935621268320779e-03
7.188333069898544293e-03
7.196736677685817637e-03
7.205225915561127778e-03
7.213722510014246650e-03
7.222135899586180907e-03
7.230526186983987462e-03
7.238999025974564815e-03
7.247504548385790002e-03
7.255937223180942107e-03
7.264320634959482888e-03
7.272774255044913219e-03
7.281282869436498523e-03
7.289735575777422580e-03
7.298119086750460595e-03
7.306552519830678515e-03
7.315058306831507401e-03
7.323529983551604373e-03
7.331920048120831555e-03
7.340335131015664379e-03
7.348832026292118243e-03
7.357319982569442661e-03
7.365722445417236842e-03
7.374121740673257076e-03
7.382604970330955418e-03
7.391105144786514619e-03
7.399524916714673994e-03
7.407912705825038177e-03
7.416379088244579899e-03
7.424885877181352720e-03
7.433325626090499932e-03
7.441708152535980378e-03
7.450155644469196731e-03
7.458663038861556259e-03
7.467122961072669880e-03
7.475507623480506098e-03
7.483935514197669406e-03
7.492438261073156719e-03
7.500915859289512301e-03
7.509309685794976832e-03
7.517718916496780000e-03
7.526211990292545548e-03
7.534703866678763712e-03
7.543112466363702251e-03
7.551506868484843434e-03
7.559985510295719711e-03
7.568487507472030154e-03
7.576914188344207983e-03
7.585299536319848115e-03
7.593759952668138226e-03
7.602267503150618617e-03
7.610713517919034769e-03
7.619096414827508830e-03
7.627537025326496314e-03
7.636044388462807746e-03
7.644509459275210597e-03
7.652896621791061525e-03
7.661317469272310200e-03
7.669818400620468345e-03
7.678301068490058466e-03
7.686698989192863526e-03
7.695102170934805912e-03
7.703591062213487918e-03
7.712087899445737790e-03
7.720501775743483612e-03
7.728891872323422584e-03
7.737364428769827850e-03
7.745870006081287569e-03
7.754302994844987883e-03
7.762686320422215215e-03
7.771139636491368116e-03
7.779648249546912767e-03
7.788101264686484067e-03
7.796484801202460506e-03
7.804917879133742124e-03
7.813423575407351870e-03
7.821895573171240221e-03
7.830285828431133785e-03
7.838700222939984710e-03
7.847196894157819694e-03
7.855685275085315042e-03
7.864088186546356468e-03
7.872486934901317540e-03
7.880970052389527775e-03
7.889470426773487199e-03
7.897890558045128628e-03
7.906278200972543385e-03
7.914744151692522725e-03
7.923251231723891022e-03
7.931691181754520550e-03
7.940073710423373524e-03
7.948520954202044353e-03
7.957028368406348501e-03
7.965488438867828966e-03
7.973873147768919742e-03
7.982300842671893534e-03
7.990803548269856046e-03
7.999281276940113650e-03
8.007675168695660428e-03
8.016084295561422268e-03
8.024577250821675681e-03
8.033069253645308203e-03
8.041477917702231915e-03
8.049872281655873554e-03
8.058350868030925498e-03
8.066852886655600727e-03
8.075279635820222304e-03
8.083665032465783828e-03
8.092125573948179273e-03
8.100633195963409874e-03
8.109078945989729725e-03
8.117461845062479489e-03
8.125902732308742243e-03
8.134410257396485974e-03
8.142875003177127771e-03
8.151261951498040004e-03
8.159683293498832049e-03
8.168184395880647916e-03
8.176666933643857507e-03
8.185064214438292352e-03
8.193468083637179405e-03
8.201957490619079388e-03
8.210453868641059624e-03
8.218866944787895507e-03
8.227257602027360228e-03
8.235730910921801665e-03
8.244236223053084955e-03
8.252668239629237790e-03
8.261051934133699370e-03
8.269506041889120029e-03
8.278014627668042746e-03
8.286466597851666754e-03
8.294850037729874226e-03
8.303284394015628470e-03
8.311790070273068071e-03
8.320261082940949918e-03
8.328650791423935010e-03
8.337066671840158774e-03
8.345563962039446657e-03
8.354051245484418742e-03
8.362453132981190890e-03
8.370853126037944986e-03
8.379337437504276453e-03
8.387836847666477885e-03
8.396255543966432699e-03
8.404643775036545195e-03
8.413112202353724423e-03
8.421618122511740842e-03
8.430056324422915623e-03
8.438438977632863047e-03
8.446888575366892637e-03
