0.000000000000000000e+00
8.383746904211575893e-06
1.687874391496311851e-05
2.538210723804064047e-05
3.376554313035561077e-05
4.214576855237469266e-05
5.062925768882437964e-05
5.913323258894639158e-05
6.751194119399064875e-05
7.588400776512524719e-05
8.437362533527470530e-05
9.287860127209709451e-05
1.012732267744927297e-04
1.096329358401260654e-04
1.181120317277075890e-04
1.266271006471115005e-04
1.350362146700882370e-04
1.433827259003641545e-04
1.518571565601412141e-04
1.603628066438375752e-04
1.687731819522656103e-04
1.771331994904716675e-04
1.855947579225149496e-04
1.941092891076278196e-04
2.025018842508507144e-04
2.108591335276674471e-04
2.193327491262160632e-04
2.278472061005373415e-04
2.362607889301609370e-04
2.446117401582055518e-04
2.530744310041221456e-04
2.615977938434159932e-04
2.700249885881546991e-04
2.783640598624410336e-04
2.868198176107435464e-04
2.953301209807633371e-04
3.037343248263674124e-04
3.120928759274254607e-04
3.205502224186145173e-04
3.290652220751736474e-04
3.375014090666227312e-04
3.458577023340260394e-04
3.542828827476032934e-04
3.627965265392608962e-04
3.712634169390703317e-04
3.796317870706398482e-04
3.880237871066420522e-04
3.965307694804895530e-04
4.050209502490248340e-04
4.134054480751052211e-04
4.217744621622706159e-04
4.302656745556054257e-04
4.387738005464388133e-04
4.471827814615512466e-04
4.555438945539330296e-04
4.639990228513382131e-04
4.725059773469757738e-04
4.809323436075975031e-04
4.892817341261015366e-04
4.977339477050988451e-04
5.062410687303113121e-04
5.146434457010012377e-04
5.229893634330407860e-04
5.314373508660578341e-04
5.399659777397516815e-04
5.484049333963626456e-04
5.567427930083981413e-04
5.651636112483539439e-04
5.736818599140555827e-04
5.821577368256198627e-04
5.905097171747348758e-04
5.989038065143628036e-04
6.074166837615522065e-04
6.159192797107415846e-04
6.242893216819231633e-04
6.326570806079044769e-04
6.411478551162397592e-04
6.496700742404281281e-04
6.580693962942621130e-04
6.664254607211002714e-04
6.748849312800864111e-04
6.834153556039470473e-04
6.918477328693200179e-04
7.001962700585197524e-04
7.086226543163752847e-04
7.171543011060419132e-04
7.256254303345588191e-04
7.339735509240884279e-04
7.423712554432658484e-04
7.508881650512681284e-04
7.593884281031890214e-04
7.677555498406983189e-04
7.761272139968677973e-04
7.846176497603821491e-04
7.931371102815632521e-04
8.015366969138910079e-04
8.098953300533449353e-04
8.183555436700106975e-04
8.268824274525334679e-04
8.353148992297511864e-04
8.436606388354947949e-04
8.521097496303989705e-04
8.606236763232113325e-04
8.690750224230512321e-04
8.774270231635605474e-04
8.858522393208259757e-04
8.943726453258073802e-04
9.028414478171034249e-04
9.112064427527935377e-04
9.195992876564508534e-04
9.281151284236822518e-04
9.366086172908869327e-04
9.449822472815027014e-04
9.533515087850072487e-04
9.618468876859494112e-04
9.703591561147489062e-04
9.787540720964829459e-04
9.871122089147468890e-04
9.955794365898080513e-04
1.004097732527174354e-03
1.012517419104674897e-03
1.020865906017403603e-03
1.029286615804711176e-03
1.037807576505514516e-03
1.046276082410112652e-03
1.054626894615109988e-03
1.063025150225816590e-03
1.071541092461630439e-03
1.080037665057851076e-03
1.088399982245591598e-03
1.096778877719981407e-03
1.105264290922005135e-03
1.113778941408755368e-03
1.122171577655189890e-03
1.130532257172300881e-03
1.138993736217016207e-03
1.147498041862643177e-03
1.155891355506981095e-03
1.164252762860705330e-03
1.172735685611142348e-03
1.181231196823349537e-03
1.189608392598933816e-03
1.197995026187547449e-03
1.206470641673291610e-03
1.214971005455947996e-03
1.223364507336156164e-03
1.231742810295323324e-03
1.240209048523174991e-03
1.248708366122034015e-03
1.257139220249944150e-03
1.265508453369421039e-03
1.273944969081191540e-03
1.282443729112737064e-03
1.290888016181370281e-03
1.299263553414244056e-03
1.307658158604259454e-03
1.316153501735298735e-03
1.324631098025059366e-03
1.333003714671933534e-03
1.341396472938583386e-03
1.349874363516464582e-03
1.358362698603335448e-03
1.366765167332808020e-03
1.375138436124947062e-03
1.383598910077099174e-03
1.392102915811314467e-03
1.400540536220237515e-03
1.408893864061609193e-03
1.417331541703881811e-03
1.425834562130727989e-03
1.434298154199789305e-03
1.442661092146442633e-03
1.451072479362775901e-03
1.459555974019600185e-03
1.468037707996319502e-03
1.476425556500180966e-03
1.484806126299113935e-03
1.493271104974909416e-03
1.501771850379659537e-03
1.510195288333250705e-03
1.518567416842886561e-03
1.526999640260210756e-03
1.535494726341079608e-03
1.543963653361899715e-03
1.552338907847249528e-03
1.560742847417029722e-03
1.569223139108761851e-03
1.577705324166442814e-03
1.586106104047397105e-03
1.594475917658892813e-03
1.602929403260511471e-03
1.611422704580285333e-03
1.619836435895051757e-03
1.628198785313252767e-03
1.636643489046206651e-03
1.645141107071897493e-03
1.653579160819494730e-03
1.661947165573757820e-03
1.670359252077647984e-03
1.678862054324435074e-03
1.687322426721762306e-03
1.695681076266184438e-03
1.704092420663500711e-03
1.712604442875864837e-03
1.721047386220565800e-03
1.729387461441157401e-03
1.737812487112624362e-03
1.746328957512828474e-03
1.754749679262315992e-03
1.763089947827785461e-03
1.771537643990110699e-03
1.780043756012896416e-03
1.788448170712885225e-03
1.796792078393290521e-03
1.805262320136905669e-03
1.813784617874934519e-03
1.822200149756339222e-03
1.830542965122001304e-03
1.838980690480789123e-03
1.847494086692556652e-03
1.855905234276754604e-03
1.864245089588290180e-03
1.872702987768210935e-03
1.881228094606545451e-03
1.889656006199872404e-03
1.897995692898152677e-03
1.906427549976069061e-03
1.914956593160286073e-03
1.923414512626605037e-03
1.931764235752088301e-03
1.940163221155627622e-03
1.948679643449947223e-03
1.957157535324020956e-03
1.965524393124651499e-03
1.973894030621557716e-03
1.982392298398697166e-03
1.990873365886865719e-03
1.999237221292546416e-03
2.007634584036079375e-03
2.016127665682205909e-03
2.024610158097840413e-03
2.032972309654183449e-03
2.041357537501216866e-03
2.049863658400022728e-03
2.058354619372560271e-03
2.066725588063314349e-03
2.075102782164940131e-03
2.083603080729597764e-03
2.092100564512730781e-03
2.100475798412709295e-03
2.108854922619007085e-03
2.117353017941430229e-03
2.125853354296292422e-03
2.134232889481679947e-03
2.142615938322429362e-03
2.151104173750176176e-03
2.159613992848111782e-03
2.168007104641164230e-03
2.176370374474909369e-03
2.184860236755166527e-03
2.193367559595889044e-03
2.201756429803339646e-03
2.210131066287582789e-03
2.218615123664999418e-03
2.227128934522250910e-03
2.235532650756130117e-03
2.243894574257119471e-03
2.252374046811097662e-03
2.260888784819627649e-03
2.269290385780145872e-03
2.277656150424771028e-03
2.286132843948161103e-03
2.294650451743250955e-03
2.303061533605266654e-03
2.311422531107612793e-03
2.319891336578175194e-03
2.328410330629338519e-03
2.336823477755947676e-03
2.345182404542251603e-03
2.353650640404252297e-03
2.362171179431623788e-03
2.370589129437529041e-03
2.378949339671216929e-03
2.387406413508345090e-03
2.395928444759702451e-03
2.404353842732639881e-03
2.412698214010364998e-03
2.421156787918214443e-03
2.429676220556468026e-03
2.438100501901832931e-03
2.446459513621051293e-03
2.454910458847377012e-03
2.463433268766178266e-03
2.471869778644885350e-03
2.480221881412183159e-03
2.488664485900042231e-03
2.497188214757426264e-03
2.505627376833598902e-03
2.513974031660053034e-03
2.522418589653243129e-03
2.530939182442240847e-03
2.539372963732181975e-03
2.547735641628951549e-03
2.556166647618264044e-03
2.564688161600910035e-03
2.573139618762640413e-03
2.581490528198434730e-03
2.589914843883627058e-03
2.598434643047073649e-03
2.606892718063763808e-03
2.615237711500759208e-03
2.623655774419028381e-03
2.632159627066295825e-03
2.640600777542578392e-03
2.648962894945145700e-03
2.657376745432876372e-03
2.665873848826726816e-03
2.674350847639463645e-03
2.682725489868148169e-03
2.691104327475859516e-03
2.699589400401076079e-03
2.708093758174707870e-03
2.716490427794700929e-03
2.724841752338712144e-03
2.733305140800590480e-03
2.741800916683004210e-03
2.750191709820205138e-03
2.758550515171342022e-03
2.767022858061679493e-03
2.775536721658092548e-03
2.783938188855644355e-03
2.792277836769736527e-03
2.800729845569567989e-03
2.809248665834877551e-03
2.817684612175038079e-03
2.826023697560795141e-03
2.834448502005394114e-03
2.842971383501033573e-03
2.851439154920061038e-03
2.859784188131129796e-03
2.868175548822932564e-03
2.876687632868663025e-03
2.885183103866571959e-03
2.893550715949595124e-03
2.901920915676927618e-03
2.910404220608011575e-03
2.918916008530244785e-03
2.927312311235655360e-03
2.935664427657761789e-03
2.944136263966957209e-03
2.952643738882962648e-03
2.961055374239907056e-03
2.969402653594797100e-03
2.977857099867464111e-03
2.986382515645354639e-03
2.994813583195681233e-03
3.003150228846360268e-03
3.011573478408376744e-03
3.020100300747285537e-03
3.028568292363057520e-03
3.036914227372552576e-03
3.045314820497401712e-03
3.053817640235336004e-03
3.062305183004404140e-03
3.070673638038506469e-03
3.079052159501961209e-03
3.087539991284000453e-03
3.096036817832113156e-03
3.104423785206350712e-03
3.112781333100613293e-03
3.121267321301309395e-03
3.129783804904702916e-03
3.138177929277601724e-03
3.146526144065581263e-03
3.154981838548837850e-03
3.163511181519072703e-03
3.171946586218386040e-03
3.180282797275325174e-03
3.188705191031462362e-03
3.197226913179957060e-03
3.205692850139921137e-03
3.214040720205298216e-03
3.222445978002601644e-03
3.230945714161886136e-03
3.239432874960755313e-03
3.247803266393920873e-03
3.256182653234413436e-03
3.264661583565122305e-03
3.273174186311279127e-03
3.281567385743984488e-03
3.289920827662927774e-03
3.298370433505137291e-03
3.306893807359557666e-03
3.315322081513731849e-03
3.323667936450297716e-03
3.332089523602068271e-03
3.340616357136564924e-03
3.349078149433638765e-03
3.357422666227251849e-03
3.365815207673957324e-03
3.374330954946938837e-03
3.382822734286241792e-03
3.391181454506394383e-03
3.399554824930128057e-03
3.408047452269687833e-03
3.416560615149038822e-03
3.424947207053728130e-03
3.433300739896798150e-03
3.441767365124841476e-03
3.450293573642134338e-03
3.458709663032423585e-03
3.467056155671775428e-03
3.475489450683218184e-03
3.484015381779705968e-03
3.492461274837916404e-03
3.500817366852190370e-03
3.509217587614995963e-03
3.517730029289960810e-03
3.526205509450420789e-03
3.534586520795318914e-03
3.542956752629936121e-03
3.551444951282226124e-03
3.559945776094130491e-03
3.568349505865480754e-03
3.576698431579957219e-03
3.585166583457308383e-03
3.593681293369805057e-03
3.602103492292524616e-03
3.610449700871265055e-03
3.618888403024209718e-03
3.627400125807357396e-03
3.635852503103079343e-03
3.644206302411206414e-03
3.652614034522775471e-03
3.661116406529444939e-03
3.669600300538721806e-03
3.677975873667901040e-03
3.686351521316590194e-03
3.694835507249281687e-03
3.703336517153934040e-03
3.711744066216068113e-03
3.720097400739161373e-03
3.728551807011804692e-03
3.737068160705689281e-03
3.745507446688817361e-03
3.753851624093277380e-03
3.762276792318542101e-03
3.770788351247513891e-03
3.779251195839014674e-03
3.787598430783169212e-03
3.796005612079591304e-03
3.804520813081596446e-03
3.812991580629964197e-03
3.821349056482648780e-03
3.829725772552470316e-03
3.838234368432614108e-03
3.846740710964513359e-03
3.855114419403633981e-03
3.863476904882348975e-03
3.871951010182143101e-03
3.880462835621574860e-03
3.888865382786641390e-03
3.897216860743711771e-03
3.905681888652394983e-03
3.914190710773358256e-03
3.922612287402031661e-03
3.930950779062464609e-03
3.939397385334397067e-03
3.947926548300288892e-03
3.956369909595192948e-03
3.964712030948914015e-03
3.973117558703768981e-03
3.981638628596848202e-03
3.990114407132167723e-03
3.998465089802502766e-03
4.006860827053839585e-03
4.015363813179830856e-03
4.023846326189893866e-03
4.032215771295858363e-03
4.040590767799075340e-03
4.049086709886079091e-03
4.057581734331884571e-03
4.065970226611400132e-03
4.074320197041337438e-03
4.082797760052518307e-03
4.091320597421766424e-03
4.099730036598414618e-03
4.108068630162112038e-03
4.116510193350069770e-03
4.125037844283921222e-03
4.133482019223850765e-03
4.141829447154728693e-03
4.150233340501202454e-03
4.158752158617883520e-03
4.167228862200458850e-03
4.175581593903977470e-03
4.183974580196377947e-03
4.192470776350257743e-03
4.200957941449834712e-03
4.209326431011000541e-03
4.217700980217468400e-03
4.226197531449074098e-03
4.234696193230018391e-03
4.243081334285815284e-03
4.251429461792665884e-03
4.259907968531205166e-03
4.268432523058329243e-03
4.276844165298519795e-03
4.285187024148165436e-03
4.293629931158247058e-03
4.302150081249700789e-03
4.310591849731487332e-03
4.318938449254254922e-03
4.327360129856944355e-03
4.335867248277492508e-03
4.344329644525309932e-03
4.352676193094756965e-03
4.361081785391164589e-03
4.369598189574460008e-03
4.378072778937857137e-03
4.386432757768557109e-03
4.394807821259337152e-03
4.403310929239517488e-03
4.411817114173411346e-03
4.420198612443267290e-03
4.428547336361879014e-03
4.437023585069779959e-03
4.445545662520210099e-03
4.453956693603143037e-03
4.462299588583208514e-03
4.470743632472604784e-03
4.479271158931036681e-03
4.487716100179905271e-03
4.496056844725455394e-03
4.504463622970299695e-03
4.512982387793116647e-03
4.521457146004583851e-03
4.529813549539224611e-03
4.538192438143765980e-03
4.546695323468808933e-03
4.555186932514766057e-03
4.563565347580275655e-03
4.571917411425979218e-03
4.580396407302963525e-03
4.588907067492558126e-03
4.597317020016688897e-03
4.605660070775709214e-03
4.614108821270297006e-03
4.622625420528405499e-03
4.631064521441978846e-03
4.639409992097126394e-03
4.647825656954021091e-03
4.656333789664618764e-03
4.664799868555977863e-03
4.673162605771832671e-03
4.681549109785776083e-03
4.690040899952141809e-03
4.698522726669917930e-03
4.706889380861090620e-03
4.715263151071919651e-03
4.723760593835214967e-03
4.732255226660017459e-03
4.740627944510850469e-03
4.748994720621118638e-03
4.757479456137875956e-03
4.765973772694833202e-03
4.774361384422066631e-03
4.782717579668245393e-03
4.791199467028511676e-03
4.799691470488696640e-03
4.808051609162626409e-03
4.816416129847211555e-03
4.824905317701688734e-03
4.833406141285139131e-03
4.841790637172673460e-03
4.850145846084881127e-03
4.858621113402162260e-03
4.867107140883839174e-03
4.875474416054403036e-03
4.883844069819262383e-03
4.892335795128759102e-03
4.900812114266567612e-03
4.909175150560315948e-03
4.917556504642413805e-03
4.926051422049226164e-03
4.934522308755639325e-03
4.942894425920709052e-03
4.951278063367024231e-03
4.959761942925643846e-03
4.968250020665261613e-03
4.976659625577438406e-03
4.985015765817643434e-03
4.993467246294266797e-03
5.001965278773494450e-03
5.010386755094785663e-03
5.018740827606270674e-03
5.027160103650689729e-03
5.035644172832448584e-03
5.044096345010335922e-03
5.052469970661566286e-03
5.060861051397712307e-03
5.069352805944129202e-03
5.077833107726172079e-03
5.086196435154939285e-03
5.094589532056531707e-03
5.103061594918648081e-03
5.111557866660180333e-03
5.119984670686798800e-03
5.128351255233045379e-03
5.136768637505405993e-03
5.145274645895835108e-03
5.153719990712506138e-03
5.162066779990205113e-03
5.170478346427188204e-03
5.178981448207092136e-03
5.187418318927394106e-03
5.195762474220887855e-03
5.204193814255094960e-03
5.212697717831865640e-03
5.221111225878797071e-03
5.229460869529205594e-03
5.237914127139027369e-03
5.246411529996469758e-03
5.254806715200164603e-03
5.263147241697540592e-03
5.271613723078770984e-03
5.280116511890368264e-03
5.288502593992223944e-03
5.296867946303493273e-03
5.305335970639252566e-03
5.313837527928346946e-03
5.322236449271075358e-03
5.330602482527052426e-03
5.339068844724659778e-03
5.347579978737147625e-03
5.355988559757495458e-03
5.364348412352904112e-03
5.372806991053029509e-03
5.381324277733936373e-03
5.389750601013117322e-03
5.398093239958004497e-03
5.406545073475666104e-03
5.415066313338447700e-03
5.423489043228219703e-03
5.431828207152148390e-03
5.440274558689383970e-03
5.448781487235898960e-03
5.457201948893241825e-03
5.465556932585836566e-03
5.473999481140602412e-03
5.482517870662263759e-03
5.490955644187678515e-03
5.499304301537205793e-03
5.507743119017760765e-03
5.516266839355772091e-03
5.524710071108413813e-03
5.533049872662868136e-03
5.541481218849208731e-03
5.550005582663370893e-03
5.558448924295291034e-03
5.566782490212164418e-03
5.575204825208638672e-03
5.583721523180300988e-03
5.592148974920437693e-03
5.600509493063436477e-03
5.608938097176830763e-03
5.617445825797986840e-03
5.625889400934931325e-03
5.634247667327175503e-03
5.642675160848322283e-03
5.651180496401888784e-03
5.659632530526437395e-03
5.667985178836793848e-03
5.676407288703199869e-03
5.684921036646310884e-03
5.693379184318576175e-03
5.701737991259381994e-03
5.710155610831133682e-03
5.718661132888195990e-03
5.727120098938044863e-03
5.735480080763423125e-03
5.743892565195569608e-03
5.752395250869769827e-03
5.760861655460049018e-03
5.769220258555815897e-03
5.777627677427087105e-03
5.786134559149165406e-03
5.794605313520596185e-03
5.802971351706536808e-03
5.811373635127218065e-03
5.819872372649430650e-03
5.828343605980379309e-03
5.836708498872232066e-03
5.845105670611321427e-03
5.853605999910898444e-03
5.862085503752598181e-03
5.870452804226356479e-03
5.878846193174246636e-03
5.887344727947456738e-03
5.895825971524551283e-03
5.904200030117434661e-03
5.912589038407210784e-03
5.921075954995477265e-03
5.929561180422328846e-03
5.937931626380048115e-03
5.946313634182571854e-03
5.954807456773623595e-03
5.963297940259598695e-03
5.971666158338375871e-03
5.980036204280446931e-03
5.988525672193992060e-03
5.996995994647847349e-03
6.005351343023407340e-03
6.013739571685834673e-03
6.022236257368447122e-03
6.030704301022298680e-03
6.039062689753721576e-03
6.047458570702932308e-03
6.055958001955193126e-03
6.064419261945536155e-03
6.072764219366703214e-03
6.081176734186833494e-03
6.089684010186425210e-03
6.098122656775646980e-03
6.106469169677330999e-03
6.114897845178608737e-03
6.123405823351051568e-03
6.131827465794184757e-03
6.140171994714659423e-03
6.148619381243773663e-03
6.157121920118194952e-03
6.165560190279418575e-03
6.173931137882734434e-03
6.182344426204989911e-03
6.190832335771812543e-03
6.199309352731569717e-03
6.207690987242477088e-03
6.216057051585147271e-03
6.224542722582711123e-03
6.233023618602784310e-03
6.241386381305370767e-03
6.249772468764661429e-03
6.258270379160128447e-03
6.266732343787181567e-03
6.275083216355926974e-03
6.283484506071649635e-03
6.291988818645455339e-03
6.300431794750507158e-03
6.308774839802769492e-03
6.317198334327411673e-03
6.325704804354292075e-03
6.334125038698106697e-03
6.342464499992858662e-03
6.350913165623699348e-03
6.359410138761977839e-03
6.367834284524076342e-03
6.376180376421812512e-03
6.384624975890863981e-03
6.393128935910472911e-03
6.401583754039950024e-03
6.409931999515200429e-03
6.418345099746064486e-03
6.426844308242544469e-03
6.435317360902860842e-03
6.443686593517869085e-03
6.452071350784687950e-03
6.460552494434658628e-03
6.469042113191593620e-03
6.477403318208824375e-03
6.485775796832216576e-03
6.494279552824141870e-03
6.502767077779788261e-03
6.511149291387927605e-03
6.519503846099041801e-03
6.527982177489092749e-03
6.536487708165737535e-03
6.544889420989880024e-03
6.553235980274150184e-03
6.561697749906559608e-03
6.570195590311071754e-03
6.578584613472627032e-03
6.586925450370429737e-03
6.595394849226888546e-03
6.603915416337131569e-03
6.612332637845495451e-03
6.620669061073992251e-03
6.629109364513179406e-03
6.637634603955988415e-03
6.646076563836382858e-03
6.654421179266508529e-03
6.662830645808606907e-03
6.671342576729927080e-03
6.679806006989743791e-03
6.688155826706706011e-03
6.696551984078705916e-03
6.705059092643457334e-03
6.713541732220862021e-03
6.721904750065111483e-03
6.730281234725340143e-03
6.738773489318370530e-03
6.747241805102500468e-03
6.755593153364406953e-03
6.763981765835072948e-03
6.772489264860148163e-03
6.780941525048921406e-03
6.789287094145553952e-03
6.797703518341303465e-03
6.806209828447410196e-03
6.814668966532592964e-03
6.823017303115338182e-03
6.831420244679235580e-03
6.839933617461077357e-03
6.848403312341387432e-03
6.856755602458903913e-03
6.865153174080844932e-03
6.873664845388097015e-03
6.882138168755469985e-03
6.890492210423026023e-03
6.898889074680045197e-03
6.907399921877912380e-03
6.915879685990371055e-03
6.924242247166497062e-03
6.932639331573024234e-03
6.941141477401162503e-03
6.949630652313908662e-03
6.958004314151880997e-03
6.966385231160586618e-03
6.974888767369393124e-03
6.983377214522181083e-03
6.991744659564760704e-03
7.000133982925363027e-03
7.008634268848982704e-03
7.017129832928759373e-03
7.025509959141106042e-03
7.033888361217891828e-03
7.042383056398432081e-03
7.050880505374623047e-03
7.059257331611677559e-03
7.067632543878451731e-03
7.076127469363703050e-03
7.084626763210092465e-03
7.093010772736847887e-03
7.101384945723782788e-03
7.109868404284525219e-03
7.118373766742944198e-03
7.126765864113583822e-03
7.135126585147297251e-03
7.143613257347467167e-03
7.152116525164712961e-03
7.160504698293247705e-03
7.168876310831942891e-03
7.177356615699410046e-03
7.185866917275105653e-03
7.194269079146184930e-03
7.202628259402110884e-03
7.211105037111220986e-03
7.219614544650341387e-03
7.228014628926752311e-03
7.236378388009345915e-03
7.244850006804652923e-03
7.253364172564648327e-03
7.261774587564674352e-03
7.270130504517826470e-03
7.278597186783776311e-03
7.287110262861410011e-03
7.295520159416818938e-03
7.303878432684083634e-03
7.312341393541957682e-03
7.320858525366778259e-03
7.329278455911498492e-03
7.337631137439208293e-03
7.346086690896892583e-03
7.354603162434343241e-03
7.363024312700384814e-03
7.371378254286083120e-03
7.379831801352010681e-03
7.388350879902193767e-03
7.396779821572456795e-03
7.405130870218088780e-03
7.413574218768662939e-03
7.422092799235263834e-03
7.430525475918365805e-03
7.438873858044304371e-03
7.447318211528669227e-03
7.455837624441347469e-03
7.464271488731541102e-03
7.472624680562943433e-03
7.481058399293813790e-03
7.489578243849886671e-03
7.498023768800649372e-03
7.506368045299297541e-03
7.514802216854417349e-03
7.523320537082727258e-03
7.531762500567838921e-03
7.540118092677963561e-03
7.548542248730364529e-03
7.557061454445516274e-03
7.565517446805549925e-03
7.573862359152461025e-03
7.582285443379655279e-03
7.590802080026452271e-03
7.599255103530441237e-03
7.607612670054370203e-03
7.616027165724232120e-03
7.624544751463450086e-03
7.633009309428362768e-03
7.641360036922990526e-03
7.649769363062036004e-03
7.658284382432916509e-03
7.666750015306788776e-03
7.675107746274044754e-03
7.683513124902592931e-03
7.692028459782456092e-03
7.700500028617796380e-03
7.708857469697191246e-03
7.717256279688508060e-03
7.725768969324673524e-03
7.734243619834818909e-03
7.742604825987164235e-03
7.751000061511786193e-03
7.759511452424929304e-03
7.767989229500804962e-03
7.776352960658031686e-03
7.784741164160014111e-03
7.793249996765448315e-03
7.801734348254813281e-03
7.810099190308037592e-03
7.818484762023038964e-03
7.826991226818659497e-03
7.835476296549534134e-03
7.843846668152494941e-03
7.852226131719809016e-03
7.860729397883641292e-03
7.869221514648508733e-03
7.877591168027152715e-03
7.885968867319428227e-03
7.894469408916231917e-03
7.902960128218021810e-03
7.911338529017132581e-03
7.919708918639720846e-03
7.928205270959167231e-03
7.936704325849983435e-03
7.945081025050286169e-03
7.953449263252915583e-03
7.961942582550712161e-03
7.970439615394477734e-03
7.978827340819540093e-03
7.987190232925012526e-03
7.995679628907490649e-03
8.004184101896185191e-03
8.012569836812720447e-03
8.020928970809587319e-03
8.029415660000429125e-03
8.037920061584678810e-03
8.046314567398340709e-03
8.054672103752791648e-03
8.063154834583851141e-03
8.071662814781326023e-03
8.080059232964792101e-03
8.088411309221247777e-03
8.096889829414883472e-03
8.105399532154392711e-03
8.113802097946105907e-03
8.122153460624007698e-03
8.130628057357879718e-03
8.139138898018002596e-03
8.147545669192063703e-03
8.155893584527579981e-03
8.164363294643976754e-03
8.172876936684307300e-03
8.181288652647389359e-03
8.189635596735500220e-03
8.198101111230871041e-03
8.206614108319720477e-03
8.215031398433166043e-03
8.223375582731905914e-03
8.231834883852904433e-03
8.240351345015224649e-03
8.248772050847385032e-03
8.257116081582213316e-03
8.265571964571651054e-03
8.274086294251685458e-03
8.282514655129044265e-03
8.290856412836149908e-03
8.299305681149411057e-03
8.307823479104964673e-03
8.316254088480003193e-03
8.324595861802504965e-03
8.333041750799822719e-03
8.341556643054260853e-03
8.349995752938075416e-03
8.358336256690839655e-03
8.366774457026075404e-03
8.375292706925432581e-03
8.383731808639129784e-03
8.392071250831962051e-03
8.400507768587485088e-03
8.409022540671093338e-03
8.417472214671584824e-03
8.425814186762648969e-03
8.434239778533679857e-03
