0.000000000000000000e+00
8.414975295624591681e-06
1.689119636750808107e-05
2.537515961126595636e-05
3.379951007170421337e-05
4.220718095165650871e-05
5.067378226656696057e-05
5.916294805767284060e-05
6.759838489933226748e-05
7.600158126661664642e-05
8.445721555000574958e-05
9.294887011320900104e-05
1.013959789411384392e-04
1.097979957092108622e-04
1.182419182631779203e-04
1.267332059677786342e-04
1.351918344553175617e-04
1.435960292905388651e-04
1.520282647987123239e-04
1.605163256668749568e-04
1.689856694248128600e-04
1.773951092555340139e-04
1.858166612799955219e-04
1.942987880074596610e-04
2.027773520573015380e-04
2.111945996445968869e-04
2.196073199286847541e-04
2.280811381362414460e-04
2.365667923448134158e-04
2.449939322871059035e-04
2.534001904534467211e-04
2.618638807918450954e-04
2.703540433384315784e-04
2.787925186294176608e-04
2.871951469853213927e-04
2.956475889443705503e-04
3.041394413481748947e-04
3.125897436100869161e-04
3.209919825366642967e-04
3.294327528694935268e-04
3.379234094749798125e-04
3.463851172659652197e-04
3.547903266807321716e-04
3.632196583844860016e-04
3.717063276102888000e-04
3.801783417063761984e-04
3.885896374786241983e-04
3.970085905659052243e-04
4.054886984692814542e-04
4.139693514403901156e-04
4.223892051381380954e-04
4.307998054952229239e-04
4.392711141623142890e-04
4.477582152462917966e-04
4.561883627245138400e-04
4.645933018651844486e-04
4.730540763708538559e-04
4.815449974878031132e-04
4.899865717520161552e-04
4.983888527540066221e-04
5.068380870849888663e-04
5.153299479468733671e-04
5.237833296345161850e-04
5.321861351751686151e-04
5.406236751496600870e-04
5.491135480901821256e-04
5.575782037952381519e-04
5.659847325842594845e-04
5.744111756074058274e-04
5.828962805265841237e-04
5.913708794540367469e-04
5.997841470645313587e-04
6.082007322724369532e-04
6.166786084601665356e-04
6.251612510261137954e-04
6.335837289341432520e-04
6.419925038829987773e-04
6.504611158765133188e-04
6.589494769093207733e-04
6.673827386484631422e-04
6.757865407588732783e-04
6.842443510949629748e-04
6.927357745318325375e-04
7.011805761800214785e-04
7.095826332760528507e-04
7.180287400541114206e-04
7.265203562428429809e-04
7.349767995461897047e-04
7.433803803058831134e-04
7.518147492162866215e-04
7.603036485457219428e-04
7.687710860864155728e-04
7.771792554786695990e-04
7.856027901407950688e-04
7.940862076714105041e-04
8.025632084048292623e-04
8.109787078018115868e-04
8.193930142310781959e-04
8.278685364150894805e-04
8.363530240760859262e-04
8.447781723071967445e-04
8.531854142680995448e-04
8.616511648025433102e-04
8.701406456020073336e-04
8.785769769462811957e-04
8.869799725747353532e-04
8.954346808167024585e-04
9.039264112327148647e-04
9.123744694019104377e-04
9.207765116028060123e-04
9.292195203692974652e-04
9.377106419726439004e-04
9.461701804852664646e-04
9.545746478679540802e-04
9.630060213811390216e-04
9.714936985615484815e-04
9.799638300556578162e-04
9.883738075983910121e-04
9.967945681933691564e-04
1.005276129786439017e-03
1.013755320244138797e-03
1.022173321841938218e-03
1.030585396664223698e-03
1.039058495059585812e-03
1.047544599264643196e-03
1.055972599339372042e-03
1.064378459574506428e-03
1.072841295566165018e-03
1.081331709474552503e-03
1.089771080448042554e-03
1.098173589909472647e-03
1.106625086396266630e-03
1.115116965914817295e-03
1.123568179997121727e-03
1.131970551856515718e-03
1.140410378439955276e-03
1.148900823023518702e-03
1.157363413941970773e-03
1.165768972284288206e-03
1.174197460305135676e-03
1.182683686141139476e-03
1.191156472525432049e-03
1.199568327001641942e-03
1.207986565750283729e-03
1.216466038325334257e-03
1.224947287138289159e-03
1.233367910375338453e-03
1.241777939315933527e-03
1.250248479090307601e-03
1.258735966845278944e-03
1.267167024702273029e-03
1.275571602097938647e-03
1.284031518371267933e-03
1.292522612695219154e-03
1.300965120797232524e-03
1.309367321254663579e-03
1.317815630482309765e-03
1.326307449569341917e-03
1.334761725158905860e-03
1.343164741975319066e-03
1.351601338444213428e-03
1.360090950884606945e-03
1.368556437409389030e-03
1.376963417323474534e-03
1.385389004491072119e-03
1.393873628018211120e-03
1.402348954970356358e-03
1.410762844119282152e-03
1.419178756702823988e-03
1.427655951874686390e-03
1.436139155840877651e-03
1.444562405277987965e-03
1.452970704445493083e-03
1.461438490464110097e-03
1.469927196377036590e-03
1.478361365558487428e-03
1.486764891651759816e-03
1.495221809457049703e-03
1.503713341492218022e-03
1.512159101868196286e-03
1.520561123857895429e-03
1.529006325957851927e-03
1.537497822377764927e-03
1.545955170205953830e-03
1.554358996720349743e-03
1.562792468820556292e-03
1.571281038124789026e-03
1.579749270948159609e-03
1.588157959144145164e-03
1.596580658253053848e-03
1.605063554758522646e-03
1.613541217089389020e-03
1.621957425749805245e-03
1.630371068204235262e-03
1.638845888855063656e-03
1.647330877865913661e-03
1.655756839090566758e-03
1.664163664278452961e-03
1.672628561102742616e-03
1.681118340607644195e-03
1.689555561334707152e-03
1.697958385154837773e-03
1.706412157070579015e-03
1.714903950053499673e-03
1.723352948636121089e-03
1.731755047917428675e-03
1.740197134185336421e-03
1.748688074791595421e-03
1.757148520267139526e-03
1.765553278004617374e-03
1.773983799647405393e-03
1.782471073372480282e-03
1.790941990512287313e-03
1.799352509728064601e-03
1.807772502534889811e-03
1.816253476448131043e-03
1.824733282438934260e-03
1.833152048162030139e-03
1.841563494408470598e-03
1.850035861827276735e-03
1.858522395299225900e-03
1.866951274713613343e-03
1.875356743625148119e-03
1.883818726542271435e-03
1.892309369268367625e-03
1.900749645415536091e-03
1.909152050299362663e-03
1.917602605922884155e-03
1.926094494577732007e-03
1.934546611218936670e-03
1.942949143824904915e-03
1.951388022407681043e-03
1.959878242402296553e-03
1.968341702078715231e-03
1.976747638874595207e-03
1.985175280480041583e-03
1.993661050751595505e-03
2.002134600548632123e-03
2.010547025444078383e-03
2.018964568912325064e-03
2.027443391511807649e-03
2.035925226258104327e-03
2.044346616953127745e-03
2.052756104294784379e-03
2.061225859416915100e-03
2.069713719619033568e-03
2.078145688818255031e-03
2.086549925313624810e-03
2.095008978504442603e-03
2.103500225880522521e-03
2.111943676543005452e-03
2.120345806324545803e-03
2.128793201512113337e-03
2.137284956241283351e-03
2.145740124597356451e-03
2.154143364880595646e-03
2.162579031590236046e-03
2.171068367042849629e-03
2.179534667757448627e-03
2.187942122159769291e-03
2.196366857561253289e-03
2.204850993294267970e-03
2.213327026810434257e-03
2.221741560580401276e-03
2.230156806521433905e-03
2.238633316291145040e-03
2.247117065112051032e-03
2.255541090204384990e-03
2.263948937188255822e-03
2.272415888378783149e-03
2.280904926999727678e-03
2.289339993860229835e-03
2.297743276385866545e-03
2.306199290323400399e-03
2.314690915988137226e-03
2.323137631649458724e-03
2.331539640654500464e-03
2.339983938841989734e-03
2.348475296204543573e-03
2.356933551116218058e-03
2.365337632190845588e-03
2.373770226139442982e-03
2.382258445039918491e-03
2.390727463563782022e-03
2.399136678613383866e-03
2.407558560518990778e-03
2.416040921714431716e-03
2.424519227630972645e-03
2.432936164257609377e-03
2.441349150291394123e-03
2.449823267257832029e-03
2.458308735275168203e-03
2.466735522477161210e-03
2.475141942847141219e-03
2.483605991527992364e-03
2.492096049640801954e-03
2.500534153745680253e-03
2.508936831520970374e-03
2.517389667349703795e-03
2.525881509752382452e-03
2.534331431117883057e-03
2.542733618079517401e-03
2.551174778002038464e-03
2.559665526097298135e-03
2.568126865947480825e-03
2.576531932925072658e-03
2.584961614552335873e-03
2.593448470078924505e-03
2.601920163767564801e-03
2.610331225456845056e-03
2.618750479113889605e-03
2.627230849695819277e-03
2.635711258190275800e-03
2.644130788541410731e-03
2.652541629797650676e-03
2.661013256322674724e-03
2.669500198299065100e-03
2.677929968426953980e-03
2.686335057817807164e-03
2.694796191146075267e-03
2.703287039103791350e-03
2.711728227989701825e-03
2.720130539684063355e-03
2.728580163512522947e-03
2.737072042343462620e-03
2.745525051375328866e-03
2.753927768220014709e-03
2.762365703112041812e-03
2.770855687204175962e-03
2.779319994321537580e-03
2.787726337809818666e-03
2.796153135384437174e-03
2.804638443467831824e-03
2.813112731064765139e-03
2.821525742860764730e-03
2.829942606748604272e-03
2.838420767528455641e-03
2.846903177306873631e-03
2.855325333455470838e-03
2.863734309128642113e-03
2.872203263916841328e-03
2.880691483976732716e-03
2.889124364154589588e-03
2.897528285151130482e-03
2.905986466920897505e-03
2.914477846716531043e-03
2.922922247497827027e-03
2.931324318975427577e-03
2.939770806179671601e-03
2.948262473378756004e-03
2.956718539818013313e-03
2.965122014399674752e-03
2.973556763279032455e-03
2.982045800566303362e-03
2.990512906550392772e-03
2.998920857945171475e-03
3.007344743648376721e-03
3.015828379029592780e-03
3.024305101917247347e-03
3.032720309410145542e-03
3.041134889044103985e-03
3.049610706597236792e-03
3.058094984886798335e-03
3.066519797715841922e-03
3.074927211162369143e-03
3.083393318894227676e-03
3.091882677298124927e-03
3.100318636222740634e-03
3.108721706129204208e-03
3.117176802224997084e-03
3.125668509600196526e-03
3.134116175180494835e-03
3.142518197685551917e-03
3.150961586613719705e-03
3.159452785904326953e-03
3.167911949327982361e-03
3.176316296397464507e-03
3.184748024641381216e-03
3.193235868672666348e-03
3.201705677689151326e-03
3.210115427460398171e-03
3.218536509810608365e-03
3.227018312733213792e-03
3.235497250335350045e-03
3.243914935425552207e-03
3.252327271090063761e-03
3.260800672249087456e-03
3.269286598866534208e-03
3.277714238278094452e-03
3.286120257332300013e-03
3.294583450584928977e-03
3.303073768696327198e-03
3.311512766526943444e-03
3.319915317661190860e-03
3.328367207602433119e-03
3.336859083712310266e-03
3.345309922023810469e-03
3.353712229258940837e-03
3.362152447746055706e-03
3.370642987287833167e-03
3.379105216438169773e-03
3.387510620982349136e-03
3.395939457310999561e-03
3.404425874546046678e-03
3.412898344475042388e-03
3.421309961035571418e-03
3.429728491336338312e-03
3.438208234796904031e-03
3.446689241093257947e-03
3.455109540632855802e-03
3.463519799525280156e-03
3.471990665401170247e-03
3.480477999139916685e-03
3.488908674591155272e-03
3.497313395343531507e-03
3.505773672181710255e-03
3.514264703479820853e-03
3.522706820421832048e-03
3.531109047640212245e-03
3.539557743105978260e-03
3.548049588541429735e-03
3.556503492025882632e-03
3.564906413280003166e-03
3.573343401495954197e-03
3.581833130369657323e-03
3.590298274774318329e-03
3.598705057914103854e-03
3.607130999411746128e-03
3.615615831259414142e-03
3.624090860327119391e-03
3.632504482436570235e-03
3.640920671298959310e-03
3.649398156382845787e-03
3.657881132159987794e-03
3.666304055295605772e-03
3.674712545271091851e-03
3.683180682000075645e-03
3.691669250579732598e-03
3.700103038650829658e-03
3.708506670943322470e-03
3.716963966305157629e-03
3.725455460622365683e-03
3.733900818758701529e-03
3.742302847142141026e-03
3.750748428464391500e-03
3.759239984542370096e-03
3.767696953339070079e-03
3.776100669890544628e-03
3.784534515281374849e-03
3.793023231889798997e-03
3.801491133802108006e-03
3.809899597399932746e-03
3.818322642793529637e-03
3.826805764882050889e-03
3.835283155416683524e-03
3.843699058641427552e-03
3.852112976002899144e-03
3.860588095818631976e-03
3.869072881856519975e-03
3.877498495847830299e-03
3.885905490185317078e-03
3.894370749693030608e-03
3.902860411410492662e-03
3.911297256064497942e-03
3.919700143507567729e-03
3.928154312934029925e-03
3.936646087321776788e-03
3.945094690358239009e-03
3.953496755913339655e-03
3.961939232110943572e-03
3.970430257197476477e-03
3.978890322803377462e-03
3.987294950030166249e-03
3.995725828836484139e-03
4.004213280508965404e-03
4.012683869186309260e-03
4.021094153777352194e-03
4.029514465433027721e-03
4.037995695364459542e-03
4.046475246253099407e-03
4.054893683946073774e-03
4.063305389836008655e-03
4.071778072806746598e-03
4.080264431598155765e-03
4.088692933980151573e-03
4.097098562884215339e-03
4.105560910427549608e-03
4.114051464124427772e-03
4.122491354076566507e-03
4.130893796006493424e-03
4.139344751255128081e-03
4.147836644179990831e-03
4.156288379716373098e-03
4.164690835306067776e-03
4.173130115764688355e-03
4.181620437548570768e-03
4.190083532677721205e-03
4.198489299993900942e-03
4.206917298951307407e-03
4.215403268935311032e-03
4.223876499440394963e-03
4.232288676148689838e-03
4.240706509368305684e-03
4.249185612897891234e-03
4.257667204972745943e-03
4.266088267801193025e-03
4.274497976254241875e-03
4.282968069117029652e-03
4.291455778219815421e-03
4.299887359781334566e-03
4.308291732489313679e-03
4.316751153552296494e-03
4.325242344404658414e-03
4.333685395022698894e-03
4.342087547855381403e-03
4.350535328694176904e-03
4.359027118659634763e-03
4.367481910862868952e-03
4.375885049923992388e-03
4.384321106542066020e-03
4.392810565985622549e-03
4.401276526781042371e-03
4.409683772583246689e-03
4.418108864843356236e-03
4.426593213609933061e-03
4.435068953964944709e-03
4.443483207135826528e-03
4.451898731606307794e-03
4.460375537539289920e-03
4.468859061398016384e-03
4.477282752167412519e-03
4.485690784218523963e-03
4.494158095947741773e-03
4.502646999095604764e-03
4.511081682059209577e-03
4.519485059324898461e-03
4.527941462648710745e-03
4.536433055522206062e-03
4.544879362932184239e-03
4.553281368921057067e-03
4.561726053180822915e-03
4.570217477769905785e-03
4.578675346132050905e-03
4.587079311615244008e-03
4.595512276349786318e-03
4.604000651744574561e-03
4.612469339976932141e-03
4.620878324395326711e-03
4.629300549448110529e-03
4.637783145139403457e-03
4.646261182832374728e-03
4.654677802449705935e-03
4.663091063918761194e-03
4.671565485339272163e-03
4.680050756137398189e-03
4.688477185266568502e-03
4.696883772586184919e-03
4.705348184757349866e-03
4.713838131350224676e-03
4.722275857808651972e-03
4.730678589556315539e-03
4.739131825787780763e-03
4.747623654180833930e-03
4.756073183537600467e-03
4.764475323577513528e-03
4.772916879589333972e-03
4.781407716644936641e-03
4.789868676708490536e-03
4.798273603697314829e-03
4.806703640793746901e-03
4.815190681143694841e-03
4.823662047110249124e-03
4.832072872258904618e-03
4.840492435026612882e-03
4.848973069596959617e-03
4.857453224933912933e-03
4.865872424588161757e-03
4.874283517196340530e-03
4.882755465856296155e-03
4.891242239264892259e-03
4.899671623957816378e-03
4.908076869345976215e-03
4.916538368630322259e-03
4.925029136322006673e-03
4.933469931301188299e-03
4.941872276137859905e-03
4.950322299080836541e-03
4.958814189076372371e-03
4.967266816331479540e-03
4.975669446102084365e-03
4.984107784630080300e-03
4.992597876111115607e-03
5.001061822673895374e-03
5.009467982918057796e-03
5.017895141053138434e-03
5.026380653132841644e-03
5.034854631346576646e-03
5.043267384020663074e-03
5.051684534935656397e-03
5.060162984825034016e-03
5.068645152683285381e-03
5.077066976337710202e-03
5.085476163577507674e-03
5.093945465976799578e-03
5.102433537876274738e-03
5.110866025828620859e-03
5.119270073264400173e-03
5.127728631106684073e-03
5.136219961263043150e-03
5.144663954078812322e-03
5.153066043591279441e-03
5.161512917817246728e-03
5.170004629819931197e-03
5.178460313461934542e-03
5.186863681519137889e-03
5.195298818699754795e-03
5.203787991118721465e-03
5.212254756164967813e-03
5.220662487965953280e-03
5.229086733157670835e-03
5.237570588470321503e-03
5.246047022036536868e-03
5.254461933516810929e-03
5.262876795122690445e-03
5.271352914024215672e-03
5.279836970679459979e-03
5.288261440569708149e-03
5.296669034006850664e-03
5.305135508204933750e-03
5.313624734904062383e-03
5.322060309549685349e-03
5.330463461906807636e-03
5.338918955763209684e-03
5.347410634097641939e-03
5.355857891568486899e-03
5.364259899620614676e-03
5.372703680887404992e-03
5.381194955511460487e-03
5.389653728253589703e-03
5.398057954001494498e-03
5.406490052873560472e-03
5.414978066730150030e-03
5.423447537640836875e-03
5.431857051171259942e-03
5.440278473546994800e-03
5.448760523251831162e-03
5.457239192767408820e-03
5.465656548925433914e-03
5.474069160781665569e-03
5.482542875720928036e-03
5.491028609938542610e-03
5.499455876209000636e-03
5.507862063206484839e-03
5.516325627404636799e-03
5.524815840065974877e-03
5.533254450307516573e-03
5.541657048964860124e-03
5.550109347414775886e-03
5.558601215952763304e-03
5.567051660065000865e-03
5.575453906579680430e-03
5.583894531747394217e-03
5.592385167584496691e-03
5.600847016080345332e-03
5.609252267057381752e-03
5.617681465699469676e-03
5.626168076813231958e-03
5.634640216168216795e-03
5.643051588837513961e-03
5.651470424681557733e-03
5.659950444229449630e-03
5.668431197236362476e-03
5.676851162626000459e-03
5.685261665101192484e-03
5.693732863600557345e-03
5.702220034366488853e-03
5.710650316676092741e-03
5.719055189371960619e-03
5.727515837840982220e-03
5.736006796939134567e-03
5.744448511335199098e-03
5.752850768809190246e-03
5.761299863527061596e-03
5.769791730829477473e-03
5.778245249351034174e-03
5.786648075264453663e-03
5.795085469626528804e-03
5.803575314488592339e-03
5.812040101587569174e-03
5.820446687041078496e-03
5.828872995896559363e-03
5.837358037475937241e-03
5.845832754660277436e-03
5.854246106445221143e-03
5.862662582816649363e-03
5.871140364480148706e-03
5.879623100994170980e-03
5.888045688890421875e-03
5.896454381370984030e-03
5.904922877130791559e-03
5.913411300653344596e-03
5.921844695698940189e-03
5.930248444991984176e-03
5.938706126652938330e-03
5.947197577935598237e-03
5.955642521431475829e-03
5.964044561807909164e-03
5.972490535260175162e-03
5.980982145374686386e-03
5.989438724048512692e-03
5.997842330419165743e-03
6.006276564429457662e-03
6.014765427122098149e-03
6.023232986877346228e-03
6.031641222610878428e-03
6.040064629908325523e-03
6.048547980768605691e-03
6.057025086245352609e-03
6.065440680342442173e-03
6.073854882480544427e-03
6.082330310086756994e-03
6.090814880441331770e-03
6.099240141058954144e-03
6.107647312801334216e-03
6.116112944332658015e-03
6.124602479601624731e-03
6.133038937118071889e-03
6.141441896352321447e-03
6.149896472446049478e-03
6.158388222839438625e-03
6.166836417846098192e-03
6.175238456361127268e-03
6.183681332554662527e-03
6.192172440025285433e-03
6.200632112038386573e-03
6.209036610642476930e-03
6.217467858183129553e-03
6.225955487805850432e-03
6.234425738229540902e-03
6.242835785539020514e-03
6.251256427990705550e-03
6.259737912950459615e-03
6.268217201144567555e-03
6.276635306782712108e-03
6.285047281984918258e-03
6.293520281668772004e-03
6.302006458737094939e-03
6.310434581509286218e-03
6.318840375293847261e-03
6.327303092279394463e-03
6.335793550895236700e-03
6.344233050739907405e-03
6.352635534192972548e-03
6.361086897024621420e-03
6.369578789685356908e-03
6.378030135152637156e-03
6.386432517780420148e-03
6.394872207575587157e-03
6.403362631122176338e-03
6.411825351348324036e-03
6.420230951977235617e-03
6.428659315634164401e-03
6.437145487139724412e-03
6.445618388793811562e-03
6.454030315080437792e-03
6.462448448052490052e-03
6.470927837028123478e-03
6.479409177053596820e-03
6.487829904261552434e-03
6.496239845242475844e-03
6.504710279496200842e-03
6.513197830830867729e-03
6.521629014520277483e-03
6.530033532157236004e-03
6.538493329088512773e-03
6.546984456975935007e-03
6.555427097666181521e-03
6.563829276645964141e-03
6.572277455321274241e-03
6.580769276579732409e-03
6.589223681317066955e-03
6.597626718647381719e-03
6.606063180456498395e-03
6.614552765141483263e-03
6.623018371638047207e-03
6.631425407235953112e-03
6.639850869539593199e-03
6.648335434107809604e-03
6.656810868405180215e-03
6.665224838448007179e-03
6.673640649994908372e-03
6.682117756750777064e-03
6.690601046190724870e-03
6.699024397810059671e-03
6.707432623211970896e-03
6.715900298723133377e-03
6.724389061456520315e-03
6.732823352908919728e-03
6.741226832891015174e-03
6.749683628608139745e-03
6.758175185082431966e-03
6.766621077949106812e-03
6.775023085764332077e-03
6.783468162866265576e-03
6.791959652205505939e-03
6.800417127167114086e-03
6.808820977472786889e-03
6.817254325531441235e-03
6.825742857721133795e-03
6.834211203746377167e-03
6.842619954864904465e-03
6.851042535010611230e-03
6.859525367478828614e-03
6.868003126575872308e-03
6.876419427032175180e-03
6.884832971041862822e-03
6.893307702067382088e-03
6.901792767408911067e-03
6.910218835232044207e-03
6.918625595182322126e-03
6.927090380487569733e-03
6.935580209323160585e-03
6.944017548194299227e-03
6.952420340368663763e-03
6.960873987579306761e-03
6.969365798686979335e-03
6.977814923475717489e-03
6.986217021925734093e-03
6.994658982257383889e-03
7.003149907198289760e-03
7.011610478115973613e-03
7.020015266372691375e-03
7.028445670149392061e-03
7.036932897230886025e-03
7.045403925434776116e-03
7.053814509249117966e-03
7.062234393866657738e-03
7.070715294439191764e-03
7.079195190161076054e-03
7.087614053161218376e-03
7.096025407378707753e-03
7.104497681204105693e-03
7.112984280226839276e-03
7.121413275491226234e-03
7.129818682857102033e-03
7.138280554343175849e-03
7.146771236097534431e-03
7.155211633943667389e-03
7.163614014827002045e-03
7.172064445262221755e-03
7.180556344319729244e-03
7.189008582939294262e-03
7.197411128453061469e-03
7.205849878827014915e-03
7.214340077577823147e-03
7.222803655458760914e-03
7.231209635164627218e-03
7.239637160558295981e-03
7.248122879431626552e-03
7.256596534088234282e-03
7.265009027979116643e-03
7.273426474132766405e-03
7.281905216962454054e-03
7.290387136777745115e-03
7.298808623648291374e-03
7.307218032415085246e-03
7.315687688516194984e-03
7.324175606351505941e-03
7.332607693380597397e-03
7.341011876382920812e-03
7.349470817337964111e-03
7.357962093278600131e-03
7.366405669001309560e-03
7.374807779744150041e-03
7.383255053532590713e-03
7.391746807220410560e-03
7.400202097774026544e-03
7.408605358553256928e-03
7.417040899498373099e-03
7.425530204981224333e-03
7.433996617888967429e-03
7.442404127471197346e-03
7.450828744883824378e-03
7.459312824038747021e-03
7.467788956483970529e-03
7.476203570069040426e-03
7.484618721161299254e-03
7.493095146854617840e-03
7.501578975004636121e-03
7.510003097413040646e-03
7.518410877803074696e-03
7.526877724343090242e-03
7.535366814649741701e-03
7.543801995521463161e-03
7.552205238371826820e-03
7.560661135724349065e-03
7.569152783552108611e-03
7.577599622166059957e-03
7.586001620902742618e-03
7.594445801807842358e-03
7.602937149396335297e-03
7.611395523273600631e-03
7.619799627665870684e-03
7.628232106222765374e-03
7.636720287111068046e-03
7.645189414369977718e-03
7.653598688601485033e-03
7.662020461768738119e-03
7.670502760416364474e-03
7.678981154038596636e-03
7.687398177903510300e-03
7.695811072977966870e-03
7.704285105182986405e-03
7.712770640686360604e-03
7.721197531227695469e-03
7.729603890514670506e-03
7.738067833294668893e-03
7.746557935118273015e-03
7.754996150903290843e-03
7.763398801210789901e-03
7.771851517605459121e-03
7.780343375143760135e-03
7.788793414206557526e-03
7.797195604421451945e-03
7.805636644066896515e-03
7.814127375804707371e-03
7.822588831527414743e-03
7.830993930220311872e-03
7.839423500313516188e-03
7.847910309361097111e-03
7.856382107483126861e-03
7.864793231008478103e-03
7.873212384767246802e-03
7.881692684640491040e-03
7.890173176639984215e-03
7.898592797294674145e-03
7.907003555259538990e-03
7.915475092679794336e-03
7.923962093372136084e-03
7.932391973052340534e-03
7.940797005246327117e-03
7.949258034692116212e-03
7.957748917230413749e-03
7.966190219283731527e-03
7.974592509403339788e-03
7.983042017801280504e-03
7.991533902911329354e-03
7.999987025144419603e-03
8.008389755970519996e-03
8.016827570620660773e-03
8.025317532842681997e-03
8.033781948115013838e-03
8.042188335171351204e-03
8.050615021696251247e-03
8.059100280018013582e-03
8.067574672151169024e-03
8.075987749050309375e-03
8.084404522799350581e-03
8.092882609262086122e-03
8.101365096317817566e-03
8.109787338912197163e-03
8.118196245285425050e-03
8.126665106614625045e-03
8.135153378526540843e-03
8.143586365852552647e-03
8.151990239558579154e-03
8.160448316641500180e-03
8.168939721636986340e-03
8.177384237214922399e-03
8.185786291518745358e-03
8.194232669083844831e-03
8.202724333438677490e-03
8.211180510279168093e-03
8.219584002738014941e-03
8.228018638255507611e-03
8.236507647693664877e-03
8.244974853760717037e-03
8.253382856073030252e-03
8.261806635079896668e-03
8.270290218237259447e-03
8.278767028231109534e-03
8.287182308723675672e-03
8.295596802315575655e-03
8.304072543616484309e-03
8.312556891138861079e-03
8.320981792129176352e-03
8.329389146066384225e-03
8.337855159085652557e-03
8.346344562767607153e-03
8.354780622906453000e-03
8.363183659598479730e-03
8.371638650055473682e-03
8.380130375311354435e-03
8.388578150172527892e-03
8.396980165147711547e-03
8.405423447366434236e-03
8.413914636815381445e-03
8.422373907230449111e-03
8.430778275429194960e-03
8.439209901574252354e-03
8.447697711008042912e-03
