0.000000000000000000e+00
8.373279567654028064e-06
1.688861943165447297e-05
2.541683838444231956e-05
3.380704823342491408e-05
4.216498000094975326e-05
5.066578252982884201e-05
5.920379903625625038e-05
6.761199486873692584e-05
7.596052129770857039e-05
8.444340751558554426e-05
9.298793521476909365e-05
1.014163899945476756e-04
1.097580978791812430e-04
1.182224658042110469e-04
1.267698447756051736e-04
1.352187586348323547e-04
1.435584553390732059e-04
1.520029420716241194e-04
1.605501689669060856e-04
1.690182303376817083e-04
1.773616195370697696e-04
1.857852496569371023e-04
1.943285923691767279e-04
2.028161206199132860e-04
2.111654719672366432e-04
2.195703000912823495e-04
2.281062958348236531e-04
2.366100209023047889e-04
2.449720784566408543e-04
2.533571777038983158e-04
2.618832927603139565e-04
2.704020836928168817e-04
2.787776996207721948e-04
2.871476429068120636e-04
2.956600411036956408e-04
3.041906971027105982e-04
3.125843296719507908e-04
3.209401835387686291e-04
3.294373945877223297e-04
3.379768890699260016e-04
3.463896169875409258e-04
3.547359536547720787e-04
3.632153570783444433e-04
3.717608608514083373e-04
3.801931526909570159e-04
3.885346719730767414e-04
3.969946454085380972e-04
4.055423000475312555e-04
4.139956523328354367e-04
4.223351591101904374e-04
4.307757522467627054e-04
4.393223985229973913e-04
4.477944540203567404e-04
4.561391722215398631e-04
4.645584745525924326e-04
4.731007505951553729e-04
4.815918772514852304e-04
4.899433928562472703e-04
4.983441934873857927e-04
5.068782438649144760e-04
5.153854338082565012e-04
5.237499948000387887e-04
5.321317740771220944e-04
5.406552969103639366e-04
5.491766336922583504e-04
5.575562040183969703e-04
5.659225916591503367e-04
5.744321005482292937e-04
5.829650565533827039e-04
5.913620984162358887e-04
5.997161706547614020e-04
6.082095836111783361e-04
6.167505110744627003e-04
6.251677713216363761e-04
6.335121247768638920e-04
6.419879003935247174e-04
6.505342079735171269e-04
6.589706109977207758e-04
6.673118489521028115e-04
6.757674398463523434e-04
6.843152875079449790e-04
6.927728202221374162e-04
7.011127102331329852e-04
7.095491217376724254e-04
7.180950096093842265e-04
7.265712131361891108e-04
7.349170426348016925e-04
7.433323629690038971e-04
7.518732948267619785e-04
7.603677364274009053e-04
7.687218851585327214e-04
7.771184728695761058e-04
7.856505908814692294e-04
7.941611494320053319e-04
8.025281117086366421e-04
8.109069470501237796e-04
8.194277038883424286e-04
8.279514671141202263e-04
8.363349666409426297e-04
8.446980279506845820e-04
8.532046935891866120e-04
8.617397047831179720e-04
8.701404062122307772e-04
8.784927013798212239e-04
8.869822904693362188e-04
8.955246607592326751e-04
9.039461767253785616e-04
9.122891085952206450e-04
9.207610805463271788e-04
9.293079132362998263e-04
9.377487465326274580e-04
9.460895184299251840e-04
9.545409505408460451e-04
9.630887882700954299e-04
9.715502390585860305e-04
9.798911704750282864e-04
9.883230603923861234e-04
9.968680901904717739e-04
1.005348575664863960e-03
1.013695473988508820e-03
1.022106981934549352e-03
1.030646313712623666e-03
1.039144071143196678e-03
1.047501185240317170e-03
1.055893389684339724e-03
1.064423523150083905e-03
1.072937328771814613e-03
1.081307010604693440e-03
1.089682825193113514e-03
1.098200606399477855e-03
1.106726898403210483e-03
1.115114279917810668e-03
1.123474288485421489e-03
1.131977823973782807e-03
1.140514648777044482e-03
1.148919476641585991e-03
1.157269737079571256e-03
1.165755492181319878e-03
1.174299182909732675e-03
1.182724764773624869e-03
1.191066860113011586e-03
1.199534572381702946e-03
1.208081780304964695e-03
1.216527278895920697e-03
1.224867430758112916e-03
1.233314864524122974e-03
1.241862466992626687e-03
1.250327688241509652e-03
1.258669992186807344e-03
1.267097218116206535e-03
1.275641354053414509e-03
1.284125935782948202e-03
1.292474021594578176e-03
1.300881885915413337e-03
1.309419447888512337e-03
1.317920506077427780e-03
1.326280475468303612e-03
1.334668587089708454e-03
1.343196621614349464e-03
1.351713356654334367e-03
1.360086191543355329e-03
1.368458844645143021e-03
1.376973616454952925e-03
1.385502417344661912e-03
1.393893399897944184e-03
1.402250899806814629e-03
1.410751015181085574e-03
1.419289427039936193e-03
1.427698636696044226e-03
1.436046742840366977e-03
1.444528934103640402e-03
1.453073766885894886e-03
1.461503105142807285e-03
1.469844807008692392e-03
1.478308301221564411e-03
1.486855817926660897e-03
1.495305767158598741e-03
1.503645421070434231e-03
1.512089164774903889e-03
1.520636346714215404e-03
1.529105313715155854e-03
1.537449036102208439e-03
1.545871824298869924e-03
1.554415074114064241e-03
1.562903392085206351e-03
1.571253174129592358e-03
1.579657307605078932e-03
1.588192997214120297e-03
1.596697490075733904e-03
1.605060137294849918e-03
1.613444591322283142e-03
1.621970271789690285e-03
1.630489671549830008e-03
1.638866163542605130e-03
1.647235397627727117e-03
1.655747284414762306e-03
1.664278496137233665e-03
1.672672891558590457e-03
1.681028396871717991e-03
1.689524904331672888e-03
1.698064765600404685e-03
1.706478477682303206e-03
1.714824422364529411e-03
1.723303170330044371e-03
1.731848943651275417e-03
1.740282063652789533e-03
1.748623582951627006e-03
1.757082733116447195e-03
1.765630497884099421e-03
1.774084767584392305e-03
1.782424330973746574e-03
1.790864182358940099e-03
1.799410748413381601e-03
1.807883709405891381e-03
1.816228710312785179e-03
1.824647226975344540e-03
1.833189309304277112e-03
1.841681186739330340e-03
1.850033244822580237e-03
1.858433250038221945e-03
1.866966977356486392e-03
1.875474911281656710e-03
1.883839979953751175e-03
1.892221207972120348e-03
1.900744269342831460e-03
1.909266132448207741e-03
1.917646473497520987e-03
1.926012286358119458e-03
1.934521335028883135e-03
1.943054752218447085e-03
1.951452497953150072e-03
1.959806281007758864e-03
1.968299039849377013e-03
1.976840286938662174e-03
1.985258355749417065e-03
1.993602450781628305e-03
2.002077633578963275e-03
2.010624089522084108e-03
2.019061334013459632e-03
2.027402557379989149e-03
2.035857392392739253e-03
2.044405308919329360e-03
2.052863637898173776e-03
2.061203712174800636e-03
2.069639330403163884e-03
2.078185106843501249e-03
2.086662190350191751e-03
2.095008257969172265e-03
2.103422850474331342e-03
2.111963548254482733e-03
2.120458676666520971e-03
2.128813432321400700e-03
2.137209175894499210e-03
2.145740961861814736e-03
2.154252222533094546e-03
2.162619739144016565e-03
2.170998006703562556e-03
2.179518246802834326e-03
2.188042550656751819e-03
2.196426857727026578e-03
2.204789306969474547e-03
2.213295441247695172e-03
2.221830858424221622e-03
2.230232274431561638e-03
2.238584249987576272e-03
2.247073248802701571e-03
2.255615877370363738e-03
2.264038111575608029e-03
2.272380895501103018e-03
2.280852259933241477e-03
2.289399196115558376e-03
2.297840772357737874e-03
2.306181466844736943e-03
2.314632304531381510e-03
2.323180163182386217e-03
2.331642242706739344e-03
2.339983383047806922e-03
2.348414577595520514e-03
2.356959506314391505e-03
2.365440714084678878e-03
2.373787808069376202e-03
2.382198772385753314e-03
2.390737890765256678e-03
2.399236202460350038e-03
2.407593808776105522e-03
2.415985376970805534e-03
2.424515228198340783e-03
2.433029583044166947e-03
2.441399790890979356e-03
2.449775125051532453e-03
2.458292432525308480e-03
2.466819213236114399e-03
2.475207302171095105e-03
2.483566862293894693e-03
2.492069867739839586e-03
2.500607019584557243e-03
2.509012601184459120e-03
2.517362553519854503e-03
2.525847777518007778e-03
2.534391714495042979e-03
2.542817902904575926e-03
2.551159943033648892e-03
2.559627109447085592e-03
2.568174405354428733e-03
2.576620641027155788e-03
2.584960742794188866e-03
2.593407648227527042e-03
2.601955254363651649e-03
2.610421119535824737e-03
2.618763689062249614e-03
2.627190273624779686e-03
2.635734345060010766e-03
2.644219571380747140e-03
2.652567930890143821e-03
2.660975270046443426e-03
2.669512606348165874e-03
2.678014262495194680e-03
2.686374719256930544e-03
2.694762248643897858e-03
2.703289968099121914e-03
2.711807201768534712e-03
2.720180627660095333e-03
2.728552791385020857e-03
2.737067155593162198e-03
2.745596390727741282e-03
2.753987978129724627e-03
2.762345166464594097e-03
2.770844761718362168e-03
2.779383473527797990e-03
2.787793461490708710e-03
2.796141232671557186e-03
2.804622887712159528e-03
2.813167925060174393e-03
2.821597956195885833e-03
2.829939643194774850e-03
2.838402412413204567e-03
2.846950011453270625e-03
2.855400753397764873e-03
2.863740392876451026e-03
2.872183509124387121e-03
2.880730640812254571e-03
2.889200300808241785e-03
2.897544274749472900e-03
2.905966343855423146e-03
2.914509430508723745e-03
2.922998462073288055e-03
2.931348631887301451e-03
2.939752066696021439e-03
2.948287420764314406e-03
2.956792572558832131e-03
2.965155677177575434e-03
2.973539571874445672e-03
2.982064869398092129e-03
2.990584728426619928e-03
2.998961863267664025e-03
3.007330567186681201e-03
3.015842017008435808e-03
3.024373625839703317e-03
3.032768583797525869e-03
3.041123843633994003e-03
3.049619746464325622e-03
3.058159879618079294e-03
3.066574390909281803e-03
3.074920014083396859e-03
3.083398172270694453e-03
3.091944100434973388e-03
3.100377956500451407e-03
3.108719451806372935e-03
3.117177880372681061e-03
3.125725721993836883e-03
3.134180712755711955e-03
3.142520373915240559e-03
3.150959544877079271e-03
3.159506023778423534e-03
3.167979669535644395e-03
3.176324883354526146e-03
3.184742767381353295e-03
3.193284661002814776e-03
3.201777122627685618e-03
3.210129656670905954e-03
3.218528961972984791e-03
3.227062365223150927e-03
3.235570943997619336e-03
3.243936479024918038e-03
3.252317187605551982e-03
3.260839788328010261e-03
3.269362127071181318e-03
3.277743212550440852e-03
3.286108428615514866e-03
3.294617017249417724e-03
3.303150834922691237e-03
3.311549221107941855e-03
3.319902715121909615e-03
3.328394862255815937e-03
3.336936393017434117e-03
3.345355282230593440e-03
3.353699130087745180e-03
3.362173671541773129e-03
3.370720272683268987e-03
3.379158326742346015e-03
3.387499489443577226e-03
3.395953627276748939e-03
3.404501591499409230e-03
3.412960631500159929e-03
3.421300900878323711e-03
3.429735784560928105e-03
3.438281461563995420e-03
3.446759308965665746e-03
3.455105601511146429e-03
3.463519561954810349e-03
3.472060031587218855e-03
3.480555772696825555e-03
3.488911099209452641e-03
3.497306110722449377e-03
3.505837593367808810e-03
3.514349480561357146e-03
3.522717493366183273e-03
3.531095281714521222e-03
3.539615028871852687e-03
3.548139818122113091e-03
3.556524875769620161e-03
3.564886799458022969e-03
3.573392406389272816e-03
3.581928219175877382e-03
3.590330454845068377e-03
3.598682097107612499e-03
3.607170400893107594e-03
3.615713344614355715e-03
3.624136416439711732e-03
3.632479042891178112e-03
3.640949632371763989e-03
3.649496700108118517e-03
3.657939275137103013e-03
3.666279894335819529e-03
3.674729944555178273e-03
3.683277824737170043e-03
3.691740737423576408e-03
3.700082204632886528e-03
3.708512483845401424e-03
3.717057293856480555e-03
3.725539397388491405e-03
3.733886753945503314e-03
3.742297022661061293e-03
3.750835826858702274e-03
3.759334871363548616e-03
3.767693133395464290e-03
3.776083861500231786e-03
3.784613326429612547e-03
3.793128351345158474e-03
3.801499216229481653e-03
3.809873974802817538e-03
3.818390745477906467e-03
3.826918080183504701e-03
3.835306949314251906e-03
3.843666016308459714e-03
3.852168361136220319e-03
3.860705917787112234e-03
3.869112496827492847e-03
3.877462008622949066e-03
3.885946444666058246e-03
3.894490682063816468e-03
3.902917820587673437e-03
3.911259792212217097e-03
3.919725976256629128e-03
3.928273388854942524e-03
3.936720739053547850e-03
3.945060754246158818e-03
3.953506775716062425e-03
3.962054348222371521e-03
3.970521118552925582e-03
3.978864052006592100e-03
3.987289596728909973e-03
3.995833502201583988e-03
4.004319676121695197e-03
4.012668435385440859e-03
4.021074929057468460e-03
4.029611852622847108e-03
4.038114384956301844e-03
4.046475538731701509e-03
4.054862201407579206e-03
4.063389385241076603e-03
4.071907353017177600e-03
4.080281713324781893e-03
4.088653052871522517e-03
4.097166716987986519e-03
4.105696638483560985e-03
4.114089150292780418e-03
4.122445836604163305e-03
4.130944526952140018e-03
4.139483646398797560e-03
4.147894919517404119e-03
4.156242106944249559e-03
4.164722844088939412e-03
4.173268183817253896e-03
4.181699275857309744e-03
4.190040967621991991e-03
4.198502558984023789e-03
4.207050277291916364e-03
4.215502275116353621e-03
4.223841887533434647e-03
4.232283976113697561e-03
4.240830985319779013e-03
4.249301784977357888e-03
4.257646156988447762e-03
4.266067069532327935e-03
4.274609894510041953e-03
4.283099945636414073e-03
4.291450755101918098e-03
4.299853105100425073e-03
4.308387986685193079e-03
4.316894136987141188e-03
4.325257949268357383e-03
4.333640960977926289e-03
4.342165548753375466e-03
4.350686175312581602e-03
4.359064480148923393e-03
4.367432229610056747e-03
4.375942846807469484e-03
4.384475204057829319e-03
4.392871235713857736e-03
4.401225988507236932e-03
4.409720786906688034e-03
4.418261381711539697e-03
4.426677301728933894e-03
4.435022355135994666e-03
4.443499444336630917e-03
4.452045646117915208e-03
4.460480830840115631e-03
4.468822286045640198e-03
4.477279366027629888e-03
4.485827310382942829e-03
4.494283677068586919e-03
4.502623507176665985e-03
4.511061363733280712e-03
4.519607609686572200e-03
4.528082709983307502e-03
4.536428320037558422e-03
4.544844890244035748e-03
4.553386383818440984e-03
4.561879982095986587e-03
4.570233427691337141e-03
4.578631364410631552e-03
4.587164184736470390e-03
4.595673904580927296e-03
4.604040247834254203e-03
4.612420031220006503e-03
4.620941754023545796e-03
4.629464941023162840e-03
4.637847391723184769e-03
4.646211497629082823e-03
4.654719149002397964e-03
4.663253693520748658e-03
4.671653347318469561e-03
4.680006278756921635e-03
4.688497146871561591e-03
4.697039191344328478e-03
4.705459567088723580e-03
4.713802970221215444e-03
4.722276219591067629e-03
4.730823030180798285e-03
4.739262614989918528e-03
4.747603618592325346e-03
4.756056372305849170e-03
4.764604354583095065e-03
4.773064758567175693e-03
4.781405415544625476e-03
4.789838761633862137e-03
4.798384158034079902e-03
4.806863520163235162e-03
4.815210182814635281e-03
4.823622887643810517e-03
4.832162827534721393e-03
4.840659734955494661e-03
4.849016081244833173e-03
4.857409624597716462e-03
4.865940457098226479e-03
4.874453453659049508e-03
4.882822361884908528e-03
4.891199182430070770e-03
4.899717972492703168e-03
4.908243624429028083e-03
4.916629981572587585e-03
4.924990919393922723e-03
4.933495522839663472e-03
4.942031941198332320e-03
4.950435578271393869e-03
4.958786555128154132e-03
4.967273588031528332e-03
4.975816994907473340e-03
4.984241440060681837e-03
4.992583815857569093e-03
5.001052997088087197e-03
5.009600202936404997e-03
5.018044386573351605e-03
5.026384819731936904e-03
5.034833526807755248e-03
5.043381348583584299e-03
5.051845549960988328e-03
5.060187533978118511e-03
5.068616229915341720e-03
5.077160749143760747e-03
5.085644288238066503e-03
5.093992089744582737e-03
5.102401113667168024e-03
5.110939317509401690e-03
5.119439549210050636e-03
5.127798821576754797e-03
5.136188147000833246e-03
5.144716914173779777e-03
5.153232975382119468e-03
5.161604968333920185e-03
5.169978634465634965e-03
5.178494377159557557e-03
5.187022604596695091e-03
5.195412715975096865e-03
5.203770961087160300e-03
5.212272198933925321e-03
5.220810300360888279e-03
5.229218371790043951e-03
5.237567175238949484e-03
5.246050459706459897e-03
5.254595109912506105e-03
5.263023486829890990e-03
5.271365366297814208e-03
5.279830153272365399e-03
5.288377695805112667e-03
5.296826515798966177e-03
5.305166351909400974e-03
5.313611256226314673e-03
5.322158710512155631e-03
5.330626703416222606e-03
5.338970116201128754e-03
5.347394249883809930e-03
5.355937886798225848e-03
5.364425295695506198e-03
5.372774652624045383e-03
5.381179945053318411e-03
5.389716287561094853e-03
5.398219934667785116e-03
5.406581930275717283e-03
5.414967472410259046e-03
5.423493962483124167e-03
5.432012746758833541e-03
5.440388259379271528e-03
5.448758585730473399e-03
5.457271398213685634e-03
5.465802073004783282e-03
5.474195623283498874e-03
5.482551752324068932e-03
5.491049400633809564e-03
5.499588985050573794e-03
5.508001609330339006e-03
5.516348195904650920e-03
5.524827956412790494e-03
5.533373625348278653e-03
5.541805847555711720e-03
5.550147518567214409e-03
5.558607904254841275e-03
5.567155743478173838e-03
5.575608986339353201e-03
5.583948615544605774e-03
5.592389637793795769e-03
5.600936524836991511e-03
5.609408477531968584e-03
5.617753265325754926e-03
5.626173020255842948e-03
5.634715557524142514e-03
5.643206637237120279e-03
5.651558146534362004e-03
5.659959369417184340e-03
5.668493765988241728e-03
5.677000923912734268e-03
5.685365475320464795e-03
5.693747630655231033e-03
5.702271529222146217e-03
5.710792883907514148e-03
5.719172295053844002e-03
5.727539117730775890e-03
5.736049030070596196e-03
5.744582017546161386e-03
5.752979006133456669e-03
5.761333314397256052e-03
5.769827163435250518e-03
5.778368194206196136e-03
5.786785308099522476e-03
5.795129925172572659e-03
5.803606141355039001e-03
5.812152573628632558e-03
5.820588868196028762e-03
5.828930270274409152e-03
5.837386315431097004e-03
5.845934339041153338e-03
5.854391804913560739e-03
5.862731833955014786e-03
5.871168635185582477e-03
5.879714737947151597e-03
5.888190929136658848e-03
5.896536847715567846e-03
5.904952496664767243e-03
5.913493684909404066e-03
5.921988198286114516e-03
5.930342423867846977e-03
5.938739268885503443e-03
5.947271644439575990e-03
5.955782292433624801e-03
5.964149316492143443e-03
5.972528391151774550e-03
5.981049454738721939e-03
5.989573306352310479e-03
5.997956787358355198e-03
6.006320109413931796e-03
6.014827070587903078e-03
6.023362161917589566e-03
6.031762822893391857e-03
6.040115329041606008e-03
6.048605280767847640e-03
6.057147752749121421e-03
6.065569217056449892e-03
6.073912351553967248e-03
6.082384658206565348e-03
6.090931647930557247e-03
6.099372413064304589e-03
6.107713337409330367e-03
6.116165123662717015e-03
6.124713145789536205e-03
6.133174537906550816e-03
6.141515514915425571e-03
6.149947806964223100e-03
6.158493058208014924e-03
6.166973496224936215e-03
6.175320443860750873e-03
6.183732300010752296e-03
6.192271903103978813e-03
6.200769638910782859e-03
6.209126715056518045e-03
6.217519294952716241e-03
6.226049709760429242e-03
6.234563512234824259e-03
6.242933177385723287e-03
6.251309297066314288e-03
6.259827397353542357e-03
6.268353739551642094e-03
6.276741095319428310e-03
6.285101353464524546e-03
6.293605204397954150e-03
6.302142120865265873e-03
6.310546828321985866e-03
6.318897335375087479e-03
6.327383494313277602e-03
6.335927277671574848e-03
6.344352728795077390e-03
6.352694968615340589e-03
6.361163165897650192e-03
6.369710521718544016e-03
6.378155825151778438e-03
6.386496150885407654e-03
6.394944007516434152e-03
6.403491809874286428e-03
6.411956921214330418e-03
6.420299244373058219e-03
6.428726934221267245e-03
6.437271298941484032e-03
6.445755779583377948e-03
6.454103908621385693e-03
6.462512124191483603e-03
6.471049949150212838e-03
6.479550961753872441e-03
6.487910876985192310e-03
6.496299366497802243e-03
6.504827677127031881e-03
6.513344399481520684e-03
6.521717159359585216e-03
6.530090111255890464e-03
6.538605215996408544e-03
6.547134032742500144e-03
6.555524955893403567e-03
6.563882689048155389e-03
6.572383154440738194e-03
6.580921619931600838e-03
6.589330687873465667e-03
6.597679027606688160e-03
6.606161555853612422e-03
6.614706462625377821e-03
6.623135713978202561e-03
6.631477552267524452e-03
6.639941400232286448e-03
6.648489036181389963e-03
6.656938883483350979e-03
6.665278669828329262e-03
6.673722709822464683e-03
6.682270058099335809e-03
6.690738955724074427e-03
6.699082702882467807e-03
6.707505831562705738e-03
6.716049242773997063e-03
6.724537545827569823e-03
6.732887357978949334e-03
6.741291738134494449e-03
6.749827626787509825e-03
6.758332110791982067e-03
6.766694737277506588e-03
6.775079440715098787e-03
6.783605343570429762e-03
6.792124757461086987e-03
6.800501201270218836e-03
6.808870685522303706e-03
6.817382793086300928e-03
6.825914052825774771e-03
6.834308458710223327e-03
6.842664141008008259e-03
6.851160843009774203e-03
6.859700807882805618e-03
6.868114552974091680e-03
6.876460642645484608e-03
6.884939570693556291e-03
6.893485451718571813e-03
6.901918602741379319e-03
6.910260228997462152e-03
6.918719593690622095e-03
6.927267487644605225e-03
6.935721767208606267e-03
6.944061451890365042e-03
6.952501483267061605e-03
6.961048174094713534e-03
6.969521208254006277e-03
6.977866278318701522e-03
6.986284975565309682e-03
6.994827212342109510e-03
7.003319129020098462e-03
7.011671242768288681e-03
7.020071446509702599e-03
7.028605355981752158e-03
7.037113336581349819e-03
7.045478487268021922e-03
7.053859883061166722e-03
7.062383105978707783e-03
7.070905055596341492e-03
7.079285468993769433e-03
7.087651409148694459e-03
7.096160637589863512e-03
7.104694149375759098e-03
7.113091958888140103e-03
7.121445874557285650e-03
7.129938825640798512e-03
7.138480196992615795e-03
7.146898339843666716e-03
7.155242588290175280e-03
7.163717925129018532e-03
7.172264519458064480e-03
7.180701837965921749e-03
7.189043158303893427e-03
7.197498165005845883e-03
7.206046219461043761e-03
7.214504596074000110e-03
7.222844811286883993e-03
7.231280607498554586e-03
7.239826519221823943e-03
7.248303673816972915e-03
7.256649831933507759e-03
7.265064602746478493e-03
7.273605456293257346e-03
7.282100666091941704e-03
7.290455487048405452e-03
7.298851432043999832e-03
7.307383379739126189e-03
7.315894720673162509e-03
7.324262303323624684e-03
7.332640754030364701e-03
7.341161179799208202e-03
7.349685578555751816e-03
7.358069943784672877e-03
7.366432581450840615e-03
7.374938901524890483e-03
7.383474437036942339e-03
7.391875948036058519e-03
7.400228086557246628e-03
7.408717235450978586e-03
7.417260009175108762e-03
7.425682380201838184e-03
7.434025281315564081e-03
7.442496745753726835e-03
7.451043848519962702e-03
7.459485594169048238e-03
7.467826425174980617e-03
7.476277348161191640e-03
7.484825363543496160e-03
7.493287613476067206e-03
7.501628891627205864e-03
7.510060188956695602e-03
7.518605264143196285e-03
7.527086642876592779e-03
7.535433869323235161e-03
7.543844951982532805e-03
7.552384202705904673e-03
7.560882700355792997e-03
7.569240448594943826e-03
7.577632132806245112e-03
7.586162129368233600e-03
7.594676641464023249e-03
7.603046963197342654e-03
7.611422445399411429e-03
7.619939936968271252e-03
7.628466843803038272e-03
7.636855054397768960e-03
7.645214744074148652e-03
7.653717885041470652e-03
7.662255217619971283e-03
7.670660925973001552e-03
7.679010983094872005e-03
7.687496347139451992e-03
7.696040434319382888e-03
7.704466793957454561e-03
7.712808952963142242e-03
7.721276221900360073e-03
7.729823686443814366e-03
7.738270094911626519e-03
7.746610314978718582e-03
7.755057317758645881e-03
7.763605067982662714e-03
7.772071075119838489e-03
7.780413759948790441e-03
7.788840398249091690e-03
7.797384575998399237e-03
7.805869992740003920e-03
7.814218486363218308e-03
7.822625893642234582e-03
7.831163298181372315e-03
7.839665185792401431e-03
7.848025831007229836e-03
7.856413380939111443e-03
7.864941159915605357e-03
7.873458612751137869e-03
7.881832271092993614e-03
7.890204416627759690e-03
7.898718825632118981e-03
7.907248280614939673e-03
7.915640109401043609e-03
7.923997331583236894e-03
7.932496954735204775e-03
7.941035812258528601e-03
7.949446040686753215e-03
7.957793851985819900e-03
7.966275539672166423e-03
7.974820730055258086e-03
7.983250961363734174e-03
7.991592774353590417e-03
8.000055548525135743e-03
8.008603279287186683e-03
8.017054256588046837e-03
8.025393978196414951e-03
8.033837116795833691e-03
8.042384357613781981e-03
8.050854258478453568e-03
8.059198368734768470e-03
8.067620440791701056e-03
8.076163628648621792e-03
8.084652866455054737e-03
8.093003204643407777e-03
8.101406638698528326e-03
8.109942088308133568e-03
8.118447458271197889e-03
8.126810724427873528e-03
8.135194649727058719e-03
8.143719967154796138e-03
8.152240042319831501e-03
8.160617471528536920e-03
8.168986144541886749e-03
8.177497582920087785e-03
8.186029433392017635e-03
8.194424635498631648e-03
8.202779934221346436e-03
8.211275792874447171e-03
8.219816119840713323e-03
8.228230924451273784e-03
8.236576580677586537e-03
8.245054700786905860e-03
8.253600778395143306e-03
8.262034951856211604e-03
8.270376535686997654e-03
8.278834859100277568e-03
8.287382834716387411e-03
8.295838150352978155e-03
8.304177927677300688e-03
8.312616998093458678e-03
8.321163550346752022e-03
8.329637553128247177e-03
8.337982933586139678e-03
8.346400697189924195e-03
8.354942674822158841e-03
8.363435383299639217e-03
8.371788112378488259e-03
8.380187368325154110e-03
8.388720838884665409e-03
8.397229638182141659e-03
8.405595361848965802e-03
8.413976087101223897e-03
8.422498692039613599e-03
8.431021240770820296e-03
8.439402593248363990e-03
8.447767757539378572e-03
