0.000000000000000000e+00
8.397102616253454067e-06
1.685793338431118123e-05
2.537599168993103367e-05
3.385214733443749063e-05
4.222705166385982972e-05
5.066626811786499937e-05
5.920542481936370767e-05
6.762332891863306590e-05
7.601516837625056069e-05
8.450845023520684872e-05
9.302321464554017276e-05
1.014479251538807973e-04
1.098310462887094912e-04
1.183479680731537684e-04
1.268516001586674825e-04
1.352608966448891987e-04
1.436517642020967425e-04
1.521069735501319735e-04
1.606367650962305365e-04
1.690858698505699623e-04
1.774567789888025708e-04
1.859466291546756891e-04
1.944650449448921843e-04
2.028818257640476602e-04
2.112661453936837120e-04
2.197927843574457051e-04
2.282694184935479950e-04
2.366426205455617287e-04
2.451103910332342109e-04
2.536455252409565648e-04
2.620900925520947651e-04
2.704845192209693683e-04
2.788939461156543010e-04
2.873683619395545302e-04
2.958918605296613664e-04
3.042901704722456155e-04
3.127000096354394846e-04
3.211719605257560791e-04
3.296968842704586507e-04
3.381109070266497788e-04
3.465039877309388817e-04
3.550306522063236643e-04
3.635253657994760640e-04
3.718870198296240527e-04
3.803472769473419134e-04
3.888778039138117513e-04
3.972633047959093990e-04
4.056565938077756899e-04
4.141876553671227637e-04
4.226391076950582648e-04
4.310000901106172781e-04
4.394922571352175640e-04
4.480032089438740705e-04
4.563712311348340489e-04
4.647984413841237399e-04
4.733306482543320464e-04
4.817431998053333287e-04
4.901235371376414093e-04
4.986464465277471196e-04
5.071307520266868591e-04
5.154919511113652047e-04
5.239562363119742300e-04
5.324800910725215920e-04
5.408648169432684087e-04
5.492651045151309861e-04
5.578005080049348906e-04
5.662478634940083669e-04
5.746055919276610259e-04
5.830995970379589024e-04
5.916038733227320639e-04
5.999697379782605337e-04
6.084056913241077825e-04
6.169413107216622410e-04
6.253484339511902659e-04
6.337246700593060066e-04
6.422535357173625795e-04
6.507309484122856353e-04
6.591094680512555844e-04
6.675727630085483361e-04
6.760988600329039195e-04
6.845585356578536181e-04
6.929315281049505410e-04
7.013959731545521157e-04
7.099273978443031369e-04
7.183509191256739861e-04
7.267350014674194480e-04
7.352400595839818061e-04
7.437568951662422781e-04
7.521725942754112779e-04
7.605620513807348449e-04
7.690108422885957341e-04
7.775425024458647435e-04
7.860069567963228442e-04
7.943837934131248732e-04
8.028471778445860421e-04
8.113796147097420775e-04
8.197919654524623862e-04
8.281759915659895862e-04
8.367061007591177326e-04
8.451974907029863879e-04
8.536063857204185222e-04
8.619985284399973770e-04
8.704870805861043880e-04
8.789885832293573139e-04
8.874320257515832221e-04
8.958268986091278210e-04
9.042370806610748341e-04
9.127341948322852941e-04
9.212531570465406182e-04
9.296733016395608779e-04
9.380696707756861147e-04
9.464940977417181291e-04
9.550346909086171064e-04
9.635012224652899672e-04
9.718975688566518830e-04
9.803087753563768068e-04
9.888243807125425642e-04
9.973334127842689925e-04
1.005735836850570400e-03
1.014132098435944563e-03
1.022614166525828532e-03
1.031112335985659260e-03
1.039583843198574505e-03
1.047971789524383343e-03
1.056400562754717483e-03
1.064885522117550373e-03
1.073388190116022307e-03
1.081799827857673731e-03
1.090198674968604568e-03
1.098677032239782836e-03
1.107199796210025762e-03
1.115638104534894372e-03
1.124031517522940029e-03
1.132451283075113944e-03
1.140925924266652245e-03
1.149438199732318380e-03
1.157874882304965559e-03
1.166246997406540078e-03
1.174744284227418429e-03
1.183260069847037223e-03
1.191627965417193895e-03
1.200067229097235948e-03
1.208591440240886893e-03
1.217067989495335774e-03
1.225447402975559990e-03
1.233899139591747339e-03
1.242432846702649094e-03
1.250872822366702608e-03
1.259243356900707940e-03
1.267753476358063607e-03
1.276252726736851325e-03
1.284619619609723637e-03
1.293072824389637429e-03
1.301613062209756302e-03
1.310060036702967749e-03
1.318437498477705938e-03
1.326901891429382689e-03
1.335438746366232263e-03
1.343858352489260945e-03
1.352249969053305944e-03
1.360726845051912380e-03
1.369262987287123146e-03
1.377657717103075285e-03
1.386057796862795151e-03
1.394587729063915442e-03
1.403064735020757457e-03
1.411441349233939768e-03
1.419896712461078767e-03
1.428433527641560655e-03
1.436891136933186614e-03
1.445276300277518458e-03
1.453700425589716724e-03
1.462196117742792971e-03
1.470686426703572995e-03
1.479135768344032840e-03
1.487534400504302023e-03
1.495943260250653722e-03
1.504469132464667088e-03
1.512956713485286240e-03
1.521339517796737586e-03
1.529753545478770892e-03
1.538283963868080284e-03
1.546776030033678593e-03
1.555161959753718773e-03
1.563587703308535288e-03
1.572116757036857168e-03
1.580596649507157343e-03
1.588956608637916851e-03
1.597435540178625052e-03
1.605961815362162703e-03
1.614358806930244828e-03
1.622768823228644668e-03
1.631244446256503331e-03
1.639779634599148900e-03
1.648207129092949929e-03
1.656596007797648791e-03
1.665032943568115669e-03
1.673562816556203045e-03
1.682033495991139098e-03
1.690404191908441564e-03
1.698879898428572567e-03
1.707406035300912872e-03
1.715832488011181630e-03
1.724218147266216384e-03
1.732731568721542674e-03
1.741232676839382177e-03
1.749606280612367231e-03
1.758056307852062881e-03
1.766590706897955059e-03
1.775029893960307489e-03
1.783399472235755023e-03
1.791910031070078875e-03
1.800407919577147464e-03
1.808767091671494368e-03
1.817220366036481757e-03
1.825754009078697174e-03
1.834152354491746855e-03
1.842538637383873230e-03
1.851067441003234225e-03
1.859535279239789979e-03
1.867892570803847668e-03
1.876378451965991486e-03
1.884900542528271557e-03
1.893283710857733299e-03
1.901701341787147845e-03
1.910238659526800661e-03
1.918683013413357251e-03
1.927049986967689990e-03
1.935558775860818500e-03
1.944067355232858814e-03
1.952447633533247948e-03
1.960876416303808118e-03
1.969414211237919578e-03
1.977844759766588488e-03
1.986213707935880184e-03
1.994725573020131922e-03
2.003217548835062745e-03
2.011569174944132475e-03
2.020027737545360483e-03
2.028553616324461299e-03
2.036938204815024606e-03
2.045335548326024898e-03
2.053867614211423061e-03
2.062320430738680266e-03
2.070682875166903261e-03
2.079175850341462989e-03
2.087684282825531031e-03
2.096051130143637437e-03
2.104484083785062437e-03
2.113025288999358011e-03
2.121453895633606916e-03
2.129841581512726366e-03
2.138326332558808038e-03
2.146842251806879102e-03
2.155290592508369869e-03
2.163682232665740512e-03
2.172109699863012788e-03
2.180633203093475161e-03
2.189113024982689004e-03
2.197545076754901447e-03
2.205932883389469072e-03
2.214343071003828378e-03
2.222847263262886768e-03
2.231338367060680707e-03
2.239784200521381923e-03
2.248158488854298288e-03
2.256616677527602515e-03
2.265109975745272300e-03
2.273593182006072941e-03
2.282008620423261677e-03
2.290408061643617581e-03
2.298830077349697364e-03
2.307317386702679128e-03
2.315818856601199564e-03
2.324262943423733782e-03
2.332641376028196309e-03
2.341072354764854677e-03
2.349594361517705083e-03
2.358075787760434416e-03
2.366479276620707135e-03
2.374874868626636673e-03
2.383314783838832909e-03
2.391827971942467063e-03
2.400315169904509386e-03
2.408736446811937139e-03
2.417113542230810413e-03
2.425548813872892284e-03
2.434044261823080368e-03
2.442544720561379279e-03
2.450948009623367310e-03
2.459360060559081032e-03
2.467889120857767824e-03
2.476369151433472065e-03
2.484746967134182551e-03
2.493196205536084287e-03
2.501736968785471613e-03
2.510158432744131508e-03
2.518538567558528674e-03
2.527066673950264641e-03
2.535550765791835890e-03
2.543925874415649963e-03
2.552375773770656012e-03
2.560913336002831192e-03
2.569377806082289752e-03
2.577766045823234528e-03
2.586156826203235646e-03
2.594654197275893161e-03
2.603177460171458586e-03
2.611594026252308989e-03
2.619985739653141275e-03
2.628495863891117286e-03
2.636998016575862417e-03
2.645428871158157346e-03
2.653810185876227974e-03
2.662244159190487857e-03
2.670752135441108177e-03
2.679232258134395511e-03
2.687655973615611042e-03
2.696041119874017979e-03
2.704499369231953138e-03
2.713022268830527547e-03
2.721489806659404750e-03
2.729904026666559163e-03
2.738297844414597487e-03
2.746763111893208830e-03
2.755298688292661356e-03
2.763717927896880162e-03
2.772110132453810445e-03
2.780612579634186149e-03
2.789131468859427226e-03
2.797526374295696699e-03
2.805924106033937711e-03
2.814415796529096819e-03
2.822939902734734191e-03
2.831321211253397512e-03
2.839742201246292334e-03
2.848278007240472205e-03
2.856721516695243015e-03
2.865094433801914416e-03
2.873593412876946848e-03
2.882111760370682351e-03
2.890481755852707113e-03
2.898913244540248218e-03
2.907450099135585383e-03
2.915865179426914856e-03
2.924236258325196933e-03
2.932753378397184862e-03
2.941233359288330986e-03
2.949589959723602529e-03
2.958055055757821770e-03
2.966582160346844469e-03
2.974969957891389089e-03
2.983375033070044015e-03
2.991913966601299560e-03
3.000371415348188076e-03
3.008748847530072490e-03
3.017207104635860788e-03
3.025711100636247972e-03
3.034191051575032324e-03
3.042604286618607289e-03
3.050997495513754765e-03
3.059434728645633178e-03
3.067946157326685314e-03
3.076437207268148833e-03
3.084845864800756302e-03
3.093227774636524239e-03
3.101718401787717950e-03
3.110229594266491430e-03
3.118672350683168986e-03
3.127049336913516851e-03
3.135510943801504170e-03
3.144018737226290158e-03
3.152495603357034423e-03
3.160894773864647306e-03
3.169302290335143223e-03
3.177798123818116258e-03
3.186314479549223668e-03
3.194745714443357910e-03
3.203121319971840002e-03
3.211589101320221681e-03
3.220123649906728776e-03
3.228530076492770306e-03
3.236920065597981375e-03
3.245451792082864901e-03
3.253931468589531598e-03
3.262290864081922488e-03
3.270765217463945853e-03
3.279293021712075245e-03
3.287682033725398880e-03
3.296085076437587844e-03
3.304621224362654097e-03
3.313068927465764087e-03
3.321427121394241073e-03
3.329928704490123150e-03
3.338432937597463328e-03
3.346794209787535591e-03
3.355231216627049817e-03
3.363766302491503872e-03
3.372172833624101276e-03
3.380554160866925707e-03
3.389085957963044408e-03
3.397564723039724500e-03
3.405931975552802665e-03
3.414398466930885362e-03
3.422932333836860991e-03
3.431380040886723194e-03
3.439762095353521374e-03
3.448198676894174801e-03
3.456742337799113829e-03
3.465183962775923374e-03
3.473575501385001239e-03
3.481991313843868247e-03
3.490473193882261821e-03
3.498976158701335056e-03
3.507420886624207888e-03
3.515810777325137707e-03
3.524238234705077705e-03
3.532778363140485003e-03
3.541228384258410678e-03
3.549586175581667235e-03
3.558088176785428793e-03
3.566590600049255634e-03
3.574948165623319414e-03
3.583391713103923140e-03
3.591927437595169269e-03
3.600334883480999469e-03
3.608717749817370955e-03
3.617250091095372804e-03
3.625728978906963672e-03
3.634112340868403922e-03
3.642531102281027465e-03
3.651010003610683473e-03
3.659524650832711445e-03
3.667970228356976989e-03
3.676342577662383183e-03
3.684851857450891811e-03
3.693357894897485519e-03
3.701722803130634218e-03
3.710163886405169580e-03
3.718702414299982720e-03
3.727119036261977020e-03
3.735500222957436906e-03
3.744026502466141736e-03
3.752503292007643675e-03
3.760876070417412155e-03
3.769349751925088129e-03
3.777887606921051349e-03
3.786285285024935422e-03
3.794680812975090387e-03
3.803212786966111026e-03
3.811687506141342181e-03
3.820044006035520478e-03
3.828526538171200377e-03
3.837049016581762801e-03
3.845417299173999222e-03
3.853834693240195709e-03
3.862371158645317663e-03
3.870800322505549805e-03
3.879171576228527402e-03
3.887686077422146825e-03
3.896187993426526979e-03
3.904552573583551251e-03
3.913007955409706674e-03
3.921542523473571865e-03
3.929941788367493846e-03
3.938328147347084675e-03
3.946857657651971739e-03
3.955325585978338755e-03
3.963682013361309944e-03
3.972168219275720724e-03
3.980688852190184326e-03
3.989067847318963043e-03
3.997495041928924089e-03
4.006029841806736658e-03
4.014493411095017457e-03
4.022888665058750764e-03
4.031304124455434117e-03
4.039795934388067458e-03
4.048312847073909371e-03
4.056740567158541137e-03
4.065127044261693245e-03
4.073586681343473528e-03
4.082098654314911430e-03
4.090576517371539121e-03
4.098964086295171609e-03
4.107387197123838624e-03
4.115884651972800609e-03
4.124382225009504306e-03
4.132791746560051001e-03
4.141196386574062457e-03
4.149729014261973117e-03
4.158213542824683653e-03
4.166589505805355989e-03
4.175037861490176437e-03
4.183563258943537137e-03
4.192028962952799517e-03
4.200433379040181131e-03
4.208837818229176249e-03
4.217285178779300696e-03
4.225786504122729277e-03
4.234285056769673990e-03
4.242667543623361917e-03
4.251085843161358374e-03
4.259586840959587659e-03
4.268102923804717799e-03
4.276480028423633277e-03
4.284916117839083702e-03
4.293413010985291066e-03
4.301925919096704840e-03
4.310309198752503186e-03
4.318742908197055301e-03
4.327275940566766184e-03
4.335738221187081243e-03
4.344122063564687976e-03
4.352540324651609643e-03
4.361040097013539618e-03
4.369532008654873449e-03
4.377977230039299152e-03
4.386374162440834397e-03
4.394777404114263639e-03
4.403262046765786357e-03
4.411792427850797643e-03
4.420209597764159816e-03
4.428601775139627723e-03
4.437058474313282895e-03
4.445556780945561504e-03
4.454039919291979260e-03
4.462449913782844807e-03
4.470841455893242999e-03
4.479317866980578496e-03
4.487845231073456231e-03
4.496273453203372683e-03
4.504653388944628196e-03
4.513168596417842758e-03
4.521673015662534129e-03
4.530037844543379454e-03
4.538492530848409374e-03
4.547027720637021771e-03
4.555468486569368147e-03
4.563856621950792766e-03
4.572288181993197295e-03
4.580796377358732629e-03
4.589282790478000848e-03
4.597713657997138346e-03
4.606105519047245384e-03
4.614531677919651680e-03
4.623021162971484993e-03
4.631515684112783894e-03
4.639951712967580605e-03
4.648343592866314294e-03
4.656765175176711888e-03
4.665240674324068124e-03
4.673763831584974542e-03
4.682209053932662700e-03
4.690595535767842945e-03
4.699023002303020710e-03
4.707531643163467838e-03
4.716031207598383665e-03
4.724442218164274544e-03
4.732831630049031020e-03
4.741296108277442446e-03
4.749820026219981998e-03
4.758270834109691247e-03
4.766653139723394349e-03
4.775126420431855326e-03
4.783666235370766066e-03
4.792084955262322643e-03
4.800476926696866514e-03
4.808945579787468269e-03
4.817470853952100784e-03
4.825922668875547682e-03
4.834311067430974856e-03
4.842728138342303028e-03
4.851197270480624678e-03
4.859703671220061243e-03
4.868168321750950510e-03
4.876544472008133117e-03
4.885031326351869756e-03
4.893555046943324181e-03
4.901979632043357640e-03
4.910361416600486986e-03
4.918884158064506032e-03
4.927379467540101213e-03
4.935778804295391613e-03
4.944163366265011059e-03
4.952644077771777703e-03
4.961157816118922335e-03
4.969600520145368849e-03
4.977999092109229411e-03
4.986401666449607854e-03
4.994885708523263620e-03
5.003396803369624529e-03
5.011848536110610937e-03
5.020243790405469128e-03
5.028655840851284364e-03
5.037151708751551500e-03
5.045676995434071783e-03
5.054063922509805656e-03
5.062485321715331707e-03
5.071026405640633242e-03
5.079498076446248636e-03
5.087866075416023169e-03
5.096343229564173800e-03
5.104855723470887521e-03
5.113310274424714974e-03
5.121691426543332169e-03
5.130166673015749274e-03
5.138693356525358448e-03
5.147145145152436617e-03
5.155529300672922165e-03
5.164003479281809028e-03
5.172542627223520109e-03
5.180941379820871474e-03
5.189337837250475143e-03
5.197869786028512171e-03
5.206350874032271252e-03
5.214733793056063570e-03
5.223166035097872098e-03
5.231660953654218051e-03
5.240164328573900139e-03
5.248590666632375196e-03
5.256972925549665068e-03
5.265499855351394622e-03
5.273979908953907621e-03
5.282337611212556058e-03
5.290805119384224715e-03
5.299331323102242017e-03
5.307714083991968597e-03
5.316117892523547668e-03
5.324659216598558349e-03
5.333109253111625349e-03
5.341484388390251893e-03
5.349974933922335696e-03
5.358499399662930429e-03
5.366874851854572769e-03
5.375299476355958200e-03
5.383839069500455377e-03
5.392289875221741198e-03
5.400659647563153636e-03
5.409141766623708214e-03
5.417673262333429739e-03
5.426068527630050799e-03
5.434476298423035132e-03
5.443015918824225738e-03
5.451471119540068216e-03
5.459834107049154478e-03
5.468329521266497052e-03
5.476845244659999008e-03
5.485212759951501628e-03
5.493652057253748527e-03
5.502190127659865003e-03
5.510624131906007375e-03
5.518996449826511080e-03
5.527510548912402746e-03
5.536008998708981214e-03
5.544365962465241937e-03
5.552824329884822191e-03
5.561359497867741919e-03
5.569766509152849522e-03
5.578162151160422945e-03
5.586691620329416706e-03
5.595162050522365683e-03
5.603520730402646206e-03
5.612009865401409656e-03
5.620535597170000369e-03
5.628943423007851804e-03
5.637341675070389919e-03
5.645809205488851526e-03
5.654337737376508542e-03
5.662776741326434708e-03
5.671162347376231504e-03
5.679618222466121039e-03
5.688163970664166652e-03
5.696591589844705178e-03
5.704976452498694388e-03
5.713474154451363661e-03
5.721999396760418105e-03
5.730395343228355566e-03
5.738810050822145542e-03
5.747332477855182468e-03
5.755817319912340420e-03
5.764224790467970677e-03
5.772626056940536807e-03
5.781114227938146180e-03
5.789636989783164198e-03
5.798065397668156901e-03
5.806458831845180864e-03
5.814934959870857178e-03
5.823459837970963900e-03
5.831917116605949553e-03
5.840300927002634035e-03
5.848759895795358280e-03
5.857256213217692555e-03
5.865737412569779763e-03
5.874171184119210409e-03
5.882571831180553705e-03
5.890976810975574914e-03
5.899490962168283704e-03
5.907997710201396725e-03
5.916365698676697912e-03
5.924808658631828054e-03
5.933352603552760098e-03
5.941790359666952216e-03
5.950176547553830131e-03
5.958649138410683846e-03
5.967181141397925707e-03
5.975601042377191689e-03
5.983988618935189539e-03
5.992517933938067663e-03
6.001006355611748083e-03
6.009384887814816882e-03
6.017809035087351259e-03
6.026353428140877704e-03
6.034805819014285935e-03
6.043170694255280487e-03
6.051668695568094072e-03
6.060188203953784623e-03
6.068562752767511954e-03
6.076995953031073296e-03
6.085513338878139819e-03
6.094000101450933182e-03
6.102409105029496864e-03
6.110809917858887018e-03
6.119286233187692069e-03
6.127785973261560930e-03
6.136244533514361929e-03
6.144656877991230143e-03
6.153049488359488978e-03
6.161469940595709974e-03
6.169940991498875683e-03
6.178433127794633918e-03
6.186905790094994126e-03
6.195292833913288930e-03
6.203725968554744431e-03
6.212220106884095393e-03
6.220729635242898577e-03
6.229140798264647290e-03
6.237537065395127277e-03
6.246049970142957333e-03
6.254552663721423336e-03
6.262918839039355486e-03
6.271375405989400124e-03
6.279912624394456619e-03
6.288321242339331256e-03
6.296706878717724457e-03
6.305239952729841009e-03
6.313719379099335879e-03
6.322116854775025087e-03
6.330531154351059196e-03
6.339016079982642306e-03
6.347536463546461609e-03
6.355971176490949649e-03
6.364353994304416257e-03
6.372850416308271058e-03
6.381375165925162393e-03
6.389764018342688513e-03
6.398183834318506638e-03
6.406724919074283618e-03
6.415173587820465623e-03
6.423550873730030260e-03
6.432024767701860143e-03
6.440544713888054010e-03
6.448973866354824024e-03
6.457369682570559231e-03
6.465883833703943082e-03
6.474385608591846225e-03
6.482745552252987958e-03
6.491200731330001687e-03
6.499734474365240731e-03
6.508148552225387871e-03
6.516539235336758773e-03
6.525072033694141911e-03
6.533551236133494124e-03
6.541923052310293085e-03
6.550372353360017080e-03
6.558889295885905225e-03
6.567370363223701442e-03
6.575757198474115398e-03
6.584175047185283729e-03
6.592652851055189056e-03
6.601154041778951528e-03
6.609612753010063978e-03
6.618008196996188336e-03
6.626410497376345084e-03
6.634878237935017478e-03
6.643378161713480411e-03
6.651839532599845839e-03
6.660234855079171651e-03
6.668635251738663783e-03
6.677097479001729667e-03
6.685601706659379667e-03
6.694072714180225071e-03
6.702482934111653537e-03
6.710874743704420449e-03
6.719335909793927586e-03
6.727841693214860544e-03
6.736321697200571557e-03
6.744718759045643421e-03
6.753132596204141844e-03
6.761661329398159330e-03
6.770152297714610544e-03
6.778547028251257454e-03
6.786958910670124433e-03
6.795498811225470122e-03
6.803948926488524555e-03
6.812328956209769658e-03
6.820808549110257517e-03
6.829335643470066906e-03
6.837758967767513900e-03
6.846148663119838371e-03
6.854668060746136812e-03
6.863159766706455021e-03
6.871520928372094363e-03
6.879985864204422354e-03
6.888521321287517304e-03
6.896910228842435472e-03
6.905305881539511130e-03
6.913839319334084098e-03
6.922294952074768692e-03
6.930660027122470881e-03
6.939156906627195337e-03
6.947675142549345102e-03
6.956043818771881319e-03
6.964474822882912863e-03
6.973008921527069220e-03
6.981427876482968788e-03
6.989808818170340637e-03
6.998329476419051960e-03
7.006829767673363255e-03
7.015207228898795618e-03
7.023643589286568747e-03
7.032183335244648024e-03
7.040644138469881810e-03
7.049021450450305461e-03
7.057514293292500504e-03
7.066037606239087415e-03
7.074411540356275417e-03
7.082838323745558294e-03
7.091374258257114593e-03
7.099822330453348269e-03
7.108193563030072715e-03
7.116703413183783460e-03
7.125206855640441560e-03
7.133580401286356183e-03
7.142025480477643545e-03
7.150566148247472151e-03
7.159009211966546778e-03
7.167388632231931969e-03
7.175889964653359328e-03
7.184414465812883135e-03
7.192795575006184251e-03
7.201224181360964434e-03
7.209764777149434666e-03
7.218220590854118254e-03
7.226597873786618116e-03
7.235064367770880842e-03
7.243594584955137181e-03
7.252031980745097910e-03
7.260418856058292215e-03
7.268878735864070517e-03
7.277399346138826303e-03
7.285876430570414550e-03
7.294258159700737522e-03
7.302681031667599201e-03
7.311164687126037696e-03
7.319677946111404626e-03
7.328093416542451506e-03
7.336489054971033659e-03
7.345001810070480620e-03
7.353506072478118230e-03
7.361903887890232194e-03
7.370307397739640255e-03
7.378750153720088634e-03
7.387238921893746202e-03
7.395731182610016524e-03
7.404182103309822974e-03
7.412593064499497196e-03
7.420987635290248775e-03
7.429445493124194923e-03
7.437943370036743246e-03
7.446427056776043323e-03
7.454860349983957399e-03
7.463253111480875300e-03
7.471677126017223051e-03
7.480154883071971593e-03
7.488652794491162251e-03
7.497122888387964916e-03
7.505536604114375863e-03
7.513930766983221120e-03
7.522373996284506883e-03
7.530861448462370343e-03
7.539358562797481705e-03
7.547800613569342378e-03
7.556201537688092204e-03
7.564608347812678407e-03
7.573085661471658063e-03
7.581585632270178982e-03
7.590052831451679118e-03
7.598467918115970644e-03
7.606861198990040943e-03
7.615303778390816562e-03
7.623790528375856169e-03
7.632281702875687648e-03
7.640733671213190310e-03
7.649129826107737076e-03
7.657538299006789138e-03
7.666015909207742063e-03
7.674516342474038862e-03
7.682982440097026189e-03
7.691381280873287041e-03
7.699784969266634284e-03
7.708247937909394783e-03
7.716753556094983237e-03
7.725228887189629703e-03
7.733644677984728710e-03
7.742039557297403576e-03
7.750484253183830864e-03
7.758981726233385792e-03
7.767466846329474164e-03
7.775888795195562940e-03
7.784274950155352715e-03
7.792714771440720396e-03
7.801209301785995420e-03
7.809699782008351111e-03
7.818127959692618145e-03
7.826511777610746165e-03
7.834947064032019362e-03
7.843436545670391322e-03
7.851931732225465518e-03
7.860382692114541853e-03
7.868780448326121585e-03
7.877185795906193472e-03
7.885659947417278035e-03
7.894159793994147759e-03
7.902626120582590188e-03
7.911024651292791407e-03
7.919426149931043518e-03
7.927887631332983936e-03
7.936393224191450047e-03
7.944863942646636021e-03
7.953265057564606888e-03
7.961661049205193824e-03
7.970122971586989305e-03
7.978618336910492381e-03
7.987101770669786591e-03
7.995532327127225988e-03
8.003918449202358093e-03
8.012349229600920081e-03
8.020839980787883294e-03
8.029337216262885310e-03
8.037774600460212068e-03
8.046163668871867888e-03
8.054585867652175324e-03
8.063070078084400363e-03
8.071566473812748221e-03
8.080005568075235636e-03
8.088390945073587954e-03
8.096808626041396284e-03
8.105292564752886869e-03
8.113791175004738537e-03
8.122238515695573424e-03
8.130627945805912402e-03
8.139044607411176704e-03
8.147522805333444820e-03
8.156024352951799297e-03
8.164484283568550216e-03
8.172882692899138476e-03
8.181287561588338961e-03
8.189751582294086535e-03
8.198257216179472354e-03
8.206728414164999111e-03
8.215139244243772551e-03
8.223537519556534461e-03
8.231981608350582777e-03
8.240501353334242843e-03
8.248984913180615330e-03
8.257385294873825776e-03
8.265788503445149760e-03
8.274259253800229919e-03
8.282785000678229148e-03
8.291241345219229480e-03
8.299622578617122520e-03
8.308099581094510397e-03
8.316623122851115116e-03
8.325082758907061467e-03
8.333462230841288607e-03
8.341901290815899664e-03
8.350379605250828410e-03
8.358867435217126954e-03
8.367307638859936350e-03
8.375699024207206023e-03
8.384116517488457085e-03
8.392601570226780258e-03
8.401126088968502784e-03
8.409523952213818557e-03
8.417926015371397785e-03
8.426398453624441703e-03
8.434923493447635603e-03
8.443343997413081670e-03
8.451730690039970656e-03
