0.000000000000000000e+00
8.404046364840357027e-06
1.688871327519701537e-05
2.538379141668841349e-05
3.380055614606775793e-05
4.219486097457430520e-05
5.066724300207365114e-05
5.916880422472767936e-05
6.760016841588330693e-05
7.598864514153968249e-05
8.444668274713130291e-05
9.295147251856206378e-05
1.013980379241256934e-04
1.097848777102173771e-04
1.182277784412002851e-04
1.267321571117134831e-04
1.351938021649650996e-04
1.435833602800796929e-04
1.520108571772742592e-04
1.605113297472257898e-04
1.689867958703647401e-04
1.773832471312632132e-04
1.857967618922979030e-04
1.942895362260554709e-04
2.027769422334806625e-04
2.111836841325301546e-04
2.195853815300399890e-04
2.280676712978805208e-04
2.365643694309567261e-04
2.449839610734384386e-04
2.533768199843752485e-04
2.618461665176488313e-04
2.703488670616827679e-04
2.787833831133035636e-04
2.871710991707337101e-04
2.956260302133299983e-04
3.041310326372331590e-04
3.125807810605061134e-04
3.209678831991020337e-04
3.294075281953992964e-04
3.379112815748541829e-04
3.463760157743627378e-04
3.547665581264878546e-04
3.631911944942264013e-04
3.716902942277988502e-04
3.801684397968834914e-04
3.885667794037482125e-04
3.969774829630516220e-04
4.054684188205484206e-04
4.139579454463870943e-04
4.223672269902723256e-04
4.307667650120671106e-04
4.392465788304138457e-04
4.477446692819659767e-04
4.561672966940441684e-04
4.645587974674885356e-04
4.730252223087194120e-04
4.815288061815432364e-04
4.899663038419628655e-04
4.983535871668428067e-04
5.068052775743081941e-04
5.153103731552753945e-04
5.237633774173423937e-04
5.321508563839551838e-04
5.405872535260697461e-04
5.490903074595675877e-04
5.575579513189521906e-04
5.659498080361728559e-04
5.743714285141234433e-04
5.828688774004356756e-04
5.913498104170363413e-04
5.997501124479758666e-04
6.081582179498472166e-04
6.166470420618976999e-04
6.251386186869996526e-04
6.335506835883812984e-04
6.419480563464638858e-04
6.504251686805152420e-04
6.589246663034975873e-04
6.673504954030817695e-04
6.757407077809746490e-04
6.842041433497741054e-04
6.927082602215703074e-04
7.011490718257900852e-04
7.095360479335856806e-04
7.179843473969112211e-04
7.264894865073781962e-04
7.349456634700264005e-04
7.433337308746495314e-04
7.517668143737366981e-04
7.602689753687062995e-04
7.687395989464960782e-04
7.771330645000626815e-04
7.855515950344520507e-04
7.940474306215221465e-04
8.025308774941078416e-04
8.109333046916949528e-04
8.193390476168030618e-04
8.278254601241704508e-04
8.363191163388174589e-04
8.447339267066940934e-04
8.531293891841664444e-04
8.616038412247174457e-04
8.701045671129022281e-04
8.785335110406643482e-04
8.869226862413093866e-04
8.953830729024037614e-04
9.038875773245997215e-04
9.123317008876465897e-04
9.207184864939441452e-04
9.291637529362604259e-04
9.376685915082492908e-04
9.461277263578964135e-04
9.545166086801447868e-04
9.629464743099622973e-04
9.714477132571541426e-04
9.799211314498745568e-04
9.883161950744454635e-04
9.967318828810825277e-04
1.005226038484327610e-03
1.013711681262697119e-03
1.022116469829169923e-03
1.030519879385343330e-03
1.039003877042266651e-03
1.047499383329609937e-03
1.055916844844970084e-03
1.064310739195567339e-03
1.072782310242746196e-03
1.081284140464950499e-03
1.089716301911248511e-03
1.098104543615927584e-03
1.106561753835398881e-03
1.115066584669401062e-03
1.123513937783982659e-03
1.131900800508223864e-03
1.140342848550645466e-03
1.148847045768904007e-03
1.157309456293587361e-03
1.165699227717255934e-03
1.174125957393746351e-03
1.182626070286154490e-03
1.191102177497501378e-03
1.199499105054370940e-03
1.207911830787379093e-03
1.216404095385480253e-03
1.224892040951983769e-03
1.233299429775631733e-03
1.241700506360698692e-03
1.250182118370924897e-03
1.258679172900565571e-03
1.267099528536452932e-03
1.275491980162688985e-03
1.283960508723651752e-03
1.292463443331055015e-03
1.300898704380406634e-03
1.309286250682481717e-03
1.317740316233055120e-03
1.326245289694332526e-03
1.334695840528720952e-03
1.343082983096647058e-03
1.351521764137757469e-03
1.360025326051926293e-03
1.368490745305870823e-03
1.376881555655889728e-03
1.385305405739397895e-03
1.393804066639941835e-03
1.402282841502532290e-03
1.410681636596051482e-03
1.419091623899548706e-03
1.427582022339117691e-03
1.436071997294285484e-03
1.444481914404909710e-03
1.452880885842370304e-03
1.461359969679644488e-03
1.469858372941496146e-03
1.478281758627509246e-03
1.486672873214967645e-03
1.495138553638499001e-03
1.503642232843748535e-03
1.512080448259443301e-03
1.520467600373174308e-03
1.528918440078281529e-03
1.537423516824008504e-03
1.545877177940980498e-03
1.554264734888738050e-03
1.562700345830641234e-03
1.571203142343711437e-03
1.579671377661324028e-03
1.588063532616784245e-03
1.596484423085082170e-03
1.604981453534614928e-03
1.613462889017865153e-03
1.621863585079458920e-03
1.630271121320953911e-03
1.638759384399394309e-03
1.647251313933886232e-03
1.655663933594069383e-03
1.664060821473554302e-03
1.672537280946549427e-03
1.681037000254827002e-03
1.689463463089409690e-03
1.697853388541129428e-03
1.706316113868489330e-03
1.714820236884090831e-03
1.723261708634513502e-03
1.731648569471601080e-03
1.740096169039633640e-03
1.748601206815590496e-03
1.757057915467670657e-03
1.765446091133431256e-03
1.773878459858559001e-03
1.782380342531722029e-03
1.790851505473302309e-03
1.799245265771688392e-03
1.807663118781050685e-03
1.816158540157160545e-03
1.824642405934346267e-03
1.833045249715807221e-03
1.841450468146527087e-03
1.849936315137509129e-03
1.858430298320295441e-03
1.866845623766578760e-03
1.875240687157940815e-03
1.883714472470102630e-03
1.892215367023185758e-03
1.900644988718128798e-03
1.909033894257823258e-03
1.917493470862900685e-03
1.925997986890514227e-03
1.934442831983566652e-03
1.942829568276964198e-03
1.951274022156247560e-03
1.959778663030639634e-03
1.968238513725096075e-03
1.976627535130464144e-03
1.985056602925185272e-03
1.993557549872165564e-03
2.002031532773197557e-03
2.010426962085852878e-03
2.018841939245983024e-03
2.027335606816429471e-03
2.035821720827466451e-03
2.044227032600679124e-03
2.052629888770923002e-03
2.061113353393587231e-03
2.069609146002761128e-03
2.078027101117247040e-03
2.086420676757484976e-03
2.094891569218807707e-03
2.103393568449388965e-03
2.111826360166230415e-03
2.120214393068520914e-03
2.128670853255332750e-03
2.137175658730638018e-03
2.145623673556407412e-03
2.154010543581724810e-03
2.162451796453832269e-03
2.170955789712265653e-03
2.179418866464969025e-03
2.187808832314948587e-03
2.196234837862651688e-03
2.204734594528706074e-03
2.213211240314196145e-03
2.221608541167492679e-03
2.230020572787962986e-03
2.238512365469021159e-03
2.247000720883284789e-03
2.255408613673051156e-03
2.263809175142097313e-03
2.272290196185117357e-03
2.280787477555523603e-03
2.289208429331850495e-03
2.297600539212707373e-03
2.306068352647754841e-03
2.314571435182042822e-03
2.323007310107167139e-03
2.331394718368280747e-03
2.339848016334055477e-03
2.348352959495188328e-03
2.356804205842684581e-03
2.365191390181731971e-03
2.373629374731259407e-03
2.382132692627795742e-03
2.390598768867746235e-03
2.398989845182647202e-03
2.407412947761444245e-03
2.415911146506300768e-03
2.424390554691308736e-03
2.432789790603904264e-03
2.441199106762883923e-03
2.449688961839774273e-03
2.458179372418535687e-03
2.466589900763943403e-03
2.474988315956376961e-03
2.483466739970352499e-03
2.491965401832039063e-03
2.500389474531483549e-03
2.508780261273612505e-03
2.517245226581985799e-03
2.525748987468665399e-03
2.534187875202713065e-03
2.542574933131928634e-03
2.551024972664620982e-03
2.559530016632702125e-03
2.567984340402145859e-03
2.576371981469554543e-03
2.584806841001021684e-03
2.593309394302409972e-03
2.601778260773732372e-03
2.610170723002600696e-03
2.618590908903465578e-03
2.627087532597206093e-03
2.635569495069088955e-03
2.643970597921631305e-03
2.652377600730471043e-03
2.660865300261327625e-03
2.669357643194974952e-03
2.677770821603585837e-03
2.686167249712973111e-03
2.694643083549046192e-03
2.703143040714651568e-03
2.711570152839595533e-03
2.719959810027042495e-03
2.728421779033900294e-03
2.736925935931145380e-03
2.745368184966381388e-03
2.753754965506816609e-03
2.762201774351840614e-03
2.770706697031368338e-03
2.779164107532490491e-03
2.787552464362760482e-03
2.795983974310165682e-03
2.804485625106324133e-03
2.812957424566555134e-03
2.821351535513901606e-03
2.829768674626233216e-03
2.838263655119192558e-03
2.846747995266820513e-03
2.855151380143681940e-03
2.863555975391663972e-03
2.872041155841334285e-03
2.880535579941007583e-03
2.888951497549616804e-03
2.897346130736742475e-03
2.905819226499395218e-03
2.914320313250424489e-03
2.922750624326421725e-03
2.931139253897029843e-03
2.939598082882546610e-03
2.948102626610616880e-03
2.956548116139771660e-03
2.964934813509190800e-03
2.973378541424785693e-03
2.981882958963793292e-03
2.990343466249587023e-03
2.998732641028255697e-03
3.007160946872192674e-03
3.015661588987496138e-03
3.024136120847250361e-03
3.032531905835408187e-03
3.040946158203449573e-03
3.049439349406432749e-03
3.057925907937864615e-03
3.066331757534329801e-03
3.074734028962443529e-03
3.083216867499864646e-03
3.091712974839892769e-03
3.100131560590322320e-03
3.108524724135850337e-03
3.116994839110643917e-03
3.125497045059842660e-03
3.133930482742166602e-03
3.142318311079199140e-03
3.150774065124882332e-03
3.159278843192393250e-03
3.167727471600905419e-03
3.176114343282061478e-03
3.184554861234633119e-03
3.193058633870276934e-03
3.201522274166027603e-03
3.209912389589876947e-03
3.218337760955620932e-03
3.226837153078864883e-03
3.235314294890540357e-03
3.243711965025039296e-03
3.252123338803609293e-03
3.260614650028457063e-03
3.269103407849366025e-03
3.277511826008090365e-03
3.285911867090556774e-03
3.294392254766327112e-03
3.302889783015568875e-03
3.311311323830710886e-03
3.319703123356479348e-03
3.328170258637066278e-03
3.336673437138857300e-03
3.345109885540483580e-03
3.353497155699615515e-03
3.361949709998965797e-03
3.370454604978855365e-03
3.378906457001607661e-03
3.387293699769952909e-03
3.395730952422465563e-03
3.404234070181484228e-03
3.412700656212692973e-03
3.421091937482202781e-03
3.429514411673536666e-03
3.438012231080579423e-03
3.446492101108809044e-03
3.454891667654196551e-03
3.463300437152861538e-03
3.471789801614306482e-03
3.480280562163144253e-03
3.488691612956907814e-03
3.497089543323028162e-03
3.505567339148181558e-03
3.514066250372973373e-03
3.522490955830012444e-03
3.530881437793869336e-03
3.539345699964468496e-03
3.547849512916164023e-03
3.556289084892843861e-03
3.564676037866658723e-03
3.573125284155038387e-03
3.581630279885328599e-03
3.590085265265882414e-03
3.598473005043658236e-03
3.606907071792697563e-03
3.615409376544625325e-03
3.623878843229106413e-03
3.632271611226044021e-03
3.640691094305379197e-03
3.649187341429371671e-03
3.657669751156163423e-03
3.666071256164534376e-03
3.674477730009338781e-03
3.682964880549883819e-03
3.691457597490099048e-03
3.699871294004977024e-03
3.708267287086033231e-03
3.716742542315422913e-03
3.725242676555255532e-03
3.733670387014947131e-03
3.742059795539348643e-03
3.750521089248028388e-03
3.759025268900060678e-03
3.767468113473742500e-03
3.775854823746825455e-03
3.784300992786656260e-03
3.792805820636596225e-03
3.801263735079273964e-03
3.809652188613070652e-03
3.818083049247261111e-03
3.826584464718183268e-03
3.835056731641572729e-03
3.843451088240966949e-03
3.851867680615162458e-03
3.860362320927757020e-03
3.868847007356872834e-03
3.877250745000008787e-03
3.885654918644391997e-03
3.894139677228932242e-03
3.902634334399236477e-03
3.911050624649560492e-03
3.919444985260418617e-03
3.927917553987066678e-03
3.936418770230582995e-03
3.944849573826131849e-03
3.953238023801926120e-03
3.961696284425018054e-03
3.970200819571627696e-03
3.978646841353981022e-03
3.987033516776385643e-03
3.995476661637605356e-03
4.003980946805095129e-03
4.012441949189844183e-03
4.020831255323724721e-03
4.029259015736456721e-03
4.037759466878174282e-03
4.046234368580627072e-03
4.054630420515796703e-03
4.063044187722133875e-03
4.071537042182656746e-03
4.080023923173118142e-03
4.088430153117668386e-03
4.096832028026142075e-03
4.105314438890016876e-03
4.113810760734867324e-03
4.122229762460378512e-03
4.130622696735098895e-03
4.139092322930399033e-03
4.147594671770541211e-03
4.156028550849828404e-03
4.164416234464009617e-03
4.172871475807281468e-03
4.181376253764767549e-03
4.189825363157274538e-03
4.198212264118615644e-03
4.206652219432532869e-03
4.215155878509623498e-03
4.223619981824583945e-03
4.232010232085079912e-03
4.240435122409549375e-03
4.248934276775079635e-03
4.257411793861472227e-03
4.265809681716427847e-03
4.274220655684294636e-03
4.282711696585848708e-03
4.291200700688801474e-03
4.299609434070141185e-03
4.308009157858715479e-03
4.316489186702553334e-03
4.324986874867459141e-03
4.333408820434365809e-03
4.341800394474827629e-03
4.350267143077738569e-03
4.358770406369806387e-03
4.367207195886756155e-03
4.375594382788523980e-03
4.384046512187436510e-03
4.392551399870730892e-03
4.401003623825085025e-03
4.409390858770808816e-03
4.417827707603641518e-03
4.426330716364591800e-03
4.434797613717933115e-03
4.443189032480771711e-03
4.451611142509874844e-03
4.460108773237811408e-03
4.468588900956446501e-03
4.476988599401618071e-03
4.485397109829922409e-03
4.493886230007643895e-03
4.502377145596988574e-03
4.510788447112371383e-03
4.519186135971397025e-03
4.527663635384156227e-03
4.536162639798542104e-03
4.544587631408263453e-03
4.552977960890343574e-03
4.561441936634856760e-03
4.569945749085234550e-03
4.578385595616255889e-03
4.586772487554323548e-03
4.595221414542366607e-03
4.603726369072511093e-03
4.612181619214574500e-03
4.620569396589088544e-03
4.629003120513661140e-03
4.637505305414948639e-03
4.645975022552472147e-03
4.654367924640606669e-03
4.662787079320702618e-03
4.671283129047224328e-03
4.679765786104006335e-03
4.688167460102006870e-03
4.696573687065296043e-03
4.705060577222719767e-03
4.713553469179193427e-03
4.721967395656381447e-03
4.730363195680375131e-03
4.738838152754794482e-03
4.747338375119964857e-03
4.755766351226844296e-03
4.764155638755883208e-03
4.772616601588466900e-03
4.781120803140785462e-03
4.789563970740707589e-03
4.797950654028863664e-03
4.806396461589937386e-03
4.814901195041805526e-03
4.823359444115022689e-03
4.831747986351084094e-03
4.840178416037906918e-03
4.848679691078297722e-03
4.857152262070107800e-03
4.865546813643909299e-03
4.873963001089337208e-03
4.882457388336107831e-03
4.890942319068379042e-03
4.899346360971390535e-03
4.907750186965401280e-03
4.916234583069313546e-03
4.924729481378404237e-03
4.933146131251934900e-03
4.941540237621722120e-03
4.950012374084843993e-03
4.958513727614937382e-03
4.966944964580752124e-03
4.975333267616270476e-03
4.983791064389411773e-03
4.992295636263318834e-03
5.000742061929814436e-03
5.009128746404011359e-03
5.017571401229949622e-03
5.026075556238259953e-03
5.034537018298141167e-03
5.042926414132783280e-03
5.051353716904483440e-03
5.059853955172432041e-03
5.068329225054625867e-03
5.076725510453381635e-03
5.085138809155933561e-03
5.093631350750176673e-03
5.102118539261828005e-03
5.110525147753148568e-03
5.118926638020568874e-03
5.127408673814799929e-03
5.135905178791541972e-03
5.144324584755322755e-03
5.152717272931459785e-03
5.161186363815082993e-03
5.169688844461960836e-03
5.178123194659876513e-03
5.186510739700203078e-03
5.194965438411545955e-03
5.203470180184241629e-03
5.211919778669721337e-03
5.220306698133901462e-03
5.228746114503987283e-03
5.237249633655258717e-03
5.245714168338753806e-03
5.254104548222149861e-03
5.262528968703258925e-03
5.271027837085892100e-03
5.279505735133072780e-03
5.287903884814114386e-03
5.296314417941210169e-03
5.304805132956473199e-03
5.313294420595859012e-03
5.321703497446017214e-03
5.330102885349036895e-03
5.338582523463547384e-03
5.347080355316865055e-03
5.355502760182131484e-03
5.363894110830836823e-03
5.372360366000664307e-03
5.380863699307559395e-03
5.389300970749662592e-03
5.397688075979174653e-03
5.406139618346975963e-03
5.414644487276839245e-03
5.423097198477488771e-03
5.431484504580958925e-03
5.439920779709722133e-03
5.448423620480289525e-03
5.456890964189121604e-03
5.465282585692463405e-03
5.473704143001432119e-03
5.482201439121318215e-03
5.490682020281570028e-03
5.499082049583999855e-03
5.507490105092561691e-03
5.515978835145270154e-03
5.524470049781069966e-03
5.532881789414000225e-03
5.541279080126291536e-03
5.549756059165777619e-03
5.558255263671536654e-03
5.566680805538156210e-03
5.575070886151805259e-03
5.583534221190910446e-03
5.592038072740343826e-03
5.600478568895049004e-03
5.608865388208261749e-03
5.617313572345026922e-03
5.625818464823903638e-03
5.634274314651999647e-03
5.642662191550528589e-03
5.651095184515205275e-03
5.659597135215611863e-03
5.668067414725170595e-03
5.676460622626893111e-03
5.684879104355214895e-03
5.693374756809792964e-03
5.701857876091853856e-03
5.710260008229962707e-03
5.718665667012648619e-03
5.727151945271793769e-03
5.735645269625523450e-03
5.744059793560173446e-03
5.752455137375738457e-03
5.760929438152054272e-03
5.769429873026208147e-03
5.777858535550964986e-03
5.786247531564285215e-03
5.794707756525059247e-03
5.803212005049383955e-03
5.811655827779302341e-03
5.820042433608277853e-03
5.828487593833493914e-03
5.836992215297232348e-03
5.845450999081095930e-03
5.853839649423043558e-03
5.862269453061302697e-03
5.870770522071364420e-03
5.879243535363853218e-03
5.887638341113263230e-03
5.896053981877515983e-03
5.904547996716830172e-03
5.913033297871165064e-03
5.921437770429855210e-03
5.929841122410429814e-03
5.938325048108484584e-03
5.946820221190082106e-03
5.955237307713652679e-03
5.963631123725834753e-03
5.972102673377350374e-03
5.980604192121369636e-03
5.989035963382276923e-03
5.997424072715504088e-03
6.005881248396727039e-03
6.014385821550785431e-03
6.022832799202630823e-03
6.031219463040198188e-03
6.039661464737757814e-03
6.048165457355939890e-03
6.056627479823943790e-03
6.065017019641716009e-03
6.073443714611635041e-03
6.081943673984132638e-03
6.090419399935305921e-03
6.098816012908288980e-03
6.107228724674254768e-03
6.115720898546378632e-03
6.124208433415274065e-03
6.132615428691691635e-03
6.141016515633578379e-03
6.149498093164025743e-03
6.157994788776384454e-03
6.166414666564567701e-03
6.174807093370455503e-03
6.183275622644168225e-03
6.191778236787952305e-03
6.200213088256246487e-03
6.208600508048181532e-03
6.217054572320497921e-03
6.225559289393379353e-03
6.234009447753284527e-03
6.242396393606045209e-03
6.250835147845948750e-03
6.259338511769907409e-03
6.267803540890059914e-03
6.276194085393893042e-03
6.284617958337163253e-03
6.293116517056561270e-03
6.301594835767059498e-03
6.309993290247147349e-03
6.318403304698863576e-03
6.326893644806511237e-03
6.335383213233848100e-03
6.343792710082920422e-03
6.352191683457997749e-03
6.360670815849960198e-03
6.369168842246153601e-03
6.377591709651796691e-03
6.385982791490321317e-03
6.394448537767640807e-03
6.402951927356021443e-03
6.411389639649732464e-03
6.419776668657984318e-03
6.428227590882199839e-03
6.436732412398278418e-03
6.445185614187758788e-03
6.453572962562462330e-03
6.462008667447311817e-03
6.470511319863227889e-03
6.478979080929748308e-03
6.487370939990999216e-03
6.495791934083911673e-03
6.504288895244233343e-03
6.512769877699965508e-03
6.521170211912045815e-03
6.529577812474565007e-03
6.538066083872949748e-03
6.546557609693738795e-03
6.554969763030999395e-03
6.563366685347876706e-03
6.571843221821496023e-03
6.580342575002729767e-03
6.588768505629268545e-03
6.597158391818172193e-03
6.605621235101432134e-03
6.614125093845174032e-03
6.622565976990463753e-03
6.630952700747586546e-03
6.639400450284460055e-03
6.647905289842704485e-03
6.656361436596546638e-03
6.664749366471187791e-03
6.673181937784598491e-03
6.681683706736154735e-03
6.690154280471792732e-03
6.698547660197489567e-03
6.706965728568097841e-03
6.715461112737983705e-03
6.723944462230591404e-03
6.732346826349292976e-03
6.740752167817313893e-03
6.749238086784589349e-03
6.757731580404560678e-03
6.766146381476964393e-03
6.774541478710022387e-03
6.783015404256490140e-03
6.791515914065827074e-03
6.799944927851372597e-03
6.808333775400272382e-03
6.816793561341896387e-03
6.825297785587685316e-03
6.833741971929137814e-03
6.842128551859499343e-03
6.850573231143243860e-03
6.859077696476303596e-03
6.867536893054912613e-03
6.875925630117317444e-03
6.884354916620922041e-03
6.892855776767973543e-03
6.901329174643568154e-03
6.909724194813794337e-03
6.918139370359560093e-03
6.926633060731596583e-03
6.935118635580514099e-03
6.943523397643593456e-03
6.951926396036196658e-03
6.960409947001905580e-03
6.968905292046477344e-03
6.977322680032419476e-03
6.985716274947152173e-03
6.994187398253283450e-03
7.002688989905385929e-03
7.011121098872904155e-03
7.019509071463831545e-03
7.027965855807878290e-03
7.036470397438198202e-03
7.044917667826834130e-03
7.053304331193041565e-03
7.061745958207415672e-03
7.070249833087909226e-03
7.078712105632655426e-03
7.087101720151156754e-03
7.095528069725429675e-03
7.104027840614464927e-03
7.112503786228560609e-03
7.120900554977283199e-03
7.129312943599023199e-03
7.137804855388854564e-03
7.146292609776827391e-03
7.154699894070796172e-03
7.163100669729664458e-03
7.171581902757184768e-03
7.180078722102947210e-03
7.188498928993079275e-03
7.196891139005916552e-03
7.205359300034233291e-03
7.213861967365557681e-03
7.222297091865141280e-03
7.230684428094040495e-03
7.239138151551451940e-03
7.247642852713238881e-03
7.256093260364505915e-03
7.264480205398717375e-03
7.272918633675635146e-03
7.281421878489822280e-03
7.289887150670994014e-03
7.298277792297129529e-03
7.306701354685185383e-03
7.315199701215834190e-03
7.323678271409621472e-03
7.332076905585422494e-03
7.340486632125968122e-03
7.348976742643962938e-03
7.357466481686447679e-03
7.365876216313792767e-03
7.374274956007373198e-03
7.382753774631335350e-03
7.391251887716908386e-03
7.399675066078473078e-03
7.408065995249860092e-03
7.416531385556869062e-03
7.425034804053365182e-03
7.433472827296177740e-03
7.441859807207041981e-03
7.450310309357636648e-03
7.458815112147035298e-03
7.467268657836461515e-03
7.475656044836788590e-03
7.484091340367566604e-03
7.492593853479814249e-03
7.501061929947870285e-03
7.509453901358969369e-03
7.517874555954234816e-03
7.526371302228568143e-03
7.534852529373868395e-03
7.543253061439345562e-03
7.551660367938894600e-03
7.560148354398106389e-03
7.568640057040441557e-03
7.577052516040323239e-03
7.585449168961433571e-03
7.593925359136362643e-03
7.602424825135553621e-03
7.610851113900917418e-03
7.619240836642436968e-03
7.627703238402705130e-03
7.636207101771503442e-03
7.644648406164490477e-03
7.653035091559508112e-03
7.661482398599993131e-03
7.669987173726551880e-03
7.678443679550369175e-03
7.686831677408206658e-03
7.695263792404320909e-03
7.703765451312643078e-03
7.712236308203508639e-03
7.720629823794583450e-03
7.729047546571946731e-03
7.737542747859674393e-03
7.746026266716932868e-03
7.754428801006268968e-03
7.762833894553002219e-03
7.771319541370598147e-03
7.779813183468999548e-03
7.788228193372232627e-03
7.796623112846940047e-03
7.805096720194793641e-03
7.813597288754433809e-03
7.822026578386995568e-03
7.830415295765454087e-03
7.838874724195225505e-03
7.847378945575385692e-03
7.855823450978708863e-03
7.864209986925966775e-03
7.872654316686093778e-03
7.881158682690396489e-03
7.889618174519372196e-03
7.898006988250506552e-03
7.906435879241483292e-03
7.914936588423824443e-03
7.923410222395590313e-03
7.931805398941478916e-03
7.940220252170568718e-03
7.948713748624854428e-03
7.957199479151548169e-03
7.965604443576001711e-03
7.974007194916350391e-03
7.982490490516757492e-03
7.990985945972205878e-03
7.999403571040168692e-03
8.007796998676272940e-03
8.016267765944750864e-03
8.024769438376360559e-03
8.033201855347235978e-03
8.041589719646883780e-03
8.050046117959208311e-03
8.058550645312065330e-03
8.066998215030258060e-03
8.075384874701836690e-03
8.083826134937459329e-03
8.092329883610860364e-03
8.100792469938940948e-03
8.109182136924238810e-03
8.117608163626515230e-03
8.126107772047655442e-03
8.134583908607675995e-03
8.142980827661848095e-03
8.151392894912337303e-03
8.159884576155913838e-03
8.168372466587942027e-03
8.176779943995876598e-03
8.185180494387227570e-03
8.193661466273663430e-03
8.202158368194965160e-03
8.210578800356522003e-03
8.218970858641238761e-03
8.227438712747767169e-03
8.235941429156911492e-03
8.244376758942777855e-03
8.252764018530527046e-03
8.261217426017760518e-03
8.269722069145358026e-03
8.278172677171553515e-03
8.286559610055086941e-03
8.294997778849660247e-03
8.303500910924063727e-03
8.311966345988056407e-03
8.320357048455023427e-03
8.328780332263200498e-03
8.337278480100769953e-03
8.345757235841645347e-03
8.354156002173518045e-03
8.362565463724536824e-03
8.371055328802034720e-03
8.379545199003008912e-03
8.387955148814648862e-03
8.396353634381353501e-03
8.404832145638549065e-03
8.413330351710171517e-03
8.421753817008055532e-03
8.430144574256608070e-03
8.438609602952874822e-03
8.447113018294500481e-03
