0.000000000000000000e+00
8.396757039152381573e-06
1.685680633728085635e-05
2.535889500911794891e-05
3.383002004725649774e-05
4.224438524767376590e-05
5.063708679161124790e-05
5.910289960412521966e-05
6.763838333321740099e-05
7.606167860525555485e-05
8.444251807353139695e-05
9.295808704028144941e-05
1.014545346145922415e-04
1.098657772277242435e-04
1.182505469305075577e-04
1.267773787770228857e-04
1.352669746435090361e-04
1.436834680491932883e-04
1.520754053336238667e-04
1.605204465847015797e-04
1.690659820952637369e-04
1.775106853793061244e-04
1.858945369336091797e-04
1.943373418245548196e-04
2.028234316631083130e-04
2.113390501783187251e-04
2.197378696930748674e-04
2.281387811723343010e-04
2.366716185607745527e-04
2.451563783367681189e-04
2.535391838175448981e-04
2.619841018322959501e-04
2.705282886976380840e-04
2.789710289586855296e-04
2.873595761651678740e-04
2.957978962446350803e-04
3.043139461393677648e-04
3.128011714624121691e-04
3.212200617968369526e-04
3.296154998341101444e-04
3.381276976883957415e-04
3.466261215980361628e-04
3.549923430804287502e-04
3.634469065461368945e-04
3.719913339721218860e-04
3.804333107725960334e-04
3.888123941229733966e-04
3.972669165308211417e-04
4.057996455985349543e-04
4.142525006605588455e-04
4.226240840674112603e-04
4.310958729842642419e-04
4.396142083937827627e-04
4.480591529834115298e-04
4.564494017631825573e-04
4.648497434050676285e-04
4.733131660373748211e-04
4.818288343477885130e-04
4.902916209166178303e-04
4.986606771468536170e-04
5.071429600358701682e-04
5.156747442608455899e-04
5.240698804273387270e-04
5.324694641665160284e-04
5.410014684935139954e-04
5.494466397711761244e-04
5.578031078910437000e-04
5.663025115946443335e-04
5.748062309059503647e-04
5.831657305617757520e-04
5.916037075732267971e-04
6.001391371915969176e-04
6.085447049784497827e-04
6.169268660160137380e-04
6.254575096994241046e-04
6.339311602020568197e-04
6.422877830765814011e-04
6.507698879833512815e-04
6.592902874293409465e-04
6.676860004534267016e-04
6.760998569830549334e-04
6.846087563069990856e-04
6.931043541379942625e-04
7.014974949908524878e-04
7.099130636311769922e-04
7.184240201632202194e-04
7.269179638799236776e-04
7.353581112407696092e-04
7.437399108128942785e-04
7.521748682093002281e-04
7.606968175291952154e-04
7.691854792262113692e-04
7.775558691094092015e-04
7.860172198649214821e-04
7.945305800544112933e-04
8.030069815101752075e-04
8.113908587939338028e-04
8.198053217688668157e-04
8.282813064207571966e-04
8.367764253183496712e-04
8.452503824307005783e-04
8.536397761946862197e-04
8.620567129169518601e-04
8.705723743709502683e-04
8.790600891946037188e-04
8.874664639444783789e-04
8.958689831052978753e-04
9.043818980263933736e-04
9.128889016819017157e-04
9.212821025274212788e-04
9.296947973305152036e-04
9.382335020249639316e-04
9.466808644057866234e-04
9.550608308218314513e-04
9.635471671908683909e-04
9.720785121204492639e-04
9.805079622302959128e-04
9.888841086596014858e-04
9.973475999877244244e-04
1.005874544224251085e-03
1.014321632878657786e-03
1.022725703708294047e-03
1.031124912593150587e-03
1.039570142261302425e-03
1.048058825028539125e-03
1.056558452842449496e-03
1.064992323415340581e-03
1.073385335214537386e-03
1.081805983914669493e-03
1.090317640310446094e-03
1.098811002457673706e-03
1.107243853738253646e-03
1.115641712233164922e-03
1.124058575788976656e-03
1.132575333721884360e-03
1.141081263018518376e-03
1.149479283371511928e-03
1.157891608402858560e-03
1.166423502872561500e-03
1.174912175409709072e-03
1.183310210249606488e-03
1.191713270150220180e-03
1.200204818626427784e-03
1.208725830279466828e-03
1.217157385742332351e-03
1.225545738591484173e-03
1.233983393935278406e-03
1.242499899663736728e-03
1.250991156734810802e-03
1.259392769852515741e-03
1.267798232287604618e-03
1.276330167507363448e-03
1.284815912372324958e-03
1.293203779203189099e-03
1.301618198488584338e-03
1.310096901802864982e-03
1.318622319074916425e-03
1.327061791480240545e-03
1.335454362832962918e-03
1.343894105511993882e-03
1.352411418915093781e-03
1.360887991292231754e-03
1.369288324548532118e-03
1.377690769786993471e-03
1.386165941691383692e-03
1.394686341948213467e-03
1.403115568170749082e-03
1.411497110850196482e-03
1.420016385976128085e-03
1.428521262211679974e-03
1.436907109482601442e-03
1.445325952709162554e-03
1.453834699436791240e-03
1.462340939271443516e-03
1.470742440733859274e-03
1.479149189434783530e-03
1.487640028436040124e-03
1.496163598224502927e-03
1.504558383111363621e-03
1.512974245564872736e-03
1.521508579617491131e-03
1.529975264565474604e-03
1.538334834961861295e-03
1.546827252135505150e-03
1.555357094538894125e-03
1.563754319516884187e-03
1.572164834520055950e-03
1.580670253252130153e-03
1.589172357125241295e-03
1.597601364821811792e-03
1.605990064622851623e-03
1.614433960276839136e-03
1.622958511467959431e-03
1.631427785218098406e-03
1.639830038000328685e-03
1.648232921827289107e-03
1.656738256348137643e-03
1.665244748452891213e-03
1.673669694677432573e-03
1.682051443154708621e-03
1.690484843165576331e-03
1.699011035875746221e-03
1.707487917066841023e-03
1.715862700085200821e-03
1.724338809525687976e-03
1.732865017036150802e-03
1.741313886616138555e-03
1.749686489856537358e-03
1.758117244828655843e-03
1.766616685362645909e-03
1.775121436804590058e-03
1.783534906648556826e-03
1.791926640836031702e-03
1.800384183128998653e-03
1.808917173801049237e-03
1.817379846999268942e-03
1.825765753045860721e-03
1.834215618412366171e-03
1.842755338700860284e-03
1.851215943352984726e-03
1.859597669334458461e-03
1.868024846245192440e-03
1.876512878100117460e-03
1.885029454550043743e-03
1.893452910654662901e-03
1.901832397790686026e-03
1.910313407657661172e-03
1.918849716004673118e-03
1.927245415541171307e-03
1.935647914513000676e-03
1.944182796279538862e-03
1.952642337625258790e-03
1.961011458259520959e-03
1.969499565618898062e-03
1.978031905583444491e-03
1.986448722221650139e-03
1.994848837822230016e-03
2.003273961679189266e-03
2.011817463907986190e-03
2.020277769712084878e-03
2.028650103287993941e-03
2.037120956255612358e-03
2.045650143363345920e-03
2.054075709048695450e-03
2.062460029126886567e-03
2.070922909216709080e-03
2.079443289927240465e-03
2.087912777010913438e-03
2.096324296994784338e-03
2.104719433009316024e-03
2.113180112052221327e-03
2.121716168490012360e-03
2.130171151484508245e-03
2.138540747386663381e-03
2.147046742005837526e-03
2.155565152239919367e-03
2.163959309668453228e-03
2.172371709679070048e-03
2.180903564374242747e-03
2.189385224908116725e-03
2.197794527521742310e-03
2.206188018819706630e-03
2.214663456158800798e-03
2.223202238583082187e-03
2.231620439367434927e-03
2.240013057878184784e-03
2.248474812953559377e-03
2.256989423441951685e-03
2.265461764455464506e-03
2.273865627317575404e-03
2.282269976313769811e-03
2.290797818563597779e-03
2.299298518140831422e-03
2.307660762004422675e-03
2.316118956233265136e-03
2.324653734073389190e-03
2.333066176723941430e-03
2.341458903781045917e-03
2.349980619183329820e-03
2.358469760345417894e-03
2.366899852752339661e-03
2.375289757302973415e-03
2.383750474214082950e-03
2.392240743558711469e-03
2.400721857926824826e-03
2.409156633283216203e-03
2.417556692076151554e-03
2.425965288088592891e-03
2.434420738810554909e-03
2.442910443273595307e-03
2.451388223634673371e-03
2.459816567580322237e-03
2.468197137754082546e-03
2.476673975372996762e-03
2.485203319130433516e-03
2.493629335000278630e-03
2.502017939059535904e-03
2.510513870533775949e-03
2.519040675276312900e-03
2.527462978893783158e-03
2.535848390172426754e-03
2.544266668278417302e-03
2.552745625950114151e-03
2.561267682728608341e-03
2.569668617570804604e-03
2.578074904792294116e-03
2.586582228861493155e-03
2.595077028991276281e-03
2.603510891179900994e-03
2.611896320469168399e-03
2.620316278612793565e-03
2.628788061326819449e-03
2.637303220770181780e-03
2.645736485791114895e-03
2.654116003780643100e-03
2.662631222207781194e-03
2.671149785313714498e-03
2.679543656821779200e-03
2.687952887260946101e-03
2.696467981606929121e-03
2.704969542661007052e-03
2.713387634474461081e-03
2.721776838409941269e-03
2.730245965552751970e-03
2.738761179979260375e-03
2.747236001668466703e-03
2.755618646751149640e-03
2.764048277553447959e-03
2.772568221108693415e-03
2.781050536776263817e-03
2.789476008126149861e-03
2.797863181964282010e-03
2.806333383773935639e-03
2.814836352867688875e-03
2.823308347043932721e-03
2.831705946683186169e-03
2.840120009972743782e-03
2.848659886952380378e-03
2.857108969253502676e-03
2.865492429901602030e-03
2.873961199464025121e-03
2.882464135664628349e-03
2.890930127773989194e-03
2.899306284435262168e-03
2.907750974740295168e-03
2.916286036475516756e-03
2.924749153276433571e-03
2.933143324746765104e-03
2.941563591522927332e-03
2.950105264811573019e-03
2.958566648434552727e-03
2.966957338423514574e-03
2.975398706705840307e-03
2.983938106939921110e-03
2.992401147518094964e-03
3.000803802087744984e-03
3.009212476977052297e-03
3.017720552627607515e-03
3.026226833399978718e-03
3.034601775418478177e-03
3.043039086236298905e-03
3.051581183991318967e-03
3.060001750872581253e-03
3.068397250900283674e-03
3.076913639206589265e-03
3.085423992939855236e-03
3.093836429316270450e-03
3.102222197315678519e-03
3.110736331702308212e-03
3.119241050011315863e-03
3.127598144299153018e-03
3.136047381050938946e-03
3.144582123679089472e-03
3.152983539883707879e-03
3.161373844357079355e-03
3.169904245708624752e-03
3.178377100928517305e-03
3.186745259214127102e-03
3.195208513641817610e-03
3.203703688090953159e-03
3.212189338939921979e-03
3.220620011424234382e-03
3.229002660161889478e-03
3.237427934479311827e-03
3.245966289041903995e-03
3.254444997414872916e-03
3.262843793952416045e-03
3.271256965054871249e-03
3.279788211940369395e-03
3.288273367417451042e-03
3.296671883911520516e-03
3.305080305531421080e-03
3.313544462361494441e-03
3.322046479464360515e-03
3.330516948489713799e-03
3.338917382352073453e-03
3.347313318331556192e-03
3.355774833651527754e-03
3.364269662961560676e-03
3.372765206138813709e-03
3.381175003694383927e-03
3.389573571098089717e-03
3.398048921948006954e-03
3.406553794598012486e-03
3.415025113907837508e-03
3.423433144514001925e-03
3.431827054293532919e-03
3.440285232087399170e-03
3.448783833282469471e-03
3.457263877738203650e-03
3.465677724290764424e-03
3.474071373236191536e-03
3.482515630059611084e-03
3.491011014342620435e-03
3.499496809044487164e-03
3.507921078745166420e-03
3.516314846932416544e-03
3.524744974501491449e-03
3.533224568401215158e-03
3.541726796846109745e-03
3.550178956683361191e-03
3.558569171018192371e-03
3.566980059466739236e-03
3.575458394705316716e-03
3.583959591461924853e-03
3.592412988410411366e-03
3.600808870924856152e-03
3.609213478923591328e-03
3.617686348396559597e-03
3.626187232693751320e-03
3.634654670430730646e-03
3.643068783399708559e-03
3.651463011980780708e-03
3.659907587173696821e-03
3.668406303918719975e-03
3.676892481844354962e-03
3.685324388250648016e-03
3.693715822626276752e-03
3.702142880160674224e-03
3.710633441968215571e-03
3.719127471957682160e-03
3.727559755717037206e-03
3.735947863241691983e-03
3.744370301726009966e-03
3.752853201648139597e-03
3.761349831991903959e-03
3.769786224024366129e-03
3.778173368616057071e-03
3.786594556062901351e-03
3.795080538006565234e-03
3.803576018249437470e-03
3.812020980477814989e-03
3.820407955575877597e-03
3.828827972153395470e-03
3.837310679501362756e-03
3.845810922415315424e-03
3.854261589428341524e-03
3.862653454504759963e-03
3.871064062239986184e-03
3.879543504710689095e-03
3.888042846258696339e-03
3.896505306906546812e-03
3.904901155924568514e-03
3.913303650735557374e-03
3.921771153430281612e-03
3.930273407158085645e-03
3.938743769552127509e-03
3.947152540525537302e-03
3.955545397856320353e-03
3.964001917065747976e-03
3.972504120657360804e-03
3.980979940411498615e-03
3.989395767423304338e-03
3.997790378330225852e-03
4.006235438303589087e-03
4.014731722828552771e-03
4.023215997629743697e-03
4.031634712113815050e-03
4.040018728546914892e-03
4.048455715121703456e-03
4.056950710760211243e-03
4.065437690819166498e-03
4.073861355488000817e-03
4.082243221371786510e-03
4.090675334916236451e-03
4.099168426348048268e-03
4.107656809935068126e-03
4.116079471393388652e-03
4.124461538106024422e-03
4.132896775004586166e-03
4.141389243358242940e-03
4.149876863126705784e-03
4.158296468249591572e-03
4.166679538165592341e-03
4.175116393761794421e-03
4.183608255174603788e-03
4.192095509409007013e-03
4.200515360870794336e-03
4.208898388069994521e-03
4.217335120883341539e-03
4.225826948822377672e-03
4.234313961246592706e-03
4.242734300047268023e-03
4.251117219947177228e-03
4.259554478057227950e-03
4.268046974582437487e-03
4.276533202085756012e-03
4.284949589165931889e-03
4.293335401741745459e-03
4.301776165039818828e-03
4.310266737961230415e-03
4.318753543911277824e-03
4.327171707940885050e-03
4.335555269032784383e-03
4.343996391137278090e-03
4.352496399406009103e-03
4.360974356085759070e-03
4.369385077603887661e-03
4.377773227728577049e-03
4.386219859562476980e-03
4.394721934313578632e-03
4.403195700697986117e-03
4.411598100589287849e-03
4.419988530536217083e-03
4.428451265941926382e-03
4.436949652385550023e-03
4.445413722553697919e-03
4.453808800150056528e-03
4.462208569940201430e-03
4.470677197550849101e-03
4.479178387640711523e-03
4.487632431521421106e-03
4.496023350205376884e-03
4.504427226951631183e-03
4.512902394103119989e-03
4.521401357735781515e-03
4.529854121222286374e-03
4.538247742452121078e-03
4.546650155481342381e-03
4.555118295398026713e-03
4.563618458641689052e-03
4.572078500236422850e-03
4.580474373066366171e-03
4.588878233157911608e-03
4.597340595381940904e-03
4.605852191094350102e-03
4.614322611350274786e-03
4.622747280155761404e-03
4.631140598856660177e-03
4.639569535521196469e-03
4.648052390019991736e-03
4.656555253531970313e-03
4.665007492158264324e-03
4.673400213083795697e-03
4.681805745098999681e-03
4.690280866851395149e-03
4.698782054987582502e-03
4.707241392438801103e-03
4.715638309682540323e-03
4.724042661208663688e-03
4.732508111449886500e-03
4.741013200226470471e-03
4.749483731709785300e-03
4.757888271031538406e-03
4.766280733346858409e-03
4.774740045831270610e-03
4.783235704006676137e-03
4.791719455760698985e-03
4.800151642568406367e-03
4.808543157688025156e-03
4.816979126491492506e-03
4.825468300879095368e-03
4.833961335729657083e-03
4.842406189000728750e-03
4.850795843201079899e-03
4.859196758394518714e-03
4.867631339341068133e-03
4.876123220608191006e-03
4.884614392045163490e-03
4.893062608967993325e-03
4.901435208219151116e-03
4.909905191102830607e-03
4.918417373798890727e-03
4.926884064618541718e-03
4.935303306047105452e-03
4.943697227404179190e-03
4.952137275892376338e-03
4.960675123484490322e-03
4.969154308269735192e-03
4.977518247207215855e-03
4.986000120754911259e-03
4.994522635602902279e-03
5.002962125966667339e-03
5.011344556685844165e-03
5.019801315164869847e-03
5.028318146357627777e-03
5.036796384931509045e-03
5.045185415101879726e-03
5.053621753792173106e-03
5.062104335234102193e-03
5.070594921609425376e-03
5.079051645772670806e-03
5.087437105880662086e-03
5.095886458937175581e-03
5.104426629646909713e-03
5.112868457363950112e-03
5.121240132212424162e-03
5.129752981258495909e-03
5.138257504969137059e-03
5.146620176958226905e-03
5.155068729274325454e-03
5.163606622570683646e-03
5.172025498447198680e-03
5.180411718728034770e-03
5.188944141552717486e-03
5.197435576387696501e-03
5.205806909858507435e-03
5.214274178762489699e-03
5.222815269281914918e-03
5.231256318931339772e-03
5.239646029652972499e-03
5.248073631733478697e-03
5.256614504699231791e-03
5.265064583373169071e-03
5.273439692146362351e-03
5.281903530555234413e-03
5.290399519271826376e-03
5.298881571090633194e-03
5.307316996598078658e-03
5.315720005225950222e-03
5.324126502680753131e-03
5.332603338894249465e-03
5.341102698390407487e-03
5.349567199635642603e-03
5.357965869684607439e-03
5.366368386068443540e-03
5.374830322626764426e-03
5.383322342166455172e-03
5.391803681300628460e-03
5.400239082942098756e-03
5.408631198124818316e-03
5.417057431922946489e-03
5.425578599326402220e-03
5.434067566357091324e-03
5.442474514023934624e-03
5.450874888945574787e-03
5.459338592551306844e-03
5.467846584761762614e-03
5.476334784160394840e-03
5.484721610943053653e-03
5.493140304080618846e-03
5.501620643610451861e-03
5.510140273341919588e-03
5.518567076841811823e-03
5.526951516395124143e-03
5.535470551209664518e-03
5.543982780878473245e-03
5.552369458426084127e-03
5.560804389614204535e-03
5.569343823751003210e-03
5.577777114551979790e-03
5.586147734718915556e-03
5.594662340925224929e-03
5.603161156989453287e-03
5.611516165189550827e-03
5.619969847415418052e-03
5.628505805417049687e-03
5.636903310104379207e-03
5.645303048891486299e-03
5.653836496984502788e-03
5.662317088437673028e-03
5.670687762591357893e-03
5.679148742256628739e-03
5.687647282063398348e-03
5.696141548192344001e-03
5.704538095157712756e-03
5.712945352186703935e-03
5.721403138843454000e-03
5.729944799548442914e-03
5.738380968619923375e-03
5.746764734610067780e-03
5.755231893895890009e-03
5.763750407704582544e-03
5.772209276254504882e-03
5.780579769247058512e-03
5.789062326545542543e-03
5.797570962563187297e-03
5.806022534298290599e-03
5.814398929446649121e-03
5.822881728921578716e-03
5.831405925568218865e-03
5.839834370176291874e-03
5.848220355430658324e-03
5.856747079637260149e-03
5.865243414994780746e-03
5.873611466926972717e-03
5.882066441235833491e-03
5.890601274978864849e-03
5.899010270671191727e-03
5.907389651216121695e-03
5.915920225357670752e-03
5.924385528755244344e-03
5.932736124944794180e-03
5.941223417661763498e-03
5.949740443080536907e-03
5.958105052666165698e-03
5.966530931474683247e-03
5.975070348802156289e-03
5.983497129715529064e-03
5.991877145140400186e-03
6.000393453054786094e-03
6.008895982855273071e-03
6.017311242774234757e-03
6.025696638190316222e-03
6.034213159973799041e-03
6.042719580556369686e-03
6.051091549971352943e-03
6.059532810244036213e-03
6.068079719303190456e-03
6.076525083336305894e-03
6.084902254737695020e-03
6.093393412327749101e-03
6.101913826721569283e-03
6.110332956870686422e-03
6.118722102181750958e-03
6.127213430965398194e-03
6.135734150001839401e-03
6.144150427999075549e-03
6.152538042969003286e-03
6.161046551197555364e-03
6.169571732598210824e-03
6.177966428229222928e-03
6.186378751387501887e-03
6.194895993592759893e-03
6.203397150934236715e-03
6.211779143405603103e-03
6.220222741617891307e-03
6.228721779236667810e-03
6.237216864453095332e-03
6.245613678817233012e-03
6.254029544603742670e-03
6.262537647362019337e-03
6.271050576355404610e-03
6.279466363453435791e-03
6.287862265250046719e-03
6.296319975377445352e-03
6.304848793082018510e-03
6.313319856922352050e-03
6.321726513000914052e-03
6.330123091487384508e-03
6.338621100126573711e-03
6.347142269747010380e-03
6.355533216733359574e-03
6.363945724645851329e-03
6.372475459414313724e-03
6.380955415897735308e-03
6.389351183671254132e-03
6.397761450377540890e-03
6.406241266774113235e-03
6.414781116256551736e-03
6.423207327585606433e-03
6.431595450061596518e-03
6.440055713046606220e-03
6.448552104351534982e-03
6.457041852472603961e-03
6.465449144319979427e-03
6.473838748802073287e-03
6.482327360511590600e-03
6.490822598541202103e-03
6.499295316488055800e-03
6.507663011135767991e-03
6.516138270343899488e-03
6.524663231503646972e-03
6.533091529573537351e-03
6.541479334841478546e-03
6.549994608611293262e-03
6.558497150824182942e-03
6.566866102451714843e-03
6.575322608136898242e-03
6.583857112041716433e-03
6.592306010095867752e-03
6.600693580383024985e-03
6.609119806137714846e-03
6.617639306714648284e-03
6.626140372199739760e-03
6.634528991942945965e-03
6.642949700161622680e-03
6.651446461033620229e-03
6.659955445601979315e-03
6.668392187353857671e-03
6.676776204672310068e-03
6.685262997009546078e-03
6.693774358805860449e-03
6.702235885059335679e-03
6.710610727834695824e-03
6.719080934330751327e-03
6.727614614760474981e-03
6.736062861410004217e-03
6.744463861670811980e-03
6.752877460306676467e-03
6.761372633304065308e-03
6.769881606633368701e-03
6.778283224994829589e-03
6.786683339175147989e-03
6.795215482538898011e-03
6.803703626354172009e-03
6.812069179856763620e-03
6.820539969764941556e-03
6.829075934718696096e-03
6.837472070572719364e-03
6.845877068984752151e-03
6.854413864969866738e-03
6.862869459944003631e-03
6.871230589391335089e-03
6.879725255100881121e-03
6.888238635945868535e-03
6.896606251087815907e-03
6.905038127239858034e-03
6.913575992915412145e-03
6.921993724438882563e-03
6.930371058610693830e-03
6.938891571180730300e-03
6.947376527877380595e-03
6.955738150730974081e-03
6.964205730909635989e-03
6.972743696956108274e-03
6.981144566293185846e-03
6.989552139824419842e-03
6.998081498484632658e-03
7.006565076145356702e-03
7.014966396146007574e-03
7.023374316087392134e-03
7.031852146525458327e-03
7.040354672707174223e-03
7.048813874744727301e-03
7.057210561557863970e-03
7.065614643178588956e-03
7.074085024169635832e-03
7.082585508755862708e-03
7.091046391722280635e-03
7.099441657091224919e-03
7.107843014586680795e-03
7.116307712733598370e-03
7.124809804397054351e-03
7.133275944333928448e-03
7.141673606454279448e-03
7.150076797767439783e-03
7.158540702412768270e-03
7.167040854629112660e-03
7.175512531265562134e-03
7.183920229432309845e-03
7.192318665592997880e-03
7.200765485965931155e-03
7.209254922633322182e-03
7.217749201914380915e-03
7.226194741808784558e-03
7.234580909038554504e-03
7.242999716656501469e-03
7.251482554969317096e-03
7.259979064806443803e-03
7.268424913490337085e-03
7.276810713108301451e-03
7.285224497768415762e-03
7.293704979320169909e-03
7.302199225498732203e-03
7.310650510440249231e-03
7.319039593065001029e-03
7.327447954098664611e-03
7.335930535303764911e-03
7.344429424328068751e-03
7.352868287903736692e-03
7.361252902321952819e-03
7.369679088818491264e-03
7.378175638158042740e-03
7.386664786172349693e-03
7.395078855686882703e-03
7.403466591204049298e-03
7.411917883135618959e-03
7.420422372326591735e-03
7.428891415445738541e-03
7.437286397615525992e-03
7.445688047848079451e-03
7.454165967885342629e-03
7.462668139096845579e-03
7.471105517350718275e-03
7.479488096604503325e-03
7.487923640448245280e-03
7.496424527551376511e-03
7.504904125883169949e-03
7.513306335702143145e-03
7.521700173127986860e-03
7.530169424429374210e-03
7.538673294290490490e-03
7.547123484251926084e-03
7.555507740373909251e-03
7.563928061804707330e-03
7.572419402486017109e-03
7.580913077997417440e-03
7.589334309687142781e-03
7.597718750250622745e-03
7.606164418454516157e-03
7.614666993212025614e-03
7.623142871810836482e-03
7.631543385770482579e-03
7.639937625214799494e-03
7.648402926738705199e-03
7.656907072025660732e-03
7.665364258903399619e-03
7.673758529170770712e-03
7.682160401483334802e-03
7.690627738409104922e-03
7.699129104351293967e-03
7.707586283433790972e-03
7.715981081386881837e-03
7.724382712154907217e-03
7.732849989995949774e-03
7.741350677053807257e-03
7.749811756816592581e-03
7.758206921066548682e-03
7.766606065354910403e-03
7.775070279508923196e-03
7.783570496518157390e-03
7.792034060008941158e-03
7.800430434224056575e-03
7.808829811724529377e-03
7.817292957977941756e-03
7.825791396202413236e-03
7.834261142197925659e-03
7.842663968836883701e-03
7.851055080135624711e-03
7.859511018770054536e-03
7.868011236040327316e-03
7.876484940147461186e-03
7.884895071126139104e-03
7.893287765286803245e-03
7.901738598709148395e-03
7.910245555804698916e-03
7.918741576973534896e-03
7.927155049760574099e-03
7.935542119553428211e-03
7.944049974081846335e-03
7.952569362504142633e-03
7.960978647390964252e-03
7.969367556673878639e-03
7.977873363891885283e-03
7.986374341622914930e-03
7.994828058221006839e-03
8.003237357509232139e-03
8.011633024202576350e-03
8.020094597488513707e-03
8.028598453870166782e-03
8.037069614956388747e-03
8.045478884782427884e-03
8.053870484358441675e-03
8.062329431520747977e-03
8.070828576599823820e-03
8.079314632507191354e-03
8.087730117935119575e-03
8.096121496640013362e-03
8.104565387879311342e-03
8.113059618590878763e-03
8.121544442873562114e-03
8.129963921427580537e-03
8.138348163469749999e-03
8.146785709914745183e-03
8.155281360704560306e-03
8.163769214258469881e-03
8.172196115640602623e-03
8.180579628275917725e-03
8.189011198613597303e-03
8.197504115116391668e-03
8.205990923524912606e-03
8.214422029964288732e-03
8.222806925919617926e-03
8.231233568648108762e-03
8.239724274808389939e-03
8.248214152656880432e-03
8.256647317000449099e-03
8.265035757156112550e-03
8.273458388590783710e-03
8.281943837886680121e-03
8.290439132734432962e-03
8.298877283106288055e-03
8.307263162248723631e-03
8.315682094265513385e-03
8.324165981707975018e-03
8.332663081310439854e-03
8.341110927167884673e-03
8.349499616915589603e-03
8.357916370912762266e-03
8.366394385998872710e-03
8.374898531594780760e-03
8.383350756299185955e-03
8.391741518411701892e-03
8.400150828950502316e-03
8.408629320878980434e-03
8.417132126509470347e-03
8.425586741699971072e-03
8.433999732563909890e-03
8.442398200316971607e-03
8.450837918207398242e-03
