0.000000000000000000e+00
8.373408423261706829e-06
1.687794156040246156e-05
2.539589830771564133e-05
3.378619005421505309e-05
4.213836227709488112e-05
5.061594164252185301e-05
5.913570470027594556e-05
6.754329068476724559e-05
7.589383960326230810e-05
8.436337913398920976e-05
9.289550867910462725e-05
1.013258801548968103e-04
1.096632093025466724e-04
1.181049683801101288e-04
1.266301692590962938e-04
1.350782825167025066e-04
1.434245533854182602e-04
1.518537025164225826e-04
1.603869797055040250e-04
1.688567985224803951e-04
1.772010461663434935e-04
1.856033398726248404e-04
1.941188500284149389e-04
2.026054945858393676e-04
2.109668236864034119e-04
2.193563357181772756e-04
2.278729629136314017e-04
2.363744496536162860e-04
2.447432879287911723e-04
2.531088407306292557e-04
2.616032993258978444e-04
2.701193306867170842e-04
2.785126290156184742e-04
2.868715163889094550e-04
2.953564841005631666e-04
3.038781244039976217e-04
3.122831291099656707e-04
3.206264959922339002e-04
3.290887138288543746e-04
3.376199822760868525e-04
3.460554608989228746e-04
3.543999267070770489e-04
3.628443994739112772e-04
3.713704645622530769e-04
3.798153967522014947e-04
3.881566924475094490e-04
3.965793260128644220e-04
4.051106416426315262e-04
4.135872096235822552e-04
4.219389791883832201e-04
4.303419582975181535e-04
4.388577852803980162e-04
4.473394715130963564e-04
4.556962227104552300e-04
4.640810718764617365e-04
4.725954917163609583e-04
4.811045684516098331e-04
4.894834354177747277e-04
4.978501684053307898e-04
5.063443237416442129e-04
5.148529673727718359e-04
5.232384818840410054e-04
5.315953425456082472e-04
5.400785736873088549e-04
5.486085270940218748e-04
5.570252588643684723e-04
5.653696955961544889e-04
5.738311519471164714e-04
5.823518598521875474e-04
5.907770492042713120e-04
5.991212954959217706e-04
6.075660382236796773e-04
6.161023965868510236e-04
6.245596727316574982e-04
6.329018282848730389e-04
6.413219195480926536e-04
6.498391413626464523e-04
6.583068415904255993e-04
6.666596298444928603e-04
6.750632262980386282e-04
6.835884582189875490e-04
6.920819785437411437e-04
7.004411736475842651e-04
7.088208434770365681e-04
7.173202380514688602e-04
7.258242351700130426e-04
7.342065984852812416e-04
7.425735000199790419e-04
7.510709928170769805e-04
7.595886708979584503e-04
7.679788488286936384e-04
7.763311316571892785e-04
7.848009107877732113e-04
7.933294172368414920e-04
8.017545537760770863e-04
8.100995760721019104e-04
8.185567275738695478e-04
8.270796023610199913e-04
8.355096221749541479e-04
8.438550162727652708e-04
8.522875643986961482e-04
8.608223772916336102e-04
8.692906578362353479e-04
8.776360102422407555e-04
8.860479163480230102e-04
8.945582560165032948e-04
9.030347595003961015e-04
9.113958887546322373e-04
9.197877943793642984e-04
9.283068170000608648e-04
9.368068282781564452e-04
9.451731529816524095e-04
9.535429345296303700e-04
9.620364555714758237e-04
9.705552071802444301e-04
9.789523476354999778e-04
9.873095421296146541e-04
9.957870637049856619e-04
1.004300300798253347e-03
1.012710896062311589e-03
1.021058413107355433e-03
1.029521099962770088e-03
1.038055821668438117e-03
1.046492479346380726e-03
1.054837530243086510e-03
1.063262331939281114e-03
1.071788984731200396e-03
1.080255782801928764e-03
1.088604172118322160e-03
1.097020645438927982e-03
1.105540776173883754e-03
1.114010255019598234e-03
1.122369296539097545e-03
1.130756659947442302e-03
1.139275481618027283e-03
1.147781554685425040e-03
1.156153096867651962e-03
1.164526983440754542e-03
1.173014569295604799e-03
1.181520418895149393e-03
1.189914938763591418e-03
1.198272307773926362e-03
1.206760245779289363e-03
1.215285769283328205e-03
1.223691754830600643e-03
1.232038977432369604e-03
1.240492257011572555e-03
1.249023458600080584e-03
1.257464104101100591e-03
1.265808736012082004e-03
1.274249462684998689e-03
1.282771351317448265e-03
1.291222009502174294e-03
1.299570109581040097e-03
1.307987106066753943e-03
1.316516699041408740e-03
1.324997179906348349e-03
1.333353599789204643e-03
1.341737129070299768e-03
1.350245481593639668e-03
1.358747543345501614e-03
1.367121369229637754e-03
1.375498290288658517e-03
1.383996584231857521e-03
1.392498346393937231e-03
1.400888681426380473e-03
1.409241768203207739e-03
1.417727638244112862e-03
1.426257395800023834e-03
1.434670511381713753e-03
1.443020432210214820e-03
1.451472306243312702e-03
1.459991965674210844e-03
1.468427805497466918e-03
1.476770560631375387e-03
1.485216536655085311e-03
1.493750159730598825e-03
1.502203488519282667e-03
1.510548537808493932e-03
1.518958144319718876e-03
1.527481053635225839e-03
1.535960241127556133e-03
1.544314598686610243e-03
1.552715663203060913e-03
1.561233631722581993e-03
1.569720825058570435e-03
1.578084451462107712e-03
1.586457733410530759e-03
1.594964301441936013e-03
1.603477934007213872e-03
1.611862117563964787e-03
1.620226968816638026e-03
1.628714343240108284e-03
1.637224694399739590e-03
1.645624112809390780e-03
1.653971772077775368e-03
1.662447791107851810e-03
1.670981033795876673e-03
1.679404962045334031e-03
1.687751490068374258e-03
1.696198824307871200e-03
1.704719478702055582e-03
1.713159645262140717e-03
1.721499311974614794e-03
1.729936314100668929e-03
1.738471806791911604e-03
1.746937258568925658e-03
1.755285682797560988e-03
1.763694061439132323e-03
1.772210536233088723e-03
1.780684959293904988e-03
1.789038068474413162e-03
1.797433850485968517e-03
1.805955604502071593e-03
1.814456807787079295e-03
1.822825356925369825e-03
1.831198323555901066e-03
1.839693513908158100e-03
1.848197203556681484e-03
1.856581740319756179e-03
1.864944008329601222e-03
1.873437576363035139e-03
1.881961779288948396e-03
1.890364867242881521e-03
1.898711616732697872e-03
1.907172935448067696e-03
1.915697136714843499e-03
1.924124260959993562e-03
1.932470783520771201e-03
1.940923393312601886e-03
1.949452674121836433e-03
1.957895062923118400e-03
1.966233800414384034e-03
1.974657307177482123e-03
1.983186961319384402e-03
1.991659567439258132e-03
2.000013175053581144e-03
2.008417198387945149e-03
2.016930461881443794e-03
2.025410624672901571e-03
2.033768578143995819e-03
2.042156301796209817e-03
2.050670101572353490e-03
2.059177125331850943e-03
2.067556573775371741e-03
2.075915269812459926e-03
2.084400728363511573e-03
2.092916599480364875e-03
2.101315839810850069e-03
2.109673982181124469e-03
2.118150931233863093e-03
2.126672541040510594e-03
2.135087568842716343e-03
2.143426192287739909e-03
2.151879530738863653e-03
2.160412176560507977e-03
2.168857914679047944e-03
2.177204748653397380e-03
2.185634627865377846e-03
2.194153145626366770e-03
2.202611717347455894e-03
2.210956847951351095e-03
2.219370424332945541e-03
2.227898897325398739e-03
2.236384741189124947e-03
2.244742426890451031e-03
2.253125812877294909e-03
2.261630652059427003e-03
2.270130770702603277e-03
2.278504043069606248e-03
2.286878572635442104e-03
2.295381918219460519e-03
2.303893886026188616e-03
2.312280884020633063e-03
2.320631503706587374e-03
2.329110945698195222e-03
2.337637375145987673e-03
2.346050279847463043e-03
2.354400817244360709e-03
2.362865055606199350e-03
2.371388006348916500e-03
2.379814701316774680e-03
2.388151784033521081e-03
2.396595469051371590e-03
2.405129033451389869e-03
2.413584743151007614e-03
2.421932373263448266e-03
2.430352863361392134e-03
2.438873672156504756e-03
2.447339442104850757e-03
2.455684439828501389e-03
2.464088088332283457e-03
2.472611882802782258e-03
2.481106101360955503e-03
2.489470490021684825e-03
2.497850705194568782e-03
2.506354068994843393e-03
2.514851094728797094e-03
2.523223689435888373e-03
2.531592032533250443e-03
2.540091686661773412e-03
2.548613203224083749e-03
2.557010270356035054e-03
2.565360537370834932e-03
2.573832802553532167e-03
2.582350115866745635e-03
2.590762173723952684e-03
2.599110605026497614e-03
2.607573795413772790e-03
2.616107042497759112e-03
2.624544470997413302e-03
2.632881923811160058e-03
2.641315483614315677e-03
2.649838208331789600e-03
2.658294425259136780e-03
2.666643740386509705e-03
2.675063274057952641e-03
2.683591477547687520e-03
2.692066625292482626e-03
2.700412276953856675e-03
2.708806318667238231e-03
2.717319594684240811e-03
2.725816969134025464e-03
2.734188275240546310e-03
2.742565641310388668e-03
2.751070332560193350e-03
2.759571843072219401e-03
2.767947542942194011e-03
2.776310456379132551e-03
2.784800113701045143e-03
2.793326555772478875e-03
2.801734716963761532e-03
2.810081942731116993e-03
2.818544439899448549e-03
2.827062402329171258e-03
2.835487758356380547e-03
2.843834994760596323e-03
2.852285475688561001e-03
2.860817363983102646e-03
2.869262857441143722e-03
2.877603602754449496e-03
2.886022748325784825e-03
2.894550698945057721e-03
2.903028607360277728e-03
2.911382335517903076e-03
2.919782696408219826e-03
2.928291071812192010e-03
2.936774539125519036e-03
2.945139809464367760e-03
2.953520726206531818e-03
2.962032887865584732e-03
2.970544508690010563e-03
2.978923401881326469e-03
2.987284434604636774e-03
2.995764611628595579e-03
3.004282760893321486e-03
3.012688173475975249e-03
3.021040494298062127e-03
3.029516612606614635e-03
3.038041672532271198e-03
3.046456378234183460e-03
3.054799324306572885e-03
3.063246378346713272e-03
3.071780095924887474e-03
3.080230719448330545e-03
3.088574973220866490e-03
3.097004664896341099e-03
3.105524181300679028e-03
3.113983209668116058e-03
3.122333094036913378e-03
3.130740748936683415e-03
3.139268021176508210e-03
3.147758580291512391e-03
3.156116129791590712e-03
3.164500356413629725e-03
3.173000470130464112e-03
3.181500913299162726e-03
3.189880513990953504e-03
3.198250366057294857e-03
3.206749906348405673e-03
3.215264392000361220e-03
3.223651185305803375e-03
3.232004377562584189e-03
3.240477353993606417e-03
3.249005413512529462e-03
3.257428063690351750e-03
3.265773828993993703e-03
3.274231477357167960e-03
3.282750338552005518e-03
3.291180956127671715e-03
3.299527343672187946e-03
3.307963343187268236e-03
3.316497334725420406e-03
3.324961586496869275e-03
3.333304760447352265e-03
3.341712115620341147e-03
3.350226316269111146e-03
3.358710946960388136e-03
3.367073464567943951e-03
3.375465067684654125e-03
3.383977041646335070e-03
3.392468350249634029e-03
3.400836752383314034e-03
3.409205868443190846e-03
3.417705495587591413e-03
3.426225962417971029e-03
3.434620719899719905e-03
3.442976923145832282e-03
3.451446201658387412e-03
3.459965385519737837e-03
3.468385340248245421e-03
3.476732545493792671e-03
3.485193930850793292e-03
3.493723405280749292e-03
3.502153743931306351e-03
3.510497113461717462e-03
3.518925795818722124e-03
3.527457377229251210e-03
3.535925486832067807e-03
3.544272762548632532e-03
3.552687089359591460e-03
3.561199412027365920e-03
3.569672989295481335e-03
3.578034196506328472e-03
3.586425030496871811e-03
3.594942849461750349e-03
3.603444718092032803e-03
3.611812561626237105e-03
3.620180945920323159e-03
3.628670704534582656e-03
3.637189037177942456e-03
3.645588475187264491e-03
3.653945934565743826e-03
3.662419949881127838e-03
3.670932711092119230e-03
3.679348250385304758e-03
3.687694230581556494e-03
3.696154488913401624e-03
3.704688594118536737e-03
3.713127423679008204e-03
3.721470582216621862e-03
3.729894132725300893e-03
3.738420171792631013e-03
3.746889335238780955e-03
3.755239464720793591e-03
3.763652112629665720e-03
3.772168308338430531e-03
3.780643323501405983e-03
3.789004451129590178e-03
3.797391309893624872e-03
3.805906825502821875e-03
3.814413352133479065e-03
3.822787530089927482e-03
3.831152743094390703e-03
3.839636261022225105e-03
3.848153126199763303e-03
3.856554982410869987e-03
3.864912425493921642e-03
3.873387116593999483e-03
3.881900765031962453e-03
3.890318590224128500e-03
3.898661720377535281e-03
3.907117963868883895e-03
3.915652368867038845e-03
3.924096842965535230e-03
3.932442182391345485e-03
3.940859434635292716e-03
3.949382255952307505e-03
3.957854917342473917e-03
3.966206865106348435e-03
3.974615792424041234e-03
3.983130707974157254e-03
3.991610911990482735e-03
3.999977182298801101e-03
4.008359914262715415e-03
4.016870366018321196e-03
4.025376318638983035e-03
4.033759005672020621e-03
4.042113944949465854e-03
4.050599732001104042e-03
4.059126527045025384e-03
4.067535799828817487e-03
4.075888964077101738e-03
4.084341537319266351e-03
4.092863903285127655e-03
4.101303181975476941e-03
4.109649985714215921e-03
4.118091391419866076e-03
4.126613608530639403e-03
4.135062700063796108e-03
4.143408415706532032e-03
4.151824766606710543e-03
4.160352562242934475e-03
4.168833369893964677e-03
4.177192554033183625e-03
4.185570808066685182e-03
4.194080052932889179e-03
4.202588055691579977e-03
4.210967828864872059e-03
4.219335725528567185e-03
4.227813066440915674e-03
4.236326838529745967e-03
4.244733219735717135e-03
4.253090634473437499e-03
4.261556715841742331e-03
4.270070851739520869e-03
4.278501283700877553e-03
4.286846425338127972e-03
4.295294001080931200e-03
4.303825380731580649e-03
4.312274109927329013e-03
4.320616006123338161e-03
4.329028926637079090e-03
4.337555612050133548e-03
4.346037495797195477e-03
4.354397023038860184e-03
4.362786505975308968e-03
4.371288079323876544e-03
4.379784135096482026e-03
4.388156501902266103e-03
4.396535939269025431e-03
4.405035559254312852e-03
4.413537781183253864e-03
4.421931510905981189e-03
4.430285706713115931e-03
4.438768117782902409e-03
4.447296895124614943e-03
4.455713385577070307e-03
4.464056806789034118e-03
4.472503020614269041e-03
4.481031000154896832e-03
4.489476328425700755e-03
4.497823428381806342e-03
4.506255825907871417e-03
4.514777005879505416e-03
4.523234459114233719e-03
4.531580996157942055e-03
4.539991796541804903e-03
4.548517784686673462e-03
4.557004008438727931e-03
4.565364737152495869e-03
4.573740914872025977e-03
4.582245942938657259e-03
4.590756888796827459e-03
4.599142745244834234e-03
4.607506043842405329e-03
4.615983910502627872e-03
4.624498160599396085e-03
4.632907504169416629e-03
4.641265390518871901e-03
4.649726702616215936e-03
4.658239567862962165e-03
4.666678426943545246e-03
4.675030436394237744e-03
4.683465361390801336e-03
4.691981019558901823e-03
4.700442546623070580e-03
4.708792089814659888e-03
4.717201517737246164e-03
4.725724856836286542e-03
4.734210407610813139e-03
4.742567895789060600e-03
4.750944454214805525e-03
4.759450353367188080e-03
4.767960807733865811e-03
4.776346693161512454e-03
4.784708553119974665e-03
4.793188988138470663e-03
4.801700427736430368e-03
4.810107698018821661e-03
4.818464729012685889e-03
4.826930784838873688e-03
4.835443853789062919e-03
4.843873588576040612e-03
4.852224541089839201e-03
4.860663955856678840e-03
4.869189255933938434e-03
4.877642630526745141e-03
4.885986763683198425e-03
4.894398172172732993e-03
4.902922116931832802e-03
4.911406970634498229e-03
4.919767137095690940e-03
4.928145545249323217e-03
4.936652169943126986e-03
4.945164424097193284e-03
4.953550532228874828e-03
4.961908549865877774e-03
4.970386322581565007e-03
4.978904740790992926e-03
4.987313281473569442e-03
4.995665587217775101e-03
5.004134460115380184e-03
5.012656950604701608e-03
5.021077587991802475e-03
5.029419044768158181e-03
5.037862537458347514e-03
5.046397027870880292e-03
5.054853908704850726e-03
5.063198795574355184e-03
5.071616544419599824e-03
5.080129396973407339e-03
5.088601662643765268e-03
5.096957990722253418e-03
5.105357857935589362e-03
5.113878859047307768e-03
5.122369739517149655e-03
5.130728620570626335e-03
5.139104041589554091e-03
5.147605988105121572e-03
5.156121192883568113e-03
5.164511650058202681e-03
5.172870151081322351e-03
5.181350912530709348e-03
5.189860502748513092e-03
5.198264085938957522e-03
5.206616563258623619e-03
5.215085728020461137e-03
5.223616046068008285e-03
5.232042978006791988e-03
5.240383791780356924e-03
5.248820475737550444e-03
5.257351760018077504e-03
5.265813337427637311e-03
5.274160208451544180e-03
5.282575475540648817e-03
5.291085991338049035e-03
5.299566257705505719e-03
5.307930942734328736e-03
5.316322434682644107e-03
5.324830034836506958e-03
5.333318619351191947e-03
5.341695197674386011e-03
5.350066026398852398e-03
5.358564519980236508e-03
5.367080039941557641e-03
5.375469530127425372e-03
5.383826453072367360e-03
5.392295039480643655e-03
5.400824404871927033e-03
5.409249862453360987e-03
5.417590880461297526e-03
5.426025769511314163e-03
5.434556980808088501e-03
5.443018785583712653e-03
5.451366052003330485e-03
5.459769995570625672e-03
5.468291227916369929e-03
5.476783711716076523e-03
5.485145067011230197e-03
5.493528272045556347e-03
5.502021544652975667e-03
5.510534928379526125e-03
5.518921435915085695e-03
5.527281829739231524e-03
5.535744074702067877e-03
5.544269804101373267e-03
5.552692490097075467e-03
5.561039280357628865e-03
5.569476999512331696e-03
5.578009203259712973e-03
5.586465719252489692e-03
5.594809138462816800e-03
5.603218311939725006e-03
5.611740943876709041e-03
5.620225341696973194e-03
5.628578237890148953e-03
5.636958837356972896e-03
5.645457726332438197e-03
5.653968533364404393e-03
5.662350408665837304e-03
5.670710663833148854e-03
5.679189911911543091e-03
5.687716697383060800e-03
5.696125866348273302e-03
5.704479453809478857e-03
5.712925953561247099e-03
5.721452409043131099e-03
5.729894685698882356e-03
5.738258915077074432e-03
5.746672224662512964e-03
5.755180269939185952e-03
5.763651909085497696e-03
5.772028283678884431e-03
5.780410638349223890e-03
5.788906082819043203e-03
5.797406944604149848e-03
5.805804797084312095e-03
5.814162284846004745e-03
5.822643198722284030e-03
5.831161083132281944e-03
5.839579534114128050e-03
5.847928484787596852e-03
5.856381187694634921e-03
5.864902700556182472e-03
5.873349320806665885e-03
5.881703918992256704e-03
5.890123091557847822e-03
5.898638285493804263e-03
5.907109743806563881e-03
5.915484175237121188e-03
5.923870157668084668e-03
5.932368352572803781e-03
5.940867271809884345e-03
5.949266325964956345e-03
5.957626878015518518e-03
5.966102918791779675e-03
5.974610889736050451e-03
5.983029700061468815e-03
5.991377044824009943e-03
5.999833983081356327e-03
6.008361483051849646e-03
6.016797029936397055e-03
6.025141587417071065e-03
6.033564860955599289e-03
6.042095798511617870e-03
6.050569682312769218e-03
6.058919597185274605e-03
6.067316442810332354e-03
6.075821790644055781e-03
6.084313317612433797e-03
6.092681684394580036e-03
6.101065716079569906e-03
6.109566413865776154e-03
6.118059778551592463e-03
6.126448284797665969e-03
6.134806653810088994e-03
6.143297734696804083e-03
6.151822097443537113e-03
6.160223883103737967e-03
6.168573145482739682e-03
6.177026885971795452e-03
6.185557523214803462e-03
6.193996339901666932e-03
6.202340539067378172e-03
6.210778572056331256e-03
6.219294877494029906e-03
6.227745566345470329e-03
6.236093669850899419e-03
6.244512043993362578e-03
6.253038245645883668e-03
6.261510454866462717e-03
6.269868213643138392e-03
6.278251535094855895e-03
6.286765187210767436e-03
6.295269983626390446e-03
6.303644519028881246e-03
6.312006106559962457e-03
6.320488827985535144e-03
6.329009867352444231e-03
6.337413760437476083e-03
6.345771825487086723e-03
6.354223267453920979e-03
6.362747168793441224e-03
6.371186119372444258e-03
6.379534488348660194e-03
6.387965428828939161e-03
6.396482333285276323e-03
6.404950409062431030e-03
6.413302063652154793e-03
6.421713278455199771e-03
6.430217228050510124e-03
6.438699010156373990e-03
6.447071638619327090e-03
6.455457904498979570e-03
6.463939780762686417e-03
6.472423889107378585e-03
6.480797215076416692e-03
6.489173054456852212e-03
6.497668798732068179e-03
6.506148672818188108e-03
6.514512266577701834e-03
6.522884132281900338e-03
6.531372158916218425e-03
6.539869573468661684e-03
6.548257229628593953e-03
6.556624519562257412e-03
6.565104778444119486e-03
6.573606178445590836e-03
6.581987829563256710e-03
6.590366012228553519e-03
6.598850219526239923e-03
6.607358721767337545e-03
6.615744305996209933e-03
6.624117786590827742e-03
6.632603208710342348e-03
6.641116592668877376e-03
6.649513097557659992e-03
6.657884916129665383e-03
6.666366573303145367e-03
6.674878586920880361e-03
6.683284273337257615e-03
6.691643034904955385e-03
6.700123825106148873e-03
6.708641619880048763e-03
6.717044857516098200e-03
6.725397956884516214e-03
6.733879120557562971e-03
6.742391842295804641e-03
6.750799536330604964e-03
6.759147815191232297e-03
6.767618689508976375e-03
6.776141458377031926e-03
6.784557374756349304e-03
6.792906480668358879e-03
6.801367564636414884e-03
6.809888317817457300e-03
6.818313427603789507e-03
6.826660183973905574e-03
6.835118194612141776e-03
6.843640057034540078e-03
6.852070664175969467e-03
6.860417022082335690e-03
6.868870617201803565e-03
6.877394412265019213e-03
6.885829166036245945e-03
6.894176358203654362e-03
6.902628258213191342e-03
6.911154208996304719e-03
6.919589554536685096e-03
6.927935790914492402e-03
6.936386511493103195e-03
6.944911600323495568e-03
6.953351735291006010e-03
6.961697708594108067e-03
6.970139274103516122e-03
6.978666763515865672e-03
6.987114356013126096e-03
6.995461299857468410e-03
7.003896255332062691e-03
7.012423288115097152e-03
7.020876454606318415e-03
7.029224217423444415e-03
7.037658097991297823e-03
7.046183099031231266e-03
7.054638425449417244e-03
7.062987045504260687e-03
7.071413215806145874e-03
7.079938870914600016e-03
7.088401713507674201e-03
7.096751886592094979e-03
7.105176466486873808e-03
7.113699613171904114e-03
7.122164435939085450e-03
7.130516070772460746e-03
7.138933112716512423e-03
7.147456030260099062e-03
7.155927752941142021e-03
7.164281806134951101e-03
7.172699590216200828e-03
7.181219091910633588e-03
7.189693199220355095e-03
7.198050765394096301e-03
7.206467264629176465e-03
7.214977868438550261e-03
7.223455899129838445e-03
7.231805443696852700e-03
7.240214415323098854e-03
7.248729833800596038e-03
7.257212139232252328e-03
7.265574743146601885e-03
7.273968748935454899e-03
7.282477539884766107e-03
7.290971104972792868e-03
7.299338736778902478e-03
7.307725729177919592e-03
7.316228031040216545e-03
7.324703795808570200e-03
7.333057331424507226e-03
7.341453649535307005e-03
7.349962203212386837e-03
7.358457079090850728e-03
7.366830207821813137e-03
7.375212302567768496e-03
7.383714521886893499e-03
7.392218564953813645e-03
7.400595626534064476e-03
7.408974728223551368e-03
7.417476777827098841e-03
7.425982117395936964e-03
7.434365978743591452e-03
7.442751834385927592e-03
7.451247514798702183e-03
7.459754571424980114e-03
7.468146690194250002e-03
7.476527413901209486e-03
7.485018081370857501e-03
7.493528421507054255e-03
7.501934733649198717e-03
7.510299304045042409e-03
7.518783750287506840e-03
7.527301404142680390e-03
7.535702437368255353e-03
7.544062295407263571e-03
7.552541955282925101e-03
7.561048454034402858e-03
7.569459670214889399e-03
7.577820726040703121e-03
7.586282862615490070e-03
7.594790892541614970e-03
7.603194235073197638e-03
7.611551732939571269e-03
7.620027921269042527e-03
7.628550167510544933e-03
7.636963940897880526e-03
7.645315709892383342e-03
7.653765250435558450e-03
7.662285917304639815e-03
7.670733147023598049e-03
7.679092528798034216e-03
7.687507191592364911e-03
7.696025112529127944e-03
7.704500372443625830e-03
7.712876360980531511e-03
7.721260908565136076e-03
7.729762850277362672e-03
7.738261177126435665e-03
7.746658768720758072e-03
7.755022477273392986e-03
7.763503277147433199e-03
7.772015456401669235e-03
7.780443036505163210e-03
7.788803037546034383e-03
7.797241589894872427e-03
7.805750138558017678e-03
7.814187964533170563e-03
7.822537874187258239e-03
7.830980857793686314e-03
7.839508511010312430e-03
7.847951689715349649e-03
7.856296882680240123e-03
7.864734050669742668e-03
7.873244990841068644e-03
7.881671505006538139e-03
7.890019742337609637e-03
7.898473336083008250e-03
7.906983813582030979e-03
7.915408145112240446e-03
7.923767968626463723e-03
7.932222584648793845e-03
7.940732270438732865e-03
7.949143964078336788e-03
7.957497590225104042e-03
7.965972125876906104e-03
7.974477219332214498e-03
7.982894426241834290e-03
7.991262182206589071e-03
7.999698387327907126e-03
8.008198499375070167e-03
8.016649227531494337e-03
8.025012016108241247e-03
8.033419086681758969e-03
8.041918219971438964e-03
8.050385454175626107e-03
8.058759424151478237e-03
8.067158682051166901e-03
8.075642990906720456e-03
8.084132129890658075e-03
8.092540292541873168e-03
8.100921460837419083e-03
8.109377588012490340e-03
8.117888036805910937e-03
8.126324920984050182e-03
8.134698175244967078e-03
8.143120555739690597e-03
8.151621792426740065e-03
8.160093209562095315e-03
8.168489339986899009e-03
8.176880239880482751e-03
8.185353904335451389e-03
8.193860958474000547e-03
8.202276632081690472e-03
8.210632044181457798e-03
8.219108326305657117e-03
8.227614550661928663e-03
8.236022204550174503e-03
8.244388714007301264e-03
8.252854611922617184e-03
8.261363210118340128e-03
8.269793202404701615e-03
8.278167283652776084e-03
8.286604934311705625e-03
8.295113115583422833e-03
8.303574917896600072e-03
8.311948786475828466e-03
8.320352260613778431e-03
8.328858765707120720e-03
8.337327586355833958e-03
8.345679037270218106e-03
8.354104764354238974e-03
8.362614869969729053e-03
8.371084744738110581e-03
8.379440362479164892e-03
8.387862297782272200e-03
8.396358020582339252e-03
8.404850698077477936e-03
8.413231617365051623e-03
8.421621583017919327e-03
8.430103887025468257e-03
8.438601904820198368e-03
