0.000000000000000000e+00
8.392984767086644117e-06
1.689292726801588430e-05
2.542434120558404966e-05
3.386556833644451794e-05
4.223383458962977365e-05
5.067930100747698057e-05
5.921181634229664417e-05
6.770859135768070183e-05
7.609759317376387823e-05
8.448944433879703602e-05
9.298904430165721871e-05
1.015212311345237579e-04
1.099635246360620283e-04
1.183311395740779516e-04
1.267752925335676871e-04
1.353082854326884978e-04
1.438074821460456367e-04
1.521968942561926195e-04
1.605869430462044376e-04
1.690854495831592733e-04
1.776194811383563510e-04
1.860646541022163193e-04
1.944306861030240517e-04
2.028724945512257009e-04
2.114055040114476620e-04
2.199074491634216599e-04
2.282990743696276207e-04
2.366853495481493379e-04
2.451822690429966874e-04
2.537175783629523488e-04
2.621651864293755396e-04
2.705312496256891673e-04
2.789695295311108054e-04
2.875022478539970101e-04
2.960064683442232918e-04
3.043988484694854749e-04
3.127837170734078850e-04
3.212784784534432965e-04
3.298147292225945778e-04
3.382650683798612092e-04
3.466297878160817304e-04
3.550662200616353284e-04
3.635985478107872084e-04
3.721035672543572949e-04
3.804974201432651621e-04
3.888811632964859176e-04
3.973746883874209939e-04
4.059112370112200139e-04
4.143618313742074592e-04
4.227263564541983024e-04
4.311625288718944830e-04
4.396947872805482844e-04
4.481997800882405142e-04
4.565934111251217231e-04
4.649771199349308462e-04
4.734708635000764334e-04
4.820072341727926562e-04
4.904572058459379753e-04
4.988213224610619622e-04
5.072580722496559252e-04
5.157906065949074623e-04
5.242936868449986311e-04
5.326830862263503283e-04
5.410687859317831047e-04
5.495667244728164036e-04
5.581001850153774349e-04
5.665421924428314842e-04
5.749087678044786931e-04
5.833530235867381364e-04
5.918859081495059021e-04
6.003838929658348623e-04
6.087721808590030583e-04
6.171631302178652448e-04
6.256627632974191139e-04
6.341946360472586241e-04
6.426354311993982523e-04
6.510029805689967943e-04
6.594488466948993923e-04
6.679810459656353779e-04
6.764753591450092546e-04
6.848632321948521775e-04
6.932582171955246767e-04
7.017586489885227789e-04
7.102867010045626345e-04
7.187250935132828656e-04
7.270965748858305554e-04
7.355449425906132859e-04
7.440757289922759077e-04
7.525678541737919119e-04
7.609572323063893340e-04
7.693538710440842639e-04
7.778545445700106370e-04
7.863815443357538310e-04
7.948197737151203954e-04
8.031913716318933106e-04
8.116408300391608592e-04
8.201711360156457593e-04
8.286624815470935166e-04
8.370510688184678574e-04
8.454488408337539149e-04
8.539504397430170866e-04
8.624766965660829584e-04
8.709134042995032333e-04
8.792855726604691157e-04
8.877366006416992188e-04
8.962670884988577268e-04
9.047571600611657760e-04
9.131452642614004949e-04
9.215441723039140276e-04
9.300466086127227383e-04
9.385723894138085300e-04
9.470082626128674842e-04
9.553803717615334812e-04
9.638322288656409271e-04
9.723630830637667623e-04
9.808525450113749454e-04
9.892395717272860038e-04
9.976388446455686752e-04
1.006142150742574256e-03
1.014668277338011100e-03
1.023102540597750935e-03
1.031473885199255241e-03
1.039926416497710063e-03
1.048459054994435721e-03
1.056947555578849774e-03
1.065332569646472785e-03
1.073731369179028354e-03
1.082237284925320750e-03
1.090764086354341572e-03
1.099196502906229448e-03
1.107565796965646497e-03
1.116020311315608828e-03
1.124555013880443408e-03
1.133042778823211555e-03
1.141424885801340522e-03
1.149824079798881507e-03
1.158332698158625728e-03
1.166860128665375479e-03
1.175289662738459532e-03
1.183656856408804494e-03
1.192114476424511581e-03
1.200651296671838850e-03
1.209136751948707705e-03
1.217513828960537945e-03
1.225915461976307417e-03
1.234428390227282216e-03
1.242955055329959813e-03
1.251378049872938283e-03
1.259744507210137747e-03
1.268208493599210819e-03
1.276747106296447073e-03
1.285227618654592513e-03
1.293601946663175493e-03
1.302008160718485944e-03
1.310524330823568603e-03
1.319049166966814813e-03
1.327469097724362414e-03
1.335837387985365932e-03
1.344303877985701754e-03
1.352842701922752060e-03
1.361320822199372236e-03
1.369692616816954979e-03
1.378101739337300432e-03
1.386620415430223074e-03
1.395142014344509128e-03
1.403556466884059439e-03
1.411927200130274436e-03
1.420399629326982377e-03
1.428937122522411186e-03
1.437408347407071688e-03
1.445780579994579516e-03
1.454196559786561987e-03
1.462716489451116328e-03
1.471235064166738103e-03
1.479647656632496373e-03
1.488021815944849625e-03
1.496495864216439327e-03
1.505032366203492991e-03
1.513501349649195010e-03
1.521873931920257519e-03
1.530292487022573682e-03
1.538812210426471682e-03
1.547326957331083457e-03
1.555738012861936645e-03
1.564116391129903366e-03
1.572592432428243864e-03
1.581126070144651128e-03
1.589592475476073576e-03
1.597967873086712787e-03
1.606388750957257359e-03
1.614908116250057075e-03
1.623421141278941779e-03
1.631832768391537842e-03
1.640212197895794420e-03
1.648688721744814671e-03
1.657221929374569878e-03
1.665687905443981841e-03
1.674062657527716769e-03
1.682484486624949904e-03
1.691004333666838591e-03
1.699516389953674043e-03
1.707926346004834828e-03
1.716306931234464666e-03
1.724785308558551703e-03
1.733317897797093240e-03
1.741782032525378537e-03
1.750157168166102586e-03
1.758581047535831771e-03
1.767101238138559091e-03
1.775612270677844919e-03
1.784021922168036811e-03
1.792402978823690518e-03
1.800881909798218803e-03
1.809414233325889933e-03
1.817878162064370589e-03
1.826252929791292133e-03
1.834676904705401018e-03
1.843197663523661340e-03
1.851708773327466820e-03
1.860116907767715580e-03
1.868496895455444692e-03
1.876977008686577441e-03
1.885511227651323661e-03
1.893972901002506821e-03
1.902344269946710641e-03
1.910768734449222765e-03
1.919294044204253097e-03
1.927804609234223809e-03
1.936205091403118451e-03
1.944583839518243063e-03
1.953071236033419823e-03
1.961608322399577189e-03
1.970063658277349927e-03
1.978428967200371400e-03
1.986860087688088576e-03
1.995390991301251252e-03
2.003897509452731880e-03
2.012289957589847265e-03
2.020672219525255879e-03
2.029167076064455639e-03
2.037702814315457255e-03
2.046148717204122718e-03
2.054513248847515943e-03
2.062953984291967559e-03
2.071487281474472964e-03
2.079987292161750243e-03
2.088376036483928586e-03
2.096765124786739536e-03
2.105264182078192721e-03
2.113796990330720459e-03
2.122238725010781261e-03
2.130606060834840370e-03
2.139050747341141642e-03
2.147583616930312175e-03
2.156081511167729902e-03
2.164469898524285386e-03
2.172861053868381000e-03
2.181360770473169883e-03
2.189892785743634794e-03
2.198334093821621184e-03
2.206701846449220759e-03
2.215147277049558851e-03
2.223679834689537213e-03
2.232175861303485869e-03
2.240564414775412811e-03
2.248957547563237153e-03
2.257457668554774949e-03
2.265988471409983128e-03
2.274428502150457714e-03
2.282797262249345108e-03
2.291243921052027715e-03
2.299775987887551706e-03
2.308271389735972855e-03
2.316659896272203149e-03
2.325053715669332926e-03
2.333554029999114141e-03
2.342083513275299879e-03
2.350521925904518802e-03
2.358892137255244950e-03
2.367340341094596907e-03
2.375871329217257941e-03
2.384363320724761006e-03
2.392752045682714282e-03
2.401149205920704525e-03
2.409650545015494267e-03
2.418177349770593652e-03
2.426613520723614609e-03
2.434984890147347172e-03
2.443436286761461584e-03
2.451967911559693823e-03
2.460457081993277714e-03
2.468842861584628033e-03
2.477241489295635510e-03
2.485746500102580057e-03
2.494273650306405923e-03
2.502704715118814118e-03
2.511071204723622306e-03
2.519527589124096866e-03
2.528065201605709904e-03
2.536548100757755886e-03
2.544921568871012264e-03
2.553325398434678432e-03
2.561842378722732367e-03
2.570365890654906400e-03
2.578781457646745628e-03
2.587150539925369905e-03
2.595621799628492540e-03
2.604159546458323891e-03
2.612629642102568591e-03
2.621000772533664709e-03
2.629418857337902614e-03
2.637938640858862767e-03
2.646452696018792607e-03
2.654863674589753777e-03
2.663242396170697503e-03
2.671719006490080092e-03
2.680252379934039680e-03
2.688717699840503014e-03
2.697092151765785595e-03
2.705514724572548671e-03
2.714035229243277631e-03
2.722546693231308896e-03
2.730954905458037821e-03
2.739334733926645973e-03
2.747814700891023070e-03
2.756349035583780232e-03
2.764810569492750624e-03
2.773181204204700889e-03
2.781605635179466678e-03
2.790131829271263585e-03
2.798642154833955609e-03
2.807040144030871227e-03
2.815417585170726725e-03
2.823908505515810609e-03
2.832444993282148306e-03
2.840891094939789439e-03
2.849252796816757142e-03
2.857694934723128792e-03
2.866227991807058194e-03
2.874721668012991498e-03
2.883108711840172856e-03
2.891504476621680527e-03
2.900005790759615110e-03
2.908532819792116701e-03
2.916969509193192544e-03
2.925340856786910314e-03
2.933792125447541848e-03
2.942323359022100838e-03
2.950812994302503319e-03
2.959199067960731691e-03
2.967597454173976843e-03
2.976102077304662238e-03
2.984629364642198308e-03
2.993059664231911832e-03
3.001425007719991152e-03
3.009882644791461725e-03
3.018420834259630085e-03
3.026900548675016782e-03
3.035270179485528505e-03
3.043678796904772822e-03
3.052198429384730353e-03
3.060715997309740311e-03
3.069126120631288958e-03
3.077502113666519094e-03
3.085978365777564993e-03
3.094512321487007372e-03
3.102977431706578290e-03
3.111350317600142506e-03
3.119773190935059160e-03
3.128295074407077409e-03
3.136806220830844292e-03
3.145211421987409613e-03
3.153589052059902875e-03
3.162072602275753288e-03
3.170609356568402856e-03
3.179064584177315571e-03
3.187428440927637680e-03
3.195860025783347266e-03
3.204391823697518189e-03
3.212896209706502838e-03
3.221286255653807874e-03
3.229670692208459412e-03
3.238168254152710198e-03
3.246701748548518583e-03
3.255142526963693966e-03
3.263508559354156777e-03
3.271954977109597321e-03
3.280486707909811492e-03
3.288979209015498954e-03
3.297366831095425912e-03
3.305763175679952114e-03
3.314265629597331567e-03
3.322792511456493236e-03
3.331227082773498098e-03
3.339597188440846399e-03
3.348049570895956020e-03
3.356583357755922332e-03
3.365071281929551180e-03
3.373451410107706442e-03
3.381850412199705839e-03
3.390361263335796901e-03
3.398888586969115756e-03
3.407311641519334289e-03
3.415676950418249612e-03
3.424141260749367314e-03
3.432680187183475770e-03
3.441155345362363269e-03
3.449524447847930868e-03
3.457937998587997351e-03
3.466458299957065649e-03
3.474973407982374137e-03
3.483383397641100655e-03
3.491761417544166687e-03
3.500238475714260219e-03
3.508771918098342515e-03
3.517236647638062944e-03
3.525610427601386793e-03
3.534033952195692746e-03
3.542555028009517198e-03
3.551066278278042828e-03
3.559473449754445989e-03
3.567852640012406183e-03
3.576333431959538567e-03
3.584869261468073831e-03
3.593327715291277924e-03
3.601691375678260816e-03
3.610120697408355540e-03
3.618652164539263270e-03
3.627156071050649608e-03
3.635544358633954667e-03
3.643929699737462596e-03
3.652428681414240669e-03
3.660960725469571565e-03
3.669399123127899641e-03
3.677767870040578833e-03
3.686215498819644942e-03
3.694746842304357827e-03
3.703239079652514282e-03
3.711627272406801438e-03
3.720023894897669242e-03
3.728525959741388254e-03
3.737052858890876211e-03
3.745488049734495544e-03
3.753858320228545611e-03
3.762310239890751841e-03
3.770843878703813122e-03
3.779331668111739900e-03
3.787710612770925703e-03
3.796109527789487664e-03
3.804621782400652297e-03
3.813147974134860688e-03
3.821568416512585286e-03
3.829934611131933370e-03
3.838401318640603018e-03
3.846940282235292510e-03
3.855414968322810106e-03
3.863785671964669460e-03
3.872198508994401621e-03
3.880718637507022447e-03
3.889235455424141976e-03
3.897645660619266685e-03
3.906022306747958077e-03
3.914498610340800232e-03
3.923032571488910790e-03
3.931497693464427318e-03
3.939870667063832821e-03
3.948293623357501322e-03
3.956815453010078913e-03
3.965326648157869310e-03
3.973731661564600288e-03
3.982109209924715801e-03
3.990592954857158023e-03
3.999129890322971302e-03
4.007584200489401789e-03
4.015946453118141371e-03
4.024379592499552696e-03
4.032912406737209493e-03
4.041412543737493701e-03
4.049797609908025071e-03
4.058188697223415187e-03
4.066689517977706801e-03
4.075217782043939058e-03
4.083654780239830140e-03
4.092025119567404591e-03
4.100475636753061863e-03
4.109007600443983187e-03
4.117496892689365140e-03
4.125880302670466120e-03
4.134277652829174837e-03
4.142785685931110913e-03
4.151313016441724943e-03
4.159733334344218637e-03
4.168097302115905158e-03
4.176565274566362840e-03
4.185103626040590809e-03
4.193573538822070214e-03
4.201944111675334770e-03
4.210362139387648604e-03
4.218882424717811455e-03
4.227395367947048808e-03
4.235804418152180548e-03
4.244183461628517860e-03
4.252662430340203512e-03
4.261197168065250507e-03
4.269657291248299402e-03
4.278023404303631962e-03
4.286449780025848068e-03
4.294980161115413871e-03
4.303483815770516550e-03
4.311870335252409800e-03
4.320257143891152556e-03
4.328756925364650801e-03
4.337286622377718032e-03
4.345723347706216370e-03
4.354093362313014512e-03
4.362543374093157469e-03
4.371075249273439871e-03
4.379564840598444003e-03
4.387947998189247086e-03
4.396345111857943334e-03
4.404853362967084580e-03
4.413380643736392051e-03
4.421799271558345817e-03
4.430163559629296879e-03
4.438632980616882481e-03
4.447170888156073282e-03
4.455638362007994374e-03
4.464009444563367575e-03
4.472429619206116057e-03
4.480950623426707864e-03
4.489462905877591309e-03
4.497869769259194364e-03
4.506246886440043106e-03
4.514728649201584822e-03
4.523265456985428069e-03
4.531718527714190606e-03
4.540077472214557389e-03
4.548514647595790390e-03
4.557047936889470352e-03
4.565543037588848732e-03
4.573928791328453827e-03
4.582323924055419113e-03
4.590825538469031283e-03
4.599352888660352030e-03
4.607787817342077173e-03
4.616157163034192989e-03
4.624609466017262985e-03
4.633143858373679584e-03
4.641630330689722021e-03
4.650005483420987726e-03
4.658405943592817608e-03
4.666921757049559416e-03
4.675444419044758049e-03
4.683856324467104357e-03
4.692227253315688074e-03
4.700701595625808062e-03
4.709236779455167402e-03
4.717702112437043883e-03
4.726075562964529748e-03
4.734497680778321574e-03
4.743018766662180676e-03
4.751530383408650651e-03
4.759935938929608402e-03
4.768313271350773166e-03
4.776796493801248843e-03
4.785333444883752355e-03
4.793787424241517658e-03
4.802148910628046934e-03
4.810582705370563920e-03
4.819115941956496861e-03
4.827613398510289568e-03
4.835999551657448568e-03
4.844392189923586722e-03
4.852893031133146025e-03
4.861421184176172028e-03
4.869857980783905485e-03
4.878227897683893970e-03
4.886678946305965214e-03
4.895211218959512854e-03
4.903700266901857806e-03
4.912081923759348961e-03
4.920478695864497799e-03
4.928989273815737385e-03
4.937516172208684245e-03
4.945934085397415622e-03
4.954298973573920475e-03
4.962768782577738937e-03
4.971306604588990839e-03
4.979774114881116952e-03
4.988145301796165568e-03
4.996565423630002292e-03
5.005086338425489625e-03
5.013598749660847474e-03
5.022005726280195231e-03
5.030383018843329057e-03
5.038864487145932637e-03
5.047401245024203155e-03
5.055854811612972392e-03
5.064214255484353333e-03
5.072650345364569137e-03
5.081183683398025203e-03
5.089679037621233117e-03
5.098064683909472698e-03
5.106459459946054158e-03
5.114961218620427651e-03
5.123488702703199275e-03
5.131923165026122148e-03
5.140291451909024915e-03
5.148744046026729540e-03
5.157280107959587648e-03
5.165764257306848344e-03
5.174134917398140465e-03
5.182538880876881408e-03
5.191057832845713191e-03
5.199576652326143647e-03
5.207986553912859543e-03
5.216361630150532537e-03
5.224837801237098775e-03
5.233372119155379164e-03
5.241836864097516348e-03
5.250209262909755203e-03
5.258631746465096055e-03
5.267154717668356620e-03
5.275666021850630716e-03
5.284065749327869835e-03
5.292441514906032901e-03
5.300931528747489414e-03
5.309468034950498572e-03
5.317912029806788274e-03
5.326274311332250544e-03
5.334718389132108926e-03
5.343250593630883942e-03
5.351743272963065297e-03
5.360130027319393552e-03
5.368526590813276107e-03
5.377029568438279269e-03
5.385556605107089112e-03
5.393989095599790312e-03
5.402355694271195399e-03
5.410810673930862777e-03
5.419348210003334214e-03
5.427829900635969783e-03
5.436199014841316610e-03
5.444606320470730954e-03
5.453125957612801195e-03
5.461642785582179228e-03
5.470052185093429720e-03
5.478428998348108640e-03
5.486906225582601805e-03
5.495440237655993716e-03
5.503903454372531881e-03
5.512274593813162003e-03
5.520698038024900167e-03
5.529223058764961424e-03
5.537733058634059825e-03
5.546127940848522876e-03
5.554505908342539586e-03
5.562999835524272928e-03
5.571534555590203566e-03
5.579974892658938652e-03
5.588340106862998286e-03
5.596786756088718839e-03
5.605318603793235654e-03
5.613810128923750475e-03
5.622196452499080184e-03
5.630593548789608084e-03
5.639097701619086647e-03
5.647624924412233786e-03
5.656054357399228905e-03
5.664417957466994294e-03
5.672877404721626653e-03
5.681416383061297856e-03
5.689893009097632924e-03
5.698261618409051002e-03
5.706673818950711713e-03
5.715194160337367345e-03
5.723709394940022961e-03
5.732118634933342470e-03
5.740496694879049580e-03
5.748974442979503351e-03
5.757508477937661392e-03
5.765971314880534784e-03
5.774341239084838408e-03
5.782764817774518375e-03
5.791291553747729588e-03
5.799800268984808306e-03
5.808190768903128201e-03
5.816570781657934633e-03
5.825068383931614018e-03
5.833600500740812080e-03
5.842038530723804232e-03
5.850406506264205740e-03
5.858855141659835390e-03
5.867386845646541116e-03
5.875877469261760362e-03
5.884263614517186956e-03
5.892661214976384343e-03
5.901165748571450369e-03
5.909693255717390556e-03
5.918121583621373596e-03
5.926484094427318487e-03
5.934945395514586858e-03
5.943484540881179869e-03
5.951959405494112836e-03
5.960326755553160133e-03
5.968742112657219462e-03
5.977262330482436235e-03
5.985776437013379421e-03
5.994185605848524091e-03
6.002563813406805275e-03
6.011042587671684180e-03
6.019577082828171319e-03
6.028038026911099537e-03
6.036404608408414349e-03
6.044830147003181497e-03
6.053360310037882337e-03
6.061864249064697827e-03
6.070250457571010720e-03
6.078637300340000715e-03
6.087137199350600540e-03
6.095666885119189332e-03
6.104103441265025000e-03
6.112472906912041863e-03
6.120923298509769322e-03
6.129456063939730387e-03
6.137944945146340744e-03
6.146323943275200548e-03
6.154720517988522543e-03
6.163234289170491445e-03
6.171758081987022485e-03
6.180169160585651661e-03
6.188539530308703046e-03
6.197014718778618911e-03
6.205549615489072343e-03
6.214014493548157547e-03
6.222386455913797923e-03
6.230808544104257315e-03
6.239332212508870955e-03
6.247843044222958948e-03
6.256239651610908704e-03
6.264615131803452988e-03
6.273109357130250523e-03
6.281643696296980092e-03
6.290082427869721216e-03
6.298448428261828672e-03
6.306896288950957115e-03
6.315428143002814985e-03
6.323919252081126700e-03
6.332304590921244633e-03
6.340701115722063679e-03
6.349206827348565993e-03
6.357734522654897094e-03
6.366159313169926330e-03
6.374521576318161777e-03
6.382986325008407555e-03
6.391524998337483852e-03
6.399993999580735546e-03
6.408364068142906843e-03
6.416783388580285692e-03
6.425303846225131031e-03
6.433816662346632589e-03
6.442224191162735682e-03
6.450601624690038664e-03
6.459082532332648119e-03
6.467619131819333199e-03
6.476073922340273327e-03
6.484433786303744722e-03
6.492868250214772242e-03
6.501401694591651959e-03
6.509897238957815073e-03
6.518282534789362342e-03
6.526677294518206524e-03
6.535179386790880909e-03
6.543707102600957413e-03
6.552140933542738473e-03
6.560507603107316836e-03
6.568961123768771171e-03
6.577498576148897019e-03
6.585979100865202093e-03
6.594346264531100212e-03
6.602756289207810901e-03
6.611276657406267576e-03
6.619791845245636373e-03
6.628200414973511173e-03
6.636577875414893628e-03
6.645056597721730497e-03
6.653591676735907262e-03
6.662051705131703458e-03
6.670415807569914438e-03
6.678842884412715744e-03
6.687375087926933706e-03
6.695876007953202244e-03
6.704260369547901909e-03
6.712650716867115709e-03
6.721152183489960408e-03
6.729680379036900861e-03
6.738115776458951205e-03
6.746484585417169243e-03
6.754936296302294779e-03
6.763471555384308921e-03
6.771956546542560323e-03
6.780326660452487553e-03
6.788730432301764463e-03
6.797249777862548678e-03
6.805767326716845311e-03
6.814175868995890444e-03
6.822552487315300049e-03
6.831030241169538421e-03
6.839564889998846556e-03
6.848027153009079819e-03
6.856394526127548676e-03
6.864818516281220862e-03
6.873348152098339610e-03
6.881852835022250932e-03
6.890238250656329812e-03
6.898624918483014373e-03
6.907125495953119788e-03
6.915654519365050344e-03
6.924090668800834091e-03
6.932459726545714407e-03
6.940910570884445407e-03
6.949444841344747277e-03
6.957931696779563399e-03
6.966304623225094347e-03
6.974705170977441721e-03
6.983223252788928886e-03
6.991742824781502219e-03
7.000151794260893630e-03
7.008526474805217878e-03
7.017003503835612076e-03
7.025538185521031272e-03
7.034001412825602491e-03
7.042370918316864445e-03
7.050793880752512233e-03
7.059321306859230212e-03
7.067828890493333543e-03
7.076216089912021161e-03
7.084599065131576799e-03
7.093098827276900567e-03
7.101628805127172851e-03
7.110064924891205430e-03
7.118433739887656750e-03
7.126884360994464353e-03
7.135418256303047504e-03
7.143905672895550785e-03
7.152279449747342768e-03
7.160678947204268327e-03
7.169196877585818327e-03
7.177716434055116286e-03
7.186125004652006015e-03
7.194499898476314215e-03
7.202977221584215550e-03
7.211511961527212328e-03
7.219974761875585720e-03
7.228342559082129130e-03
7.236766056663770409e-03
7.245295247905319223e-03
7.253800376263874576e-03
7.262185739281467635e-03
7.270572029978508710e-03
7.279072691972774366e-03
7.287601683346596644e-03
7.296037429719107528e-03
7.304406309709461469e-03
7.312857348775876967e-03
7.321392348930452591e-03
7.329877807988133265e-03
7.338248136628900374e-03
7.346651314385280879e-03
7.355170662997375167e-03
7.363688175859525904e-03
7.372096471774559380e-03
7.380472989813398679e-03
7.388951067768928863e-03
7.397485872504782484e-03
7.405947449871278648e-03
7.414312668018566838e-03
7.422738218658231184e-03
7.431269443955450422e-03
7.439771451203109134e-03
7.448155592746218134e-03
7.456545244310858189e-03
7.465046786473327790e-03
7.473575161193498316e-03
7.482010321388729741e-03
7.490378479370456317e-03
7.498830396156619393e-03
7.507366432600176727e-03
7.515850054448654921e-03
7.524218914047310115e-03
7.532624715896628353e-03
7.541144676294175668e-03
7.549661173761528649e-03
7.558069603065873006e-03
7.566446599299074885e-03
7.574925076945153955e-03
7.583459923031668319e-03
7.591920769875108374e-03
7.600285171339762717e-03
7.608711627113776479e-03
7.617243710554874592e-03
7.625744078454071637e-03
7.634128105296513270e-03
7.642519131744954751e-03
7.651020927894691334e-03
7.659549245640187749e-03
7.667983858273396541e-03
7.676351272508526689e-03
7.684803692715369908e-03
7.693340564138229087e-03
7.701822417377414409e-03
7.710189662117590895e-03
7.718598499078064591e-03
7.727118845032733725e-03
7.735634200858119112e-03
7.744042670058686947e-03
7.752420030981982922e-03
7.760898878149053923e-03
7.769434335842491379e-03
7.777893607686233932e-03
7.786255546312068239e-03
7.794684649204002697e-03
7.803217678477356208e-03
7.811715924725873457e-03
7.820100267843915418e-03
7.828493125875579661e-03
7.836995296624554158e-03
7.845523244188336298e-03
7.853956922107038774e-03
7.862322848326965680e-03
7.870776741576423000e-03
7.879314863584263237e-03
7.887793204660467974e-03
7.896159768689188507e-03
7.904571977893114568e-03
7.913092653401966256e-03
7.921606746016324543e-03
7.930015009997046921e-03
7.938392580975627694e-03
7.946872289680828594e-03
7.955408501973883217e-03
7.963863956453877749e-03
7.972223139721793667e-03
7.980657636573950178e-03
7.989191173217008099e-03
7.997686155210279035e-03
8.006071146588510448e-03
8.014466136192851739e-03
8.022969122697622482e-03
8.031496902434929683e-03
8.039928131075964324e-03
8.048291060612004083e-03
8.056749071705214885e-03
8.065288555673243848e-03
8.073760811441427210e-03
8.082128446975301445e-03
8.090545905370134100e-03
8.099066888776465870e-03
8.107579955805408953e-03
8.115986724030544233e-03
8.124362973878387212e-03
8.132845199067864281e-03
8.141382443286595758e-03
8.149831999188913642e-03
8.158190808182280707e-03
8.166631399603462016e-03
8.175164540664131910e-03
8.183657147176469360e-03
8.192043018163862322e-03
8.200439256651910133e-03
8.208943272284528053e-03
8.217471160089126481e-03
8.225897624718940884e-03
8.234258850702247737e-03
8.242722738099337795e-03
8.251261581213489849e-03
8.259730154141270778e-03
8.268099798966940459e-03
8.276519492914892473e-03
8.285040945244764865e-03
8.293553416175028850e-03
8.301957813963607019e-03
8.310332206343126749e-03
8.318818468008134376e-03
8.327355693308956947e-03
8.335798544833392110e-03
8.344159975976530794e-03
8.352605816526857338e-03
8.361138312527249469e-03
8.369629627625557386e-03
8.378014410550646898e-03
8.386410212012194651e-03
8.394916911918891625e-03
8.403444618629161283e-03
8.411863929156080527e-03
8.420226677360581960e-03
8.428696990905806471e-03
8.437234039875065109e-03
8.445699709871370975e-03
8.454071558584111759e-03
