0.000000000000000000e+00
8.371048959937402279e-06
1.688154412010319151e-05
2.540535345321952079e-05
3.379428624776880345e-05
4.214954628829288747e-05
5.064185741535471772e-05
5.917138384286162254e-05
6.757485206819859123e-05
7.592174670555199836e-05
8.439989200059377981e-05
9.293916733646378993e-05
1.013657478496208695e-04
1.097065067730662157e-04
1.181649994850950591e-04
1.267039343761406246e-04
1.351473032975253992e-04
1.434846199127501581e-04
1.519241596913998920e-04
1.604646471802117656e-04
1.689291328412637950e-04
1.772720469807111707e-04
1.856921597901510241e-04
1.942288971627360405e-04
2.027110339009001851e-04
2.110576601919307549e-04
2.194578450187769259e-04
2.279854901309902033e-04
2.364832823065334075e-04
2.448432463236060574e-04
2.532272784566213879e-04
2.617482751788205550e-04
2.702618042245919709e-04
2.786363804510927963e-04
2.870014237666267684e-04
2.955063237996957280e-04
3.040287176093479991e-04
3.124176929455246376e-04
3.207733633966847056e-04
3.292659787949526128e-04
3.378007334310547381e-04
3.462113270311349428e-04
3.545557822274460072e-04
3.630287263990382993e-04
3.715650754033801790e-04
3.799918340590579722e-04
3.883311018784709433e-04
3.967874458045475821e-04
4.053296500432834780e-04
4.137793476622959486e-04
4.221187092882514773e-04
4.305548740766606988e-04
4.390938632747599913e-04
4.475594724674869431e-04
4.559010786658830908e-04
4.643170168840947691e-04
4.728524274462897405e-04
4.813379630376819654e-04
4.896893713842782230e-04
4.980872909894786373e-04
5.066160486816807459e-04
5.151175418921258384e-04
5.234776033206744008e-04
5.318571613639884151e-04
5.403727285976389367e-04
5.488864493010523664e-04
5.572633383877745143e-04
5.656287695457550132e-04
5.741348834876173904e-04
5.826623574592852206e-04
5.910564442079131427e-04
5.994079747325300848e-04
6.078947222196928952e-04
6.164271835165104855e-04
6.248378195902506418e-04
6.331824907873176162e-04
6.416546791065896134e-04
6.501959402575867471e-04
6.586296686827705985e-04
6.669682886922236520e-04
6.754204427209506466e-04
6.839595110547167086e-04
6.924090184860648423e-04
7.007479033867994398e-04
7.091807665997734711e-04
7.177214380007109450e-04
7.261933171568453601e-04
7.345372997425044220e-04
7.429509322933308939e-04
7.514853190727153846e-04
7.599723519727495918e-04
7.683227957757551808e-04
7.767170982283959140e-04
7.852428679081974736e-04
7.937469175530190374e-04
8.021120246818446830e-04
8.104895920377640402e-04
8.190063481629850399e-04
8.275240171758773116e-04
8.359027928935414261e-04
8.442640935613027545e-04
8.527641688660270603e-04
8.612908568982818392e-04
8.696880511656813638e-04
8.780388441975254003e-04
8.865263121193681138e-04
8.950636620579794896e-04
9.034800789000054693e-04
9.118226505903749340e-04
9.202884932670896178e-04
9.288265744948491541e-04
9.372611621754461378e-04
9.456001553297104650e-04
9.540497354190016288e-04
9.625929015773268625e-04
9.710500179192345588e-04
9.793892078509831671e-04
9.878183872376637090e-04
9.963556679685394053e-04
1.004827114353050487e-03
1.013172320854764750e-03
1.021581168832102300e-03
1.030115633936723278e-03
1.038608648045530325e-03
1.046963096262526743e-03
1.055354602628713742e-03
1.063879142588092372e-03
1.072384988866891160e-03
1.080750373376620967e-03
1.089124243171511264e-03
1.097636316651767014e-03
1.106156052911179844e-03
1.114539772208226944e-03
1.122899629622224919e-03
1.131399921657766979e-03
1.139930311024622009e-03
1.148330412634544946e-03
1.156678612371191909e-03
1.165158912448946600e-03
1.173694513054446232e-03
1.182114612558545505e-03
1.190456013870246207e-03
1.198921829243864258e-03
1.207464275477912073e-03
1.215904597823275332e-03
1.224243149567841044e-03
1.232686593548747676e-03
1.241225559182075307e-03
1.249683739381853183e-03
1.258023966534604779e-03
1.266449610876426487e-03
1.274989656060200333e-03
1.283469264369534049e-03
1.291815668492765027e-03
1.300221053634382368e-03
1.308751396867592533e-03
1.317244016731887978e-03
1.325600278965553044e-03
1.333986830180401749e-03
1.342510239296870831e-03
1.351021704193537025e-03
1.359392163354792866e-03
1.367763640031364634e-03
1.376273636418583321e-03
1.384794448484712214e-03
1.393180544339889726e-03
1.401536133103558875e-03
1.410031031392733206e-03
1.418562715352499190e-03
1.426968289162749114e-03
1.435315332473388389e-03
1.443795335009762657e-03
1.452333971846526961e-03
1.460757150568449013e-03
1.469098142694879412e-03
1.477555765396322465e-03
1.486095371350371888e-03
1.494539332930065918e-03
1.502877585885341229e-03
1.511320145934223064e-03
1.519862646814840483e-03
1.528326469355084953e-03
1.536667823237606364e-03
1.545087620794178543e-03
1.553622650485432391e-03
1.562102183353421096e-03
1.570450158221098911e-03
1.578852417278446985e-03
1.587384490127172415e-03
1.595884142067586315e-03
1.604243437917624244e-03
1.612627148555080504e-03
1.621145921421955497e-03
1.629656337811073762e-03
1.638028367834088632e-03
1.646395683250011623e-03
1.654903915921236311e-03
1.663429399416763458e-03
1.671819761661121929e-03
1.680175377786531339e-03
1.688667656414781504e-03
1.697199545922010002e-03
1.705607747113690618e-03
1.713951361547816224e-03
1.722425830224335545e-03
1.730964553979086763e-03
1.739392922138768751e-03
1.747733252877638329e-03
1.756191039412201196e-03
1.764733069877730005e-03
1.773180244759608049e-03
1.781518925900616975e-03
1.789953949232109091e-03
1.798492422250096709e-03
1.806958903772515161e-03
1.815300516170831064e-03
1.823719625605389229e-03
1.832257348119621567e-03
1.840742726102700998e-03
1.849093558903199550e-03
1.857489913015782914e-03
1.866016604392053404e-03
1.874515332714728590e-03
1.882875911224457435e-03
1.891256964688515499e-03
1.899776561602538718e-03
1.908293014807511262e-03
1.916669814381311270e-03
1.925035181260838658e-03
1.933538502072770131e-03
1.942062274227422712e-03
1.950454604534029726e-03
1.958805919234735734e-03
1.967295928933134389e-03
1.975831024697283222e-03
1.984243375623185885e-03
1.992588416505285120e-03
2.001060495815066773e-03
2.009599247987025380e-03
2.018029717409895989e-03
2.026368212026316822e-03
2.034820035798196123e-03
2.043360629990166079e-03
2.051811701275968458e-03
2.060151308687025676e-03
2.068586143761410191e-03
2.077126773989199874e-03
2.085597023660405898e-03
2.093939673076043641e-03
2.102351990511347989e-03
2.110884801186401882e-03
2.119371242644746845e-03
2.127722299940093022e-03
2.136118857927714332e-03
2.144647366419169272e-03
2.153151668966609388e-03
2.161516708395037553e-03
2.169892611868249731e-03
2.178406660905284845e-03
2.186921538252353803e-03
2.195298368795457322e-03
2.203661942874866712e-03
2.212165341146848062e-03
2.220694450875636793e-03
2.229091857775781713e-03
2.237443102962874322e-03
2.245928554890090807e-03
2.254461711618993038e-03
2.262876240195175852e-03
2.271217115521844548e-03
2.279686276679902032e-03
2.288226655931161792e-03
2.296661935438611742e-03
2.305002197513620482e-03
2.313452083986059990e-03
2.321993129006468329e-03
2.330447008499196820e-03
2.338785196344134870e-03
2.347214105803224066e-03
2.355751918373542690e-03
2.364224857611687235e-03
2.372569778651432114e-03
2.380981532798750328e-03
2.389516400324788892e-03
2.398007415161582372e-03
2.406361134062029363e-03
2.414750943766867403e-03
2.423274171453175443e-03
2.431778355970518578e-03
2.440143700366559538e-03
2.448519849846307606e-03
2.457035022561838457e-03
2.465555255350972055e-03
2.473938203863005648e-03
2.482297773514102659e-03
2.490795655315631695e-03
2.499322770991689764e-03
2.507720275254129560e-03
2.516069825348240391e-03
2.524554106591642231e-03
2.533091789073519534e-03
2.541511650514451104e-03
2.549853835431240175e-03
2.558319070944901300e-03
2.566858035015687819e-03
2.575294838598370540e-03
2.583632556634684295e-03
2.592078574995299034e-03
2.600619844723618505e-03
2.609078017177339330e-03
2.617419327515141045e-03
2.625846209310994141e-03
2.634384916644224098e-03
2.642861440855092704e-03
2.651204992344212332e-03
2.659611860450998740e-03
2.668142544401006996e-03
2.676635224066417889e-03
2.684991122063743081e-03
2.693380859232779104e-03
2.701905820171472510e-03
2.710415138548998969e-03
2.718784379520191880e-03
2.727154631954783505e-03
2.735664330814783617e-03
2.744183642886661740e-03
2.752566996838493388e-03
2.760926366984513443e-03
2.769424492572991007e-03
2.777956903360900669e-03
2.786361200028876928e-03
2.794708056921452275e-03
2.803187285552853451e-03
2.811722546015906106e-03
2.820143192872775258e-03
2.828483790440984493e-03
2.836946338499853060e-03
2.845488417772351619e-03
2.853931644470332658e-03
2.862270614948501501e-03
2.870713480023175720e-03
2.879253642363804096e-03
2.887713282237022033e-03
2.896053195119300053e-03
2.904475808073239945e-03
2.913013293847124905e-03
2.921493323978100257e-03
2.929841547294424059e-03
2.938245697377786514e-03
2.946777538736226019e-03
2.955274114553294723e-03
2.963630216189445769e-03
2.972015216371698063e-03
2.980534981410485392e-03
2.989044882300325844e-03
2.997416696184205913e-03
3.005786692789402543e-03
3.014297541214398801e-03
3.022821911070577676e-03
3.031209954507127838e-03
3.039565333042426685e-03
3.048057412762747876e-03
3.056587863864502000e-03
3.064992957775031050e-03
3.073339681646696572e-03
3.081817811992066183e-03
3.090358002234405883e-03
3.098785501415486556e-03
3.107124919935296079e-03
3.115583100412205354e-03
3.124122313105166804e-03
3.132565689928961533e-03
3.140904521194926979e-03
3.149343513289814926e-03
3.157885374164200957e-03
3.166351827311262006e-03
3.174693790337520822e-03
3.183113341948176807e-03
3.191649506734373174e-03
3.200131444297138299e-03
3.208478752555706838e-03
3.216878772606522868e-03
3.225407708912945721e-03
3.233907726625313145e-03
3.242268888779034717e-03
3.250651273505386976e-03
3.259171504544707172e-03
3.267685308626304408e-03
3.276059273524519443e-03
3.284424595048792989e-03
3.292929159818008648e-03
3.301453473098308992e-03
3.309845658875962097e-03
3.318199417841620220e-03
3.326691758396203586e-03
3.335227098784007953e-03
3.343637627623440196e-03
3.351981937233561130e-03
3.360453106265748596e-03
3.368990371886343860e-03
3.377419651464240186e-03
3.385759276631446820e-03
3.394214723797978148e-03
3.402758004599746016e-03
3.411209414335517401e-03
3.419547890001529283e-03
3.427982349053678313e-03
3.436520590231688377e-03
3.444986936606665197e-03
3.453330283064836009e-03
3.461744919379731306e-03
3.470281627790278937e-03
3.478770285768791829e-03
3.487121503574430997e-03
3.495518046938939256e-03
3.504044890598118685e-03
3.512546241671998457e-03
3.520908113108183954e-03
3.529286154510684163e-03
3.537802348224275851e-03
3.546319150092006999e-03
3.554698224909634118e-03
3.563061872743274530e-03
3.571566124487830177e-03
3.580093632372698381e-03
3.588488153699807576e-03
3.596839359886707787e-03
3.605324434868350993e-03
3.613858653746297288e-03
3.622273567300397703e-03
3.630616584564252611e-03
3.639087712339703334e-03
3.647629212398448978e-03
3.656063621089912334e-03
3.664402273039262838e-03
3.672851297747032305e-03
3.681390473948644750e-03
3.689843071810236519e-03
3.698182384212289966e-03
3.706614103138931426e-03
3.715155414435085141e-03
3.723629511532121350e-03
3.731973663208384452e-03
3.740384492253523777e-03
3.748916808727261948e-03
3.757404704000861725e-03
3.765757378509208136e-03
3.774149498971464487e-03
3.782676136904505101e-03
3.791183500487130958e-03
3.799549569046185328e-03
3.807925609524301456e-03
3.816439158207003083e-03
3.824956132300233718e-03
3.833337340816947610e-03
3.841696489374544707e-03
3.850196318897063444e-03
3.858725606564084899e-03
3.867125380804354966e-03
3.875475327873034032e-03
3.883960425288268681e-03
3.892497205357622805e-03
3.900914215810104713e-03
3.909256565660313570e-03
3.917720077167921762e-03
3.926258997707697020e-03
3.934696968630051715e-03
3.943035369062442182e-03
3.951484137845628040e-03
3.960026970847769535e-03
3.968484625421826728e-03
3.976824921033590872e-03
3.985250424338651100e-03
3.993786933110332962e-03
4.002260977012592029e-03
4.010606326300199427e-03
4.019014710610326231e-03
4.027549280996856051e-03
4.036043908510545015e-03
4.044399420108798181e-03
4.052788547760412426e-03
4.061310617972153751e-03
4.069816587900754526e-03
4.078183877541607071e-03
4.086555971676421144e-03
4.095068588789062096e-03
4.103590567124859069e-03
4.111975331805788926e-03
4.120334784167961270e-03
4.128832036715020595e-03
4.137361250466238018e-03
4.145763183918496977e-03
4.154109648003126432e-03
4.162589705476163124e-03
4.171126935687638308e-03
4.179548897737702697e-03
4.187890652330448875e-03
4.196354468011780602e-03
4.204895899562684919e-03
4.213336871093103717e-03
4.221675003342150595e-03
4.230116545695968358e-03
4.238655488974685422e-03
4.247115794865759242e-03
4.255455888316045723e-03
4.263881423767026425e-03
4.272420861036409570e-03
4.280900427217081833e-03
4.289248528704501032e-03
4.297650677430210966e-03
4.306180046108996559e-03
4.314673861988981701e-03
4.323029999249710688e-03
4.331416897807228994e-03
4.339940210456997779e-03
4.348452276815429132e-03
4.356823969229978513e-03
4.365194095443068571e-03
4.373702025597103575e-03
4.382222252998092815e-03
4.390609017087208563e-03
4.398963889639388725e-03
4.407459243572167500e-03
4.415991953017492366e-03
4.424397965656257266e-03
4.432745531187306035e-03
4.441223454527940678e-03
4.449760905134831322e-03
4.458184928060994826e-03
4.466524420865545901e-03
4.474982552007995482e-03
4.483522863418443714e-03
4.491967427344124852e-03
4.500306666271258575e-03
4.508748095525840632e-03
4.517289652864854912e-03
4.525753816028660857e-03
4.534094588961526916e-03
4.542513323121550976e-03
4.551048213116073646e-03
4.559529010618700029e-03
4.567876967290238586e-03
4.576279623233117828e-03
4.584811161569027523e-03
4.593310549283447473e-03
4.601671168181337666e-03
4.610052662991204371e-03
4.618570577510515765e-03
4.627081642400149471e-03
4.635453317041699633e-03
4.643821421340080247e-03
4.652329664233004723e-03
4.660855586086617812e-03
4.669247125952363624e-03
4.677601702744426868e-03
4.686092764092195107e-03
4.694623948839725738e-03
4.703032206453345958e-03
4.711375638125656767e-03
4.719850596300310605e-03
4.728390115408037143e-03
4.736819076285715344e-03
4.745160085786536731e-03
4.753616198057182204e-03
4.762157242621313166e-03
4.770605169982252043e-03
4.778942311919488067e-03
4.787377941463771304e-03
4.795917012801832746e-03
4.804384096460767410e-03
4.812726987646122681e-03
4.821145014739195746e-03
4.829682181839095936e-03
4.838167847083225601e-03
4.846518230901044992e-03
4.854913876579602071e-03
4.863440506350816435e-03
4.871940387277644800e-03
4.880301532093716393e-03
4.888682805909389667e-03
4.897202007412422911e-03
4.905718574016669151e-03
4.914096190583873945e-03
4.922459962066372437e-03
4.930962640691738917e-03
4.939487108186536336e-03
4.947879381862719909e-03
4.956232008292389864e-03
4.964721605078096199e-03
4.973257646338044742e-03
4.981671762066198356e-03
4.990015498071305976e-03
4.998486295548045140e-03
5.007024515777387490e-03
5.015455182591166405e-03
5.023793785733077916e-03
5.032245798045221347e-03
5.040787647818293499e-03
5.049240265140754816e-03
5.057580566820004883e-03
5.066013477385600088e-03
5.074553317024037974e-03
5.083024392625287539e-03
5.091365678247804748e-03
5.099778439095351348e-03
5.108311795026127325e-03
5.116799933460799976e-03
5.125152836613753975e-03
5.133547698267300341e-03
5.142075705326819811e-03
5.150580811486555992e-03
5.158945383373123028e-03
5.167320605487703798e-03
5.175834079186590261e-03
5.184350363344018831e-03
5.192729248744297824e-03
5.201092231011843377e-03
5.209595073750816242e-03
5.218125025041138107e-03
5.226523767103401913e-03
5.234873067011012321e-03
5.243357428580757394e-03
5.251891309284452067e-03
5.260306342480039303e-03
5.268649052659546243e-03
5.277116989917819689e-03
5.285658865588641064e-03
5.294096910232790054e-03
5.302435767891870190e-03
5.310883762452571315e-03
5.319423975976878514e-03
5.327878444220633669e-03
5.336217316955954408e-03
5.344645626877081793e-03
5.353184906839984596e-03
5.361660705412165176e-03
5.370006692288925923e-03
5.378415823348681873e-03
5.386949381745930257e-03
5.395441298462828189e-03
5.403794525918484068e-03
5.412183945545402490e-03
5.420707144157115367e-03
5.429214209187617664e-03
5.437582729309655902e-03
5.445956406284362984e-03
5.454470476970939632e-03
5.462991721473756113e-03
5.471374620197005066e-03
5.479733491852826349e-03
5.488229390091408678e-03
5.496757989424758822e-03
5.505158953034988180e-03
5.513507824596666079e-03
5.521990817062930393e-03
5.530529758847708803e-03
5.538951906020487224e-03
5.547292311778638171e-03
5.555754951664181908e-03
5.564293706610512827e-03
5.572731816114977720e-03
5.581071181483742046e-03
5.589515438076405641e-03
5.598058164596598010e-03
5.606520057225694922e-03
5.614860489904679487e-03
5.623284936696079303e-03
5.631821748528021213e-03
5.640298747235840231e-03
5.648643961655141869e-03
5.657049006323238739e-03
5.665580714192768215e-03
5.674076983978415360e-03
5.682434881800115661e-03
5.690821770171747111e-03
5.699344544976963148e-03
5.707854268980163716e-03
5.716223881462320980e-03
5.724593355681137363e-03
5.733101789556427179e-03
5.741623641997423491e-03
5.750011355582398780e-03
5.758368261207680305e-03
5.766864793633042982e-03
5.775397719316958250e-03
5.783802627663310429e-03
5.792148916973331903e-03
5.800625025747946535e-03
5.809161072237179098e-03
5.817585282015943701e-03
5.825925907407176335e-03
5.834386869892845690e-03
5.842929823741149255e-03
5.851375510994974438e-03
5.859713895806417661e-03
5.868153148253112128e-03
5.876691788115704501e-03
5.885152742412502400e-03
5.893494587606315158e-03
5.901915061971712249e-03
5.910453469036337955e-03
5.918937217361853326e-03
5.927285593448749362e-03
5.935687515833938319e-03
5.944216239431440382e-03
5.952712514840719296e-03
5.961071174894402858e-03
5.969453688003219932e-03
5.977973595418070024e-03
5.986486834381395637e-03
5.994861195098653145e-03
6.003229153287981817e-03
6.011737210749120049e-03
6.020261362976012803e-03
6.028649934897123766e-03
6.037004723856882749e-03
6.045494532254547075e-03
6.054026462369181683e-03
6.062435733149747208e-03
6.070780947301956075e-03
6.079257533904788673e-03
6.087797572737458848e-03
6.096225984069995017e-03
6.104565272523836128e-03
6.113019804332361050e-03
6.121558629613964297e-03
6.130005286913372403e-03
6.138344249100977264e-03
6.146782031903983735e-03
6.155324102959172650e-03
6.163792398848591710e-03
6.172134762708282076e-03
6.180551173234912800e-03
6.189084948624900932e-03
6.197567307163276765e-03
6.205916522109727537e-03
6.214314697710198072e-03
6.222844158362995405e-03
6.231346534329483891e-03
6.239708223167341437e-03
6.248089683219287642e-03
6.256606751378479027e-03
6.265119319109405983e-03
6.273495368165341556e-03
6.281858765010751335e-03
6.290363155950889559e-03
6.298889365215550734e-03
6.307283209489482519e-03
6.315636634474314573e-03
6.324126796155160254e-03
6.332661181043213253e-03
6.341071953799510066e-03
6.349415901449957829e-03
6.357885303771800868e-03
6.366422743893929148e-03
6.374854429313529282e-03
6.383193576024528970e-03
6.391648480903617049e-03
6.400191099448570425e-03
6.408642407555457249e-03
6.416982112301465764e-03
6.425413261166708530e-03
6.433950554946735179e-03
6.442418414046248779e-03
6.450761619511619256e-03
6.459176301211100833e-03
6.467712837180591805e-03
6.476201876976880878e-03
6.484553971826466194e-03
6.492948959475108861e-03
6.501473602158604030e-03
6.509974576959415976e-03
6.518337430902658956e-03
6.526714531557177047e-03
6.535231164018532983e-03
6.543749155025713367e-03
6.552128522941166877e-03
6.560492214811515163e-03
6.568994020666510045e-03
6.577520110953709656e-03
6.585915732936048136e-03
6.594265418984832268e-03
6.602750761528814079e-03
6.611285966079019465e-03
6.619701645779933405e-03
6.628045310888592591e-03
6.636514869258920528e-03
6.645055109617892426e-03
6.653490124343342665e-03
6.661828141639527211e-03
6.670275673176450162e-03
6.678814738976347927e-03
6.687268988050385117e-03
6.695608178587847230e-03
6.704039855448747608e-03
6.712580457842265945e-03
6.721054205188575076e-03
6.729400103999669952e-03
6.737807734824865190e-03
6.746339124406415359e-03
6.754828060361930779e-03
6.763180282020687765e-03
6.771573031693522288e-03
6.780099617581548770e-03
6.788607115262718962e-03
6.796974171033512771e-03
6.805349105532966514e-03
6.813861127688614072e-03
6.822377544447092573e-03
6.830758983034364122e-03
6.839117808276959712e-03
6.847618105196907369e-03
6.856148193847628330e-03
6.864548179846521186e-03
6.872898576212646722e-03
6.881381926620234318e-03
6.889917602936211985e-03
6.898335440306629061e-03
6.906676208427198725e-03
6.915140445061500850e-03
6.923680175481972468e-03
6.932118398882644063e-03
6.940457774233148650e-03
6.948905528548564303e-03
6.957447546838829711e-03
6.965905555818285161e-03
6.974245025532991096e-03
6.982669944097906131e-03
6.991206501231765971e-03
6.999681751677380714e-03
7.008027109414932850e-03
7.016435780623169090e-03
7.024969854854245382e-03
7.033464229453606845e-03
7.041820846892038119e-03
7.050207867114403025e-03
7.058729108196453231e-03
7.067236078329399568e-03
7.075603121804672005e-03
7.083975904078815451e-03
7.092488594548559781e-03
7.101011062182690375e-03
7.109397056836336791e-03
7.117755192900316295e-03
7.126251333935379462e-03
7.134780194105991118e-03
7.143182183514990187e-03
7.151528598908721973e-03
7.160009081604235687e-03
7.168547393175922315e-03
7.176970194935424971e-03
7.185312321900308614e-03
7.193774434883201500e-03
7.202315032542188494e-03
7.210757035412012662e-03
7.219093514575662673e-03
7.227535652228572575e-03
7.236075627501009286e-03
7.244536813639119825e-03
7.252878184752089424e-03
7.261302389069293137e-03
7.269841387484757798e-03
7.278321552534619543e-03
7.286668920095744871e-03
7.295070522420992604e-03
7.303600003809720270e-03
7.312095255612999743e-03
7.320452302084219480e-03
7.328839015541859653e-03
7.337362005000539963e-03
7.345874479638346034e-03
7.354246993539663782e-03
7.362615291434701330e-03
7.371122607664229616e-03
7.379643912865886148e-03
7.388030734885690787e-03
7.396386866133113601e-03
7.404881802674952856e-03
7.413415663888055229e-03
7.421823674545927930e-03
7.430169541637006436e-03
7.438646020260211190e-03
7.447183188847030476e-03
7.455607534808308262e-03
7.463947212640495779e-03
7.472405369682533390e-03
7.480947281736363350e-03
7.489394046596536438e-03
7.497733696942604671e-03
7.506172720534462148e-03
7.514713349300454134e-03
7.523178600087335015e-03
7.531518130405082632e-03
7.539936867057770754e-03
7.548472441250854079e-03
7.556955427613010721e-03
7.565305352924342995e-03
7.573705860856572679e-03
7.582236777254498621e-03
7.590737210022004307e-03
7.599097181510861866e-03
7.607477932570924639e-03
7.615995116920079057e-03
7.624507654829393820e-03
7.632881848549282269e-03
7.641249060585062272e-03
7.649756515236949203e-03
7.658283501811425850e-03
7.666676521143409549e-03
7.675028836216042129e-03
7.683518395318010390e-03
7.692050270700101847e-03
7.700459126018988423e-03
7.708804071649907885e-03
7.717277777334837809e-03
7.725818717200916459e-03
7.734250637191721067e-03
7.742589967830987470e-03
7.751043950757340040e-03
7.759584046693859642e-03
7.768032526624018934e-03
7.776370479776357862e-03
7.784805122634757060e-03
7.793345602256999613e-03
7.801815785681912030e-03
7.810159582476179814e-03
7.818574742500720640e-03
7.827110288331856625e-03
7.835596740142855218e-03
7.843946830228378311e-03
7.852341770104515409e-03
7.860868183222128464e-03
7.869370770754871916e-03
7.877734873505329652e-03
7.886113614705630298e-03
7.894631557459673085e-03
7.903148956545346868e-03
7.911526310193092021e-03
7.919889446811894176e-03
7.928390079003300867e-03
7.936915753631368364e-03
7.945311046118898671e-03
7.953662928428447201e-03
7.962151466619436443e-03
7.970688484319607067e-03
7.979104255304434595e-03
7.987446340725797012e-03
7.995914746870638051e-03
8.004452643878043339e-03
8.012884220876009822e-03
8.021224148601886414e-03
8.029674697711979003e-03
8.038217622910841242e-03
8.046673349455427116e-03
8.055012603919605579e-03
8.063443408122296374e-03
8.071981316939974907e-03
8.080452348949853508e-03
8.088795272940582648e-03
8.097206390412864385e-03
8.105740471963135407e-03
8.114231371178212693e-03
8.122585470644531902e-03
8.130978244834153462e-03
8.139504304368421622e-03
8.148009376306131549e-03
8.156374006237122887e-03
8.164748788915637129e-03
8.173261310633499199e-03
8.181779324952703769e-03
8.190161406509155820e-03
8.198522500066560831e-03
8.207024094327037764e-03
8.215554146410827818e-03
8.223952885781949176e-03
8.232301899949938384e-03
8.240783731376235405e-03
8.249317885392381741e-03
8.257735752772745602e-03
8.266077928480254633e-03
8.274545073049354230e-03
8.283087329109111233e-03
8.291526452284463805e-03
8.299865085094962347e-03
8.308310381015929919e-03
8.316849364568923084e-03
8.325304355099476250e-03
8.333644680825653961e-03
8.342071614284338188e-03
8.350611479383594424e-03
8.359089473934296424e-03
8.367435115456577782e-03
8.375843134586263145e-03
8.384374227547598812e-03
8.392865116702454345e-03
8.401220253380147635e-03
8.409608071106328131e-03
8.418131600974682049e-03
8.426640426606055168e-03
8.435009739533462503e-03
8.443382729764990768e-03
