0.000000000000000000e+00
8.373725847515865330e-06
1.685240169187951422e-05
2.534898047931251526e-05
3.375649876234759165e-05
4.211753001235041792e-05
5.057090425418082306e-05
5.905862341857060784e-05
6.748522051311123824e-05
7.585118700304121510e-05
8.427486224013191389e-05
9.278096225741634261e-05
1.012415891220601105e-04
1.096259781292029941e-04
1.180200971307272741e-04
1.265015850011374848e-04
1.349931345889178913e-04
1.433930759905354660e-04
1.517601141950158808e-04
1.602137957809857095e-04
1.687066400489050104e-04
1.771399277876040265e-04
1.855010385986086011e-04
1.939279300409197813e-04
2.024366683585627602e-04
2.108972594588275616e-04
2.192602258956983174e-04
2.276607672602196856e-04
2.361417264149823529e-04
2.446086537214142947e-04
2.529937511787993610e-04
2.613714421262113897e-04
2.698503404150283326e-04
2.783315556296791908e-04
2.867223343640953274e-04
2.950953537210124341e-04
3.035487883557193571e-04
3.120457346397867730e-04
3.204658379557830789e-04
3.288252249321092172e-04
3.372601526939041582e-04
3.457658650393028777e-04
3.542066586337756415e-04
3.625669386613260053e-04
3.709809145605553007e-04
3.794620295455817540e-04
3.879195413706003370e-04
3.962817683874630958e-04
4.046776061108109976e-04
4.131664681617614951e-04
4.216259708265524659e-04
4.300051808000143511e-04
4.383836642660612990e-04
4.468595652842055925e-04
4.553406370948516880e-04
4.637201055703774576e-04
4.720980714331516627e-04
4.805537548545985786e-04
4.890395954441502900e-04
4.974424079318715084e-04
5.058021313670655206e-04
5.142608330073278290e-04
5.227464674011874550e-04
5.311602959591602046e-04
5.395206722082593635e-04
5.479548214634323436e-04
5.564533630413529951e-04
5.648729065705921509e-04
5.732375846098662544e-04
5.816544982466543548e-04
5.901466246373365896e-04
5.985986098466044127e-04
6.069553298168851255e-04
6.153729032839582542e-04
6.238581741655056150e-04
6.323134870293992474e-04
6.406718789190486447e-04
6.490823142938780769e-04
6.575620029853109904e-04
6.660188663260877906e-04
6.743929304161481010e-04
6.827842152563960145e-04
6.912697820433110754e-04
6.997310263450101436e-04
7.081136175220634470e-04
7.164921179847285378e-04
7.249761292378961068e-04
7.334455689314014429e-04
7.418301751932673003e-04
7.502060850977450464e-04
7.586719145804131804e-04
7.671559600419950624e-04
7.755434259510164945e-04
7.839198754356237328e-04
7.923697980741432455e-04
8.008593278393492118e-04
8.092625684669356792e-04
8.176301635822905796e-04
8.260778539993057735e-04
8.345644262521923840e-04
8.429839701080045098e-04
8.513418848028678340e-04
8.597864884605984368e-04
8.682709901503132821e-04
8.766976150431550355e-04
8.850591938238014074e-04
8.934836441132785936e-04
9.019788703286408648e-04
9.104095222815639619e-04
9.187780849330876671e-04
9.271851183519146068e-04
9.356781921894095780e-04
9.441269095872142436e-04
9.524907388182299664e-04
9.608964777412296434e-04
9.693771676944267033e-04
9.778428579619578061e-04
9.862069906999238952e-04
9.946081704959852925e-04
1.003083517890765962e-03
1.011552099917405710e-03
1.019927644165444409e-03
1.028313274268884180e-03
1.036789158566465714e-03
1.045256558213441449e-03
1.053648894191270636e-03
1.062016869503277800e-03
1.070491990081096339e-03
1.078973221567940208e-03
1.087367281792771083e-03
1.095734443338025480e-03
1.104188792791320744e-03
1.112684575170627558e-03
1.121083738824947117e-03
1.129448041277404582e-03
1.137888457579649612e-03
1.146379687708416577e-03
1.154812416761862286e-03
1.163166879192622117e-03
1.171601176300660681e-03
1.180092074033063307e-03
1.188524142132425668e-03
1.196891460800878632e-03
1.205294484468875374e-03
1.213797074851142611e-03
1.222259711145058268e-03
1.230618693418278906e-03
1.239022148614340449e-03
1.247506687206709512e-03
1.255982875152918338e-03
1.264374562217177728e-03
1.272756242775574271e-03
1.281226959225452650e-03
1.289723621770156410e-03
1.298151456867112710e-03
1.306510701342207060e-03
1.314955546636293552e-03
1.323456585776922175e-03
1.331900484492972879e-03
1.340258823908746554e-03
1.348680409502979157e-03
1.357187453299448475e-03
1.365651874780613242e-03
1.374004788353385895e-03
1.382412951886248390e-03
1.390919671650132873e-03
1.399380983417319781e-03
1.407730796270105240e-03
1.416146181928581212e-03
1.424650597032703185e-03
1.433111041530622841e-03
1.441488489311695213e-03
1.449873043815832433e-03
1.458361157366778061e-03
1.466850899275998080e-03
1.475262705699901047e-03
1.483616816353094166e-03
1.492079196998188266e-03
1.500584404428506645e-03
1.509002885732611560e-03
1.517371946076422496e-03
1.525802291806952014e-03
1.534302059773205024e-03
1.542746924438009436e-03
1.551119272369799349e-03
1.559504998028868718e-03
1.567992506303664399e-03
1.576475962507132081e-03
1.584855385379295564e-03
1.593236435287263960e-03
1.601711289986781136e-03
1.610202036248396676e-03
1.618603716854282674e-03
1.626974392336506597e-03
1.635422476323589603e-03
1.643929873380515182e-03
1.652367155227324556e-03
1.660710791244064980e-03
1.669149523217837309e-03
1.677660257006053030e-03
1.686077807728635081e-03
1.694431905947432239e-03
1.702890118822524392e-03
1.711390711070353123e-03
1.719790589279297137e-03
1.728150260277539884e-03
1.736624326879494806e-03
1.745120191625336653e-03
1.753495842688273425e-03
1.761867581596527959e-03
1.770357009367594337e-03
1.778835966347479128e-03
1.787203342871880422e-03
1.795570730938107155e-03
1.804059621328006841e-03
1.812544048972469226e-03
1.820904489882027447e-03
1.829285676509543853e-03
1.837781850358154471e-03
1.846258756973835321e-03
1.854628767794682742e-03
1.863018285565012097e-03
1.871498399280871038e-03
1.879987339672647929e-03
1.888377905516164766e-03
1.896745688824780880e-03
1.905219659027153909e-03
1.913719245121599591e-03
1.922123345731101274e-03
1.930468764197253943e-03
1.938925478638835577e-03
1.947436160206363022e-03
1.955836017546186151e-03
1.964191768346001520e-03
1.972664596937086408e-03
1.981167874227164009e-03
1.989547854181413465e-03
1.997916794501567155e-03
2.006406958911978976e-03
2.014888375031415914e-03
2.023265842597469881e-03
2.031646828745516456e-03
2.040121213759842067e-03
2.048622737868024003e-03
2.057024689721664509e-03
2.065392800383158717e-03
2.073843221698290929e-03
2.082333524003509868e-03
2.090754353746889210e-03
2.099113838152536198e-03
2.107544874323221719e-03
2.116047115872551378e-03
2.124486114745725591e-03
2.132839894898277532e-03
2.141251477164974899e-03
2.149742770771552111e-03
2.158208814331373602e-03
2.166589755647492076e-03
2.174977994030551261e-03
2.183450050969752265e-03
2.191951182377390242e-03
2.200326933027242551e-03
2.208691580142919855e-03
2.217186023257838260e-03
2.225668537608885885e-03
2.234024288340352715e-03
2.242408736229328358e-03
2.250916001023273421e-03
2.259377953916640903e-03
2.267727458628614450e-03
2.276133925003681353e-03
2.284639850280341129e-03
2.293095626153812162e-03
2.301467713860705974e-03
2.309858005229504466e-03
2.318344850682892144e-03
2.326828819466125135e-03
2.335224654391977999e-03
2.343595363149479638e-03
2.352066497140801495e-03
2.360564388332527051e-03
2.368968742441030038e-03
2.377331736445681670e-03
2.385773569824844315e-03
2.394264228885546481e-03
2.402700996316077618e-03
2.411075006977333145e-03
2.419487530479400971e-03
2.427990037999584912e-03
2.436460436626089118e-03
2.444814748314841964e-03
2.453217385253348044e-03
2.461724322873683288e-03
2.470172483570755133e-03
2.478515871688477187e-03
2.486937261240312197e-03
2.495458294056133487e-03
2.503925040837103391e-03
2.512276375005469305e-03
2.520684171078709391e-03
2.529190677275143257e-03
2.537637097443126624e-03
2.545976456719316154e-03
2.554402463095151090e-03
2.562920942479370370e-03
2.571345649994762061e-03
2.579685220375027219e-03
2.588122189950986356e-03
2.596649759787641142e-03
2.605106708612650156e-03
2.613446044716671076e-03
2.621854868366809300e-03
2.630373349615030155e-03
2.638854529819056188e-03
2.647214929541531585e-03
2.655598220147367249e-03
2.664103813914743893e-03
2.672574103570892357e-03
2.680920774459156792e-03
2.689320866671295312e-03
2.697834175666878262e-03
2.706321752836568072e-03
2.714689534460057105e-03
2.723072555461209573e-03
2.731567063320300675e-03
2.740039575529013872e-03
2.748390066183203310e-03
2.756787813949111363e-03
2.765301866446248907e-03
2.773757410324486153e-03
2.782099687517968021e-03
2.790522185666278066e-03
2.799038157047134632e-03
2.807470542987352408e-03
2.815813162162708518e-03
2.824258078758046589e-03
2.832772607562238261e-03
2.841187330712063430e-03
2.849534755342376675e-03
2.857995557715698170e-03
2.866509168803961852e-03
2.874901445738785311e-03
2.883260742979023693e-03
2.891744610382085499e-03
2.900239399937271870e-03
2.908634497370890352e-03
2.917000832167749962e-03
2.925485049237440318e-03
2.933976479752177253e-03
2.942350828380651661e-03
2.950729690860959611e-03
2.959230263816477104e-03
2.967707239830876063e-03
2.976072572683953390e-03
2.984475856013263199e-03
2.992966347577181562e-03
3.001446280929416510e-03
3.009832562937621910e-03
3.018207854050269055e-03
3.026676213085274531e-03
3.035180837310456816e-03
3.043577445502570165e-03
3.051950480025859228e-03
3.060413949323471938e-03
3.068926171765505497e-03
3.077320698776836450e-03
3.085690765821495068e-03
3.094165313313994390e-03
3.102665676639940369e-03
3.111070514948174014e-03
3.119446754926461732e-03
3.127902037703018338e-03
3.136403666463215625e-03
3.144841424904767403e-03
3.153212310319250186e-03
3.161629386759732315e-03
3.170129240987132422e-03
3.178596229520211543e-03
3.186958438096600382e-03
3.195368219291751070e-03
3.203845497183991763e-03
3.212308599991953346e-03
3.220689352060953844e-03
3.229069946089091828e-03
3.237555587055669735e-03
3.246037386600867866e-03
3.254423208894866026e-03
3.262800769111541977e-03
3.271260359679485641e-03
3.279752635719635715e-03
3.288145294508189667e-03
3.296519733324612764e-03
3.304969972590941860e-03
3.313469581386054193e-03
3.321891777324675540e-03
3.330246827221833815e-03
3.338700552883410496e-03
3.347203487128125148e-03
3.355632743290753051e-03
3.364001464678107334e-03
3.372417214450096519e-03
3.380910380466073135e-03
3.389373245773039719e-03
3.397741507611136847e-03
3.406146952830567138e-03
3.414638998043386438e-03
3.423116923529519705e-03
3.431501391629209960e-03
3.439893154277307366e-03
3.448369700908322875e-03
3.456869185524975591e-03
3.465289249623124124e-03
3.473647512257617247e-03
3.482115809101940865e-03
3.490627650439184770e-03
3.499053918907861927e-03
3.507409248017712665e-03
3.515865519872069401e-03
3.524378212199571168e-03
3.532793846298895764e-03
3.541149287732575125e-03
3.549619030838033467e-03
3.558126637413673923e-03
3.566558428944367060e-03
3.574935326600819745e-03
3.583367902820720589e-03
3.591863713162332834e-03
3.600348365886958061e-03
3.608758545068071946e-03
3.617140480890720065e-03
3.625592442876295930e-03
3.634105604476137435e-03
3.642547623737844246e-03
3.650924139569963929e-03
3.659339833334495327e-03
3.667834594283344782e-03
3.676299103825026761e-03
3.684675550028911409e-03
3.693065897012814871e-03
3.701559961429952243e-03
3.710055303679173251e-03
3.718439657115043401e-03
3.726825298149479514e-03
3.735291227005267840e-03
3.743805257855368791e-03
3.752227809120634548e-03
3.760603731893313265e-03
3.769041699845893795e-03
3.777548696817646916e-03
3.786000569969945242e-03
3.794381052560706537e-03
3.802781200949968774e-03
3.811273988709751228e-03
3.819756072528936522e-03
3.828140941718398849e-03
3.836519743246181221e-03
3.845004436665817177e-03
3.853508064580276737e-03
3.861913800496475768e-03
3.870290349491511007e-03
3.878741136912265599e-03
3.887240430083347548e-03
3.895692317732629781e-03
3.904060526227047176e-03
3.912478055523789175e-03
3.920976101664385739e-03
3.929434791847959477e-03
3.937823447793668483e-03
3.946204915858547886e-03
3.954687769176498668e-03
3.963183662434007284e-03
3.971580254944205232e-03
3.979959569945528200e-03
3.988421513174443718e-03
3.996921135698655939e-03
4.005339895351032152e-03
4.013705183015438098e-03
4.022143791145114423e-03
4.030649120884782083e-03
4.039092368544165874e-03
4.047449698043478761e-03
4.055875132232266388e-03
4.064367356362619255e-03
4.072823140232610835e-03
4.081193316603023633e-03
4.089592984051317395e-03
4.098086944236963708e-03
4.106557205804593248e-03
4.114935899051390747e-03
4.123326530006352249e-03
4.131799872717642312e-03
4.140283704195099612e-03
4.148678777491770879e-03
4.157047506874692044e-03
4.165516854323512291e-03
4.173998236931015550e-03
4.182408898427242630e-03
4.190772909804177902e-03
4.199236475883127463e-03
4.207734591650950755e-03
4.216144993576560231e-03
4.224513551328016280e-03
4.232942360550253670e-03
4.241433957662006302e-03
4.249882548594625421e-03
4.258242433777732240e-03
4.266672783748570383e-03
4.275160735145430713e-03
4.283611668395578137e-03
4.291974763721942941e-03
4.300388483804852557e-03
4.308882375683665590e-03
4.317333330373660308e-03
4.325709865482926277e-03
4.334101021913693008e-03
4.342590699529200529e-03
4.351063980745140981e-03
4.359438357512459943e-03
4.367828958262490006e-03
4.376299463907223561e-03
4.384785522219128602e-03
4.393175425186415621e-03
4.401547244880132242e-03
4.410017624417450488e-03
4.418499754751924365e-03
4.426908139927734562e-03
4.435272100348321318e-03
4.443725078445777583e-03
4.452232098880107639e-03
4.460656345031391821e-03
4.469020131403430435e-03
4.477452132960357822e-03
4.485946880984221542e-03
4.494394669854706939e-03
4.502766273623074779e-03
4.511168563744658890e-03
4.519656480494541224e-03
4.528133931249646131e-03
4.536507078950285064e-03
4.544904533223388839e-03
4.553379110771558352e-03
4.561855294130195970e-03
4.570242130228216633e-03
4.578614516620988992e-03
4.587091723665598537e-03
4.595578270589221505e-03
4.603978443922291178e-03
4.612344655297343290e-03
4.620800551346089004e-03
4.629301154881765128e-03
4.637717776778006902e-03
4.646083111260225496e-03
4.654527378910594190e-03
4.663018054344029821e-03
4.671455020653849863e-03
4.679810749427408545e-03
4.688237565083672176e-03
4.696738848544935487e-03
4.705188166403397043e-03
4.713551681307087855e-03
4.721955462457285910e-03
4.730436293063274358e-03
4.738908900431771688e-03
4.747293655982340148e-03
4.755673382340914329e-03
4.764156657806512679e-03
4.772629148352319599e-03
4.781020833067445297e-03
4.789392215179685657e-03
4.797854383964941273e-03
4.806351958266710279e-03
4.814750107198911659e-03
4.823124241605331042e-03
4.831575733193257255e-03
4.840071939392748095e-03
4.848479906892314874e-03
4.856849211637008154e-03
4.865294794817619749e-03
4.873784032533324921e-03
4.882211346387772648e-03
4.890571755699430791e-03
4.899013878367810583e-03
4.907503124614239626e-03
4.915938840693719405e-03
4.924297951628167115e-03
4.932731170975598357e-03
4.941222799445263783e-03
4.949661466104738304e-03
4.958029118633224853e-03
4.966440432197239720e-03
4.974938585848917919e-03
4.983386795368229850e-03
4.991757824655012991e-03
5.000159787982069032e-03
5.008652672420224258e-03
5.017116470430187276e-03
5.025484794823289851e-03
5.033883223211802621e-03
5.042361361375998115e-03
5.050837530896344976e-03
5.059212313036885039e-03
5.067603566917877611e-03
5.076076662554782418e-03
5.084553528183729729e-03
5.092946423614753623e-03
5.101322301528908761e-03
5.109797302528029661e-03
5.118275941013365575e-03
5.126677517639801306e-03
5.135045199381386809e-03
5.143515943622686479e-03
5.151998539011497409e-03
5.160403552898784087e-03
5.168770369394674186e-03
5.177222243648574827e-03
5.185717320853368457e-03
5.194126396193704011e-03
5.202496371884052229e-03
5.210931808616981777e-03
5.219433606043924999e-03
5.227858326742087537e-03
5.236223596679079328e-03
5.244654217902065818e-03
5.253143675027580756e-03
5.261588437677345090e-03
5.269943376862934979e-03
5.278368976759957934e-03
5.286854231454017963e-03
5.295302826367606283e-03
5.303668748613162010e-03
5.312073626303450563e-03
5.320570617363909287e-03
5.329025614065069881e-03
5.337402107546719565e-03
5.345793505656067958e-03
5.354282968002777900e-03
5.362749192510765997e-03
5.371125473947778624e-03
5.379514397569506133e-03
5.387986011831244308e-03
5.396469031746139663e-03
5.404849335162112238e-03
5.413234019222755607e-03
5.421697834057243905e-03
5.430183230067405983e-03
5.438579142932875414e-03
5.446953328673587516e-03
5.455415701648025188e-03
5.463897193251561132e-03
5.472309355214356914e-03
5.480671450234573042e-03
5.489128905936539564e-03
5.497617560074287077e-03
5.506032923747485736e-03
5.514395928102811678e-03
5.522840032976547055e-03
5.531336708796900925e-03
5.539755117428913321e-03
5.548122988560094844e-03
5.556548640133062572e-03
5.565048013784715947e-03
5.573479741804234465e-03
5.581845469422655470e-03
5.590264139990522817e-03
5.598755651763301713e-03
5.607208756558085087e-03
5.615567227288223093e-03
5.623984469506137368e-03
5.632468299793666304e-03
5.640928819912208354e-03
5.649292890105558039e-03
5.657699910295102726e-03
5.666182836857033833e-03
5.674643045505445814e-03
5.683023748153554454e-03
5.691409883733713516e-03
5.699896878213039919e-03
5.708362344286343169e-03
5.716749350428953352e-03
5.725125605635770880e-03
5.733604537187428005e-03
5.742086245845587356e-03
5.750472229124765564e-03
5.758851792025870830e-03
5.767311158332294983e-03
5.775800499356725445e-03
5.784197109415350514e-03
5.792571632873469607e-03
5.801021690256548055e-03
5.809510559371275362e-03
5.817927460570147639e-03
5.826288986922709134e-03
5.834739127128257818e-03
5.843224251101839135e-03
5.851652003994276853e-03
5.860011093020820253e-03
5.868448995317544596e-03
5.876940238068013855e-03
5.885370348377626237e-03
5.893738758054384817e-03
5.902154836194282821e-03
5.910653931464390949e-03
5.919092330704683186e-03
5.927462603200417228e-03
5.935867866059076937e-03
5.944361700790159846e-03
5.952817037314921990e-03
5.961183040172866009e-03
5.969588433700220333e-03
5.978068039788249528e-03
5.986537114517596903e-03
5.994906701870609742e-03
6.003303954801310696e-03
6.011780917872453812e-03
6.020251518775047127e-03
6.028637332851621150e-03
6.037017179231105209e-03
6.045493980035731262e-03
6.053966674771072386e-03
6.062363382062580658e-03
6.070734448903822474e-03
6.079199137903929136e-03
6.087689025054549008e-03
6.096084851213388715e-03
6.104459545583956065e-03
6.112905375343195835e-03
6.121398560033266406e-03
6.129811352321179810e-03
6.138178777476165256e-03
6.146619371850422717e-03
6.155104629291444258e-03
6.163539947330064217e-03
6.171899441461430567e-03
6.180332475380952671e-03
6.188822269991524870e-03
6.197259235015801192e-03
6.205631025915826424e-03
6.214036124599441914e-03
6.222528275218121470e-03
6.230984005946375512e-03
6.239353658620807631e-03
6.247755177823020867e-03
6.256233804632480369e-03
6.264706014685175045e-03
6.273078059599565375e-03
6.281472782376636317e-03
6.289946056813223649e-03
6.298416759947159278e-03
6.306811239282067959e-03
6.315183037727745662e-03
6.323655682567654382e-03
6.332136321645993188e-03
6.340534943788089448e-03
6.348908476816183220e-03
6.357358837606355388e-03
6.365853005547087405e-03
6.374259702164798702e-03
6.382630057322457792e-03
6.391070509744771130e-03
6.399558962293464166e-03
6.407989616162674922e-03
6.416348536868353263e-03
6.424784236794523450e-03
6.433272665114949523e-03
6.441710157400489141e-03
6.450077446709036322e-03
6.458493895747535220e-03
6.466989047423815119e-03
6.475431102921168358e-03
6.483804590350064970e-03
6.492205207040414351e-03
6.500692031491720445e-03
6.509156287626589529e-03
6.517526406119860012e-03
6.525925536023853037e-03
6.534398985710912489e-03
6.542873890409118230e-03
6.551255594164681617e-03
6.559642544708723516e-03
6.568115065118698866e-03
6.576587428045003146e-03
6.584986483628167166e-03
6.593355550092804170e-03
6.601820996354549644e-03
6.610309538751620549e-03
6.618710840614962058e-03
6.627083871140993301e-03
6.635528300768395345e-03
6.644022515446435830e-03
6.652439507499575792e-03
6.660805286351881120e-03
6.669242912495587476e-03
6.677729593125064991e-03
6.686167309728511740e-03
6.694527978141859639e-03
6.702955799915630286e-03
6.711446908378618237e-03
6.719887885550660488e-03
6.728260853961643383e-03
6.736665367706439270e-03
6.745158862487108872e-03
6.753613596750850448e-03
6.761985701307134632e-03
6.770384664251523528e-03
6.778863359481683559e-03
6.787335870538868665e-03
6.795713246042753113e-03
6.804104749459970701e-03
6.812577780397600924e-03
6.821050565464193208e-03
6.829446518434418092e-03
6.837820999366702769e-03
6.846290464222647837e-03
6.854770748167714894e-03
6.863172746754843574e-03
6.871544842616442161e-03
6.879992829452684193e-03
6.888488628607320613e-03
6.896901659957672265e-03
6.905271157550962012e-03
6.913709507625147299e-03
6.922196514082868540e-03
6.930631383596656640e-03
6.938991706360764407e-03
6.947422915082392646e-03
6.955913601835644888e-03
6.964355069899234169e-03
6.972722982035839574e-03
6.981134804241712240e-03
6.989629980929509302e-03
6.998078691490227515e-03
7.006452603956012624e-03
7.014851930707637594e-03
7.023334772702633649e-03
7.031806290429497112e-03
7.040178774388173612e-03
7.048574669203693487e-03
7.057047837467503651e-03
7.065522933711249239e-03
7.073913340954851407e-03
7.082291993064568185e-03
7.090763646497093634e-03
7.099241370258592074e-03
7.107642975939246037e-03
7.116013435153607618e-03
7.124473260406508947e-03
7.132963931010230692e-03
7.141369543303209555e-03
7.149742192358009459e-03
7.158182198538697548e-03
7.166674394175101027e-03
7.175102374050325478e-03
7.183466370887054038e-03
7.191902285947722982e-03
7.200387839196864710e-03
7.208827950245725973e-03
7.217193763713041811e-03
7.225612885679666073e-03
7.234107185922347000e-03
7.242552758552200411e-03
7.250925406786941016e-03
7.259327807815705268e-03
7.267823225832192868e-03
7.276279565978267805e-03
7.284653024804380213e-03
7.293049819687760608e-03
7.301527668641494967e-03
7.310002306272856375e-03
7.318379118376845509e-03
7.326770220204403133e-03
7.335241492777611408e-03
7.343720110831482642e-03
7.352112364935385787e-03
7.360491155443528097e-03
7.368962559954281462e-03
7.377439595892925674e-03
7.385842742634537300e-03
7.394211124965330111e-03
7.402671612489969757e-03
7.411160826615899831e-03
7.419567668684724088e-03
7.427936484872232209e-03
7.436378809371486064e-03
7.444879469234708981e-03
7.453295426729590438e-03
7.461662874060257314e-03
7.470095984184735825e-03
7.478590479418643043e-03
7.487024248426652623e-03
7.495386076140440022e-03
7.503814927132216629e-03
7.512301130564203420e-03
7.520748162809218207e-03
7.529111896608584910e-03
7.537530241597584571e-03
7.546018772714018462e-03
7.554468747950206058e-03
7.562843649902019870e-03
7.571241826850017530e-03
7.579732420790464588e-03
7.588193544256033492e-03
7.596570588743192624e-03
7.604960633198005332e-03
7.613438222165201316e-03
7.621916728809033370e-03
7.630295361803496497e-03
7.638683642763053130e-03
7.647149508527332010e-03
7.655630667121969719e-03
7.664028976850163072e-03
7.672400683728960828e-03
7.680865905323503058e-03
7.689348046353242788e-03
7.697758157814845251e-03
7.706121350467532403e-03
7.714578783480676751e-03
7.723067842358902375e-03
7.731480319074853121e-03
7.739849175822200583e-03
7.748282467025792604e-03
7.756781576507252446e-03
7.765206871154003293e-03
7.773572578009375032e-03
7.781997989065326735e-03
7.790493306682024291e-03
7.798936892710434457e-03
7.807297064617936370e-03
7.815720027570751197e-03
7.824204008181493211e-03
7.832656219422730326e-03
7.841022806989908500e-03
7.849432277711079764e-03
7.857918781529750832e-03
7.866374319797839881e-03
7.874752234297656417e-03
7.883143737903577225e-03
7.891633860280048915e-03
7.900096353847444949e-03
7.908478623147880554e-03
7.916862548747030659e-03
7.925338924691303216e-03
7.933818014882937364e-03
7.942200941112306095e-03
7.950584413924405291e-03
7.959043479745252919e-03
7.967530098672098715e-03
7.975928470390419509e-03
7.984302405986824433e-03
7.992759260983044525e-03
8.001242854254960596e-03
8.009658375486193582e-03
8.018020092602636331e-03
8.026470178271736741e-03
8.034959419948625725e-03
8.043379518572441739e-03
8.051746222723293184e-03
8.060175204828471177e-03
8.068672546267577003e-03
8.077101799633041798e-03
8.085470188578438439e-03
8.093888551732302677e-03
8.102375340566358303e-03
8.110829930810199706e-03
8.119192780974778673e-03
8.127604255604785680e-03
8.136086827665671081e-03
8.144544209632243945e-03
8.152925322762408916e-03
8.161311795963705623e-03
8.169797036708703261e-03
8.178266050290821862e-03
8.186649404824180090e-03
8.195033126053699601e-03
8.203500248589632241e-03
8.211984081312309613e-03
8.220375343514283242e-03
8.228752712242959691e-03
8.237208981157631907e-03
8.245690866364912067e-03
8.254106788912000600e-03
8.262469489672290279e-03
8.270919696936825799e-03
8.279407334721020778e-03
8.287827260242540406e-03
8.296197505642019521e-03
8.304620159040296962e-03
8.313114518194246114e-03
8.321554596656359840e-03
8.329919401142285920e-03
8.338338655168335209e-03
8.346820595389867203e-03
8.355275321586650220e-03
8.363647966450388563e-03
8.372045875312338070e-03
8.380532047155801398e-03
8.388992667288265939e-03
8.397375944738074555e-03
8.405761827787194135e-03
8.414234362876181830e-03
8.422715962265519760e-03
8.431099665352806763e-03
