0.000000000000000000e+00
8.378827564838327749e-06
1.685103525983409643e-05
2.534016101077921768e-05
3.373927939977162602e-05
4.211102301422091755e-05
5.056555086856905036e-05
5.906803799597711685e-05
6.749159460600989116e-05
7.585349148139004392e-05
8.427394149436270756e-05
9.276617140875872730e-05
1.012229735816365346e-04
1.095998001807547241e-04
1.179907032602578356e-04
1.264911243065767836e-04
1.349650590304207352e-04
1.433329977715612578e-04
1.517314913480980604e-04
1.602345803092461158e-04
1.686971211874809906e-04
1.770490590856626102e-04
1.854624511842757118e-04
1.939741726611311572e-04
2.024169543355402209e-04
2.107614204059875935e-04
2.191987743523549808e-04
2.277155497689717454e-04
2.361409729323234099e-04
2.444851238524536441e-04
2.529285496942667503e-04
2.614422589606987184e-04
2.698531660415509712e-04
2.782007098056342312e-04
2.866627627936428938e-04
2.951837869886727661e-04
3.036067966664048219e-04
3.119461695202379193e-04
3.203970727897923029e-04
3.289050047733671901e-04
3.373118360948017605e-04
3.456643003199703652e-04
3.541279025412712449e-04
3.626362873569925868e-04
3.710378051617905441e-04
3.794091969364505310e-04
3.878678301093695536e-04
3.963712184873726340e-04
4.048061238653954388e-04
4.131614027167357156e-04
4.216009585324843986e-04
4.301085316110187786e-04
4.385632633423210895e-04
4.469166829824914190e-04
4.553297938437772031e-04
4.638453008122115674e-04
4.722866678684112208e-04
4.806299431829331721e-04
4.890591947030260758e-04
4.975649808126416437e-04
5.060184362551737019e-04
5.143764401989141949e-04
5.227898718987226663e-04
5.313074196458654344e-04
5.397518063947128212e-04
5.480955431560510229e-04
5.565151333721812940e-04
5.650335801572286230e-04
5.735078239787244538e-04
5.818546965610537670e-04
5.902590995121690005e-04
5.987736244683737477e-04
6.072255743133457692e-04
6.155892592791671917e-04
6.239992212787046424e-04
6.325017918855544655e-04
6.409843234829565002e-04
6.493645635183084444e-04
6.577431839710033831e-04
6.662294642921130642e-04
6.747306249172990190e-04
6.831349604461885725e-04
6.914915796725745051e-04
6.999671902762042049e-04
7.084766916953971240e-04
7.169057154767014255e-04
7.252573967569619050e-04
7.337046859619164542e-04
7.422158005486676749e-04
7.506750829050020009e-04
7.590376483104405462e-04
7.674436312977296181e-04
7.759377099770748331e-04
7.844245200974000803e-04
7.928048230483863154e-04
8.011855870859512993e-04
8.096756789029980984e-04
8.181699264408832028e-04
8.265364945373534535e-04
8.349190077446531650e-04
8.434255423871134900e-04
8.519249492218078151e-04
8.602994943465296649e-04
8.686738083748443131e-04
8.771681486878360251e-04
8.856782984479238041e-04
8.940585837020500028e-04
9.024284762386777662e-04
9.109269561166305831e-04
9.194340535965249027e-04
9.278249539900423979e-04
9.361990825475692297e-04
9.446910180363291562e-04
9.531988943020323207e-04
9.616023826447770697e-04
9.699646650652442217e-04
9.784511361747515699e-04
9.869542681348554211e-04
9.953607894677266900e-04
1.003725153741823759e-03
1.012185509081565613e-03
1.020687446890014083e-03
1.029117811923797475e-03
1.037471416877647733e-03
1.045910130091888155e-03
1.054416473212740771e-03
1.062850968783723331e-03
1.071210200458605185e-03
1.079639699011181479e-03
1.088145795234583693e-03
1.096612525094487270e-03
1.104957936905281383e-03
1.113371481641364097e-03
1.121895060843214722e-03
1.130359144908638092e-03
1.138716150798026747e-03
1.147097721590607713e-03
1.155600060797119409e-03
1.164104065213582588e-03
1.172472875408428396e-03
1.180845100518952782e-03
1.189346824040786758e-03
1.197821606523801190e-03
1.206203298120345777e-03
1.214585459434736146e-03
1.223072604599123548e-03
1.231571086514583789e-03
1.239982395580627433e-03
1.248339646887588854e-03
1.256801704745626322e-03
1.265319615116730764e-03
1.273762140782333822e-03
1.282110137289376199e-03
1.290542137868073936e-03
1.299051651717672302e-03
1.307516125762205224e-03
1.315869782129075374e-03
1.324281059795903324e-03
1.332789576529224123e-03
1.341276777791179306e-03
1.349650360885211887e-03
1.358033900790048265e-03
1.366523048583495863e-03
1.375025626137472154e-03
1.383427340154421564e-03
1.391785652762928763e-03
1.400262821255673917e-03
1.408773991557700630e-03
1.417193310470861445e-03
1.425537443044115008e-03
1.433992301680704542e-03
1.442524498465991506e-03
1.450965431133733555e-03
1.459311805935282515e-03
1.467727478792222717e-03
1.476256603244247749e-03
1.484734344418055848e-03
1.493087573254137015e-03
1.501486855962231009e-03
1.509991975601380305e-03
1.518478506840676171e-03
1.526848065015081997e-03
1.535230110248668976e-03
1.543734765953872975e-03
1.552233356202132111e-03
1.560621447410809890e-03
1.568978087621152040e-03
1.577463531075247016e-03
1.585986723297359456e-03
1.594395911903441184e-03
1.602738459270984343e-03
1.611192188146375222e-03
1.619724683736236586e-03
1.628165570329864927e-03
1.636514551191410810e-03
1.644930845892495332e-03
1.653458931320982150e-03
1.661934843090489243e-03
1.670292537733136969e-03
1.678674183415598256e-03
1.687186666727851338e-03
1.695690359716634215e-03
1.704068196259574119e-03
1.712429416955045048e-03
1.720916603097871842e-03
1.729439047756500727e-03
1.737844340362763688e-03
1.746190219061073863e-03
1.754645917255099122e-03
1.763177109235564057e-03
1.771615268322083991e-03
1.779965518810884767e-03
1.788386835649430394e-03
1.796912058567683157e-03
1.805383944859263561e-03
1.813740981088338925e-03
1.822132101490220053e-03
1.830643186335517833e-03
1.839142716478809432e-03
1.847514577025194957e-03
1.855891371568491391e-03
1.864376192119308797e-03
1.872886424560390572e-03
1.881282240497420769e-03
1.889643994719283600e-03
1.898119841944141553e-03
1.906632996214087687e-03
1.915052594132258352e-03
1.923399000678694846e-03
1.931856849884238531e-03
1.940387993603565108e-03
1.948827677157266005e-03
1.957166491030888893e-03
1.965589586557405302e-03
1.974117761895745338e-03
1.982588190141276394e-03
1.990941916597090307e-03
1.999345727384100029e-03
2.007854956721582488e-03
2.016337172873051368e-03
2.024698359953303398e-03
2.033087336879065270e-03
2.041598098931571639e-03
2.050097726706963126e-03
2.058476796890750925e-03
2.066833906157238780e-03
2.075324649115903308e-03
2.083849855254993593e-03
2.092255200835537333e-03
2.100607042677610573e-03
2.109065290696190888e-03
2.117581805339595682e-03
2.126011808995042097e-03
2.134360174616688373e-03
2.142807007528787101e-03
2.151330566615464093e-03
2.159775754589223200e-03
2.168120209503418896e-03
2.176541113190402950e-03
2.185067204445520581e-03
2.193541389079983316e-03
2.201895179678903421e-03
2.210283168579428581e-03
2.218796677441685523e-03
2.227300655885332357e-03
2.235679461286362805e-03
2.244039615899828723e-03
2.252527157042826054e-03
2.261050515271265018e-03
2.269458462109955575e-03
2.277806612118446917e-03
2.286262653330192306e-03
2.294789607455228250e-03
2.303227952388461636e-03
2.311578781747977880e-03
2.320002644507366575e-03
2.328520393352382506e-03
2.336990262068868070e-03
2.345348408700835899e-03
2.353746375278084526e-03
2.362254107674443410e-03
2.370751979212912513e-03
2.379128756591094348e-03
2.387492107870160460e-03
2.395979621024230208e-03
2.404496665233118481e-03
2.412902327561349328e-03
2.421247170404522159e-03
2.429707410991388625e-03
2.438236897196524415e-03
2.446672227323153353e-03
2.455015938619456526e-03
2.463446241808390363e-03
2.471971582219899786e-03
2.480438210324527933e-03
2.488790076463446525e-03
2.497188590692261609e-03
2.505704177045164210e-03
2.514199754697393936e-03
2.522568311892615673e-03
2.530935401705080873e-03
2.539430647863295202e-03
2.547948690543520769e-03
2.556346704396715141e-03
2.564699730463865322e-03
2.573165645017558983e-03
2.581694755568319111e-03
2.590126338117642278e-03
2.598466728284450338e-03
2.606901562957716911e-03
2.615429528608253801e-03
2.623889571009530366e-03
2.632240656937000125e-03
2.640654815282319177e-03
2.649164518986937052e-03
2.657639743476792986e-03
2.665999695720535061e-03
2.674393905688966702e-03
2.682910609898145598e-03
2.691404998869240898e-03
2.699771484827163774e-03
2.708142744627705604e-03
2.716639895414919587e-03
2.725159389372241482e-03
2.733556565714374918e-03
2.741905303781206997e-03
2.750371157737041029e-03
2.758898898498162236e-03
2.767328765037047056e-03
2.775673876040211062e-03
2.784114534774330147e-03
2.792630326037273507e-03
2.801088524934945527e-03
2.809441727463056135e-03
2.817859022396169803e-03
2.826366110047569442e-03
2.834855501557881005e-03
2.843225134608966340e-03
2.851605321764553481e-03
2.860099244488916587e-03
2.868613442324492464e-03
2.877003163893417440e-03
2.885360174649963770e-03
2.893831177547282786e-03
2.902359943570971546e-03
2.910782323122776578e-03
2.919125444038603041e-03
2.927564652389788580e-03
2.936095559739640599e-03
2.944551037311194611e-03
2.952894602280361613e-03
2.961303226165852738e-03
2.969825364898907253e-03
2.978312405489696394e-03
2.986671740236992566e-03
2.995051594628966602e-03
3.003556699277649782e-03
3.012068190156392926e-03
3.020449571322704994e-03
3.028814560078026824e-03
3.037292279638371083e-03
3.045810475297181744e-03
3.054222027268690010e-03
3.062571086248784200e-03
3.071013404142948315e-03
3.079542368727583405e-03
3.087989258769143451e-03
3.096340837194686783e-03
3.104752938622685771e-03
3.113278489511932430e-03
3.121759753944527462e-03
3.130119790925897042e-03
3.138502965123156352e-03
3.147011389214032871e-03
3.155518311937149673e-03
3.163900609379354575e-03
3.172261287044908680e-03
3.180745297758691848e-03
3.189271155007718933e-03
3.197677338259777725e-03
3.206033922939337862e-03
3.214484969348886407e-03
3.223011407433639362e-03
3.231453409071560496e-03
3.239814993008268643e-03
3.248231214211865121e-03
3.256744454172719183e-03
3.265225552815151800e-03
3.273602482644640856e-03
3.281985695734799049e-03
3.290477667837768145e-03
3.298985261523044044e-03
3.307385900972191744e-03
3.315744901793219335e-03
3.324221841011624091e-03
3.332730649134933200e-03
3.341158673538571593e-03
3.349509372711638976e-03
3.357961136974787000e-03
3.366471211229148108e-03
3.374928189629641979e-03
3.383285599399289949e-03
3.391704145990711433e-03
3.400201152948997916e-03
3.408665976417426472e-03
3.417016005138155677e-03
3.425429934731245765e-03
3.433941711307694419e-03
3.442400084859396393e-03
3.450762292299471099e-03
3.459178416757594399e-03
3.467686152179788074e-03
3.476138367574046432e-03
3.484485036096627263e-03
3.492918915882758327e-03
3.501432263772682584e-03
3.509858674379016420e-03
3.518215361107173561e-03
3.526665708731728695e-03
3.535170589037408932e-03
3.543623955077494607e-03
3.552005846373408431e-03
3.560410045373034720e-03
3.568897344490351304e-03
3.577382031069425723e-03
3.585788781028437146e-03
3.594168286124946234e-03
3.602619497309901640e-03
3.611130582620385686e-03
3.619562301876646723e-03
3.627937951795790102e-03
3.636362358133779765e-03
3.644857203606048732e-03
3.653340111821528746e-03
3.661720347342460602e-03
3.670098918113001967e-03
3.678596005470590683e-03
3.687077889653632423e-03
3.695430124235475188e-03
3.703829138289624606e-03
3.712334965977460207e-03
3.720794261715973036e-03
3.729141406377377115e-03
3.737560351645060307e-03
3.746069077797473199e-03
3.754506000392906096e-03
3.762853929774783238e-03
3.771287768904321193e-03
3.779798710974675846e-03
3.788247480008447281e-03
3.796599243034139148e-03
3.805024121846375170e-03
3.813538968568914739e-03
3.822016182336393508e-03
3.830372914984003351e-03
3.838776107140106156e-03
3.847282882080165032e-03
3.855774291864118991e-03
3.864152272361529201e-03
3.872531820702750788e-03
3.881021466444917970e-03
3.889524005875165478e-03
3.897929462016648094e-03
3.906285368901200178e-03
3.914761859716156880e-03
3.923281050874875310e-03
3.931700062123088570e-03
3.940043526188962038e-03
3.948493311057077633e-03
3.957026621850106771e-03
3.965474420962683197e-03
3.973823523585893851e-03
3.982233189030505612e-03
3.990761017715239653e-03
3.999245448765325478e-03
4.007603111333713289e-03
4.015995596082789533e-03
4.024496406257747731e-03
4.032990857832915131e-03
4.041366254566788017e-03
4.049743614795488569e-03
4.058243809365217648e-03
4.066746882274785771e-03
4.075139422474623185e-03
4.083492533088985479e-03
4.091974208793082608e-03
4.100503712432570537e-03
4.108919827265355984e-03
4.117265657768373784e-03
4.125709071582253987e-03
4.134240838588002821e-03
4.142691231724110815e-03
4.151044870116572111e-03
4.159451922299035528e-03
4.167976548579599601e-03
4.176460113238689154e-03
4.184818784556747565e-03
4.193212253650241417e-03
4.201713257352295873e-03
4.210210377641466530e-03
4.218585592755721633e-03
4.226962892281356347e-03
4.235462166482618224e-03
4.243966925533367018e-03
4.252358423690538736e-03
4.260710461400805601e-03
4.269192777515219521e-03
4.277723105696952695e-03
4.286141147621174222e-03
4.294488689221357888e-03
4.302937275858982960e-03
4.311460094960717707e-03
4.319904913216045597e-03
4.328253378967740657e-03
4.336688233806730054e-03
4.345210446333802774e-03
4.353669588820309466e-03
4.362016677310943252e-03
4.370427663809108888e-03
4.378952895564276575e-03
4.387438692044313797e-03
4.395803282190784839e-03
4.404176360701312666e-03
4.412683212737677878e-03
4.421196712337178460e-03
4.429581870840569938e-03
4.437947342945864661e-03
4.446425678810443996e-03
4.454935504515276055e-03
4.463343804260428913e-03
4.471699216691845877e-03
4.480168556004263981e-03
4.488689541048462676e-03
4.497114591795478913e-03
4.505455809570639916e-03
4.513899913532517898e-03
4.522433111589090581e-03
4.530889890139649240e-03
4.539234658620901371e-03
4.547640349526291086e-03
4.556162569533213878e-03
4.564649609385630982e-03
4.573015170946727846e-03
4.581395897384515914e-03
4.589898708522060708e-03
4.598409665960308083e-03
4.606796250087024681e-03
4.615162165102356176e-03
4.623642299350058486e-03
4.632155690327504141e-03
4.640566936491058794e-03
4.648925875199467518e-03
4.657385491876492659e-03
4.665898908202742966e-03
4.674341817133369041e-03
4.682696749091868477e-03
4.691125816824436197e-03
4.699640489565206670e-03
4.708114686928374648e-03
4.716475464134624318e-03
4.724875523529315294e-03
4.733378552022487508e-03
4.741867203409195174e-03
4.750243260560171876e-03
4.758621855098568547e-03
4.767117562131613362e-03
4.775621750692584343e-03
4.784023333732088934e-03
4.792386783211635345e-03
4.800854680049767599e-03
4.809365455914448029e-03
4.817800391287147335e-03
4.826157803772043037e-03
4.834592301055309557e-03
4.843103847505777874e-03
4.851573049993613065e-03
4.859935773579237249e-03
4.868336115174169698e-03
4.876839486188406375e-03
4.885335119195209456e-03
4.893713401497768248e-03
4.902089528798228395e-03
4.910576472687942437e-03
4.919081548208927533e-03
4.927484568848447717e-03
4.935845057815937270e-03
4.944314653937907297e-03
4.952828717388882071e-03
4.961266461009946130e-03
4.969621692509396636e-03
4.978050937214511217e-03
4.986563835079167555e-03
4.995034996314522829e-03
5.003396284739365131e-03
5.011791081722354393e-03
5.020299941643044557e-03
5.028801339993936061e-03
5.037177350966625007e-03
5.045542429256434300e-03
5.054033793800549040e-03
5.062556341151678262e-03
5.070961382420120442e-03
5.079312302801038473e-03
5.087774014415864972e-03
5.096305110824001644e-03
5.104743786253927544e-03
5.113089274128825024e-03
5.121519205875531625e-03
5.130050929154842190e-03
5.138522326615098217e-03
5.146872057197420663e-03
5.155273774510045655e-03
5.163788386763169119e-03
5.172286487517775179e-03
5.180658801181739319e-03
5.189031673356906890e-03
5.197526467289301060e-03
5.206047103310192971e-03
5.214448355450210931e-03
5.222800035107142552e-03
5.231267025200733375e-03
5.239796430547758593e-03
5.248229876057409864e-03
5.256574982447656183e-03
5.265012227724008391e-03
5.273540857285161434e-03
5.282005217262401853e-03
5.290356192509229442e-03
5.298771945905450184e-03
5.307282146188453675e-03
5.315770714541340203e-03
5.324141992593053006e-03
5.332528820703195949e-03
5.341021808414721933e-03
5.349527045111325020e-03
5.357918447435621248e-03
5.366284368210486218e-03
5.374775803631002061e-03
5.383286018177932397e-03
5.391689992978829227e-03
5.400047972156866993e-03
5.408514844354060311e-03
5.417038178820414961e-03
5.425475597401325373e-03
5.433831799635028409e-03
5.442264123911278416e-03
5.450782765119318099e-03
5.459254678163762316e-03
5.467618508813597636e-03
5.476017859403556690e-03
5.484530464098686178e-03
5.493015530933170222e-03
5.501396818308528988e-03
5.509770563262460751e-03
5.518269921547683775e-03
5.526778123944121879e-03
5.535181486199297098e-03
5.543539091122635584e-03
5.552012233496030937e-03
5.560532490858315774e-03
5.568958917494926109e-03
5.577317491618496818e-03
5.585756529117594238e-03
5.594271977713385566e-03
5.602730437669851959e-03
5.611096507626032667e-03
5.619502166400666861e-03
5.628010463652417805e-03
5.636505392949655441e-03
5.644889177036664131e-03
5.653264298172031195e-03
5.661757170959094004e-03
5.670257780774116962e-03
5.678666568121698739e-03
5.687024522907572002e-03
5.695497980726830362e-03
5.704009721258171579e-03
5.712445716219012072e-03
5.720801765473594418e-03
5.729243072859773953e-03
5.737754773382649880e-03
5.746196536118681857e-03
5.754555878068510870e-03
5.763000651146656453e-03
5.771518752813706125e-03
5.779976055650972583e-03
5.788336095755475426e-03
5.796767044442470949e-03
5.805294803037958085e-03
5.813762648370025300e-03
5.822112107319083255e-03
5.830542690620662410e-03
5.839065199373796172e-03
5.847530625996600132e-03
5.855890133933963626e-03
5.864319072122125762e-03
5.872840241234084623e-03
5.881318645613353539e-03
5.889674403356515847e-03
5.898087342709103925e-03
5.906613212163936387e-03
5.915090948692862567e-03
5.923441862283149173e-03
5.931851435487685981e-03
5.940372600023230941e-03
5.948850738910192899e-03
5.957204574554142776e-03
5.965600336248022204e-03
5.974121716079132394e-03
5.982607785546669409e-03
5.990968565247059389e-03
5.999345383912341699e-03
6.007847705276850130e-03
6.016357881003731728e-03
6.024733082205970328e-03
6.033100102135095094e-03
6.041593946670375387e-03
6.050100371179610581e-03
6.058493711780936139e-03
6.066857337957825939e-03
6.075353173897073307e-03
6.083870159369306717e-03
6.092260372034388055e-03
6.100628118857280222e-03
6.109121312298234491e-03
6.117632026236596680e-03
6.126039331585880938e-03
6.134410364578665731e-03
6.142886705937189960e-03
6.151391692823767084e-03
6.159804109783696517e-03
6.168172795789874513e-03
6.176632386156087617e-03
6.185145376172135508e-03
6.193547322341986204e-03
6.201898958964755654e-03
6.210381907053779370e-03
6.218898519128194038e-03
6.227307156722330928e-03
6.235655266115649152e-03
6.244133618246211839e-03
6.252653237511178637e-03
6.261066390815084315e-03
6.269420423110617230e-03
6.277890469577486650e-03
6.286407128163934259e-03
6.294829253985534043e-03
6.303184824233041064e-03
6.311642589051201166e-03
6.320154040323241844e-03
6.328574653436606912e-03
6.336918464379968918e-03
6.345371518750302087e-03
6.353888466591476637e-03
6.362327971575828557e-03
6.370680377473191686e-03
6.379101474529737421e-03
6.387614763989957894e-03
6.396050843773942556e-03
6.404394320573444412e-03
6.412833886900181496e-03
6.421336358395263698e-03
6.429773486025693388e-03
6.438122764855703194e-03
6.446561939050773730e-03
6.455068488522718376e-03
6.463535326466849501e-03
6.471891117827011618e-03
6.480298852067947236e-03
6.488797666855141560e-03
6.497280969309834897e-03
6.505661034077574352e-03
6.514042319164462490e-03
6.522520671516094867e-03
6.531020717650354301e-03
6.539392895646574042e-03
6.547765462771320058e-03
6.556264406695563526e-03
6.564760926437848525e-03
6.573143877943509600e-03
6.581506630271813027e-03
6.589992353818100931e-03
6.598504245667028215e-03
6.606898934206997288e-03
6.615250894071529088e-03
6.623715012066098626e-03
6.632242221126119150e-03
6.640665890371257214e-03
6.649012656804705393e-03
6.657445608394578322e-03
6.665973311647754862e-03
6.674421294986306041e-03
6.682769589163282259e-03
6.691193336211171544e-03
6.699701915797226862e-03
6.708136762398649380e-03
6.716493439947087904e-03
6.724928049797844476e-03
6.733441617679184442e-03
6.741890336094590042e-03
6.750269893212265150e-03
6.758676771546691907e-03
6.767158377254089627e-03
6.775652919868526032e-03
6.784050487401334373e-03
6.792432545825202901e-03
6.800886925429891483e-03
6.809388044345487771e-03
6.817814437080061546e-03
6.826177558382636248e-03
6.834603636084163499e-03
6.843104116969717793e-03
6.851543602275218282e-03
6.859903440864547654e-03
6.868322994643988322e-03
6.876818389406476502e-03
6.885286571725580083e-03
6.893667130745463958e-03
6.902058069267060815e-03
6.910536572104625935e-03
6.919035255153103969e-03
6.927438710529120088e-03
6.935802725679734645e-03
6.944271459066298120e-03
6.952776702401505804e-03
6.961196976857621059e-03
6.969568342594116908e-03
6.978000747076754454e-03
6.986510858913812065e-03
6.994962495231450868e-03
7.003339478064109919e-03
7.011746817501747844e-03
7.020242270548977641e-03
7.028722820176561484e-03
7.037106267760054150e-03
7.045494884329729472e-03
7.053978786392330405e-03
7.062477769900703251e-03
7.070875655044450876e-03
7.079255795766815733e-03
7.087709805542287585e-03
7.096209853049284012e-03
7.104640928891975231e-03
7.113012240780117353e-03
7.121437496362226054e-03
7.129929772388647093e-03
7.138388037460103447e-03
7.146747243249582972e-03
7.155154880953701856e-03
7.163647547031564561e-03
7.172130673656138336e-03
7.180515821463226596e-03
7.188903539218854423e-03
7.197377988447589865e-03
7.205882031370697965e-03
7.214301117418350437e-03
7.222665085597526971e-03
7.231120728198731952e-03
7.239628320258713334e-03
7.248044565500841828e-03
7.256400911294189938e-03
7.264861774118965172e-03
7.273374551471294830e-03
7.281799841428488775e-03
7.290166067283147637e-03
7.298596216098019764e-03
7.307097220545905568e-03
7.315557788966960649e-03
7.323944108827149316e-03
7.332343180910298741e-03
7.340825090887129027e-03
7.349329227867159968e-03
7.357744437904128153e-03
7.366112376953883219e-03
7.374568290262960985e-03
7.383080738677351255e-03
7.391491845614610486e-03
7.399848568450032374e-03
7.408312791782158298e-03
7.416825313187741520e-03
7.425225683756917112e-03
7.433583355204667446e-03
7.442060769453866416e-03
7.450562842082531292e-03
7.458941795245645559e-03
7.467311711274752552e-03
7.475801986100732988e-03
7.484316688353028629e-03
7.492710759085167635e-03
7.501060759941127754e-03
7.509528961319299027e-03
7.518054790687105776e-03
7.526485934398828570e-03
7.534830101038720966e-03
7.543268382658264125e-03
7.551799317620976060e-03
7.560262307635394474e-03
7.568610718045676658e-03
7.577021037096920777e-03
7.585539052127438300e-03
7.594030187683052137e-03
7.602392944680003845e-03
7.610775742190888787e-03
7.619278053420377658e-03
7.627787392772204973e-03
7.636175939537413401e-03
7.644532840839843822e-03
7.653007361059512015e-03
7.661531979669647559e-03
7.669953114221823159e-03
7.678301679697449589e-03
7.686746931023994388e-03
7.695280487720422731e-03
7.703736663807334711e-03
7.712087418187787632e-03
7.720498963278008692e-03
7.729025203574798122e-03
7.737512506344015537e-03
7.745873408236405959e-03
7.754256683844195849e-03
7.762765993377234233e-03
7.771279145160500668e-03
7.779661976221424226e-03
7.788027686732317163e-03
7.796508483960480802e-03
7.805036026787754745e-03
7.813451087051814445e-03
7.821799949598296636e-03
7.830249922266314597e-03
7.838785631807440590e-03
7.847238845763675544e-03
7.855583438047430977e-03
7.864001490529390348e-03
7.872528422448073215e-03
7.881012728907309250e-03
7.889371309594241793e-03
7.897768641742734796e-03
7.906271028151707833e-03
7.914775487296386164e-03
7.923160392432132201e-03
7.931533360883279149e-03
7.940014105983510609e-03
7.948529599374911866e-03
7.956938430679407273e-03
7.965294100717444301e-03
7.973771523804967440e-03
7.982291431948868032e-03
7.990710041349623205e-03
7.999063348913114380e-03
8.007513185165420280e-03
8.016046090807299809e-03
8.024494094129265218e-03
8.032840241116726704e-03
8.041256180116952701e-03
8.049786401871449060e-03
8.058271980710386695e-03
8.066629174240717848e-03
8.075023078993794762e-03
8.083524618167926487e-03
8.092027369685556373e-03
8.100409908748763127e-03
8.108785478075803202e-03
8.117274429081557455e-03
8.125782176771055923e-03
8.134183649587173673e-03
8.142540716386283822e-03
8.151023508355977401e-03
8.159552818333250593e-03
8.167966035036661535e-03
8.176315481498077492e-03
8.184763302288327463e-03
8.193299006789098171e-03
8.201753705513408974e-03
8.210098804959086241e-03
8.218524129127137423e-03
8.227040429552353457e-03
8.235517132737381341e-03
8.243876780102509308e-03
8.252282934425538355e-03
8.260793421721554161e-03
8.269282228947552951e-03
8.277663525350547127e-03
8.286041935901836131e-03
8.294541706806232359e-03
8.303043378062698737e-03
8.311438322077322263e-03
8.319796868345876936e-03
8.328280007565016727e-03
8.336808534485588840e-03
8.345221961906238578e-03
8.353570017211547558e-03
8.362018578004743602e-03
8.370554139957683132e-03
8.379007496676122921e-03
8.387354853495534307e-03
8.395775328200625817e-03
8.404291991792298827e-03
8.412766965645130171e-03
8.421123694441578003e-03
8.429532460581102768e-03
8.438049391860758669e-03
