0.000000000000000000e+00
8.389797084778552585e-06
1.684767213257890614e-05
2.531447047349757128e-05
3.371544980216303688e-05
4.209691389446746550e-05
5.054318070954123734e-05
5.901568215757409030e-05
6.743002331657026930e-05
7.580660197457204962e-05
8.423975807128183187e-05
9.271491950486068735e-05
1.011430355675430417e-04
1.095187688564175962e-04
1.179379827985708437e-04
1.264118742794170303e-04
1.348536557479897266e-04
1.432329089901938793e-04
1.516386572718807755e-04
1.601077997603131680e-04
1.685616467213813777e-04
1.769481604526194939e-04
1.853416559806632619e-04
1.938029077098512383e-04
2.022669230448609682e-04
2.106637168498091256e-04
2.190478205571858028e-04
2.274983338392779408e-04
2.359691019742774279e-04
2.443787023339019301e-04
2.527565196725213006e-04
2.611943847362680924e-04
2.696691666726957690e-04
2.780923563767980465e-04
2.864678766921615683e-04
2.948920766682611443e-04
3.033666894122061513e-04
3.118037717659542405e-04
3.201814203282920862e-04
3.285917633630539600e-04
3.370630544777081738e-04
3.455128090624520385e-04
3.538962728602656604e-04
3.622938706867442427e-04
3.707582235076801406e-04
3.792189588655643282e-04
3.876118225710655147e-04
3.959989565391037287e-04
4.044535322850983613e-04
4.129221576633442686e-04
4.213270757580062998e-04
4.297066234218342522e-04
4.381490651010823303e-04
4.466229957051892326e-04
4.550412295754452385e-04
4.634170918457561372e-04
4.718462351068731468e-04
4.803211502695887351e-04
4.887533861614280035e-04
4.971298843930501300e-04
5.055449635297965547e-04
5.140179961107185086e-04
5.224633874840684065e-04
5.308442281563368562e-04
5.392462490307940942e-04
5.477133141235687556e-04
5.561703861558044181e-04
5.645596657023032455e-04
5.729501797558080251e-04
5.814085907267261622e-04
5.898746995408923324e-04
5.982750325826827545e-04
6.066568558663499190e-04
6.151038133150468030e-04
6.235763498721120027e-04
6.319896732221827636e-04
6.403664038657452774e-04
6.488004910431887989e-04
6.572753180261627212e-04
6.657025870776179686e-04
6.740783974841759374e-04
6.824983588834269066e-04
6.909726950242170906e-04
6.994134967770877483e-04
7.077922191577136262e-04
7.161988628890069136e-04
7.246682507294731346e-04
7.331214200010830557e-04
7.415074976283438871e-04
7.499016542700250683e-04
7.583635991542712982e-04
7.668268558067530124e-04
7.752228666548381707e-04
7.836074292824161134e-04
7.920585773632915060e-04
8.005292547183823649e-04
8.089379092914073845e-04
8.173159538455511451e-04
8.257547986325842679e-04
8.342291317602889026e-04
8.426514695219236529e-04
8.510271276832304934e-04
8.594519373307214034e-04
8.679270476993009974e-04
8.763631697536269655e-04
8.847402937484073965e-04
8.931516945794480081e-04
9.016230570768492660e-04
9.100720237516193205e-04
9.184552269227390505e-04
9.268533666541178178e-04
9.353184840900893903e-04
9.437784970378279310e-04
9.521704926771610168e-04
9.605582482942206070e-04
9.690133918624748832e-04
9.774817480753476406e-04
9.858858502461266896e-04
9.942656885245377673e-04
1.002709210327408550e-03
1.011182615072413801e-03
1.019599942129934553e-03
1.027975985090510665e-03
1.036405761968911370e-03
1.044881084309314196e-03
1.053312400579841041e-03
1.061688462836195453e-03
1.070104733912722586e-03
1.078577662732110344e-03
1.087022205932584558e-03
1.095402917055676283e-03
1.103805407035081875e-03
1.112273267542519600e-03
1.120729666779556695e-03
1.129118023282305689e-03
1.137509364256206450e-03
1.145968191381009161e-03
1.154433820710794962e-03
1.162833595313663652e-03
1.171215709770022460e-03
1.179663673106181535e-03
1.188135725816189805e-03
1.196548151021555690e-03
1.204925146094616359e-03
1.213359797552715068e-03
1.221834845180885115e-03
1.230261318699686288e-03
1.238636869335775883e-03
1.247058020301474585e-03
1.255532126114555173e-03
1.263972073700927231e-03
1.272350765661090736e-03
1.280757828398988935e-03
1.289227961992334961e-03
1.297680485924370460e-03
1.306065630073419571e-03
1.314460874633445898e-03
1.322923069597747641e-03
1.331385643495181220e-03
1.339781281533125763e-03
1.348166125762374074e-03
1.356618274513913961e-03
1.365088533020027617e-03
1.373496148486270246e-03
1.381874653873622514e-03
1.390314066748000272e-03
1.398788333800631001e-03
1.407209950040610178e-03
1.415585500705349165e-03
1.424011522539349013e-03
1.432486392954362151e-03
1.440921614332212010e-03
1.449298772370848391e-03
1.457710598928338647e-03
1.466182541761588184e-03
1.474630924961782726e-03
1.483013345327013335e-03
1.491412691286917369e-03
1.499877915216948606e-03
1.508337172196059931e-03
1.516728958610339718e-03
1.525116920882941055e-03
1.533572960323686431e-03
1.542041027177298461e-03
1.550444069227710150e-03
1.558824568286310908e-03
1.567268530435706776e-03
1.575741662363594605e-03
1.584158442819814461e-03
1.592534467448542598e-03
1.600965309376525033e-03
1.609440493417637437e-03
1.617870869014740795e-03
1.626247000061014063e-03
1.634663745564872818e-03
1.643137070276265736e-03
1.651581009328311400e-03
1.659961114019079496e-03
1.668364802214136354e-03
1.676832774862874447e-03
1.685288339046778563e-03
1.693676478924778820e-03
1.702068033350657679e-03
1.710527717090734546e-03
1.718993075075457176e-03
1.727391708836208042e-03
1.735774657968752223e-03
1.744223113090988438e-03
1.752694654286407342e-03
1.761106523626036540e-03
1.769483534156203073e-03
1.777919201016670957e-03
1.786394245027096662e-03
1.794819636694089176e-03
1.803195284519191035e-03
1.811617045678235024e-03
1.820091325604175593e-03
1.828530620181749574e-03
1.836908845569328042e-03
1.845317058045872760e-03
1.853787399124207829e-03
1.862239007336751124e-03
1.870623876293615656e-03
1.879019396276322088e-03
1.887482352725829452e-03
1.895944619876657484e-03
1.904339234445598687e-03
1.912724974384115689e-03
1.921177593195551748e-03
1.929647232692050787e-03
1.938054370254240497e-03
1.946432878489403294e-03
1.954873250705694687e-03
1.963347626806589107e-03
1.971768081399073291e-03
1.980143839199343444e-03
1.988570552616158397e-03
1.997045353598034777e-03
2.005479881508302666e-03
2.013856717908045577e-03
2.022269596517769791e-03
2.030741884054916482e-03
2.039189261300205711e-03
2.047571297687188034e-03
2.055971135903061995e-03
2.064437006641688197e-03
2.072895753824443351e-03
2.081286597960579389e-03
2.089675547867831436e-03
2.098132157721449131e-03
2.106599464377464665e-03
2.115001924393610302e-03
2.123382484356974281e-03
2.131827413186810922e-03
2.140300575620555056e-03
2.148716135574253814e-03
2.157092516773115830e-03
2.165524174236605880e-03
2.173999075815628759e-03
2.182428697026524318e-03
2.190804635290140127e-03
2.199222346123286525e-03
2.207696079705757930e-03
2.216139023412058966e-03
2.224518760947539770e-03
2.232923112203277858e-03
2.241391465277072642e-03
2.249846424611558378e-03
2.258233900564027112e-03
2.266626362012653245e-03
2.275086598336148805e-03
2.283551234418874920e-03
2.291949313008530276e-03
2.300332393839483579e-03
2.308781638603251210e-03
2.317253110184056778e-03
2.325663973360682802e-03
2.334041453206405371e-03
2.342477925928740726e-03
2.350952539972784271e-03
2.359377241331464536e-03
2.367752803101207375e-03
2.376175394640004605e-03
2.384650045835324562e-03
2.393088448422947025e-03
2.401466405247443779e-03
2.409875404816106109e-03
2.418345883091890542e-03
2.426796821947791675e-03
2.435181273337718149e-03
2.443577614430673603e-03
2.452041167794901094e-03
2.460502747571819381e-03
2.468896660722245950e-03
2.477282762474026113e-03
2.485736117521646603e-03
2.494205453332361874e-03
2.502611728155013787e-03
2.510990783855058389e-03
2.519431947674717273e-03
2.527905883232986744e-03
2.536325615259043230e-03
2.544701301695140999e-03
2.553128869116666217e-03
2.561603965474593472e-03
2.570037598674922413e-03
2.578414250941620574e-03
2.586828057495460000e-03
2.595300326264040995e-03
2.603746982211352281e-03
2.612128760020656238e-03
2.620529266541912154e-03
2.628995724162989413e-03
2.637453942577088102e-03
2.645844057484206691e-03
2.654233535558395574e-03
2.662690680403465449e-03
2.671157570126943444e-03
2.679559422211535459e-03
2.687940468029234066e-03
2.696386135898181432e-03
2.704858993090817568e-03
2.713273783662345940e-03
2.721650146127540127e-03
2.730082560971100730e-03
2.738557606326042296e-03
2.746986511145049770e-03
2.755362386094658764e-03
2.763780962850757861e-03
2.772254619302210246e-03
2.780696858969540497e-03
2.789076371344210298e-03
2.797481289867320350e-03
2.805950207694299023e-03
2.814404753545860210e-03
2.822791493541080242e-03
2.831184641004744987e-03
2.839645300484263789e-03
2.848109390332641353e-03
2.856506998468926004e-03
2.864890500759261893e-03
2.873340454803192338e-03
2.881811799081530293e-03
2.890221734260356185e-03
2.898599318692701970e-03
2.907036520336046814e-03
2.915511089903581078e-03
2.923935137590971071e-03
2.932310694164993754e-03
2.940734140486507379e-03
2.949208811097339504e-03
2.957646354813205699e-03
2.966024043653344225e-03
2.974433684879462456e-03
2.982904623075151567e-03
2.991355124532819616e-03
2.999738892357644432e-03
3.008136002152041362e-03
3.016599882799715724e-03
3.025060805954097286e-03
3.033454341653782187e-03
3.041840799185312194e-03
3.050294795780449184e-03
3.058764108127120379e-03
3.067169380032043393e-03
3.075548682063435242e-03
3.083990510099992623e-03
3.092464181888693840e-03
3.100883340278260455e-03
3.109259104004467866e-03
3.117687347447538684e-03
3.126162591756985899e-03
3.134595332373311168e-03
3.142971750294657612e-03
3.151386200706182521e-03
3.159858745000356309e-03
3.168304928987523885e-03
3.176686185855451868e-03
3.185087467808101359e-03
3.193554250085395025e-03
3.202011676116433506e-03
3.210401426316921748e-03
3.218791278689871454e-03
3.227248995325479857e-03
3.235715805427591494e-03
3.244116614713190953e-03
3.252498100057833481e-03
3.260944471615409481e-03
3.269416793417377620e-03
3.277831002427687105e-03
3.286207522388428278e-03
3.294640620668172828e-03
3.303115923671517875e-03
3.311543728517398009e-03
3.319919424190344477e-03
3.328338837437278940e-03
3.336812549063215231e-03
3.345254127193555364e-03
3.353633291101843113e-03
3.362039007705931205e-03
3.370508347095521953e-03
3.378961925100737538e-03
3.387348217218248258e-03
3.395741875358409753e-03
3.404203033942537759e-03
3.412666899065320419e-03
3.421063541255054026e-03
3.429447636498139749e-03
3.437898297046990733e-03
3.446368906499006936e-03
3.454778307109356971e-03
3.463156082098110215e-03
3.471593894614436165e-03
3.480068732881762446e-03
3.488491631349602620e-03
3.496867130705599413e-03
3.505291484213349327e-03
3.513765945455645055e-03
3.522202820602446122e-03
3.530580364284677253e-03
3.538990658756185990e-03
3.547462130806437654e-03
3.555911635566132850e-03
3.564294887261796555e-03
3.572692700976935927e-03
3.581156975448207287e-03
3.589617476649283219e-03
3.598010212131907536e-03
3.606397299998911031e-03
3.614852085358277733e-03
3.623320579007049957e-03
3.631725224393431498e-03
3.640104795627510399e-03
3.648547289501515457e-03
3.657021138094052135e-03
3.665439131563585050e-03
3.673814973931090362e-03
3.682244289775577113e-03
3.690719129853939958e-03
3.699151154442915403e-03
3.707527505095656664e-03
3.715942571757062558e-03
3.724415771169372301e-03
3.732860914305015116e-03
3.741241595945772082e-03
3.749643816931436547e-03
3.758110823563593893e-03
3.766567692242568568e-03
3.774956846128841356e-03
3.783347272525819458e-03
3.791805884751209017e-03
3.800271900286093969e-03
3.808671971949796273e-03
3.817053849867979316e-03
3.825500818482441018e-03
3.833973195401327132e-03
3.842386351013306247e-03
3.850763044266341997e-03
3.859197277278172619e-03
3.867672068271749315e-03
3.876099128809283156e-03
3.884474786598257623e-03
3.892894788964538274e-03
3.901369144655865862e-03
3.909809721515313842e-03
3.918188346556498308e-03
3.926595174930597523e-03
3.935064576117718906e-03
3.943517479442280697e-03
3.951903322702558785e-03
3.960297489243124955e-03
3.968759603260161098e-03
3.977222698289847695e-03
3.985618477765053881e-03
3.994003144568068764e-03
4.002454344877390442e-03
4.010924767962139106e-03
4.019333255748740695e-03
4.027711260015456006e-03
4.036150196279875667e-03
4.044624504019826011e-03
4.053046636575278854e-03
4.061422170283817724e-03
4.069847053861631869e-03
4.078321976752140310e-03
4.086757961756354134e-03
4.095135093308216803e-03
4.103546509660221595e-03
4.112017831366913609e-03
4.120466664861773855e-03
4.128849689030363555e-03
4.137247819085436776e-03
4.145712901436812529e-03
4.154172815578097491e-03
4.162564753126625841e-03
4.170952554927353541e-03
4.179407660529567241e-03
4.187875792532725835e-03
4.196279818165796205e-03
4.204659608715128130e-03
4.213103095361721284e-03
4.221576511181399614e-03
4.229993733628660026e-03
4.238369712832508809e-03
4.246799482752478504e-03
4.255274556284514842e-03
4.263705815817059319e-03
4.272081940316843976e-03
4.280498105849868569e-03
4.288971058081348688e-03
4.297415526427089162e-03
4.305796059424708833e-03
4.314198562390487469e-03
4.322666270006205076e-03
4.331122582940430919e-03
4.339510967446064647e-03
4.347902295746540816e-03
4.356361080761531578e-03
4.364826550500982075e-03
4.373226190673339120e-03
4.381608272088842286e-03
4.390056122593481193e-03
4.398528151737074801e-03
4.406940518833462987e-03
4.415317474726998363e-03
4.423752133598347208e-03
4.432226904843285416e-03
4.440653275632866492e-03
4.449028888603582914e-03
4.457449892914379201e-03
4.465924032486873890e-03
4.474363928090627218e-03
4.482742412853760357e-03
4.491149568689103456e-03
4.499619506713104476e-03
4.508071868278251161e-03
4.516457094607897668e-03
4.524852258625658430e-03
4.533314465594442434e-03
4.541776940039854958e-03
4.550172327212547753e-03
4.558557189546547268e-03
4.567009224369136464e-03
4.575479401474925704e-03
4.583886970152460660e-03
4.592265426246685406e-03
4.600704885070915594e-03
4.609178942330257461e-03
4.617600349692723045e-03
4.625975935577226854e-03
4.634401837235315597e-03
4.642876753641993204e-03
4.651311863884200273e-03
4.659688815496632400e-03
4.668100811661054020e-03
4.676572560476965554e-03
4.685020673634428430e-03
4.693403150086310205e-03
4.701802385239248205e-03
4.710267700493779922e-03
4.718726848091677958e-03
4.727118281833469528e-03
4.735506362604925690e-03
4.743962304516619391e-03
4.752430189941138534e-03
4.760833217499195642e-03
4.769213624134287233e-03
4.777657694748829904e-03
4.786130682622713982e-03
4.794547163442995814e-03
4.802923210567616036e-03
4.811353983728249885e-03
4.819829184143248693e-03
4.828259445518448198e-03
4.836635397173598416e-03
4.845052325085500919e-03
4.853525461265087784e-03
4.861969120855506865e-03
4.870349288371007140e-03
4.878752829043053046e-03
4.887220907639659891e-03
4.895676432326209401e-03
4.904064201210088167e-03
4.912455950623588127e-03
4.920915516507606315e-03
4.929380619636523214e-03
4.937779294395359432e-03
4.946162099404292564e-03
4.954610643276423365e-03
4.963082137599589445e-03
4.971493673440583252e-03
4.979870740190480045e-03
4.988306338091752154e-03
4.996781287067765011e-03
5.005206633578274805e-03
5.013582152482467559e-03
5.022004037721332186e-03
5.030478171990229036e-03
5.038917196235429344e-03
5.047295484543093402e-03
5.055703514055319078e-03
5.064173908987942146e-03
5.072625505386331619e-03
5.081010072914923618e-03
5.089405794621660109e-03
5.097868587222467891e-03
5.106330561524728695e-03
5.114725273674299022e-03
5.123110806252629060e-03
5.131563513096870123e-03
5.140033156825379521e-03
5.148439936327709257e-03
5.156818538840144892e-03
5.165258802892406902e-03
5.173732967422500946e-03
5.182153476510182114e-03
5.190529091329471913e-03
5.198955863159924508e-03
5.207430577821576048e-03
5.215864863895823544e-03
5.224241733162385097e-03
5.232654477116537028e-03
5.241126694668102153e-03
5.249574114813670631e-03
5.257955965495573168e-03
5.266355920084185398e-03
5.274821595483793202e-03
5.283280104637032987e-03
5.291671104611242807e-03
5.300059793251792571e-03
5.308516388238553388e-03
5.316983781440121765e-03
5.325385972470511424e-03
5.333766627569827036e-03
5.342211416363828319e-03
5.350684312436715037e-03
5.359100005826350141e-03
5.367476202424685885e-03
5.375907862463659599e-03
5.384382778169447339e-03
5.392812143388019640e-03
5.401188096033360427e-03
5.409605703802466449e-03
5.418079268189982499e-03
5.426522256236512506e-03
5.434901826522924549e-03
5.443306264547994808e-03
5.451774483705203872e-03
5.460229219389820150e-03
5.468616752519191854e-03
5.477009015182733240e-03
5.485469232534303206e-03
5.493933915567569999e-03
5.502331662958829389e-03
5.510714895727180686e-03
5.519164044780958470e-03
5.527635227376775755e-03
5.536046162016926980e-03
5.544423438149798274e-03
5.552859919558531150e-03
5.561334627632047271e-03
5.569759004600239975e-03
5.578134547456858709e-03
5.586557101298459879e-03
5.595031540315547822e-03
5.603469916161187524e-03
5.611847692671363512e-03
5.620256742181832174e-03
5.628727193873256894e-03
5.637177894263158476e-03
5.645562292118549638e-03
5.653958472859174286e-03
5.662421947378865408e-03
5.670883566880295136e-03
5.679277204210113165e-03
5.687663417930837427e-03
5.696116672242679257e-03
5.704585776531774510e-03
5.712992035553924458e-03
5.721370857748833694e-03
5.729811981442986361e-03
5.738286027781530109e-03
5.746705453030262131e-03
5.755081137656488204e-03
5.763508639172281595e-03
5.771983492157259019e-03
5.780417107852730586e-03
5.788793604200652594e-03
5.797207365400301564e-03
5.805679708169979476e-03
5.814126123692990068e-03
5.822507777149359826e-03
5.830908202349063818e-03
5.839374540001231705e-03
5.847832714323515126e-03
5.856222616655957537e-03
5.864612171010169517e-03
5.873069273558340769e-03
5.881535939903915350e-03
5.889937699973327168e-03
5.898318552276691877e-03
5.906764156853024604e-03
5.915237096652480563e-03
5.923651590565700772e-03
5.932027994191278221e-03
5.940460376526370684e-03
5.948935195834437022e-03
5.957364017809133223e-03
5.965739723949782351e-03
5.974158248409309861e-03
5.982632033197776006e-03
5.991074001642990310e-03
5.999453383221413014e-03
6.007858305498486352e-03
6.016327056322929960e-03
6.024781453042141882e-03
6.033168068362584902e-03
6.041561220820087889e-03
6.050021905499926821e-03
6.058485780580767296e-03
6.066883216689806201e-03
6.075266619634261608e-03
6.083716526304890591e-03
6.092187805174110321e-03
6.100597506220040850e-03
6.108975157106821471e-03
6.117412370273964291e-03
6.125886732636791170e-03
6.134310587625633505e-03
6.142685995420667060e-03
6.151109397857460609e-03
6.159584176759008538e-03
6.168021421838384630e-03
6.176399015957735085e-03
6.184808731832087958e-03
6.193279526155721741e-03
6.201729743994504468e-03
6.210113393553088300e-03
6.218510509409682849e-03
6.226974499811269333e-03
6.235435177908618502e-03
6.243828466192265225e-03
6.252214936856946917e-03
6.260668920026427053e-03
6.269138015450248340e-03
6.277543053839889156e-03
6.285922434909656242e-03
6.294364358865640538e-03
6.302837816090673707e-03
6.311256690816956054e-03
6.319632338829261030e-03
6.328060658814356303e-03
6.336535876951916377e-03
6.344968280694281496e-03
6.353344657450361865e-03
6.361759261984688101e-03
6.370231671281286270e-03
6.378677478270563909e-03
6.387058575506479423e-03
6.395459918608761146e-03
6.403926845833502954e-03
6.412383976156033408e-03
6.420773448459033209e-03
6.429163416786014447e-03
6.437621177587751070e-03
6.446087628176192137e-03
6.454488227376149571e-03
6.462869789777675109e-03
6.471316282079883284e-03
6.479788441697573696e-03
6.488202318342553045e-03
6.496578750134977820e-03
6.505011990400285868e-03
6.513487134432573676e-03
6.521914612038302167e-03
6.530290305460166936e-03
6.538709865386183907e-03
6.547183472901776588e-03
6.555624704843586621e-03
6.564003700945670108e-03
6.572409494720298992e-03
6.580878919726894545e-03
6.589332225741596251e-03
6.597718266416570040e-03
6.606112095188406558e-03
6.614573313203244050e-03
6.623036749846096354e-03
6.631433176256734847e-03
6.639817342859037283e-03
6.648268187844574677e-03
6.656738639740955241e-03
6.665147680092758757e-03
6.673525419560346131e-03
6.681963438589664551e-03
6.690437989221541953e-03
6.698860627886091268e-03
6.707236142269881740e-03
6.715660638746960738e-03
6.724135075505340703e-03
6.732571588275146172e-03
6.740948908886973574e-03
6.749359368443546420e-03
6.757830844473193890e-03
6.766280065257068363e-03
6.774663120911691462e-03
6.783061101124716191e-03
6.791525435430578392e-03
6.799985557761965664e-03
6.808378084002551789e-03
6.816765218566369668e-03
6.825220118532564738e-03
6.833688504331279084e-03
6.842092800233528019e-03
6.850472378015449483e-03
6.858915071259029210e-03
6.867388546021858248e-03
6.875806314168375274e-03
6.884182178715668107e-03
6.892611612194633405e-03
6.901086439610728748e-03
6.909518129268895845e-03
6.917894263536598747e-03
6.926309561124715554e-03
6.934782571542031163e-03
6.943227481290498507e-03
6.951608067108358546e-03
6.960010380696627849e-03
6.968477460819318299e-03
6.976933977961114267e-03
6.985322878138732275e-03
6.993713389649292358e-03
7.002172030619210376e-03
7.010637902218386924e-03
7.019037677849287657e-03
7.027419609489831895e-03
7.035866762462742244e-03
7.044338736965762536e-03
7.052751678774646198e-03
7.061128386520072742e-03
7.069562640758239591e-03
7.078037444856011967e-03
7.086464183290203979e-03
7.094839686618318111e-03
7.103259922416615968e-03
7.111733957005279133e-03
7.120174341997896096e-03
7.128552949569959794e-03
7.136959783802875046e-03
7.145429221095611454e-03
7.153881857249777196e-03
7.162267457414518528e-03
7.170661755970096467e-03
7.179123744873531707e-03
7.187586702031618750e-03
7.195982285456231642e-03
7.204367002322212450e-03
7.212818362553293991e-03
7.221288467384614704e-03
7.229696684904573893e-03
7.238074767680357374e-03
7.246513731709640360e-03
7.254988040362681488e-03
7.263409817723560057e-03
7.271785247322724161e-03
7.280210478688093137e-03
7.288685107555744301e-03
7.297120760944201569e-03
7.305497896475944032e-03
7.313909395500857273e-03
7.322380848657695195e-03
7.330829331237272498e-03
7.339211986108894192e-03
7.347610486371516057e-03
7.356075453580452825e-03
7.364535079811912466e-03
7.372926813831021803e-03
7.381314700827925138e-03
7.389770034698538680e-03
7.398237857668449498e-03
7.406641481527334765e-03
7.415021431046112804e-03
7.423464975834129925e-03
7.431938318349768334e-03
7.440355158737903957e-03
7.448731089850752808e-03
7.457161276548609011e-03
7.465636060083270277e-03
7.474066857197168845e-03
7.482442998178849211e-03
7.490859279125594919e-03
7.499332364220148012e-03
7.507776418991316328e-03
7.516156595861353713e-03
7.524559554063500917e-03
7.533027139502626764e-03
7.541483065232324617e-03
7.549871291516310756e-03
7.558262686580949699e-03
7.566721740838153187e-03
7.575186927709063461e-03
7.583586048991606578e-03
7.591968366669260213e-03
7.600416298582012876e-03
7.608888173429618172e-03
7.617300110978845497e-03
7.625677049550437514e-03
7.634112122264330794e-03
7.642586645817509537e-03
7.651012490828626444e-03
7.659388127053405604e-03
7.667809257403864105e-03
7.676283511571937480e-03
7.684722957560907036e-03
7.693101116276875213e-03
7.701508762629209054e-03
7.709978561106263159e-03
7.718430440995269030e-03
7.726815534171469803e-03
7.735210721779595469e-03
7.743673206052161841e-03
7.752135392562582543e-03
7.760530275976393506e-03
7.768915418444054949e-03
7.777367481981098569e-03
7.785837430530359073e-03
7.794244698111638461e-03
7.802623093393607802e-03
7.811062890537764751e-03
7.819536774340151222e-03
7.827957705883735115e-03
7.836333296945762264e-03
7.844759256880717846e-03
7.853234214743157887e-03
7.861668955044752091e-03
7.870045646046135851e-03
7.878458047665262004e-03
7.886929656101996505e-03
7.895377335923964290e-03
7.903759717346480612e-03
7.912158903513493921e-03
7.920624457526823092e-03
7.929083341799651047e-03
7.937474280369151425e-03
7.945862678354611783e-03
7.954318597392297241e-03
7.962786128625264429e-03
7.971188910605572428e-03
7.979569227466171491e-03
7.988013602714045744e-03
7.996486449085449949e-03
8.004902402298553349e-03
8.013278477924830334e-03
8.021709336239055826e-03
8.030184441689732638e-03
8.038614298284226661e-03
8.046990047582693387e-03
8.055407329355872975e-03
8.063880365984097895e-03
8.072323569193021880e-03
8.080703604012303559e-03
8.089107127365274472e-03
8.097575376030206190e-03
8.106030583750417975e-03
8.114417914271190510e-03
8.122810021691894214e-03
8.131269579861006430e-03
8.139734268920591556e-03
8.148132725285035793e-03
8.156515416682030492e-03
8.164964241118243676e-03
8.173435600843917750e-03
8.181846588822431349e-03
8.190223742504406865e-03
8.198659493908215176e-03
8.207134213830489383e-03
8.215559140423427109e-03
8.223934494449884267e-03
8.232356761235515297e-03
8.240830826915040985e-03
8.249269292036868692e-03
8.257647377784092108e-03
8.266055580452612642e-03
8.274526070200181535e-03
8.282977189813515995e-03
8.291361330657491535e-03
8.299757491349341043e-03
8.308220350334533794e-03
8.316681806661554641e-03
8.325076143520158262e-03
8.333461714592108049e-03
8.341914758420167567e-03
8.350384149979522483e-03
8.358790285456527830e-03
8.367169098677219863e-03
8.375609584523295223e-03
8.384083403070372725e-03
8.392503438213452446e-03
8.400878916073278510e-03
8.409306113815441519e-03
8.417780794310388004e-03
8.426214447247741893e-03
