0.000000000000000000e+00
8.395936846840955896e-06
1.684513606094003698e-05
2.530111286187817566e-05
3.370534623832030556e-05
4.209496407850746980e-05
5.053559290513209168e-05
5.899619309794689565e-05
6.741012208387583884e-05
7.579596317987156919e-05
8.422677224120353619e-05
9.268951420250459748e-05
1.011137944399431845e-04
1.094986878975267431e-04
1.179191588955008088e-04
1.263814107093684871e-04
1.348159160947146160e-04
1.432028144370320994e-04
1.516130909826034364e-04
1.600722916359185479e-04
1.685162124903534758e-04
1.769078747610015553e-04
1.853088736549169334e-04
1.937625887800799676e-04
2.022145187235712706e-04
2.106132807770628524e-04
2.190066173312356877e-04
2.274528527874587899e-04
2.359107940126956092e-04
2.443184853177905540e-04
2.527064006835048242e-04
2.611434921138318659e-04
2.696051990799719269e-04
2.780229096958722356e-04
2.864080515076529465e-04
2.948350956399216740e-04
3.032979450444700411e-04
3.117260535717184759e-04
3.201113547493007207e-04
3.285279929375268040e-04
3.369894342701769971e-04
3.454275294118946786e-04
3.538158893932442733e-04
3.622225994447371639e-04
3.706800237283214131e-04
3.791271158190746447e-04
3.875211316972122636e-04
3.959190755359935860e-04
4.043702772624293575e-04
4.128246436297337146e-04
4.212265417441730898e-04
4.296175939893241745e-04
4.380605903985568023e-04
4.465202372124806160e-04
4.549315135821915845e-04
4.633180731399363255e-04
4.717515761634319231e-04
4.802139824499092454e-04
4.886355179941251998e-04
4.970203741011015863e-04
5.054435824209931125e-04
5.139062462047871982e-04
5.223380758645176968e-04
5.307241788262569669e-04
5.391370896932854307e-04
5.475973142756079609e-04
5.560388967130564745e-04
5.644290344405379590e-04
5.728323465380164969e-04
5.812877553756564406e-04
5.897377067849110966e-04
5.981344209166959778e-04
6.065295819997055561e-04
6.149779211620524022e-04
6.234345342884963339e-04
6.318397469290940212e-04
6.402288294104845848e-04
6.486684764606851731e-04
6.571294152968376124e-04
6.655444219213254697e-04
6.739300185201263982e-04
6.823597617184326905e-04
6.908225938398295310e-04
6.992479459386692544e-04
7.076329241465069636e-04
7.160523011368014838e-04
7.245143538940503449e-04
7.329499078465646260e-04
7.413371674999497899e-04
7.497464258748436647e-04
7.582051765667805875e-04
7.666499877366712064e-04
7.750422833331135734e-04
7.834423956488900317e-04
7.918954120271955990e-04
8.003480741249786043e-04
8.087477222308725065e-04
8.171403624615417374e-04
8.255856857194097389e-04
8.340441524079224766e-04
8.424528521152964454e-04
8.508403358963475801e-04
8.592764211598238845e-04
8.677383682015242343e-04
8.761571724625164025e-04
8.845421997702203202e-04
8.929681199817521330e-04
9.014309581680911418e-04
9.098601598975143570e-04
9.182456459688982057e-04
9.266612047912635474e-04
9.351223201792821038e-04
9.435614406491293687e-04
9.519502714826043191e-04
9.603559678659673608e-04
9.688128373556648349e-04
9.772607867500381421e-04
9.856555782685894745e-04
9.940526678420789908e-04
1.002503034474861842e-03
1.010958111952240616e-03
1.019360945625694256e-03
1.027751378329278421e-03
1.036193410160630643e-03
1.044653447094471676e-03
1.053065843072763675e-03
1.061452073856347308e-03
1.069884427884657506e-03
1.078347016024890515e-03
1.086769702784162479e-03
1.095154551221109865e-03
1.103576601746443031e-03
1.112039096593293690e-03
1.120472077393743719e-03
1.128858475734824092e-03
1.137270260310729690e-03
1.145730086496925476e-03
1.154172648239769339e-03
1.162563420005020484e-03
1.170965733001586018e-03
1.179420417932959759e-03
1.187871245596805762e-03
1.196268798963534769e-03
1.204663162024833135e-03
1.213110641855525860e-03
1.221567810238487640e-03
1.229974067360166488e-03
1.238362631389643923e-03
1.246801176769817823e-03
1.255262486272287455e-03
1.263678635539578496e-03
1.272064006526018708e-03
1.280492603800348307e-03
1.288955440929739817e-03
1.297381978005036126e-03
1.305767058030835124e-03
1.314185255619529716e-03
1.322647076567412495e-03
1.331083707395194120e-03
1.339471416520363837e-03
1.347879558135941505e-03
1.356337726226038501e-03
1.364783552676443294e-03
1.373176568783952920e-03
1.381575711016980222e-03
1.390027967706982748e-03
1.398481364092824062e-03
1.406881967215868395e-03
1.415273902963070079e-03
1.423718208370920377e-03
1.432177216404483932e-03
1.440587028459876717e-03
1.448974071826898387e-03
1.457409059383425048e-03
1.465871202451399279e-03
1.474291171471361819e-03
1.482676096573970221e-03
1.491100838544352856e-03
1.499563627391756150e-03
1.507993949667175851e-03
1.516379667208701690e-03
1.524794072643790178e-03
1.533254801895580057e-03
1.541694998793882807e-03
1.550084371405348934e-03
1.558489009737322635e-03
1.566945266022047849e-03
1.575394079273095610e-03
1.583789665747988582e-03
1.592185912313580452e-03
1.600635397785805806e-03
1.609091151756767736e-03
1.617495002941076029e-03
1.625884806985898644e-03
1.634325802289382555e-03
1.642786243860631153e-03
1.651199755498658538e-03
1.659585682420771898e-03
1.668016906033562875e-03
1.676479617008664030e-03
1.684903435999302382e-03
1.693288309325613993e-03
1.701709195645327447e-03
1.710171502911165100e-03
1.718605602302718770e-03
1.726992342659287773e-03
1.735403011149961108e-03
1.743862382945550807e-03
1.752305918135328624e-03
1.760697312064230446e-03
1.769098663926445703e-03
1.777552635243688115e-03
1.786004261960309021e-03
1.794402693304320267e-03
1.802796284027108429e-03
1.811242826675234577e-03
1.819700571295528079e-03
1.828107859099643894e-03
1.836495922948313099e-03
1.844933417611085676e-03
1.853394991074164755e-03
1.861812266262977611e-03
1.870197461411899232e-03
1.878624891747491784e-03
1.887087744945731152e-03
1.895515419949688699e-03
1.903900632767286522e-03
1.912317688460563481e-03
1.920779197936798742e-03
1.929216896380730800e-03
1.937605053571469973e-03
1.946012127361731407e-03
1.954469767631428385e-03
1.962916486217398688e-03
1.971310235160513881e-03
1.979708485688815717e-03
1.988159917140065909e-03
1.996614049284038510e-03
2.005015570084527944e-03
2.013406824301683037e-03
2.021850199610960089e-03
2.030309625667546958e-03
2.038720496922503088e-03
2.047107178703370077e-03
2.055541012304848685e-03
2.064003377290734263e-03
2.072424484628509426e-03
2.080809331034797968e-03
2.089232930072020163e-03
2.097695585542458385e-03
2.106127037757777980e-03
2.114513011215097150e-03
2.122926274070831808e-03
2.131386657455263279e-03
2.139827835767293875e-03
2.148217771890871541e-03
2.156621414775281020e-03
2.165076986785622118e-03
2.173526676915282785e-03
2.181923058652823159e-03
2.190318469903232770e-03
2.198767147973322306e-03
2.207223466177180102e-03
2.215628306626538698e-03
2.224017580178966943e-03
2.232457521289096716e-03
2.240918350465181778e-03
2.249332952803836851e-03
2.257718602433725873e-03
2.266148727775663032e-03
2.274611480470226273e-03
2.283036448102866451e-03
2.291421370977585539e-03
2.299841093879549919e-03
2.308303229251578489e-03
2.316738372102977814e-03
2.325125498332343207e-03
2.333535081424675459e-03
2.341993923333410711e-03
2.350438461161951341e-03
2.358830507987527605e-03
2.367230885108135337e-03
2.375684159447935626e-03
2.384136512693580540e-03
2.392535842992512055e-03
2.400928714107713590e-03
2.409374296166692884e-03
2.417832602684573656e-03
2.426240932570008276e-03
2.434628526037466070e-03
2.443064948418518199e-03
2.451526769641318437e-03
2.459945188632919021e-03
2.468330229165979512e-03
2.476756515171241700e-03
2.485219355827952489e-03
2.493648136574248657e-03
2.502033545133311616e-03
2.510449456698553641e-03
2.518910637041516399e-03
2.527349414071245089e-03
2.535738045909457714e-03
2.544144070869253094e-03
2.552601138597716899e-03
2.561048738435179120e-03
2.569443239848915716e-03
2.577840613339276582e-03
2.586291231597856455e-03
2.594746067472709482e-03
2.603148561381995584e-03
2.611539176258937962e-03
2.619981527958348873e-03
2.628441400804566210e-03
2.636853397349099137e-03
2.645239714839227058e-03
2.653672448164670020e-03
2.662134968279320901e-03
2.670557221806143383e-03
2.678942060731736175e-03
2.687364481376161834e-03
2.695827008920963826e-03
2.704259589617438297e-03
2.712645851499580554e-03
2.721058011336454502e-03
2.729517963820762665e-03
2.737960148373559752e-03
2.746350669842793912e-03
2.754753318534213305e-03
2.763208251789916678e-03
2.771658744936573993e-03
2.780055977094582353e-03
2.788450603041417626e-03
2.796898361597178334e-03
2.805355323427863312e-03
2.813761165724472033e-03
2.822149890403898975e-03
2.830588845075970340e-03
2.839049984369431626e-03
2.847465692712316740e-03
2.855851131471427457e-03
2.864280106312214972e-03
2.872742949504155600e-03
2.881169026441138172e-03
2.889554038461150404e-03
2.897972670927166216e-03
2.906434549395574881e-03
2.914870754975807526e-03
2.923258261203396779e-03
2.931666803904607686e-03
2.940125183471730026e-03
2.948570590095579355e-03
2.956963324790918505e-03
2.965362814130595003e-03
2.973815319245369602e-03
2.982268443463051595e-03
2.990668629978097178e-03
2.999060810229946077e-03
3.007505520410429754e-03
3.015964269826292704e-03
3.024373636707084097e-03
3.032760836596606890e-03
3.041196188123600382e-03
3.049658268781075751e-03
3.058077769061989630e-03
3.066462701114372122e-03
3.074887887728955122e-03
3.083350645641100372e-03
3.091780539708606935e-03
3.100166138532383601e-03
3.108580949131425041e-03
3.117041838805130905e-03
3.125481577860790734e-03
3.133870731716828593e-03
3.142275760404587316e-03
3.150732203619982259e-03
3.159180695135247689e-03
3.167575936125892246e-03
3.175972478520347909e-03
3.184422331068583693e-03
3.192877766814409494e-03
3.201281202938203400e-03
3.209671248714976877e-03
3.218112608445848361e-03
3.226572914277784157e-03
3.234985951421939180e-03
3.243371970366433574e-03
3.251803644566784220e-03
3.260266263135626515e-03
3.268689626511199660e-03
3.277074459154844400e-03
3.285495795460621239e-03
3.293958200473699315e-03
3.302391793589201305e-03
3.310778386102747762e-03
3.319189493399750043e-03
3.327649009231587081e-03
3.336092160633414693e-03
3.344483272044534994e-03
3.352884980326151839e-03
3.361339267665353937e-03
3.369790521398702103e-03
3.378188575344451619e-03
3.386582476093814072e-03
3.395029370370234410e-03
3.403486888892482895e-03
3.411893736948317518e-03
3.420281970968341162e-03
3.428719895710220615e-03
3.437181334994920349e-03
3.445598138707043050e-03
3.453983384432487459e-03
3.462411265352100410e-03
3.470874128430941757e-03
3.479301315513049896e-03
3.487686467847394764e-03
3.496103957909614014e-03
3.504565572851823553e-03
3.513002854722379123e-03
3.521390808302570386e-03
3.529798288701205961e-03
3.538256142828819992e-03
3.546702484766953677e-03
3.555095914714344069e-03
3.563494519052910411e-03
3.571946252973845753e-03
3.580400103669925151e-03
3.588801255367652342e-03
3.597192755631935419e-03
3.605636484361649918e-03
3.614095738104779014e-03
3.622506192134315565e-03
3.630892995678235754e-03
3.639327271697703325e-03
3.647789553421521957e-03
3.656210208092240069e-03
3.664595073559264241e-03
3.673019115578493414e-03
3.681481816776732956e-03
3.689912822021544636e-03
3.698298677736440356e-03
3.706712381621729037e-03
3.715172901428560794e-03
3.723613676590012064e-03
3.732003357196509146e-03
3.740407391539409682e-03
3.748863247031322763e-03
3.757312571663392470e-03
3.765708631052123740e-03
3.774104361374016128e-03
3.782553347950900428e-03
3.791009451204431589e-03
3.799413873287586958e-03
3.807803340445010086e-03
3.816243724031991892e-03
3.824704376917920871e-03
3.833118526747832360e-03
3.841504278036033358e-03
3.849934813747249440e-03
3.858397564129432793e-03
3.866822063871454794e-03
3.875206948738520434e-03
3.883627145815518687e-03
3.892089323705861213e-03
3.900524044679018129e-03
3.908910991128325928e-03
3.917320993489755050e-03
3.925780067002903467e-03
3.934224175675032735e-03
3.942615958678003310e-03
3.951016709081922422e-03
3.959470223252072735e-03
3.967922316864268793e-03
3.976321263556691771e-03
3.984714394155689302e-03
3.993160390090217879e-03
4.001618436283348179e-03
4.010026346108033594e-03
4.018414124800094404e-03
4.026850942342099539e-03
4.035312695211919383e-03
4.043730641781162656e-03
4.052115717759211672e-03
4.060542469391167746e-03
4.069005292667654539e-03
4.077433625852363956e-03
4.085818935719419225e-03
4.094235295749243560e-03
4.102696645037174142e-03
4.111134937746233758e-03
4.119523369310477967e-03
4.127929815748042700e-03
4.136387069962291219e-03
4.144834346027257213e-03
4.153228517247654558e-03
4.161626220522874134e-03
4.170077210959806380e-03
4.178531714088002356e-03
4.186933793064818998e-03
4.195324675688680630e-03
4.203767407158076098e-03
4.212227128263079656e-03
4.220638640245868989e-03
4.229025079244552732e-03
4.237458295898121480e-03
4.245920710335614363e-03
4.254342475901859953e-03
4.262727295814104124e-03
4.271150216495872912e-03
4.279612823998127889e-03
4.288044871017108670e-03
4.296430996505356051e-03
4.304843631146994080e-03
4.313303732228140203e-03
4.321745500198088778e-03
4.330135739959006975e-03
4.338538793084470782e-03
4.346994032701652876e-03
4.355444134017667605e-03
4.363840984539553956e-03
4.372235949125861595e-03
4.380684073586407073e-03
4.389140766700051245e-03
4.397546167517209746e-03
4.405935095652503859e-03
4.414374456570386088e-03
4.422835445524120161e-03
4.431250682935030868e-03
4.439636190747628906e-03
4.448065643338415705e-03
4.456528453411117210e-03
4.464954021051406423e-03
4.473338982292003260e-03
4.481758066657155239e-03
4.490220026507363640e-03
4.498655788260757724e-03
4.507043105169676427e-03
4.515452079260452029e-03
4.523910667801058286e-03
4.532355661708932504e-03
4.540748074251497145e-03
4.549147939036736303e-03
4.557600765077441697e-03
4.566053551828415033e-03
4.574453357446852525e-03
4.582845815364765610e-03
4.591290887755060043e-03
4.599749436318135466e-03
4.608158335041024657e-03
4.616545681924911181e-03
4.624981508453554664e-03
4.633443460219122470e-03
4.641862462491739422e-03
4.650247431025012271e-03
4.658673066366575757e-03
4.667135858907411547e-03
4.675565264239940275e-03
4.683950751592713506e-03
4.692366028694980318e-03
4.700827018572054788e-03
4.709266334798268248e-03
4.717655238981748739e-03
4.726060676449207222e-03
4.734517404763630317e-03
4.742965479084722442e-03
4.751360386337687147e-03
4.759757280949611542e-03
4.768207428961399388e-03
4.776662605914493154e-03
4.785065603274850886e-03
4.793455859427698564e-03
4.801897662526396875e-03
4.810357739049255302e-03
4.818770312840568552e-03
4.827156452280424032e-03
4.835588546725731567e-03
4.844051132826762869e-03
4.852473986175106363e-03
4.860858789595608534e-03
4.869280609913555560e-03
4.877743023548067498e-03
4.886176161389518824e-03
4.894562577366839973e-03
4.902974122459679597e-03
4.911433851985344892e-03
4.919876527617385656e-03
4.928267361990913871e-03
4.936669480534072903e-03
4.945123999452248446e-03
4.953574927905776172e-03
4.961972576075817515e-03
4.970366768121941420e-03
4.978814075063572354e-03
4.987271282494069521e-03
4.995677664967366344e-03
5.004066113638039673e-03
5.012504453450482116e-03
5.020965771763237148e-03
5.029382048287989702e-03
5.037767351655919081e-03
5.046195740063110467e-03
5.054658544529245547e-03
5.063085214470618503e-03
5.071470268223294935e-03
5.079888258781618815e-03
5.088350008305550856e-03
5.096786738109542088e-03
5.105174476348436040e-03
5.113582421759614409e-03
5.122040474300994760e-03
5.130486399958850835e-03
5.138879473227428440e-03
5.147278448392236458e-03
5.155730566671254053e-03
5.164184017335838109e-03
5.172584702815625178e-03
5.180976510603067971e-03
5.189420662160858407e-03
5.197879694027994664e-03
5.206289601536732113e-03
5.214676560466494082e-03
5.223111345090299118e-03
5.231573486282102038e-03
5.239993580359844465e-03
5.248378446948799743e-03
5.256803019282650993e-03
5.265265754612288331e-03
5.273696179778237896e-03
5.282081897891339507e-03
5.290496110330457878e-03
5.298956770009612995e-03
5.307397060837321448e-03
5.315786460324605986e-03
5.324190943748580498e-03
5.332647079966565742e-03
5.341095971175653483e-03
5.349491617535053097e-03
5.357887722747016294e-03
5.366337087775298852e-03
5.374792876253261555e-03
5.383196815085090382e-03
5.391586520782588356e-03
5.400027338482256932e-03
5.408487807961755676e-03
5.416901424978171585e-03
5.425287273755308344e-03
5.433718343422024033e-03
5.442181012015307948e-03
5.450604957212386130e-03
5.458989801927514873e-03
5.467410488199269877e-03
5.475872758667885143e-03
5.484306965420642291e-03
5.492693729750878530e-03
5.501104219193897124e-03
5.509563477610807114e-03
5.518007142215478229e-03
5.526398591876374375e-03
5.534799762384308430e-03
5.543253624491571024e-03
5.551705325075810549e-03
5.560103862980205792e-03
5.568497322196887603e-03
5.576943698834805133e-03
5.585401518655163343e-03
5.593808910698473691e-03
5.602196875803436976e-03
5.610634205457976781e-03
5.619095777561756468e-03
5.627513196805734690e-03
5.635898335860430042e-03
5.644325554541211078e-03
5.652788395926418991e-03
5.661216215044218708e-03
5.669601433708105695e-03
5.678018289193870194e-03
5.686479732477275374e-03
5.694917580434495467e-03
5.703305765483173036e-03
5.711712649454840467e-03
5.720170185669141635e-03
5.728617013170319086e-03
5.737010860872329004e-03
5.745408941726751727e-03
5.753860223397082481e-03
5.762314460783572907e-03
5.770716106188358840e-03
5.779107226406850206e-03
5.787550418245202173e-03
5.796009898066442796e-03
5.804420926711463882e-03
5.812807514969112188e-03
5.821241157107514934e-03
5.829703535704538336e-03
5.838124792914134616e-03
5.846509609769589590e-03
5.854933000608528518e-03
5.863395607695381408e-03
5.871827228355403633e-03
5.880213209207466041e-03
5.888626285485217167e-03
5.897086585950742088e-03
5.905527887854774768e-03
5.913917888030001402e-03
5.922321349134113469e-03
5.930776801620315716e-03
5.939226602559246997e-03
5.947623081617762000e-03
5.956018347528015469e-03
5.964466871131690086e-03
5.972923271370997496e-03
5.981328225429298658e-03
5.989717386892755985e-03
5.998157167531901167e-03
6.006618030618741944e-03
6.015032769871826897e-03
6.023418355320524741e-03
6.031848277479647143e-03
6.040311026357261456e-03
6.048736140475150479e-03
6.057121046285227767e-03
6.065540596813101017e-03
6.074002680207997787e-03
6.082437954444993959e-03
6.090825102149238085e-03
6.099234513579556739e-03
6.107693280841866232e-03
6.116137912824728788e-03
6.124530029030975098e-03
6.132930256199846039e-03
6.141383419125608610e-03
6.149835860481818808e-03
6.158235268061516311e-03
6.166628026169317968e-03
6.175073484197751011e-03
6.183531824650639365e-03
6.191940273251192450e-03
6.200327785062419855e-03
6.208764057099781797e-03
6.217225896381642358e-03
6.225644419934882670e-03
6.234029420476851560e-03
6.242455559909968268e-03
6.250918375675490121e-03
6.259347263253844246e-03
6.267732659585127653e-03
6.276148420842731813e-03
6.284609561581915547e-03
6.293048423863749526e-03
6.301437092324969728e-03
6.309842973522015140e-03
6.318299955714453200e-03
6.326747639379453649e-03
6.335142182359579897e-03
6.343539447451470442e-03
6.351989974211439544e-03
6.360444841283158408e-03
6.368847407090556974e-03
6.377237933798253142e-03
6.385680166276976044e-03
6.394140079938310725e-03
6.402552137444275301e-03
6.410938397745647756e-03
6.419371010704616985e-03
6.427833516776164380e-03
6.436255853088328378e-03
6.444640656133711343e-03
6.453062967229844689e-03
6.461525480409873422e-03
6.469958113075788796e-03
6.478344378503722752e-03
6.486756423030612916e-03
6.495216318880968343e-03
6.503658564665885065e-03
6.512049097394900093e-03
6.520451642865915907e-03
6.528906510915015275e-03
6.537357039238893101e-03
6.545754313037660012e-03
6.554148852939716344e-03
6.562596515244867139e-03
6.571053513427994007e-03
6.579459404549527733e-03
6.587848058005247621e-03
6.596286912241362127e-03
6.604748048622701914e-03
6.613163812772752774e-03
6.621549206693461836e-03
6.629978075110877500e-03
6.638440897591611940e-03
6.646867039533348696e-03
6.655252030185503792e-03
6.663670537435675834e-03
6.672132367954664890e-03
6.680568641944480655e-03
6.688956157778353992e-03
6.697364577905443907e-03
6.705822918961463520e-03
6.714268366203594157e-03
6.722661118392194921e-03
6.731060514290162188e-03
6.739512923263676035e-03
6.747966088954709257e-03
6.756366337913933574e-03
6.764758420250500254e-03
6.773203033941258000e-03
6.781661799039369852e-03
6.790071223574440165e-03
6.798458364519536362e-03
6.806893598276164345e-03
6.815355681974100827e-03
6.823775244131518626e-03
6.832160132512899407e-03
6.840585215933272720e-03
6.849047946311062965e-03
6.857477890966332673e-03
6.865863474316425373e-03
6.874278183044982109e-03
6.882739035360582215e-03
6.891178813604065603e-03
6.899567969913688974e-03
6.907972903126048843e-03
6.916429277873580896e-03
6.924877806503823216e-03
6.933273071045514303e-03
6.941669520229527129e-03
6.950119300335429531e-03
6.958574745268905105e-03
6.966978207790176097e-03
6.975368187421497612e-03
6.983809468425739714e-03
6.992269766144246744e-03
7.000682830397102901e-03
7.009068798911528321e-03
7.017500385569240030e-03
7.025962990519076662e-03
7.034386389534608673e-03
7.042771192373708730e-03
7.051192439025607932e-03
7.059654798251472144e-03
7.068088427707783401e-03
7.076475006811230872e-03
7.084886012290524809e-03
7.093345474688573203e-03
7.101788661596570434e-03
7.110179774788161038e-03
7.118581387345152174e-03
7.127035586943933874e-03
7.135486868331340771e-03
7.143884943732896169e-03
7.152278756869134835e-03
7.160725568108875644e-03
7.169183086490180448e-03
7.177589959210488660e-03
7.185978132602323203e-03
7.194415946870539452e-03
7.202877384428734396e-03
7.211294227138278709e-03
7.219679417592357942e-03
7.228107227336807473e-03
7.236570042899110808e-03
7.244997244003177454e-03
7.253382367598808222e-03
7.261799768976214507e-03
7.270261342121250685e-03
7.278698641898103359e-03
7.287086579778554070e-03
7.295493979059300763e-03
7.303951763955975236e-03
7.312398121614094131e-03
7.320791554539686843e-03
7.329190067336054451e-03
7.337641761426699251e-03
7.346095584815102129e-03
7.354496752662498596e-03
7.362888189011288984e-03
7.371331809387055706e-03
7.379791068822257917e-03
7.388201551210365169e-03
7.396588283067066262e-03
7.405022486388642723e-03
7.413484727287371519e-03
7.421905411309586559e-03
7.430290241127798269e-03
7.438714158511719292e-03
7.447176826818688831e-03
7.455607873421240227e-03
7.463993713428505004e-03
7.472407304981809259e-03
7.480867738088715566e-03
7.489308577686652930e-03
7.497698269398562175e-03
7.506102174097411574e-03
7.514557956315682727e-03
7.523007302782902007e-03
7.531403397848358307e-03
7.539799029515045596e-03
7.548247879856876709e-03
7.556704028663837822e-03
7.565108505468711234e-03
7.573497871782952466e-03
7.581938142938349397e-03
7.590398782145161075e-03
7.598812998623045295e-03
7.607198692970168138e-03
7.615629100584875126e-03
7.624091832004506464e-03
7.632516380581223434e-03
7.640901236946000437e-03
7.649321292695280931e-03
7.657783413131630940e-03
7.666218215097332991e-03
7.674605151636831706e-03
7.683015027128255875e-03
7.691474032981809351e-03
7.699918182624386140e-03
7.708309992517880377e-03
7.716710638178598397e-03
7.725164057440736705e-03
7.733616188182627048e-03
7.742015166274006377e-03
7.750408207040183038e-03
7.758854093451278758e-03
7.767312141427399480e-03
7.775720101560572306e-03
7.784107803175211414e-03
7.792544513505783241e-03
7.801006251821483890e-03
7.809424246436644235e-03
7.817809284690335758e-03
7.826235904289845224e-03
7.834698690460124154e-03
7.843127097827397309e-03
7.851512380292240134e-03
7.859928599029033375e-03
7.868389884908854465e-03
7.876828256444068019e-03
7.885216710672779752e-03
7.893623003238323457e-03
7.902080175291382666e-03
7.910527515948046970e-03
7.918921735582897317e-03
7.927319310987494816e-03
7.935770163601096189e-03
7.944224726021135302e-03
7.952626891077188565e-03
7.961017655440169941e-03
7.969460252198849737e-03
7.977919987085359613e-03
7.986331616574230199e-03
7.994717983372496423e-03
8.003150994000774593e-03
8.011613424000932349e-03
8.020035324050515599e-03
8.028420102384548410e-03
8.036842826918078053e-03
8.045305370582071097e-03
8.053737571548629653e-03
8.062123710474565497e-03
8.070536130903633101e-03
8.078996150704150295e-03
8.087438044862364436e-03
8.095828356762480027e-03
8.104231219974507294e-03
8.112686301452370907e-03
8.121136533157732526e-03
8.129533483813419434e-03
8.137928271946716016e-03
8.146376232105368223e-03
8.154832994531117929e-03
8.163238544991026011e-03
8.171627352263293939e-03
8.180066503963660460e-03
8.188527541848218336e-03
8.196942920857142739e-03
8.205328353994940579e-03
8.213757588298177884e-03
8.222220359930801012e-03
8.230646122967829811e-03
8.239031064703878499e-03
8.247449904074447696e-03
8.255911816134636760e-03
8.264347736865863478e-03
8.272735107988121728e-03
8.281143856264700995e-03
8.289602323144795726e-03
8.298047488047884460e-03
8.306439983117912262e-03
8.314839647978147785e-03
8.323292315613600723e-03
8.331745205621248970e-03
8.340145168913596849e-03
8.348537459431648600e-03
8.356982303616490235e-03
8.365440944916301483e-03
8.373850031863762020e-03
8.382237263172123698e-03
8.390672845157138779e-03
8.399134806661311473e-03
8.407554031173011463e-03
8.415938940030179977e-03
8.424364316932579297e-03
