0.000000000000000000e+00
8.378506579495641917e-06
1.688841190025972436e-05
2.541393248594327442e-05
3.381059929891058340e-05
4.217110841652860296e-05
5.066436006919224397e-05
5.919963975570877022e-05
6.761892576106259193e-05
7.596788261510949766e-05
8.444156056115538240e-05
9.298310171054936660e-05
1.014230428971141186e-04
1.097710414198135322e-04
1.182199330143709099e-04
1.267626923125148692e-04
1.352261639464100325e-04
1.435751056278822344e-04
1.520014012480855087e-04
1.605399838114537328e-04
1.690265134110709177e-04
1.773807675791535165e-04
1.857870634053745940e-04
1.943164251190017020e-04
2.028205800324365908e-04
2.111908125034577053e-04
2.195744915509773530e-04
2.280920322625715451e-04
2.366114281857162284e-04
2.450007009443852632e-04
2.533657980864537735e-04
2.618675881172883137e-04
2.704000435583530097e-04
2.788075481625106110e-04
2.871632167296296330e-04
2.956436801184282657e-04
3.041836873653624073e-04
3.126145165367636238e-04
3.209626660037130565e-04
3.294217180630171302e-04
3.379640712292171370e-04
3.464200097216643443e-04
3.547645699780781160e-04
3.632027592964856815e-04
3.717430706721980825e-04
3.802193945035755858e-04
3.885719489687590868e-04
3.969855099365008841e-04
4.055198992034925003e-04
4.140155561071942559e-04
4.223809113744445313e-04
4.307715655874282232e-04
4.392953979387125550e-04
4.478099738224547172e-04
4.561883760832671796e-04
4.645631044343690613e-04
4.730706790344321668e-04
4.815985817405136907e-04
4.899974335663950711e-04
4.983572222677686969e-04
5.068467021500852859e-04
5.153831653649680383e-04
5.238066560288722091e-04
5.321541455925725720e-04
5.406243679474063415e-04
5.491660995541290669e-04
5.576105764879842443e-04
5.659570336725278355e-04
5.744032895512411882e-04
5.829456570433971981e-04
5.914118063413235926e-04
5.997630053242434438e-04
6.081847965642046827e-04
6.167226300929940517e-04
6.252120614272325396e-04
6.335688491281773202e-04
6.419707764209170962e-04
6.504986232425917633e-04
6.590061120415268391e-04
6.673776010383065038e-04
6.757595527450366507e-04
6.842741268559176041e-04
6.927956282835311683e-04
7.011886042654213872e-04
7.095510236710329040e-04
7.180498239031061223e-04
7.265834091563566285e-04
7.349954477904161896e-04
7.433482932460648129e-04
7.518261273911071383e-04
7.603669518042831255e-04
7.688006315605026104e-04
7.771496567096666634e-04
7.856041058178153073e-04
7.941467626809093358e-04
8.026060536041309873e-04
8.109518301056111702e-04
8.193854093704105654e-04
8.279250077316540474e-04
8.364056009067012687e-04
8.447581683889099444e-04
8.531692794925343441e-04
8.617016961509236725e-04
8.702003675729172091e-04
8.785684716872976547e-04
8.869555286157923416e-04
8.954771495761894252e-04
9.039936578295303940e-04
9.123761936493709600e-04
9.207469805211056712e-04
9.292523734474828845e-04
9.377823154826470196e-04
9.461837299382935829e-04
9.545429165284667920e-04
9.630283304604277898e-04
9.715662884828588997e-04
9.799930660056746339e-04
9.883402223707339011e-04
9.968062025493338967e-04
1.005348187274263680e-03
1.013797365238437677e-03
1.022142376042353695e-03
1.030585974380000608e-03
1.039127644152300226e-03
1.047597322071945223e-03
1.055949780095148238e-03
1.064367696896765430e-03
1.072904483473627411e-03
1.081396309763074442e-03
1.089756176113873586e-03
1.098153722123881024e-03
1.106680107217855981e-03
1.115190619137066980e-03
1.123563889053856308e-03
1.131943961126949784e-03
1.140455521308173566e-03
1.148979487298019920e-03
1.157374991807250770e-03
1.165735907060731638e-03
1.174231363074500125e-03
1.182766028598492740e-03
1.191182592374216784e-03
1.199532767992042906e-03
1.208008195863399716e-03
1.216549551160013174e-03
1.224986762007993770e-03
1.233335487455609848e-03
1.241786337369574699e-03
1.250329128467295072e-03
1.258790894414994191e-03
1.267138484970650129e-03
1.275567702174696880e-03
1.284106702601273305e-03
1.292590806560898510e-03
1.300944025876887931e-03
1.309352650916792860e-03
1.317883222302392151e-03
1.326385076280573241e-03
1.334754502878060219e-03
1.343139331383393954e-03
1.351658720789403580e-03
1.360176906814297530e-03
1.368563292601434993e-03
1.376930623351640872e-03
1.385434070184734601e-03
1.393965594068884411e-03
1.402370147979914569e-03
1.410727718147769408e-03
1.419210053948626775e-03
1.427749256349101093e-03
1.436178243900138127e-03
1.444525946426922398e-03
1.452988028528073242e-03
1.461530190626262769e-03
1.469983229376219851e-03
1.478327661797402019e-03
1.486768552633123582e-03
1.495309431596685695e-03
1.503782742222009063e-03
1.512135287294279250e-03
1.520550585117528284e-03
1.529086160212086466e-03
1.537580110929282450e-03
1.545942894739029414e-03
1.554336522018270753e-03
1.562861558660728597e-03
1.571374511448166535e-03
1.579750261691551015e-03
1.588127706425784998e-03
1.596636852716712797e-03
1.605163078543767573e-03
1.613560368379839648e-03
1.621920662777822210e-03
1.630412784627112985e-03
1.638948379624584686e-03
1.647368986214062204e-03
1.655717342882170266e-03
1.664190065900058267e-03
1.672731661686369543e-03
1.681172905721531070e-03
1.689520320825990685e-03
1.697968498308245365e-03
1.706511193831415944e-03
1.714975357232149120e-03
1.723324749432001519e-03
1.731749896486497325e-03
1.740288304287643684e-03
1.748775585561515231e-03
1.757130331722231474e-03
1.765535629934544999e-03
1.774064570315417831e-03
1.782569561101218997e-03
1.790940115524739711e-03
1.799323309591808811e-03
1.807840079258697706e-03
1.816359954750905318e-03
1.824750269016272132e-03
1.833114547011509710e-03
1.841615660157855036e-03
1.850148409707323867e-03
1.858556989367272060e-03
1.866911879662436820e-03
1.875391762760889513e-03
1.883931982433032209e-03
1.892363402935455822e-03
1.900711719056201975e-03
1.909169758664048091e-03
1.917712187716185714e-03
1.926168866776998504e-03
1.934513541822796600e-03
1.942950853898939333e-03
1.951491017855033283e-03
1.959968148021227086e-03
1.968320671936905387e-03
1.976733740936932084e-03
1.985267786578691698e-03
1.993763953350955864e-03
2.002129872440955912e-03
2.010519738972127088e-03
2.019043237210602169e-03
2.027558165109152096e-03
2.035937279647355002e-03
2.044311222902992550e-03
2.052818426107436318e-03
2.061346717725892098e-03
2.069745947320677636e-03
2.078105642800330555e-03
2.086594399231971476e-03
2.095131119959453472e-03
2.103555186323546010e-03
2.111902515287293006e-03
2.120372058965496256e-03
2.128913836595855164e-03
2.137359020475987359e-03
2.145705224902206588e-03
2.154151048942436024e-03
2.162693336145841017e-03
2.171159940800715307e-03
2.179511341855220209e-03
2.187932518454619151e-03
2.196470223304870968e-03
2.204960000490854919e-03
2.213317065393699806e-03
2.221718475410647178e-03
2.230246160448825198e-03
2.238754028651764039e-03
2.247125650903832993e-03
2.255507372555698876e-03
2.264021639083892319e-03
2.272543365355986049e-03
2.280936590519638731e-03
2.289298830645769122e-03
2.297797316829858650e-03
2.306330995508166452e-03
2.314743390154155693e-03
2.323096006871732105e-03
2.331573642044402431e-03
2.340114507644165762e-03
2.348548375202672966e-03
2.356897389034062068e-03
2.365351639081270888e-03
2.373894316067892436e-03
2.382353702046191395e-03
2.390699390896811917e-03
2.399132919251877744e-03
2.407672528779014089e-03
2.416153162085759188e-03
2.424505721922582454e-03
2.432916770889507856e-03
2.441449213772220028e-03
2.449947853415367950e-03
2.458315952855942566e-03
2.466703025171245942e-03
2.475224660537603174e-03
2.483741145963367508e-03
2.492123621609823245e-03
2.500494441112002635e-03
2.508999841641504792e-03
2.517529748311219534e-03
2.525931107123765510e-03
2.534290275708973254e-03
2.542775732705867490e-03
2.551313653813171069e-03
2.559740349608002289e-03
2.568087460646776947e-03
2.576553525074021245e-03
2.585095489208573752e-03
2.593544541080451422e-03
2.601889561063492132e-03
2.610333187655636093e-03
2.618874881196458018e-03
2.627344390530344381e-03
2.635696809075041211e-03
2.644114838540165182e-03
2.652651664835763059e-03
2.661143348890521870e-03
2.669502954144266013e-03
2.677900791172967403e-03
2.686427267878629781e-03
2.694937549327533662e-03
2.703310629001868821e-03
2.711690870771628521e-03
2.720202637648400350e-03
2.728726404359811588e-03
2.737121721545534604e-03
2.745482684582353089e-03
2.753978419627664022e-03
2.762512963848118893e-03
2.770929187524074494e-03
2.779279512289158528e-03
2.787755090779180447e-03
2.796296399594992276e-03
2.804733298140628731e-03
2.813082032225146766e-03
2.821533158292783595e-03
2.830075951619810768e-03
2.838537441668221879e-03
2.846884795568050720e-03
2.855314472973967139e-03
2.863853521549701402e-03
2.872337288775686070e-03
2.880690400023241948e-03
2.889099269009999180e-03
2.897630012382928881e-03
2.906131511522818626e-03
2.914500854397166722e-03
2.922885830316436766e-03
2.931405437403243174e-03
2.939923449690021867e-03
2.948309449474485928e-03
2.956677044482811968e-03
2.965180684597521887e-03
2.973712042794894247e-03
2.982116229771121767e-03
2.990473944434672831e-03
2.998956551969503195e-03
3.007495620266137284e-03
3.015924336904012189e-03
3.024271954409559014e-03
3.032734438080690684e-03
3.041276590244992514e-03
3.049729149263772070e-03
3.058073609228716214e-03
3.066514827389590220e-03
3.075055795635897593e-03
3.083528604742212346e-03
3.091881109623722309e-03
3.100296726029923462e-03
3.108832514204397119e-03
3.117326144591656915e-03
3.125688511284594687e-03
3.134082629840063625e-03
3.142607933458000085e-03
3.151120472853963326e-03
3.159495665203775321e-03
3.167873647925446672e-03
3.176383213796470616e-03
3.184908994779897529e-03
3.193305855604144407e-03
3.201666260171427084e-03
3.210159095437804984e-03
3.218694508362833842e-03
3.227114137895360172e-03
3.235462864687197425e-03
3.243936255869858936e-03
3.252477813508848105e-03
3.260918039936840530e-03
3.269265757794219667e-03
3.277714565743759280e-03
3.286257314828746733e-03
3.294720849666993995e-03
3.303069784745333009e-03
3.311495914621170270e-03
3.320034508344340499e-03
3.328520961085300930e-03
3.336875140894167858e-03
3.345281439824977082e-03
3.353810825048302285e-03
3.362314884108072270e-03
3.370685038875202537e-03
3.379068712551274757e-03
3.387586294444993283e-03
3.396105648359370489e-03
3.404494596102319946e-03
3.412859824096441119e-03
3.421361736853733779e-03
3.429894112960359554e-03
3.438301289341379359e-03
3.446657091005713488e-03
3.455137754355281851e-03
3.463677671321446858e-03
3.472108263774127332e-03
3.480456342317199588e-03
3.488915701907072814e-03
3.497458019669020483e-03
3.505913518710736514e-03
3.514257958586634780e-03
3.522696553296091309e-03
3.531236928356484665e-03
3.539712742707953712e-03
3.548065240058285736e-03
3.556479048870957171e-03
3.565013633717369936e-03
3.573509029532538628e-03
3.581873907099443043e-03
3.590265007570885361e-03
3.598789077401555892e-03
3.607303372720115694e-03
3.615681221465774902e-03
3.624056431371350598e-03
3.632564328100328609e-03
3.641091899498396720e-03
3.649490420416387926e-03
3.657850290470503370e-03
3.666340288670745431e-03
3.674876584314698720e-03
3.683299462419811765e-03
3.691647036249693942e-03
3.700117825295843547e-03
3.708659534772135863e-03
3.717103236834520992e-03
3.725449877903196788e-03
3.733896575185199820e-03
3.742439058476009373e-03
3.750904668336341348e-03
3.759255401072710608e-03
3.767678001680456554e-03
3.776216033186060878e-03
3.784704890632157280e-03
3.793060971702658882e-03
3.801463912440506115e-03
3.809992123481353941e-03
3.818498826791400999e-03
3.826869997936380770e-03
3.835252271079563676e-03
3.843767598585472092e-03
3.852288538535573060e-03
3.860680640510183101e-03
3.869043591496321068e-03
3.877543221449677394e-03
3.886076523129112538e-03
3.894487260960721210e-03
3.902840842927733124e-03
3.911319394529900843e-03
3.919860055771998836e-03
3.928292802306449470e-03
3.936641598000785447e-03
3.945097346437025608e-03
3.953639929910396193e-03
3.962098251387928538e-03
3.970443522987470754e-03
3.978878546653444662e-03
3.987418384863128731e-03
3.995897600310075078e-03
4.004250123007500883e-03
4.012661934271696297e-03
4.021195051161543729e-03
4.029692632305579073e-03
4.038059917762997636e-03
4.046448012040040204e-03
4.054970436446438641e-03
4.063486288848078970e-03
4.071867216104566381e-03
4.080239423590625511e-03
4.088745576701900176e-03
4.097274836294880276e-03
4.105675098647656486e-03
4.114034610416205349e-03
4.122521464904486954e-03
4.131058845170917579e-03
4.139484459306241176e-03
4.147831642675899738e-03
4.156299192947356461e-03
4.164841097068023613e-03
4.173288377709943875e-03
4.181633921084840916e-03
4.190078535393207924e-03
4.198620548711211146e-03
4.207088588874064415e-03
4.215440622246172109e-03
4.223860088803532524e-03
4.232397372685258244e-03
4.240888135273619512e-03
4.249246409514876796e-03
4.257646032134026690e-03
4.266173102524841755e-03
4.274682251133218522e-03
4.283054434266464483e-03
4.291435546974971087e-03
4.299948534999415047e-03
4.308471264224903591e-03
4.316865580999518920e-03
4.325227151832496293e-03
4.333724344800201148e-03
4.342258439281278769e-03
4.350672617790470563e-03
4.359024156017730391e-03
4.367500855355847637e-03
4.376041958259383087e-03
4.384477086434792822e-03
4.392826064203446228e-03
4.401278893197419460e-03
4.409821651007368205e-03
4.418281911993754418e-03
4.426628246979254916e-03
4.435060181168451986e-03
4.443599554336160641e-03
4.452081553917289734e-03
4.460434172486253679e-03
4.468844430204108042e-03
4.477376137655457271e-03
4.485875951090209472e-03
4.494244658937920391e-03
4.502630767865674344e-03
4.511151584266035429e-03
4.519668678668679537e-03
4.528052576775662245e-03
4.536422068451865727e-03
4.544926764326794912e-03
4.553457285087181630e-03
4.561859638986070359e-03
4.570218317374557214e-03
4.578702632588090883e-03
4.587241014839003005e-03
4.595668420762116790e-03
4.604015674044862824e-03
4.612480447854078874e-03
4.621022475623577652e-03
4.629472836769090577e-03
4.637817552947764640e-03
4.646260352234782287e-03
4.654801790357591951e-03
4.663272444944297108e-03
4.671625015274065429e-03
4.680042055859339432e-03
4.688578486831729980e-03
4.697070895489541265e-03
4.705431545786713937e-03
4.713827952552713217e-03
4.722353978904460410e-03
4.730865139849424472e-03
4.739238885721349347e-03
4.747618374620512019e-03
4.756129285655537851e-03
4.764653800151474362e-03
4.773049620700619937e-03
4.781410342674903904e-03
4.789905035515816534e-03
4.798439892730483117e-03
4.806857301766989318e-03
4.815207002549732294e-03
4.823681863297882635e-03
4.832223270738756141e-03
4.840661238547054081e-03
4.849009720836733664e-03
4.857459939667353212e-03
4.866002718971154661e-03
4.874464903172046927e-03
4.882812815414694363e-03
4.891241212121545320e-03
4.899780077333028283e-03
4.908264813557563187e-03
4.916618191069908363e-03
4.925026214402197268e-03
4.933556457072079370e-03
4.942058830594256609e-03
4.950428382589519734e-03
4.958812898517350742e-03
4.967331876735546319e-03
4.975850311899599442e-03
4.984237215585262185e-03
4.992604026241037433e-03
5.001107121756761219e-03
5.009638820576227912e-03
5.018043858692354878e-03
5.026401021634678210e-03
5.034882953361848740e-03
5.043422281988864213e-03
5.051851580525298403e-03
5.060199346187472386e-03
5.068660779791111896e-03
5.077202962343268719e-03
5.085656529252674703e-03
5.094000880902972532e-03
5.102441289352846465e-03
5.110982083151647919e-03
5.119455829173338683e-03
5.127808289879788768e-03
5.136223328692956190e-03
5.144758743820967636e-03
5.153252915349740976e-03
5.161615960050608930e-03
5.170009171525343991e-03
5.178534058407794488e-03
5.187047197389589234e-03
5.195423192166843430e-03
5.203800320516724885e-03
5.212309266828474286e-03
5.220835624670611304e-03
5.229233023012562140e-03
5.237593226811032218e-03
5.246085065051278758e-03
5.254620715548993966e-03
5.263041483364273507e-03
5.271389717113476696e-03
5.279862282592920168e-03
5.288403881835383041e-03
5.296845240016082208e-03
5.305192481181521084e-03
5.313640606308551659e-03
5.322183288070212945e-03
5.330647456797535551e-03
5.338996817501626656e-03
5.347421890764585128e-03
5.355960280868785582e-03
5.364447510864938512e-03
5.372802179155033997e-03
5.381207459070795097e-03
5.389736428484928100e-03
5.398241245808742088e-03
5.406611692786722490e-03
5.414994920838099579e-03
5.423511804102502248e-03
5.432031549384551232e-03
5.440421514462809131e-03
5.448785952865590511e-03
5.457287226664683452e-03
5.465819860029241632e-03
5.474228025158258543e-03
5.482583081947770692e-03
5.491063172165668894e-03
5.499603280461335189e-03
5.508034414323095124e-03
5.516382556129913184e-03
5.524841007611848605e-03
5.533383395965456829e-03
5.541839607504922029e-03
5.550184129984677209e-03
5.558621913077967103e-03
5.567162153483397498e-03
5.575638614586228212e-03
5.583991085452258939e-03
5.592404494777040991e-03
5.600938786203303599e-03
5.609434513609891544e-03
5.617799802849201760e-03
5.626190295160804315e-03
5.634714086095543757e-03
5.643228619900268403e-03
5.651606924184612510e-03
5.659981531132265466e-03
5.668489175664925828e-03
5.677016960362725115e-03
5.685415664283047059e-03
5.693775396272502537e-03
5.702264997571601136e-03
5.710801394425984653e-03
5.719224512290949428e-03
5.727571962296257313e-03
5.736042457241121925e-03
5.744584152260339381e-03
5.753027927927091036e-03
5.761374475744526769e-03
5.769821054471222302e-03
5.778363491387287533e-03
5.786829173004743622e-03
5.795179835129744134e-03
5.803602311327100971e-03
5.812140279115297209e-03
5.820629162624394760e-03
5.828985230973525965e-03
5.837388012753749224e-03
5.845916203993515269e-03
5.854422895839311337e-03
5.862794020765887439e-03
5.871176237661592315e-03
5.879691566203367435e-03
5.888212429196894478e-03
5.896604315529627334e-03
5.904967311978946698e-03
5.913467086653385364e-03
5.922000295133796055e-03
5.930410652927815655e-03
5.938764389648559100e-03
5.947243114407993990e-03
5.955783698823507825e-03
5.964216210742431801e-03
5.972564791859235819e-03
5.981020964389581300e-03
5.989563518373448164e-03
5.998021400919511213e-03
6.006366432850234784e-03
6.014802008135066921e-03
6.023341930911221137e-03
6.031820531713071379e-03
6.040173003527670587e-03
6.048585122468741297e-03
6.057118487075668217e-03
6.065615602800711152e-03
6.073982352505741950e-03
6.082370970893044050e-03
6.090893792714852095e-03
6.099409284886414019e-03
6.107789379860915913e-03
6.116162246046971500e-03
6.124668801251004560e-03
6.133197701418120588e-03
6.141597539491785822e-03
6.149956962988990458e-03
6.158444622533666875e-03
6.166981714318590588e-03
6.175406515161301242e-03
6.183753675028049249e-03
6.192222245710075380e-03
6.200764079728172083e-03
6.209210226612205293e-03
6.217556053294677650e-03
6.226001280983078055e-03
6.234543421178748504e-03
6.243010582857179414e-03
6.251362140675073044e-03
6.259782627884907455e-03
6.268320186673546381e-03
6.276810275630150503e-03
6.285167594357436889e-03
6.293568450288594858e-03
6.302095935372929898e-03
6.310604202346564023e-03
6.318975956821163212e-03
6.327357391039048831e-03
6.335871293325616264e-03
6.344393272814233264e-03
6.352786703408785235e-03
6.361148716009122281e-03
6.369646942005679699e-03
6.378180676246319146e-03
6.386593302041676697e-03
6.394945682841443949e-03
6.403423167370863797e-03
6.411964062503807717e-03
6.420398027094476739e-03
6.428746909058332022e-03
6.437201037039936256e-03
6.445743718696268602e-03
6.454203034531981811e-03
6.462548654374432495e-03
6.470982160499366524e-03
6.479521782980304095e-03
6.488002335047524972e-03
6.496354808518151926e-03
6.504765835034891953e-03
6.513298328599577934e-03
6.521796830269014841e-03
6.530164666067221103e-03
6.538551836908757658e-03
6.547073636630272413e-03
6.555589954727544105e-03
6.563971965573569059e-03
6.572343088252384155e-03
6.580848688444997444e-03
6.589378406161023119e-03
6.597779359336151776e-03
6.606138523467528119e-03
6.614624443887469687e-03
6.623162170811798879e-03
6.631588365674599000e-03
6.639935341181092514e-03
6.648402103326391151e-03
6.656944048604525495e-03
6.665392240662077090e-03
6.673737437804877319e-03
6.682181486702827057e-03
6.690723332130734356e-03
6.699192006088890324e-03
6.707544088307750181e-03
6.715962875417589781e-03
6.724499959213819586e-03
6.732991061138368476e-03
6.741349784483959343e-03
6.749748678825013420e-03
6.758275498757406255e-03
6.766785074028208030e-03
6.775157546719304778e-03
6.783538245831320125e-03
6.792050761818172779e-03
6.800573833013965827e-03
6.808968409325312672e-03
6.817329613303585445e-03
6.825826448347044502e-03
6.834360655079523873e-03
6.842775302602386450e-03
6.851126485674245530e-03
6.859602884665937095e-03
6.868144043439493827e-03
6.876579399615898383e-03
6.884928229197318471e-03
6.893380858216330634e-03
6.901923618406344274e-03
6.910383913371785300e-03
6.918730250478771944e-03
6.927162057403522637e-03
6.935701435376756194e-03
6.944183469511421535e-03
6.952536014568594207e-03
6.960946186145004766e-03
6.969477917142154720e-03
6.977977654835180663e-03
6.986346206867073000e-03
6.994732356696335696e-03
7.003253271862210777e-03
7.011770275277165280e-03
7.020153907019982889e-03
7.028523572220786442e-03
7.037028389973367694e-03
7.045558773108168138e-03
7.053960843944773185e-03
7.062319586006789163e-03
7.070804207221218461e-03
7.079342473854080726e-03
7.087769539109377639e-03
7.096116683219856960e-03
7.104581988436890934e-03
7.113124014919658573e-03
7.121573861597682055e-03
7.129918613341913562e-03
7.138361749401796012e-03
7.146903309312287178e-03
7.155373359924385029e-03
7.163725743274470745e-03
7.172143312756580798e-03
7.180679989040102129e-03
7.189171930840236764e-03
7.197531835741332110e-03
7.205929175448090758e-03
7.214455524058051121e-03
7.222966057505897548e-03
7.231339240468719412e-03
7.239719219310204040e-03
7.248230862567537833e-03
7.256754733556248539e-03
7.265149928630259754e-03
7.273510868577582646e-03
7.282006635694290332e-03
7.290541191759883355e-03
7.298957327287392514e-03
7.307307647457936088e-03
7.315783260148082078e-03
7.324324559638197008e-03
7.332761133394071970e-03
7.341109836653847073e-03
7.349561227889199813e-03
7.358104020754873374e-03
7.366565260431885524e-03
7.374912374364139475e-03
7.383342452573196137e-03
7.391881574944790881e-03
7.400364913095426947e-03
7.408717833034208014e-03
7.417127021622186601e-03
7.425658021661229145e-03
7.434159011274263720e-03
7.442528099470435698e-03
7.450913366662008028e-03
7.459433430879465476e-03
7.467951112813156836e-03
7.476336323611489261e-03
7.484704553473232533e-03
7.493208606273090225e-03
7.501739616208712852e-03
7.510142941993859685e-03
7.518501045023748101e-03
7.526984449415152247e-03
7.535523199949438651e-03
7.543951190129735002e-03
7.552298563705302746e-03
7.560762258405583774e-03
7.569304354759784706e-03
7.577755683024336997e-03
7.586100209091247923e-03
7.594542299397696872e-03
7.603083541119753236e-03
7.611555073475406198e-03
7.619907603955024429e-03
7.628324005518287779e-03
7.636860247183482539e-03
7.645353075882871732e-03
7.653714288497430636e-03
7.662109873166578385e-03
7.670635648321469727e-03
7.679147248328227655e-03
7.687521362199932484e-03
7.695900362468336905e-03
7.704410908757544120e-03
7.712935744667597307e-03
7.721331691873768027e-03
7.729692314955178070e-03
7.738186658181661279e-03
7.746721636104565538e-03
7.755139459044975078e-03
7.763488893934975335e-03
7.771963479239161164e-03
7.780504919412145962e-03
7.788943162276541592e-03
7.797291503202861788e-03
7.805741494383618834e-03
7.814284293437452622e-03
7.822746573986561619e-03
7.831094531971886930e-03
7.839522727401498220e-03
7.848061590480851640e-03
7.856546392812581783e-03
7.864899756942293416e-03
7.873307655810821842e-03
7.881837892171781809e-03
7.890340286836976941e-03
7.898709758748767226e-03
7.907094263322122715e-03
7.915613223295222753e-03
7.924131668039560358e-03
7.932518567570896045e-03
7.940885299589712371e-03
7.949388407829702241e-03
7.957920069185419817e-03
7.966324961178569350e-03
7.974682167643725589e-03
7.983164240527477334e-03
7.991703489759860446e-03
8.000132628657204495e-03
8.008480305755205989e-03
8.016941963271493471e-03
8.025484142634417561e-03
8.033937375674116491e-03
8.042281700008936315e-03
8.050722310156124481e-03
8.059263149118013614e-03
8.067736517770623950e-03
8.076088904956936140e-03
8.084504167738905400e-03
8.093039734436518334e-03
8.101533650624876196e-03
8.109896326274925599e-03
8.118289899361915557e-03
8.126815014705640258e-03
8.135327779575197288e-03
8.143703182971877633e-03
8.152080807695496339e-03
8.160590184835121719e-03
8.169116114925795147e-03
8.177513088849605594e-03
8.185873407990523071e-03
8.194365913784746117e-03
8.202901380720564739e-03
8.211321230743752822e-03
8.219669759779982612e-03
8.228142951237048253e-03
8.236684498137466365e-03
8.245124808814755998e-03
8.253472395973364753e-03
8.261921093873105665e-03
8.270463810014097930e-03
8.278927384544705267e-03
8.287276306203288090e-03
8.295702265693014749e-03
8.304240820673148421e-03
8.312727269413792280e-03
8.321081383633558218e-03
8.329487606710409345e-03
8.338016979292345310e-03
8.346520953458497552e-03
8.354891008626253932e-03
8.363274665658232063e-03
8.371792280216196896e-03
8.380311561498305847e-03
8.388700345549126441e-03
8.397065563100937838e-03
8.405567516779016354e-03
8.414099797219675228e-03
8.422506722311255689e-03
8.430862525697729176e-03
8.439343266068526778e-03
8.447883076240170208e-03
