0.000000000000000000e+00
8.386545617376131619e-06
1.684693464958039822e-05
2.532015452000958210e-05
3.372200009708798709e-05
4.209909835861383378e-05
5.054478849271121661e-05
5.902240700125522665e-05
6.744222870696293677e-05
7.581450240188195391e-05
8.424193178650888096e-05
9.272303972946894135e-05
1.011604180820829379e-04
1.095339440171477335e-04
1.179447856963657777e-04
1.264203460540521665e-04
1.348733956689910144e-04
1.432553857541109558e-04
1.516491913861138638e-04
1.601157398372403070e-04
1.685836119443370361e-04
1.769776495628615979e-04
1.853591081786211837e-04
1.938132624053239331e-04
2.022883045769254332e-04
2.106986755748009295e-04
2.190726469791222191e-04
2.275091809756927717e-04
2.359900027244730405e-04
2.444183407962865259e-04
2.527902207694295088e-04
2.612101314103488581e-04
2.696888758635224669e-04
2.781334652197046801e-04
2.865104887741953994e-04
2.949126891654825326e-04
3.033844086863137618e-04
3.118456321540906775e-04
3.202326212071158508e-04
3.286199232800030619e-04
3.370817342976871966e-04
3.455529846743100267e-04
3.539542783445212798e-04
3.623316938435540337e-04
3.707769136291631708e-04
3.792559199231922010e-04
3.876752565294537436e-04
3.960470778369028959e-04
4.044761768522615896e-04
4.129566850532989403e-04
4.213923315863502082e-04
4.297660172868934792e-04
4.381773114504453385e-04
4.466527474795867095e-04
4.551062502943267036e-04
4.634874426585646997e-04
4.718818149864586944e-04
4.803503046338675501e-04
4.888163054547529527e-04
4.972093115729171817e-04
5.055917775843196378e-04
5.140451930377846253e-04
5.225207725553031009e-04
5.309311332896267345e-04
5.393045914465247840e-04
5.477427401990394738e-04
5.562236193723898601e-04
5.646499220233422997e-04
5.730220401604056712e-04
5.814427207611866768e-04
5.899206562884449926e-04
5.983657336507120211e-04
6.067424859001227218e-04
6.151446499682275458e-04
6.236185260048041036e-04
6.320782198850526589e-04
6.404639501935746170e-04
6.488527321689906927e-04
6.573134197029611601e-04
6.657843700387229644e-04
6.741861332557565938e-04
6.825629639432720473e-04
6.910095876612232018e-04
6.994892356602974530e-04
7.079063412535736930e-04
7.162786298659797827e-04
7.247086052275739099e-04
7.331876481342708071e-04
7.416238102701970319e-04
7.499975044190648624e-04
7.584081982832558289e-04
7.668859372422214687e-04
7.753384002468357650e-04
7.837181676716325259e-04
7.921143788303164129e-04
8.005814233566745574e-04
8.090466133755792833e-04
8.174405111664065186e-04
8.258222094329870479e-04
8.342765936958108355e-04
8.427533916870435984e-04
8.511617235985619468e-04
8.595357106266925031e-04
8.679748343380264911e-04
8.764535811265894687e-04
8.848804585505011706e-04
8.932528121091385959e-04
9.016725070233145645e-04
9.101525307452545044e-04
9.185968506899890853e-04
9.269722290659253815e-04
9.353765754341757024e-04
9.438490615548430053e-04
9.523074237168458996e-04
9.606942858815051018e-04
9.690822296795343054e-04
9.775436590173578171e-04
9.860160888188122634e-04
9.944159737975103060e-04
1.002793310557256214e-03
1.011241180617011978e-03
1.019718482637848060e-03
1.028135885766901566e-03
1.036508634375675041e-03
1.044937408100487120e-03
1.053418263964829571e-03
1.061854077278310583e-03
1.070226601065574559e-03
1.078639403646010006e-03
1.087116165724615838e-03
1.095566937024633307e-03
1.103947840190721121e-03
1.112343299838039392e-03
1.120810652366704572e-03
1.129277299508262521e-03
1.137669524107623410e-03
1.146051789869846757e-03
1.154507800994733577e-03
1.162982239534091251e-03
1.171390317736537836e-03
1.179765139393719594e-03
1.188203088914354484e-03
1.196683224640992041e-03
1.205109975121846765e-03
1.213481180507222429e-03
1.221902990351932377e-03
1.230382703479765893e-03
1.238825007350053331e-03
1.247201312358364083e-03
1.255605323942527015e-03
1.264077454300990442e-03
1.272537164525125745e-03
1.280922771408129742e-03
1.289311096204338999e-03
1.297774493114788388e-03
1.306244777982680473e-03
1.314644068347002332e-03
1.323022628122292980e-03
1.331469415501287295e-03
1.339947314468284065e-03
1.348364978552529705e-03
1.356736638765676083e-03
1.365167474888212985e-03
1.373648716625275714e-03
1.382082118137148256e-03
1.390455461583827877e-03
1.398868507300442049e-03
1.407344262474150530e-03
1.415796192246289832e-03
1.424176203691697061e-03
1.432571628077563804e-03
1.441041313843976091e-03
1.449506426439941880e-03
1.457897779650007197e-03
1.466281544924951568e-03
1.474736350266710530e-03
1.483210764371173341e-03
1.491619623538855332e-03
1.499993355162966124e-03
1.508432872756030945e-03
1.516913968622667476e-03
1.525338516207513364e-03
1.533710622846369293e-03
1.542132939593072495e-03
1.550610867315860633e-03
1.559054444474655254e-03
1.567430339578646968e-03
1.575833730376394138e-03
1.584308232056297122e-03
1.592767061048905438e-03
1.601151715843855856e-03
1.609541808800880576e-03
1.618003838805115663e-03
1.626473536030767974e-03
1.634874117016098553e-03
1.643251425637768824e-03
1.651699119520612987e-03
1.660178549709426417e-03
1.668594293943789471e-03
1.676966812780745272e-03
1.685398339411700629e-03
1.693877506210514361e-03
1.702312114741683265e-03
1.710685396124771857e-03
1.719097481900928827e-03
1.727575402219834553e-03
1.736026833458563989e-03
1.744406064325207265e-03
1.752803397413694661e-03
1.761271833618711620e-03
1.769735790716196007e-03
1.778128477721509183e-03
1.786511025475906499e-03
1.794966430057722993e-03
1.803442568531329806e-03
1.811849585967154064e-03
1.820224279754740051e-03
1.828664829615988998e-03
1.837143808866428547e-03
1.845569106199793563e-03
1.853941289946926287e-03
1.862362594306333965e-03
1.870842444255733060e-03
1.879285590290013120e-03
1.887660675989939578e-03
1.896066239439330630e-03
1.904539968119917798e-03
1.912997174716276434e-03
1.921382748344771041e-03
1.929772066758919094e-03
1.938234436031028608e-03
1.946705720346995341e-03
1.955104490281344646e-03
1.963482927905736957e-03
1.971932200452524830e-03
1.980409414951286255e-03
1.988825294391037210e-03
1.997198119113605640e-03
2.005629012125371112e-03
2.014109232176309466e-03
2.022543409477909390e-03
2.030915978677134016e-03
2.039330375643730753e-03
2.047808216632863911e-03
2.056257622833649809e-03
2.064637314325551073e-03
2.073034579323090442e-03
2.081502966111101974e-03
2.089968086109133052e-03
2.098359266271591309e-03
2.106742815271127941e-03
2.115200216084083158e-03
2.123674396272679041e-03
2.132080929476343721e-03
2.140456255665661601e-03
2.148896406855995041e-03
2.157375649746366090e-03
2.165800618081917522e-03
2.174172399646079074e-03
2.182595646256225465e-03
2.191076122142326769e-03
2.199517222992117618e-03
2.207892600239176432e-03
2.216298513873099247e-03
2.224771549214028376e-03
2.233229522027625324e-03
2.241614206065327408e-03
2.250004145384950933e-03
2.258468623698429729e-03
2.266938424930778524e-03
2.275336218232221555e-03
2.283715564994454831e-03
2.292164555438546032e-03
2.300641499496495351e-03
2.309057168356130896e-03
2.317429703914145479e-03
2.325862043831891830e-03
2.334343567836029074e-03
2.342775899347630288e-03
2.351148660091369972e-03
2.359563803295806027e-03
2.368040191078418354e-03
2.376490193351009882e-03
2.384869690779918908e-03
2.393267059912055923e-03
2.401737394435794065e-03
2.410201634788352795e-03
2.418591757949360710e-03
2.426976443225248564e-03
2.435433524449496286e-03
2.443906862578743271e-03
2.452313621900091122e-03
2.460688559200396430e-03
2.469129617655511401e-03
2.477610586108000990e-03
2.486033914873059594e-03
2.494405824812215376e-03
2.502830204790036650e-03
2.511308861581571135e-03
2.519750162307474173e-03
2.528125697604516678e-03
2.536531340561300370e-03
2.545006186832055300e-03
2.553463856909978912e-03
2.561847452587751907e-03
2.570238588570380230e-03
2.578702763422799360e-03
2.587171493543852577e-03
2.595569743597467716e-03
2.603948732649739514e-03
2.612397926803710843e-03
2.620876650225020376e-03
2.629291051422051259e-03
2.637663772498338027e-03
2.646097418783959800e-03
2.654576983980073707e-03
2.663009054628467150e-03
2.671382090432905879e-03
2.679796833263750448e-03
2.688274746071301138e-03
2.696724683851440488e-03
2.705103090658608159e-03
2.713501688734938980e-03
2.721972021124865766e-03
2.730434860568121437e-03
2.738825293388045048e-03
2.747209878914612553e-03
2.755666651531281115e-03
2.764141513315081754e-03
2.772547235137785317e-03
2.780922278973693880e-03
2.789365067188463373e-03
2.797844207510819577e-03
2.806266719398873340e-03
2.814638986260696325e-03
2.823063120654792368e-03
2.831542662443827917e-03
2.839984013927456235e-03
2.848358723197700563e-03
2.856765520389762791e-03
2.865240909452054698e-03
2.873696756202409087e-03
2.882080370911593945e-03
2.890471931118453533e-03
2.898935408141657243e-03
2.907405030320335711e-03
2.915802574109514159e-03
2.924181530100700404e-03
2.932632788046231256e-03
2.941110208885541061e-03
2.949523246551990965e-03
2.957896414422271462e-03
2.966329816036282572e-03
2.974809625357870222e-03
2.983241896566338289e-03
2.991614266389412344e-03
3.000029899217191137e-03
3.008508958541064246e-03
3.016956872474898643e-03
3.025334894115720447e-03
3.033734645769164007e-03
3.042203783145386049e-03
3.050666968229327498e-03
3.059057143225603261e-03
3.067441578431516404e-03
3.075900508959867642e-03
3.084374685993165454e-03
3.092778737251400574e-03
3.101154649752550872e-03
3.109597040776700561e-03
3.118075553947989142e-03
3.126498760346423100e-03
3.134870531377575726e-03
3.143295024516174624e-03
3.151776247018101516e-03
3.160215806725827706e-03
3.168589903687534393e-03
3.176998244356631605e-03
3.185471900982883402e-03
3.193927824457424691e-03
3.202311891431142664e-03
3.210702663920325141e-03
3.219168069417169178e-03
3.227637939310416121e-03
3.236033866353800904e-03
3.244413701185052540e-03
3.252864512731381066e-03
3.261340583015908713e-03
3.269754809116395128e-03
3.278127672116670083e-03
3.286560689958543859e-03
3.295042540610000539e-03
3.303473740933858451e-03
3.311845605196342586e-03
3.320262520744381683e-03
3.328739677645550614e-03
3.337187728023050404e-03
3.345566813608471732e-03
3.353964892842107616e-03
3.362435531496084547e-03
3.370899848272164434e-03
3.379288625700926658e-03
3.387673680101467664e-03
3.396132169411158336e-03
3.404604839852749289e-03
3.413010381840437917e-03
3.421385854443771257e-03
3.429827122439288185e-03
3.438307908094359946e-03
3.446730699746709207e-03
3.455101886702540304e-03
3.463527518598602094e-03
3.472006960590977125e-03
3.480446610256880072e-03
3.488821876324419303e-03
3.497228303270276308e-03
3.505702812475280927e-03
3.514160240172068111e-03
3.522543025759797882e-03
3.530934442039138262e-03
3.539399924545816138e-03
3.547867955821554838e-03
3.556265106954486794e-03
3.564644846291878215e-03
3.573094262513570527e-03
3.581572321194252933e-03
3.589986438904504192e-03
3.598358546951794471e-03
3.606792961199623525e-03
3.615273560361295137e-03
3.623704234946443972e-03
3.632077231224380403e-03
3.640492548252318057e-03
3.648969802816876950e-03
3.657419458085765362e-03
3.665797412322745977e-03
3.674195939620093863e-03
3.682667392733423618e-03
3.691129852074826519e-03
3.699519304736617956e-03
3.707904685731031134e-03
3.716361603869483120e-03
3.724835569359197501e-03
3.733241178559928118e-03
3.741615880486283494e-03
3.750058819108692456e-03
3.758539061464982820e-03
3.766960598763402328e-03
3.775332922478958839e-03
3.783757520771736504e-03
3.792236337804856181e-03
3.800677579995840553e-03
3.809051929367151743e-03
3.817458403458125118e-03
3.825934536059660655e-03
3.834390661534398028e-03
3.842773671925055808e-03
3.851165732883844468e-03
3.859629252277672548e-03
3.868098041807886515e-03
3.876496127240671666e-03
3.884874603559639733e-03
3.893325336194738712e-03
3.901803778401283663e-03
3.910216590709936907e-03
3.918589765788748486e-03
3.927023593690797017e-03
3.935502705472929651e-03
3.943935166368697440e-03
3.952307525521971815e-03
3.960722422778764976e-03
3.969201756767532646e-03
3.977650565723008479e-03
3.986028459946134098e-03
3.994428018836549028e-03
4.002897466755982875e-03
4.011360132682211845e-03
4.019750958557472865e-03
4.028134710846020122e-03
4.036592635010796855e-03
4.045067926164829138e-03
4.053472397286672115e-03
4.061847975268009087e-03
4.070290583891271116e-03
4.078769065415979375e-03
4.087192525495895838e-03
4.095564461513994010e-03
4.103987916534835786e-03
4.112468868761720749e-03
4.120909778377353748e-03
4.129284050068402975e-03
4.137691641526289321e-03
4.146165990645467835e-03
4.154621843970227740e-03
4.163006218154986608e-03
4.171396642338153112e-03
4.179860771195955706e-03
4.188331397184996696e-03
4.196728109225993097e-03
4.205107554993915003e-03
4.213558460028805040e-03
4.222035054572674355e-03
4.230449432028019104e-03
4.238822386848286640e-03
4.247254735569434142e-03
4.255735697032530726e-03
4.264168155393651544e-03
4.272540203781246236e-03
4.280956337272858771e-03
4.289434460850971055e-03
4.297882653978437641e-03
4.306261684330032341e-03
4.314659926795402778e-03
4.323129361034018861e-03
4.331593845270948623e-03
4.339983598703750153e-03
4.348368191722978664e-03
4.356826786414526656e-03
4.365300277448703678e-03
4.373705847450806011e-03
4.382081382160420840e-03
4.390522561477196335e-03
4.399002033388180188e-03
4.407425792493092388e-03
4.415797295147526162e-03
4.424222043676147124e-03
4.432702725831118469e-03
4.441142628887589927e-03
4.449517658957769482e-03
4.457924474858973585e-03
4.466398199969350002e-03
4.474855604779470232e-03
4.483239326951450263e-03
4.491630078695637608e-03
4.500095472274202348e-03
4.508564784334597765e-03
4.516961911506728496e-03
4.525341578143324446e-03
4.533791209152543931e-03
4.542268157319913520e-03
4.550683091903855865e-03
4.559055622650519043e-03
4.567488855854891054e-03
4.575970581504603535e-03
4.584402127210062371e-03
4.592774859868883550e-03
4.601190500780535757e-03
4.609667288769587687e-03
4.618116956769237856e-03
4.626495885568709075e-03
4.634893731960806375e-03
4.643364663100244503e-03
4.651828639680354906e-03
4.660218330195865268e-03
4.668603438903503287e-03
4.677060841450293369e-03
4.685534138721840318e-03
4.693940489529401135e-03
4.702315451792841300e-03
4.710757005090620946e-03
4.719238125836910068e-03
4.727661157894081680e-03
4.736033132234079325e-03
4.744457727193088399e-03
4.752936540162690758e-03
4.761377818296656794e-03
4.769753139324523980e-03
4.778158972447548933e-03
4.786633998009269184e-03
4.795091580308072018e-03
4.803475149631576853e-03
4.811866483610031942e-03
4.820330879995374587e-03
4.828799528532297727e-03
4.837197718487316195e-03
4.845576608130547532e-03
4.854026031464992938e-03
4.862504924820731413e-03
4.870919337493302866e-03
4.879292128004182258e-03
4.887725642519332760e-03
4.896205446387507515e-03
4.904637795299635061e-03
4.913010719935700238e-03
4.921425249812369680e-03
4.929903097655741369e-03
4.938353282154848457e-03
4.946732072978315790e-03
4.955130273564511620e-03
4.963600683371806495e-03
4.972063841855755770e-03
4.980454435530835833e-03
4.988838730802473871e-03
4.997295262323857637e-03
5.005770356431460399e-03
5.014176552986704567e-03
5.022551595157786868e-03
5.030993783463719345e-03
5.039473291747073591e-03
5.047896421276226210e-03
5.056268520119446691e-03
5.064692320368960506e-03
5.073171631170883371e-03
5.081613512137058905e-03
5.089988614347849653e-03
5.098394740377613400e-03
5.106870144805300896e-03
5.115326751178890692e-03
5.123710629694891786e-03
5.132101707026360225e-03
5.140564813873363045e-03
5.149034767143977932e-03
5.157433230936509828e-03
5.165811836041592046e-03
5.174262260720165728e-03
5.182740260790432568e-03
5.191154175249118943e-03
5.199527083344657359e-03
5.207960100432109871e-03
5.216439679927622683e-03
5.224872753684910685e-03
5.233245611860750518e-03
5.241660131742436821e-03
5.250139251755499281e-03
5.258588394089364244e-03
5.266966827274850715e-03
5.275365613771595789e-03
5.283834492543857536e-03
5.292298222865548900e-03
5.300689424821788780e-03
5.309073117008080399e-03
5.317530926882634880e-03
5.326006160581635111e-03
5.334411364025529179e-03
5.342786648194455985e-03
5.351228400243538373e-03
5.359707136580315646e-03
5.368131336996900815e-03
5.376503366974751293e-03
5.384926378250103930e-03
5.393407582810026170e-03
5.401848866015554300e-03
5.410223334452412408e-03
5.418630357566199540e-03
5.427103851222349513e-03
5.435560580071632959e-03
5.443945411731741096e-03
5.452335476751315503e-03
5.460799590868957616e-03
5.469270475282462726e-03
5.477667950639000111e-03
5.486046823707624309e-03
5.494496877118021198e-03
5.502973544965240882e-03
5.511388862960130315e-03
5.519761670697619603e-03
5.528193205378480538e-03
5.536674767312007445e-03
5.545107849835605174e-03
5.553479917639451459e-03
5.561895397903311722e-03
5.570372597990006988e-03
5.578821576811172911e-03
5.587201157927437593e-03
5.595598570565558580e-03
5.604067923278860386e-03
5.612533174259013748e-03
5.620923591807714705e-03
5.629307281009587188e-03
5.637765132570154818e-03
5.646238643535894317e-03
5.654644933693620153e-03
5.663020198552876777e-03
5.671460281598302532e-03
5.679940679005547610e-03
5.688365054705106678e-03
5.696736410329676474e-03
5.705160421999596644e-03
5.713640298267227621e-03
5.722080899836083298e-03
5.730456394442506526e-03
5.738862087337063753e-03
5.747335616493235051e-03
5.755794025160155050e-03
5.764178161140452554e-03
5.772567962541479830e-03
5.781032822357723769e-03
5.789502084311562262e-03
5.797899756345225621e-03
5.806279145379885341e-03
5.814727469016989746e-03
5.823205353386415317e-03
5.831621179232838147e-03
5.839993124334357834e-03
5.848425767837784651e-03
5.856907024887902241e-03
5.865338994832153610e-03
5.873711872944822540e-03
5.882126475509227154e-03
5.890602942578096295e-03
5.899053666497757614e-03
5.907432837493171822e-03
5.915829647599807166e-03
5.924300399826126599e-03
5.932764411723799244e-03
5.941154501770152044e-03
5.949539149564310805e-03
5.957995169701944121e-03
5.966469189837727422e-03
5.974876617729713360e-03
5.983250757466796604e-03
5.991691727476565477e-03
6.000172934969199082e-03
6.008596278900170916e-03
6.016968059837446772e-03
6.025391622989519080e-03
6.033869947941680745e-03
6.042312445891529632e-03
6.050687996940825805e-03
6.059092261629941099e-03
6.067567501038436707e-03
6.076025587008412020e-03
6.084409328345265731e-03
6.092800108323259863e-03
6.101262944041591085e-03
6.109732224789728161e-03
6.118131870716411042e-03
6.126509574961178095e-03
6.134958140882004231e-03
6.143437656749965899e-03
6.151852621147209377e-03
6.160224938807828954e-03
6.168657273192294441e-03
6.177136511253135051e-03
6.185570329720905570e-03
6.193943471366766297e-03
6.202355942462623242e-03
6.210834205337507560e-03
6.219285465098689340e-03
6.227664103988212081e-03
6.236061687334942642e-03
6.244530620423550948e-03
6.252994291116341537e-03
6.261386576925368451e-03
6.269769428046936995e-03
6.278224973353834816e-03
6.286701123939139775e-03
6.295107939426581971e-03
6.303482299649600280e-03
6.311923354861200854e-03
6.320402377626737310e-03
6.328827075144745871e-03
6.337199307810009209e-03
6.345620823229635235e-03
6.354100725398068548e-03
6.362543979024766656e-03
6.370918732098434546e-03
6.379324155740310857e-03
6.387798391388689774e-03
6.396255407410247895e-03
6.404640849314639089e-03
6.413030276261288271e-03
6.421492500149800914e-03
6.429963857358150098e-03
6.438362786002425030e-03
6.446740563578102871e-03
6.455190007644163487e-03
6.463667770386604533e-03
6.472083344110214284e-03
6.480456202656692533e-03
6.488886797830981101e-03
6.497366977882234468e-03
6.505801802108816291e-03
6.514174155142761664e-03
6.522587759031717516e-03
6.531066032684360728e-03
6.539515801685751722e-03
6.547895543038905267e-03
6.556292568642566217e-03
6.564760521803479111e-03
6.573225943416829281e-03
6.581617579764831305e-03
6.590000220212422453e-03
6.598457317330767846e-03
6.606932509596349749e-03
6.615339282660075496e-03
6.623714454914812581e-03
6.632153914945614938e-03
6.640633098397744766e-03
6.649059228236455475e-03
6.657430598614229138e-03
6.665852675181088878e-03
6.674333482058114088e-03
6.682775493803350814e-03
6.691151025115080371e-03
6.699556308298652840e-03
6.708028863536438964e-03
6.716487405690627945e-03
6.724872767367937217e-03
6.733261468639624436e-03
6.741725215491076867e-03
6.750196328183678991e-03
6.758595066511000754e-03
6.766973849039100222e-03
6.775421828681214148e-03
6.783898769072219982e-03
6.792316077752676325e-03
6.800688108675159195e-03
6.809118762877967683e-03
6.817600504652128295e-03
6.826034235782101230e-03
6.834407129935447626e-03
6.842821033280657543e-03
6.851297330373882014e-03
6.859748200961732212e-03
6.868128338888227630e-03
6.876524126704562818e-03
6.884993376814716425e-03
6.893459240337944209e-03
6.901850540200291789e-03
6.910234187158155635e-03
6.918690199529040769e-03
6.927163989436275170e-03
6.935572266095527648e-03
6.943946588754337269e-03
6.952385875623631056e-03
6.960866936169768891e-03
6.969291981132284645e-03
6.977663862116108805e-03
6.986086658259699211e-03
6.994565526764734593e-03
7.003008044606236042e-03
7.011383895594649161e-03
7.019788064992413257e-03
7.028261762682572536e-03
7.036720889553793254e-03
7.045105544741750263e-03
7.053495499834599829e-03
7.061958939879483393e-03
7.070428285352094513e-03
7.078827662444739897e-03
7.087205956719814549e-03
7.095653863396577700e-03
7.104132691688158120e-03
7.112548716645872640e-03
7.120921162544588574e-03
7.129353191753115722e-03
7.137833302593861104e-03
7.146266843410502105e-03
7.154640039422412688e-03
7.163053323788976488e-03
7.171530157142119374e-03
7.179981573064897829e-03
7.188361043837279175e-03
7.196758090848204975e-03
7.205227948674920550e-03
7.213691839536384362e-03
7.222083236854993753e-03
7.230466879456338113e-03
7.238922587096322143e-03
7.247397723910061276e-03
7.255805075048361343e-03
7.264179571891003252e-03
7.272620522643340538e-03
7.281100625016637823e-03
7.289524789497070500e-03
7.297896904241005754e-03
7.306319608677355401e-03
7.314798402829651540e-03
7.323241256773149917e-03
7.331616764534048050e-03
7.340021748582424739e-03
7.348496780309909070e-03
7.356954253078713118e-03
7.365338710548134139e-03
7.373729033412316190e-03
7.382191559365563170e-03
7.390661783137606605e-03
7.399061054970074679e-03
7.407439183714358000e-03
7.415888385008947287e-03
7.424366924169410221e-03
7.432781897289564114e-03
7.441154714983911657e-03
7.449586806336123967e-03
7.458066088690306142e-03
7.466500036784233692e-03
7.474873039598692315e-03
7.483286565428615839e-03
7.491765238991793426e-03
7.500215421090485578e-03
7.508594379733293800e-03
7.516992251629397992e-03
7.525460619378148905e-03
7.533924800765028941e-03
7.542316684263040624e-03
7.550699837166779602e-03
7.559156461985352786e-03
7.567632019228814205e-03
7.576038271645791147e-03
7.584413249222716168e-03
7.592854393607928812e-03
7.601332967554794671e-03
7.609757704699357007e-03
7.618129833115264669e-03
7.626552170817040184e-03
7.635032899405332259e-03
7.643474979479480090e-03
7.651849889075045853e-03
7.660256002020291756e-03
7.668729353176580860e-03
7.677186432337550215e-03
7.685571654767374417e-03
7.693961300809871832e-03
7.702424570072051446e-03
7.710895644342593766e-03
7.719293712195630063e-03
7.727672284975835131e-03
7.736121986388838981e-03
7.744598740256194991e-03
7.753014187702171427e-03
7.761387041002120769e-03
7.769818221857384410e-03
7.778299451985960615e-03
7.786732965647722576e-03
7.795105268037836807e-03
7.803520202835857907e-03
7.811997332111087974e-03
7.820446511163229794e-03
7.828826115952928349e-03
7.837223555396720734e-03
7.845692402459938236e-03
7.854157559634679375e-03
7.862548373338275678e-03
7.870931975489079552e-03
7.879389599226039112e-03
7.887863227653359871e-03
7.896269510655105905e-03
7.904644838482880950e-03
7.913084888067719105e-03
7.921564998024651499e-03
7.929989681970166238e-03
7.938360990981449886e-03
7.946784837782293331e-03
7.955264677106979945e-03
7.963705261132341187e-03
7.972080628302952512e-03
7.980486596012499947e-03
7.988959963636299566e-03
7.997418081904983725e-03
8.005802400696525670e-03
8.014192231378303513e-03
8.022657136470613334e-03
8.031126315271360644e-03
8.039523791459472421e-03
8.047903222057730191e-03
8.056351843310069136e-03
8.064829438656582333e-03
8.073245016292487919e-03
8.081617097672022521e-03
8.090049940724640745e-03
8.098531100379858030e-03
8.106962686454123254e-03
8.115335464246755184e-03
8.123750473324625049e-03
8.132227066000197180e-03
8.140677310748235113e-03
8.149056342258320651e-03
8.157453442092746365e-03
8.165924341477831874e-03
8.174388069020889144e-03
8.182777757774439137e-03
8.191162661301543135e-03
8.199618936300228852e-03
8.208092703135402499e-03
8.216499683281405786e-03
8.224874033899360823e-03
8.233315371134109287e-03
8.241796279025912636e-03
8.250219035334309739e-03
8.258590830636125535e-03
8.267015018873571930e-03
8.275493371873261436e-03
8.283935164303637619e-03
8.292310474277244867e-03
8.300715502630628267e-03
8.309190940606800066e-03
8.317648214046671415e-03
8.326031395874020427e-03
8.334422848033807424e-03
8.342886102442796312e-03
8.351354862608418791e-03
8.359753725363619145e-03
8.368131868220501576e-03
8.376581272105837125e-03
8.385060357201112174e-03
8.393474366826358946e-03
8.401846776182027646e-03
8.410279978524394864e-03
8.418759046471760085e-03
8.427191913074939117e-03
