0.000000000000000000e+00
8.370133798009077349e-06
1.688354838065357058e-05
2.541008897660343121e-05
3.379794247836531826e-05
4.215309369756868011e-05
5.064963755352705748e-05
5.918346926230846715e-05
6.758741225533127406e-05
7.593300245518342891e-05
8.441417880533804395e-05
9.295623693875294227e-05
1.013817392149250274e-04
1.097212455335641585e-04
1.181836248135343157e-04
1.267274265324684244e-04
1.351714482675341056e-04
1.435074817052741324e-04
1.519503212516902415e-04
1.604943419447815570e-04
1.689575569417957844e-04
1.772980548008485334e-04
1.857217211051839941e-04
1.942635278409648319e-04
2.027460915038641781e-04
2.110916240822563884e-04
2.194948105524994510e-04
2.280277567470713148e-04
2.365255183345226181e-04
2.448813801987896220e-04
2.532681412439812072e-04
2.617940104165905309e-04
2.703082041127493002e-04
2.786796747482105856e-04
2.870480332215750476e-04
2.955597227213862979e-04
3.040839243081018138e-04
3.124694042802567389e-04
3.208255027739860240e-04
3.293234493040267819e-04
3.378590979873552958e-04
3.462650046691726608e-04
3.546108711648567188e-04
3.630915625577549473e-04
3.716324555994364822e-04
3.800564473593346705e-04
3.883948700616234647e-04
3.968570152805071371e-04
4.054008722877477174e-04
4.138451856948924387e-04
4.221829218759704221e-04
4.306266760622049503e-04
4.391716696447743921e-04
4.476358455507475757e-04
4.559746888687307709e-04
4.643972502789294366e-04
4.729369822681900987e-04
4.814175579457553953e-04
4.897637656715553940e-04
4.981683473801853859e-04
5.067039388452435761e-04
5.152037218878687029e-04
5.235604535056633153e-04
5.319458246578853038e-04
5.404694323253873139e-04
5.489814700026416586e-04
5.573506515431349501e-04
5.657204646084894014e-04
5.742334225939535941e-04
5.827593609994202121e-04
5.911473076476702346e-04
5.995028698568393571e-04
6.080009096462806427e-04
6.165354032356318206e-04
6.249392786598499975e-04
6.332847403429561197e-04
6.417648004758856259e-04
6.503057013893860259e-04
6.587299730262361234e-04
6.670698446205998661e-04
6.755332942612643065e-04
6.840783332392404202e-04
6.925231426569959268e-04
7.008594262757976119e-04
7.093020726226936454e-04
7.178448785290248444e-04
7.263069857373461542e-04
7.346467662849207568e-04
7.430709034899756231e-04
7.516131783412736489e-04
7.600959332774276898e-04
7.684421038852804094e-04
7.768459944622536136e-04
7.853793791627800610e-04
7.938764935825470132e-04
8.022320841887416436e-04
8.106183072573825516e-04
8.191435225140767523e-04
8.276572507536881932e-04
8.360281190336096282e-04
8.443978927795194609e-04
8.529106243843835155e-04
8.614355092544550337e-04
8.698212629573874241e-04
8.781769237569074906e-04
8.866741151902758850e-04
8.952082485787370061e-04
9.036134625785906087e-04
9.119593946179556637e-04
9.204415300969096513e-04
9.289835238772094954e-04
9.374077932640527714e-04
9.457468929488256886e-04
9.542083624607876303e-04
9.627514321358324060e-04
9.711945436229723607e-04
9.795318504570184586e-04
9.879760448262338724e-04
9.965214535282128101e-04
1.004986201798217273e-03
1.013325404134763231e-03
1.021748757132671069e-03
1.030288546103834543e-03
1.038768582064013117e-03
1.047114495552489482e-03
1.055518373784382433e-03
1.064053530797423510e-03
1.072552722785212595e-03
1.080909558494790252e-03
1.089295935771301916e-03
1.097820629075926552e-03
1.106333460900950794e-03
1.114702831911785520e-03
1.123072171155155936e-03
1.131583782266653605e-03
1.140108651743555745e-03
1.148495780624583015e-03
1.156851858472719968e-03
1.165350909383547091e-03
1.173886389115252893e-03
1.182291290589035718e-03
1.190636785529417463e-03
1.199116497776978128e-03
1.207656294274108864e-03
1.216079750124344052e-03
1.224419210593711768e-03
1.232882862159082656e-03
1.241428353548587474e-03
1.249873284194585486e-03
1.258210463636748192e-03
1.266653436232536168e-03
1.275196441711432330e-03
1.283658512708313109e-03
1.291997614450104536e-03
1.300421302243396715e-03
1.308962815666195713e-03
1.317445156866710364e-03
1.325791267659160669e-03
1.334196219024400346e-03
1.342730838888830025e-03
1.351228297625254844e-03
1.359584428391666161e-03
1.367969623837536229e-03
1.376493990444306115e-03
1.385006617031749520e-03
1.393376434160989051e-03
1.401747088867614285e-03
1.410260767970172250e-03
1.418786800117080018e-03
1.427173111987693538e-03
1.435528933850652123e-03
1.444025500889705403e-03
1.452558568240771121e-03
1.460962994017897401e-03
1.469308380485529267e-03
1.477791027719695897e-03
1.486333302008736651e-03
1.494757931122048591e-03
1.503097747318600129e-03
1.511559707142832564e-03
1.520103036243339572e-03
1.528545644249726127e-03
1.536882501651778759e-03
1.545325987353111984e-03
1.553870745218171841e-03
1.562334831179731888e-03
1.570674215286280758e-03
1.579098807454179824e-03
1.587639629982558372e-03
1.596120590013637907e-03
1.604466356748478336e-03
1.612869682646036768e-03
1.621403683834261563e-03
1.629901476647524841e-03
1.638257732476538575e-03
1.646644744171839444e-03
1.655170742318949227e-03
1.663684304857836367e-03
1.672054478537407475e-03
1.680423622945560269e-03
1.688934909632723320e-03
1.697458950483734250e-03
1.705844735111978214e-03
1.714201030014314868e-03
1.722700136579751167e-03
1.731235982330892867e-03
1.739641319512250312e-03
1.747987201765315284e-03
1.756467648078667825e-03
1.765007350797712137e-03
1.773430740048043781e-03
1.781769239023678992e-03
1.790232563929068481e-03
1.798777480103077404e-03
1.807221553759858629e-03
1.815559486601418023e-03
1.824003197341374401e-03
1.832547564017539612e-03
1.841010169184538253e-03
1.849349145216922820e-03
1.857772085671312648e-03
1.866312319280059818e-03
1.874793754816338589e-03
1.883139105628945514e-03
1.891545065972777924e-03
1.900080549783348359e-03
1.908579080241469376e-03
1.916935905776923120e-03
1.925320855873614064e-03
1.933844854412952166e-03
1.942356323452269860e-03
1.950725433820768313e-03
1.959095820285343664e-03
1.967609749472505696e-03
1.976136053571410194e-03
1.984522653206029913e-03
1.992879238601144836e-03
2.001376371892505963e-03
2.009909752453807857e-03
2.018313631606318340e-03
2.026658575644298913e-03
2.035140538835065061e-03
2.043681871936346792e-03
2.052106054271926518e-03
2.060446077927292289e-03
2.068909544779794045e-03
2.077453856397176203e-03
2.085897134587854501e-03
2.094233629958680738e-03
2.102676554091888195e-03
2.111220302380649623e-03
2.119682669428948375e-03
2.128022128204278603e-03
2.136447220288377469e-03
2.144989248254607767e-03
2.153471153322047884e-03
2.161817079009368831e-03
2.170220559888066513e-03
2.178753828064598080e-03
2.187250903813461964e-03
2.195605953933345289e-03
2.203993263969937499e-03
2.212519453365602903e-03
2.221033076196143440e-03
2.229403860826071476e-03
2.237773274161024804e-03
2.246285496671105494e-03
2.254809472457572610e-03
2.263194629041590140e-03
2.271550544604647188e-03
2.280048904829882692e-03
2.288584087826494532e-03
2.296988720874683539e-03
2.305335489347523810e-03
2.313817033968042051e-03
2.322357830646362177e-03
2.330781857846776339e-03
2.339119897698696809e-03
2.347582622066687191e-03
2.356126047502096928e-03
2.364569074504553527e-03
2.372906804919728673e-03
2.381351450295343848e-03
2.389896895568981248e-03
2.398360334181941656e-03
2.406699718017418950e-03
2.415122568397536518e-03
2.423662364421662590e-03
2.432142590456562101e-03
2.440487402819822502e-03
2.448893226429072704e-03
2.457428807199743027e-03
2.465927718070131270e-03
2.474284589756479535e-03
2.482670515703438042e-03
2.491195107408430975e-03
2.499706760381027650e-03
2.508075400253787380e-03
2.516445302961159598e-03
2.524958562519045123e-03
2.533483799360505741e-03
2.541870322517673919e-03
2.550227126805273276e-03
2.558725658576762110e-03
2.567260250990994943e-03
2.575664246339714331e-03
2.584009264139967236e-03
2.592490083570168826e-03
2.601030397754464183e-03
2.609453511468844567e-03
2.617793587847403337e-03
2.626257782129862942e-03
2.634802989755103287e-03
2.643247342032263233e-03
2.651583770119495843e-03
2.660026987410105733e-03
2.668569981292696815e-03
2.677031276881909616e-03
2.685370463504463834e-03
2.693795319032825028e-03
2.702337618479469430e-03
2.710819567481617415e-03
2.719165929462307417e-03
2.727570288715895283e-03
2.736104103136855013e-03
2.744601203516169353e-03
2.752955681478713376e-03
2.761342678495602547e-03
2.769867823870478425e-03
2.778380608179492443e-03
2.786751105167200541e-03
2.795121371543367924e-03
2.803635081392673485e-03
2.812159903285271507e-03
2.820545435916579566e-03
2.828901085633059656e-03
2.837398657349415876e-03
2.845932356869343340e-03
2.854335883859670294e-03
2.862682802903369732e-03
2.871165282994891151e-03
2.879707229715815393e-03
2.888131704888432291e-03
2.896470323537497088e-03
2.904932930854520461e-03
2.913475746521558551e-03
2.921917743084135460e-03
2.930254926413178567e-03
2.938699691094295418e-03
2.947245085577760403e-03
2.955708757704048843e-03
2.964048338462262067e-03
2.972472208806986767e-03
2.981012678394388306e-03
2.989492550771799106e-03
2.997837453391816436e-03
3.006242323945276101e-03
3.014777113362321435e-03
3.023275290349643814e-03
3.031631868757404466e-03
3.040018785934594982e-03
3.048544375959062313e-03
3.057057152647222730e-03
3.065425817012123414e-03
3.073795698706270185e-03
3.082307740166445337e-03
3.090831547295111188e-03
3.099217574195486328e-03
3.107574323650680575e-03
3.116074092884351613e-03
3.124609382415181966e-03
3.133013951829024916e-03
3.141359474755112645e-03
3.149840125444496475e-03
3.158379741767721686e-03
3.166801643485176072e-03
3.175141666697682986e-03
3.183605652728683979e-03
3.192150938563692412e-03
3.200595413253864811e-03
3.208932241487850393e-03
3.217376707610808146e-03
3.225920054252261714e-03
3.234381294363527191e-03
3.242720090661071683e-03
3.251144364404677523e-03
3.259685662408888171e-03
3.268166557194152663e-03
3.276512838857969720e-03
3.284918271621924558e-03
3.293453654675092789e-03
3.301951392356819795e-03
3.310306378788918473e-03
3.318692876598663705e-03
3.327216973265910600e-03
3.335728529698996515e-03
3.344097892259490119e-03
3.352468809991121859e-03
3.360983318341483495e-03
3.369509036637949751e-03
3.377895033679475991e-03
3.386251215820169306e-03
3.394748786068124604e-03
3.403281511582612832e-03
3.411684550437829762e-03
3.420030758712975811e-03
3.428513410052808769e-03
3.437055276292223533e-03
3.445479501275773484e-03
3.453819118058791375e-03
3.462282363148114130e-03
3.470825847982301430e-03
3.479267623032856940e-03
3.487604671494668514e-03
3.496048538239925584e-03
3.504592865234287813e-03
3.513056034433970944e-03
3.521395250206837101e-03
3.529820712061063678e-03
3.538362148977774319e-03
3.546842709711039206e-03
3.555188066546466179e-03
3.563592215592191643e-03
3.572126058531183059e-03
3.580622750051762771e-03
3.588978886548994419e-03
3.597366118359347775e-03
3.605892726416210035e-03
3.614406404179705459e-03
3.622775629831430887e-03
3.631145937369884957e-03
3.639657519137055961e-03
3.648180754003934375e-03
3.656565999734343129e-03
3.664922406432684094e-03
3.673421993191061143e-03
3.681957267751116009e-03
3.690362201049675155e-03
3.698708231397104373e-03
3.707189764697393572e-03
3.715729778646770405e-03
3.724152004908797432e-03
3.732491415643239118e-03
3.740954366559430706e-03
3.749498859709200511e-03
3.757942455107206488e-03
3.766279785483101286e-03
3.774724904702289347e-03
3.783269570715446818e-03
3.791731794247985964e-03
3.800070822364026712e-03
3.808494395836710140e-03
3.817034416750332559e-03
3.825514607481751012e-03
3.833859977250774452e-03
3.842266120998380583e-03
3.850802065070394777e-03
3.859300434456600874e-03
3.867656472483421877e-03
3.876042771794313904e-03
3.884566883591662398e-03
3.893077698847617792e-03
3.901446559612939142e-03
3.909817045051922589e-03
3.918331292250960135e-03
3.926857093622954618e-03
3.935242935700290073e-03
3.943600196449851408e-03
3.952098370930685715e-03
3.960631477893582393e-03
3.969034768459943872e-03
3.977380151762840120e-03
3.985862165007685205e-03
3.994402875460577491e-03
4.002826393435227233e-03
4.011166312088550352e-03
4.019630843912026796e-03
4.028175586378741728e-03
4.036617959430407673e-03
4.044955221295718981e-03
4.053398201113007915e-03
4.061941515524780319e-03
4.070403289143134998e-03
4.078742013795024803e-03
4.087168184695188361e-03
4.095710440923799010e-03
4.104191884858388040e-03
4.112537657561116979e-03
4.120942188081725376e-03
4.129475749800446197e-03
4.137971735221099116e-03
4.146326977785451222e-03
4.154713956419622302e-03
4.163240481707318474e-03
4.171753774602267144e-03
4.180123368947071677e-03
4.188494335933843314e-03
4.197006961065252208e-03
4.205530715606681409e-03
4.213915729232201035e-03
4.222271651324952836e-03
4.230770221515286166e-03
4.239304555019166205e-03
4.247708479086843326e-03
4.256055283498541390e-03
4.264538002072939052e-03
4.273078971933056205e-03
4.281502185159272861e-03
4.289841138379632372e-03
4.298303849042761290e-03
4.306847020439763529e-03
4.315289266176449735e-03
4.323626526586818973e-03
4.332072202353132694e-03
4.340617757760080117e-03
4.349080446787546156e-03
4.357420156000434662e-03
4.365843763886020738e-03
4.374383552268327341e-03
4.382863143899081750e-03
4.391207457023088914e-03
4.399613745811653022e-03
4.408149406043590339e-03
4.416647594888385188e-03
4.425003879383088319e-03
4.433390930011931776e-03
4.441916157788289125e-03
4.450427195847324324e-03
4.458795966422454855e-03
4.467165614199037488e-03
4.475679068968643932e-03
4.484203799605412238e-03
4.492588843670254801e-03
4.500946873240393650e-03
4.509446182840044608e-03
4.517980710875662588e-03
4.526384496801607281e-03
4.534729778708400209e-03
4.543211082698686565e-03
4.551750592836253419e-03
4.560172914482491825e-03
4.568512527358581550e-03
4.576977821262682294e-03
4.585523165836471494e-03
4.593966357224663587e-03
4.602303893652040685e-03
4.610747308923381776e-03
4.619290480259106643e-03
4.627751373804001901e-03
4.636089662060569050e-03
4.644515369527651635e-03
4.653057393127717385e-03
4.661538540453397106e-03
4.669884534428045235e-03
4.678290090574240695e-03
4.686824462219495342e-03
4.695321139389958473e-03
4.703675756455237902e-03
4.712062518993481372e-03
4.720587988706301773e-03
4.729099990664634157e-03
4.737469396017639049e-03
4.745840691939111344e-03
4.754354816389279662e-03
4.762879485383553907e-03
4.771265087978866608e-03
4.779620671043245325e-03
4.788118511730591123e-03
4.796651825348774434e-03
4.805054277818934100e-03
4.813401497049940407e-03
4.821884534134298662e-03
4.830426396295169934e-03
4.838850391895689086e-03
4.847189388149447491e-03
4.855652473657654129e-03
4.864195161886819031e-03
4.872636844991933697e-03
4.880973354588911441e-03
4.889418710902256743e-03
4.897963985682048972e-03
4.906426631854840341e-03
4.914766839030525712e-03
4.923191021913246763e-03
4.931731834789762452e-03
4.940211815518234448e-03
4.948555992663326852e-03
4.956961353826348608e-03
4.965495775664330834e-03
4.973993240080574682e-03
4.982349139572338562e-03
4.990736916499540279e-03
4.999263101252474605e-03
5.007775494907084832e-03
5.016144700192530850e-03
5.024514143669095607e-03
5.033026675185978648e-03
5.041550091072527669e-03
5.049934815077948558e-03
5.058292442807688777e-03
5.066792261629426974e-03
5.075327465777971017e-03
5.083731928506803749e-03
5.092077618973222045e-03
5.100558876154503811e-03
5.109098385085574824e-03
5.117519939015848646e-03
5.125859507466542717e-03
5.134324039577667538e-03
5.142869001517991895e-03
5.151312561238563341e-03
5.159649950599786913e-03
5.168094551297307965e-03
5.176638329021843524e-03
5.185099595614567521e-03
5.193437776310343666e-03
5.201862489018001245e-03
5.210403578518782962e-03
5.218883709447575021e-03
5.227229953691100821e-03
5.235635783105036314e-03
5.244171470171990479e-03
5.252669327425824042e-03
5.261024072839789317e-03
5.269410784825519223e-03
5.277934999953106179e-03
5.286446001685472275e-03
5.294814604454765872e-03
5.303186048311279988e-03
5.311700767610188015e-03
5.320226088911008712e-03
5.328612441260114317e-03
5.336968334410173258e-03
5.345466456028931737e-03
5.353999230377640486e-03
5.362401121687536930e-03
5.370747891147934459e-03
5.379230378044493749e-03
5.387771968874500994e-03
5.396195747907813270e-03
5.404535496945961186e-03
5.412999591157968866e-03
5.421543148888811024e-03
5.429984975560186132e-03
5.438321360253563393e-03
5.446765887559689920e-03
5.455309749065143446e-03
5.463771634622111018e-03
5.472111422580573821e-03
5.480536905431944092e-03
5.489078889056743689e-03
5.497559586693328421e-03
5.505904338085503870e-03
5.514309196227720929e-03
5.522842847373388500e-03
5.531338886024229039e-03
5.539694372133453781e-03
5.548082158550852322e-03
5.556608909713637960e-03
5.565122135855145313e-03
5.573491440434086633e-03
5.581861697390306555e-03
5.590374023635787289e-03
5.598897013392101912e-03
5.607281397682062178e-03
5.615638339621154169e-03
5.624137821265073715e-03
5.632672634068897240e-03
5.641077273042066804e-03
5.649423366559522958e-03
5.657905550794302928e-03
5.666445857464578496e-03
5.674867403941747344e-03
5.683206981674324837e-03
5.691670138905679729e-03
5.700214073291480846e-03
5.708656877796473850e-03
5.716994274741296102e-03
5.725439945693464212e-03
5.733984758090625126e-03
5.742447095138021942e-03
5.750785542094381982e-03
5.759209840984383204e-03
5.767749702126769885e-03
5.776228660563416904e-03
5.784574441631261735e-03
5.792980409725506652e-03
5.801516740828357478e-03
5.810015066582317755e-03
5.818370550337936473e-03
5.826757710359509179e-03
5.835282034102629370e-03
5.843792575863991472e-03
5.852160664415951424e-03
5.860531672188229978e-03
5.869045760335927717e-03
5.877570755240057489e-03
5.885956755196083100e-03
5.894313647550685799e-03
5.902812885573455182e-03
5.911346208267750750e-03
5.919748595668712123e-03
5.928094713471150287e-03
5.936576424225932860e-03
5.945116725051062881e-03
5.953539511421242041e-03
5.961879463644451614e-03
5.970344598331061604e-03
5.978889520153818707e-03
5.987331768969971282e-03
5.995668778881706532e-03
6.004112561117383277e-03
6.012655505536737034e-03
6.021116438580196434e-03
6.029455346044871981e-03
6.037881521990508260e-03
6.046423901997662748e-03
6.054905141421528317e-03
6.063250459576717891e-03
6.071655782424056555e-03
6.080189564373580588e-03
6.088684872460668404e-03
6.097040090465337230e-03
6.105427113356889923e-03
6.113953602719907066e-03
6.122466450809238916e-03
6.130835540468925968e-03
6.139207042822078172e-03
6.147720230244183709e-03
6.156244012786545212e-03
6.164628464672617346e-03
6.172984938226175854e-03
6.181483307166700698e-03
6.190016828454075748e-03
6.198420757025325731e-03
6.206767096707429578e-03
6.215250657403858202e-03
6.223791965816031536e-03
6.232214489038803186e-03
6.240554127424612248e-03
6.249016688213016556e-03
6.257559622176892683e-03
6.266001248815067717e-03
6.274338369859823288e-03
6.282784200173230013e-03
6.291329645382962368e-03
6.299792491561154867e-03
6.308131552917244783e-03
6.316556161345063258e-03
6.325095980054797062e-03
6.333574950488686690e-03
6.341919873827935906e-03
6.350325425306157026e-03
6.358861181890644414e-03
6.367359127963476140e-03
6.375714910500334190e-03
6.384102585775171430e-03
6.392628085996405335e-03
6.401139183463122433e-03
6.409507807397286233e-03
6.417877754560767818e-03
6.426390791772935984e-03
6.434915122141699785e-03
6.443300057575726200e-03
6.451657813243099129e-03
6.460157649258326147e-03
6.468692213936187187e-03
6.477095602594016774e-03
6.485441481026688743e-03
6.493922615425012229e-03
6.502461815032788833e-03
6.510884089565681897e-03
6.519223428276542040e-03
6.527688999565761999e-03
6.536234394599907578e-03
6.544677173207758512e-03
6.553015046917604058e-03
6.561458802111652319e-03
6.570001961345241920e-03
6.578462573940090964e-03
6.586800933602540188e-03
6.595226483624806908e-03
6.603768277681065085e-03
6.612249347395678795e-03
6.620594709494595498e-03
6.629001105480683900e-03
6.637535863750886750e-03
6.646032029385044379e-03
6.654387282425029866e-03
6.662773500130345430e-03
6.671299030499875521e-03
6.679810565801469480e-03
6.688179212844491857e-03
6.696551098323916089e-03
6.705065596984859620e-03
6.713590505770895833e-03
6.721975678962439048e-03
6.730332002428161299e-03
6.738829768924552502e-03
6.747362588378942594e-03
6.755765201557429982e-03
6.764111625202282908e-03
6.772595325297118413e-03
6.781137132014745071e-03
6.789560450787403972e-03
6.797900263345473849e-03
6.806363474480150652e-03
6.814906334796113491e-03
6.823347771761440785e-03
6.831684117189050325e-03
6.840129516511436400e-03
6.848674624699763180e-03
6.857136795092101320e-03
6.865476599475172324e-03
6.873901823914344705e-03
6.882442824275877488e-03
6.890922502674857314e-03
6.899266999868956113e-03
6.907672191878437735e-03
6.916206641889418617e-03
6.924703608795572916e-03
6.933058733071502562e-03
6.941447285433721692e-03
6.949973880539266416e-03
6.958485936409138962e-03
6.966855382495656772e-03
6.975224866967399268e-03
6.983737512855773752e-03
6.992260610798716434e-03
7.000644551217152095e-03
7.009002353976283468e-03
7.017502484092413839e-03
7.026037640508187021e-03
7.034441425235205339e-03
7.042787833994781227e-03
7.051269405272986811e-03
7.059808616212251246e-03
7.068230341845348902e-03
7.076569002607072979e-03
7.085034147404441554e-03
7.093578782581281585e-03
7.102021204557761383e-03
7.110359181340223343e-03
7.118804295401658273e-03
7.127348646621544867e-03
7.135809662244511735e-03
7.144147846968952435e-03
7.152572634412728350e-03
7.161113452363939910e-03
7.169593030009383146e-03
7.177938117323932714e-03
7.186345179447336563e-03
7.194881162658268124e-03
7.203378528535221530e-03
7.211733816596762985e-03
7.220120300523208759e-03
7.228645052361447332e-03
7.237155557378937600e-03
7.245523237972095396e-03
7.253895128836318137e-03
7.262410097324640060e-03
7.270935156891104346e-03
7.279320852749713439e-03
7.287677552670639505e-03
7.296176107070809387e-03
7.304708928388238716e-03
7.313110583027380117e-03
7.321456934106660569e-03
7.329939958322926816e-03
7.338481153114050082e-03
7.346903928406050069e-03
7.355244198816572078e-03
7.363708851926780048e-03
7.372252548611877426e-03
7.380694526427990752e-03
7.389030381247803717e-03
7.397475357210420675e-03
7.406019141327316833e-03
7.414479864827155063e-03
7.422819631860585327e-03
7.431245741842731727e-03
7.439788227412008625e-03
7.448268631110394923e-03
7.456613468454593649e-03
7.465018630274555984e-03
7.473552446489672985e-03
7.482048199268950123e-03
7.490402327812458773e-03
7.498791157805304725e-03
7.507318110061047753e-03
7.515830636966191851e-03
7.524200229429610712e-03
7.532570552114221246e-03
7.541083946660654888e-03
7.549606821145917260e-03
7.557990243947930106e-03
7.566347467768629563e-03
7.574847174852149256e-03
7.583381522365766243e-03
7.591784843349699829e-03
7.600131876653087350e-03
7.608614781834219416e-03
7.617155296595696373e-03
7.625576986619413133e-03
7.633915835517515215e-03
7.642379982041565614e-03
7.650923353444605626e-03
7.659364918603495456e-03
7.667702541636395655e-03
7.676148788833506154e-03
7.684694068377120532e-03
7.693156061851127124e-03
7.701494367319226819e-03
7.709919356732537581e-03
7.718459518826431033e-03
7.726937641361334395e-03
7.735282579927185709e-03
7.743689425099621083e-03
7.752225891122834986e-03
7.760723495395352098e-03
7.769078897323597813e-03
7.777466469492357558e-03
7.785991536752121835e-03
7.794501992332261188e-03
7.802868976212027144e-03
7.811240655201498635e-03
7.819754843387574997e-03
7.828279045268156031e-03
7.836664625070073956e-03
7.845021803720332240e-03
7.853522053438583353e-03
7.862055628116232375e-03
7.870457434602200555e-03
7.878803645807145803e-03
7.887285755789192471e-03
7.895825664013164311e-03
7.904246970859623786e-03
7.912587527376490140e-03
7.921053215092406508e-03
7.929598176466379211e-03
7.938040731107645284e-03
7.946376986775105858e-03
7.954821987580212861e-03
7.963364819736595129e-03
7.971824466994891292e-03
7.980163436531224549e-03
7.988589903697560293e-03
7.997132543596028112e-03
8.005613061246981410e-03
8.013958344029349992e-03
8.022364359431505970e-03
8.030898870631453940e-03
8.039394106482342095e-03
8.047748156203109876e-03
8.056136243815103723e-03
8.064662386352776380e-03
8.073174308206075914e-03
8.081543265267301240e-03
8.089914885865027300e-03
8.098429206298255259e-03
8.106953045335114211e-03
8.115336742997927844e-03
8.123693749138162501e-03
8.132192495696509774e-03
8.140725265514696732e-03
8.149128080093612572e-03
8.157474920507081645e-03
8.165959188077377001e-03
8.174500579595941896e-03
8.182922672927526661e-03
8.191262210480807632e-03
8.199725907131862404e-03
8.208268624395857402e-03
8.216708906878115656e-03
8.225046298137696568e-03
8.233492591645906120e-03
8.242038069617756146e-03
8.250500441945661512e-03
8.258838990298117064e-03
8.267265036510164020e-03
8.275805414736315396e-03
8.284283341795034908e-03
8.292627995714632605e-03
8.301034088436114872e-03
8.309569865035936267e-03
8.318066564105516467e-03
8.326421963941616280e-03
8.334810447997494792e-03
8.343336901710102227e-03
8.351848214980545776e-03
8.360215554886904488e-03
8.368586836572031173e-03
8.377099786936547873e-03
8.385622871488682128e-03
8.394007322633303958e-03
8.402365062994953185e-03
8.410866198111851058e-03
8.419400719071672493e-03
8.427803350816913050e-03
8.436149848341114796e-03
8.444631993563406214e-03
