0.000000000000000000e+00
8.411059695588080407e-06
1.689048406033105318e-05
2.537834595250185814e-05
3.379974773696978717e-05
4.220271516417238935e-05
5.067164609846841732e-05
5.916524877641650697e-05
6.759880390370072759e-05
7.599674267136550892e-05
8.445371208756234974e-05
9.295014726123607899e-05
1.013964674526321609e-04
1.097929649653075785e-04
1.182371081793109137e-04
1.267332991132266945e-04
1.351922834343171568e-04
1.435909704518874958e-04
1.520222476632708346e-04
1.605151117129524098e-04
1.689859512401949528e-04
1.773901425640432062e-04
1.858095819542352042e-04
1.942962063549209415e-04
2.027772909552678947e-04
2.111898256244043473e-04
2.195993213579387499e-04
2.280771178447650658e-04
2.365661668490926591e-04
2.449894566282115695e-04
2.533914201754085185e-04
2.618583759897072632e-04
2.703526863251931459e-04
2.787883437810571982e-04
2.871858179851258372e-04
2.956406150103709266e-04
3.041372224314078249e-04
3.125857715057142844e-04
3.209823287424442748e-04
3.294243225852471250e-04
3.379201434498094484e-04
3.463812437535694557e-04
3.547805738280703620e-04
3.632098148774857722e-04
3.717018067935589330e-04
3.801744824188843497e-04
3.885799383897253073e-04
3.969974960839395056e-04
4.054828155455560330e-04
4.139653890441007253e-04
4.223796735766839746e-04
4.307876317594246346e-04
4.392637572638794364e-04
4.477539042798059366e-04
4.561791674719734881e-04
4.645801770256535496e-04
4.730451432263808507e-04
4.815400775445853100e-04
4.899778319115909945e-04
4.983749681619143498e-04
5.068275636421077637e-04
5.153242692953529996e-04
5.237749979107336100e-04
5.321717681394035494e-04
5.406115709654265005e-04
5.491069424652186576e-04
5.575701416017040659e-04
5.659702053038267316e-04
5.743974494429334278e-04
5.828884789286878799e-04
5.913629670554046208e-04
5.997697113218269580e-04
6.081854964238464934e-04
6.166694152676782366e-04
6.251534129188054132e-04
6.335694981910998695e-04
6.419759964952838913e-04
6.504503957354902839e-04
6.589415376435684649e-04
6.673688614086334403e-04
6.757689542537758092e-04
6.842319283707864845e-04
6.927273893588487344e-04
7.011672570340892613e-04
7.095641396355735963e-04
7.180145504898849049e-04
7.265112689138037653e-04
7.349641133993832596e-04
7.433612417081250862e-04
7.517988299513634134e-04
7.602936848340629324e-04
7.687589236841197793e-04
7.771598440594707858e-04
7.855851027930951021e-04
7.940750986889455682e-04
8.025513612066520258e-04
8.109594344852546176e-04
8.193735506482057200e-04
8.278559880655025254e-04
8.363413574422723894e-04
8.447592529587881873e-04
8.531644157597123622e-04
8.616370159562077675e-04
8.701290635039116324e-04
8.785585090865744235e-04
8.869577512041551537e-04
8.954187122769264977e-04
9.039145959341052510e-04
9.123566358482685865e-04
9.207533220590074586e-04
9.292015590610130287e-04
9.376981926081838980e-04
9.461531365472682087e-04
9.545507321087203000e-04
9.629861077268020734e-04
9.714803700692899256e-04
9.799475789263197532e-04
9.883495027906813966e-04
9.967727575484442663e-04
1.005261655702779748e-03
1.013739643589311231e-03
1.022149127219338770e-03
1.030561637676824255e-03
1.039042527533708777e-03
1.047529218917772316e-03
1.055948926600772369e-03
1.064352889289752043e-03
1.072823605082164804e-03
1.081316488387080478e-03
1.089748075588429805e-03
1.098146570721653462e-03
1.106605484082987543e-03
1.115101691340393206e-03
1.123545938540261666e-03
1.131942484041258828e-03
1.140388591728966816e-03
1.148885038164899073e-03
1.157342073505336372e-03
1.165740212280330645e-03
1.174173423612694979e-03
1.182667006203642944e-03
1.191136119742357280e-03
1.199539178037926750e-03
1.207960429633334444e-03
1.216448179064191174e-03
1.224927813831573533e-03
1.233338820987987501e-03
1.241749759040592423e-03
1.250229058755288015e-03
1.258717010747565073e-03
1.267138546553126660e-03
1.275541432199697950e-03
1.284010214676188210e-03
1.292503870619298193e-03
1.300937578320050759e-03
1.309335473085986848e-03
1.317792282271742577e-03
1.326288729696942963e-03
1.334735211816014035e-03
1.343131702687200323e-03
1.351575687226663422e-03
1.360071851661130314e-03
1.368530987877020601e-03
1.376929713890806322e-03
1.385360838530172792e-03
1.393853640980034694e-03
1.402324608882701351e-03
1.410728882762171286e-03
1.419148181635548466e-03
1.427634714521093225e-03
1.436115902376182852e-03
1.444528549094553508e-03
1.452937932949031246e-03
1.461415614540450625e-03
1.469904738949590495e-03
1.478328150703557163e-03
1.486730044683821222e-03
1.495196867559995049e-03
1.503691218653879650e-03
1.512127006160612214e-03
1.520524449859139400e-03
1.528979103304992353e-03
1.537475715778669795e-03
1.545924400899358585e-03
1.554320961614812178e-03
1.562762813205226774e-03
1.571258605439819879e-03
1.579719836299582798e-03
1.588119205233447457e-03
1.596548312637351055e-03
1.605040241936943638e-03
1.613513032791709248e-03
1.621918564520960114e-03
1.630336000468773699e-03
1.638821231558382002e-03
1.647303893313010288e-03
1.655718281383426358e-03
1.664126142193712247e-03
1.672602160831355858e-03
1.681092368965868842e-03
1.689517750450009398e-03
1.697918697625398288e-03
1.706383539566154461e-03
1.714878505929096986e-03
1.723316383195764093e-03
1.731713495794134873e-03
1.740165956319761993e-03
1.748662663486379772e-03
1.757113514746805327e-03
1.765510296386688278e-03
1.773949964206356176e-03
1.782445306610117627e-03
1.790908623404935656e-03
1.799308727441462433e-03
1.807735849827256727e-03
1.816226818202143403e-03
1.824701408604526270e-03
1.833108225050378900e-03
1.841523904666571548e-03
1.850007735617824767e-03
1.858491814771325154e-03
1.866908003952980110e-03
1.875314415118507164e-03
1.883788709083209639e-03
1.892279906024235420e-03
1.900707347754150090e-03
1.909107386205577449e-03
1.917570238640508998e-03
1.926065726096791442e-03
1.934505719200596422e-03
1.942902583904960014e-03
1.951352859219651105e-03
1.959849573926517909e-03
1.968302543090299627e-03
1.976699690299592391e-03
1.985137143337483909e-03
1.993631964285981842e-03
2.002097321642950980e-03
2.010498292961889876e-03
2.018923430098268790e-03
2.027413362191271811e-03
2.035889727356023429e-03
2.044297878120985689e-03
2.052711893403736006e-03
2.061194239413296179e-03
2.069679688768233904e-03
2.078097689686357608e-03
2.086502772668055467e-03
2.094975259460091655e-03
2.103467358966013088e-03
2.111896932400274436e-03
2.120296121020615650e-03
2.128756961902618199e-03
2.137252868234218971e-03
2.145695034150393431e-03
2.154091706746197061e-03
2.162539818025629220e-03
2.171036442694525889e-03
2.179491512032528337e-03
2.187889136883306492e-03
2.196324378103964737e-03
2.204818604610598882e-03
2.213285931166704239e-03
2.221687917809465548e-03
2.230111047732490602e-03
2.238599879693478623e-03
2.247077971294344102e-03
2.255487542880856618e-03
2.263899953961514156e-03
2.272380748471693104e-03
2.280867522071120500e-03
2.289287342170699419e-03
2.297691230089493608e-03
2.306161829219465810e-03
2.314654763320858968e-03
2.323086487283910085e-03
2.331484936481786636e-03
2.339943717827613467e-03
2.348439945599075079e-03
2.356884339294344419e-03
2.365280876780790319e-03
2.373726843864554237e-03
2.382223276705367973e-03
2.390680450914237001e-03
2.399078623806981565e-03
2.407511694803039521e-03
2.416005230516733888e-03
2.424474468039347543e-03
2.432877601800771498e-03
2.441298720587416725e-03
2.449786394532894439e-03
2.458266132038398194e-03
2.466677237486788066e-03
2.475088073131798648e-03
2.483567271512985165e-03
2.492055300048826461e-03
2.500476951002035542e-03
2.508879767041745975e-03
2.517348424670886545e-03
2.525842127317254326e-03
2.534275965052863473e-03
2.542673823517948781e-03
2.551130494327109172e-03
2.559626955314929335e-03
2.568073576925207404e-03
2.576470065483176582e-03
2.584913912915181699e-03
2.593410056964867271e-03
2.601869326591490107e-03
2.610268089206953680e-03
2.618699079435282077e-03
2.627191829190876193e-03
2.635662917015591054e-03
2.644067269355427231e-03
2.652486439803183361e-03
2.660972890359832900e-03
2.669454178481981289e-03
2.677866937076917898e-03
2.686276214108849602e-03
2.694753784344757798e-03
2.703242985368043035e-03
2.711666528883365651e-03
2.720068352440262703e-03
2.728535037762789238e-03
2.737029435690292636e-03
2.745465367481686025e-03
2.753862781061806094e-03
2.762317281251632905e-03
2.770813904069818149e-03
2.779262744248759635e-03
2.787659312109147178e-03
2.796101010137362793e-03
2.804596775234732657e-03
2.813058152268176158e-03
2.821457564090570566e-03
2.829886535538226385e-03
2.838378404037123545e-03
2.846851318622266661e-03
2.855256934944922290e-03
2.863674245965683231e-03
2.872159385133408235e-03
2.880642148184349438e-03
2.889056661212088210e-03
2.897464414127979074e-03
2.905940311650619893e-03
2.914430595823974332e-03
2.922856121360933174e-03
2.931256998915075362e-03
2.939721697400295673e-03
2.948216707207743353e-03
2.956654736623683891e-03
2.965051825800629932e-03
2.973504125691579618e-03
2.982000839188043116e-03
2.990451847988668740e-03
2.998848649672897215e-03
3.007288154026490669e-03
3.015783460788946241e-03
3.024246933732090310e-03
3.032647094834577985e-03
3.041074067997578869e-03
3.049564962851774707e-03
3.058039689086739302e-03
3.066446601622363488e-03
3.074862150506199772e-03
3.083345872764802625e-03
3.091830058465552551e-03
3.100246381884710131e-03
3.108652685470543985e-03
3.117126846753880999e-03
3.125618115915059815e-03
3.134045716308736951e-03
3.142445682882983888e-03
3.150908385429287018e-03
3.159403909209765066e-03
3.167844067031463234e-03
3.176240912746565274e-03
3.184691020531258895e-03
3.193187735381125027e-03
3.201640867120925799e-03
3.210038046178707687e-03
3.218475327371773942e-03
3.226970109816459324e-03
3.235435620334097939e-03
3.243836661011953015e-03
3.252261644450309304e-03
3.260751498484083105e-03
3.269227996334085964e-03
3.277636246264567337e-03
3.286050139315965010e-03
3.294532373619684859e-03
3.303017925564278538e-03
3.311436059946529578e-03
3.319841046026186793e-03
3.328313396309888397e-03
3.336805562789761821e-03
3.345235291043338090e-03
3.353634417806916537e-03
3.362095110430781981e-03
3.370591045134886318e-03
3.379033370613662626e-03
3.387430028021193307e-03
3.395877982129567180e-03
3.404374597911117694e-03
3.412829815889694817e-03
3.421227475505638112e-03
3.429662555412140313e-03
3.438156736111323743e-03
3.446624202473991695e-03
3.455026264234930741e-03
3.463449247340390311e-03
3.471938003083928446e-03
3.480416209954177807e-03
3.488825875215696443e-03
3.497238178427284835e-03
3.505718869704141285e-03
3.514205728155613342e-03
3.522625663204208279e-03
3.531029475580808007e-03
3.539499947117867411e-03
3.547992937597924459e-03
3.556424795737042101e-03
3.564823198462477305e-03
3.573281846611139467e-03
3.581778092480487116e-03
3.590222625633342560e-03
3.598619151965174769e-03
3.607064983491193970e-03
3.615561402421616204e-03
3.624018705246537502e-03
3.632416909432307529e-03
3.640849845926998844e-03
3.649343336674422487e-03
3.657812691364510649e-03
3.666215897698826744e-03
3.674636888000971154e-03
3.683124488055024640e-03
3.691604327207988374e-03
3.700015531884930705e-03
3.708426264309051985e-03
3.716905360516557962e-03
3.725393468178633469e-03
3.733815237359652036e-03
3.742217984330898414e-03
3.750686514696646452e-03
3.759180266304617667e-03
3.767614240151692662e-03
3.776012061127830260e-03
3.784468590161738956e-03
3.792965066510650858e-03
3.801411834011230503e-03
3.809808318779017104e-03
3.818252024429947926e-03
3.826748146692461605e-03
3.835207553349963706e-03
3.843606351682178450e-03
3.852037205900079968e-03
3.860529901413552439e-03
3.869001108304211470e-03
3.877405541646242182e-03
3.885824582404166956e-03
3.894310949231322237e-03
3.902792338238599001e-03
3.911205208120728180e-03
3.919614379061304998e-03
3.928091839610132162e-03
3.936581117201561585e-03
3.945004782808350478e-03
3.953406541532207552e-03
3.961873099199018228e-03
3.970367540443196959e-03
3.978803606746885747e-03
3.987200993360211568e-03
3.995655346875505616e-03
4.004151978486514968e-03
4.012600964542783165e-03
4.020997539815293273e-03
4.029439090605780802e-03
4.037934826784763884e-03
4.046396346751979407e-03
4.054795803063246037e-03
4.063224634267338133e-03
4.071716440256048161e-03
4.080189478099819841e-03
4.088595178198596060e-03
4.097012363031474376e-03
4.105497408561577417e-03
4.113980269433614029e-03
4.122394900520993423e-03
4.130802548103420548e-03
4.139278332029905014e-03
4.147768683748147105e-03
4.156194342149985635e-03
4.164595153649147327e-03
4.173059718082822167e-03
4.181554765451398099e-03
4.189992932584736887e-03
4.198389999659355581e-03
4.206842152701764127e-03
4.215338868000748432e-03
4.223790014977519061e-03
4.232186830866532454e-03
4.240626189293104573e-03
4.249121462102176637e-03
4.257585068980998359e-03
4.265985280211127655e-03
4.274412119171613553e-03
4.282902946975235096e-03
4.291377789699850516e-03
4.299784784564465549e-03
4.308200218836035975e-03
4.316683845517299382e-03
4.325168122733337277e-03
4.333584564957920424e-03
4.341990772164914907e-03
4.350464813606514693e-03
4.358956145645690589e-03
4.367383889477112480e-03
4.375783791726316728e-03
4.384246356197591017e-03
4.392741912658724990e-03
4.401182212027977651e-03
4.409579039350248163e-03
4.418029000678757798e-03
4.426525712234929619e-03
4.434978981120852107e-03
4.443376184836232007e-03
4.451813319816817771e-03
4.460308064304706159e-03
4.468773703672801120e-03
4.477174803356495474e-03
4.485599653561597906e-03
4.494089435845060286e-03
4.502566049826371708e-03
4.510974387319951345e-03
4.519388171011132389e-03
4.527870305696903366e-03
4.536355945657489543e-03
4.544774195149370311e-03
4.553179097943030502e-03
4.561651328512278045e-03
4.570143550378624221e-03
4.578573418599260134e-03
4.586972491128857993e-03
4.595433049301141624e-03
4.603929008333115108e-03
4.612371476921199240e-03
4.620768120597465965e-03
4.629215930778650227e-03
4.637712538914036224e-03
4.646167896630178616e-03
4.654565588583517259e-03
4.663000519971343370e-03
4.671494657644752017e-03
4.679962253392113032e-03
4.688364386309914165e-03
4.696787231390343528e-03
4.705275907569969780e-03
4.713754233732714294e-03
4.722164005229484429e-03
4.730576191343210599e-03
4.739056768187199786e-03
4.747543721423301208e-03
4.755963787260149636e-03
4.764367516511470134e-03
4.772837846093024028e-03
4.781330897874045381e-03
4.789762912643326723e-03
4.798161265176204351e-03
4.806619759350544072e-03
4.815116027453582304e-03
4.823560725855036840e-03
4.831957243964202578e-03
4.840402916123386079e-03
4.848899317986815963e-03
4.857356783981716525e-03
4.865755031092541122e-03
4.874187803016032453e-03
4.882681237641921593e-03
4.891150738013706929e-03
4.899554033412914338e-03
4.907974871163142336e-03
4.916462380736683416e-03
4.924942343388248253e-03
4.933353668551541081e-03
4.941764280299841029e-03
4.950243255584859704e-03
4.958731456077641007e-03
4.967153363708801984e-03
4.975556031879441697e-03
4.984024416037119778e-03
4.992518223475080931e-03
5.000952354099955435e-03
5.009350135357265414e-03
5.017806506156122746e-03
5.026302996684974857e-03
5.034749930786117274e-03
5.043146414564051577e-03
5.051589962814660890e-03
5.060086062128744087e-03
5.068545625356019393e-03
5.076944467876566384e-03
5.085375170718012261e-03
5.093867807319744229e-03
5.102339149913689975e-03
5.110743671148442434e-03
5.119162573784602314e-03
5.127648849899576339e-03
5.136130349176394431e-03
5.144543342295818111e-03
5.152952399835070141e-03
5.161429740923537297e-03
5.169919101502359719e-03
5.178342914368182573e-03
5.186744597616112055e-03
5.195211004444001517e-03
5.203705497037753279e-03
5.212141721857251921e-03
5.220539075902391746e-03
5.228993271680262844e-03
5.237489915652024375e-03
5.245939056961944520e-03
5.254335642065780486e-03
5.262777039241984395e-03
5.271272748190288827e-03
5.279734416301849233e-03
5.288133918858089859e-03
5.296562611677055679e-03
5.305054354553238351e-03
5.313527518118570797e-03
5.321933304507102738e-03
5.330350363716956918e-03
5.338835316244313831e-03
5.347318277871046695e-03
5.355733031836069045e-03
5.364140575462985304e-03
5.372616243591929810e-03
5.381106669173204779e-03
5.389532468788610191e-03
5.397933214697838225e-03
5.406397642465997355e-03
5.414892729603248619e-03
5.423331046461736353e-03
5.431728092521520210e-03
5.440180090225918939e-03
5.448676811570143941e-03
5.457128111459728925e-03
5.465524949926079887e-03
5.473964150305689336e-03
5.482459392186839718e-03
5.490923147855483050e-03
5.499323415530627673e-03
5.507750115072870996e-03
5.516240874714903319e-03
5.524715845926938228e-03
5.533122932907472320e-03
5.541538247689095295e-03
5.550021776424333281e-03
5.558506152104555897e-03
5.566922716334528343e-03
5.575328830768011730e-03
5.583802755896440616e-03
5.592294153727387848e-03
5.600722039710538495e-03
5.609121882399671459e-03
5.617584313186488147e-03
5.626079904249539805e-03
5.634520351786892652e-03
5.642917163825198097e-03
5.651366978861462921e-03
5.659863690338203489e-03
5.668317104276741729e-03
5.676714337996744547e-03
5.685151318781077323e-03
5.693646027569217866e-03
5.702111806649650880e-03
5.710512971692609241e-03
5.718937683322490931e-03
5.727427393263643217e-03
5.735904128995865207e-03
5.744312560009429136e-03
5.752726232192387386e-03
5.761208265020739162e-03
5.769693997911648498e-03
5.778112369248032502e-03
5.786517187514561740e-03
5.794989292782290122e-03
5.803481575464329925e-03
5.811911594218177601e-03
5.820310609980224731e-03
5.828771026721342105e-03
5.837267014101253301e-03
5.845709639741226288e-03
5.854106270442297442e-03
5.862553932624523997e-03
5.871050532805244422e-03
5.879506035296952482e-03
5.887903760910578356e-03
5.896338545282019290e-03
5.904832641408578643e-03
5.913300368496215986e-03
5.921702574518789355e-03
5.930125285438766873e-03
5.938613889538310771e-03
5.947092325749434548e-03
5.955502193311481944e-03
5.963914275031086294e-03
5.972394750514730885e-03
5.980881788637759655e-03
5.989301972806835780e-03
5.997705626455678875e-03
6.006175835129241684e-03
6.014668936199540558e-03
6.023101087018435315e-03
6.031499396125850065e-03
6.039957754939914714e-03
6.048454041145410846e-03
6.056898880986646277e-03
6.065295390994621290e-03
6.073740928804618501e-03
6.082237316837931645e-03
6.090694906967394212e-03
6.099093184569854068e-03
6.107525828048453523e-03
6.116019218829119204e-03
6.124488827967102846e-03
6.132892191484756034e-03
6.141312908020272153e-03
6.149800344250892954e-03
6.158280401673752770e-03
6.166691821670493984e-03
6.175102334960184611e-03
6.183581211649792804e-03
6.192069483124769055e-03
6.200491505285194577e-03
6.208894105761916977e-03
6.217362364212860107e-03
6.225856217133213417e-03
6.234290477921923361e-03
6.242688223764282854e-03
6.251144457255584236e-03
6.259640958277272980e-03
6.268088030584247593e-03
6.276484513019065306e-03
6.284927922168955829e-03
6.293423997722428359e-03
6.301883693782371273e-03
6.310282571580672940e-03
6.318713143315773419e-03
6.327205723945931656e-03
6.335677180073681289e-03
6.344081777829253810e-03
6.352500554184665679e-03
6.360986745595874868e-03
6.369468338221203306e-03
6.377881438635135333e-03
6.386290391239674534e-03
6.394767624081853889e-03
6.403257054292018670e-03
6.411680984886593618e-03
6.420082603950332152e-03
6.428548884115370399e-03
6.437043414336467845e-03
6.445479766378328472e-03
6.453877094097117476e-03
6.462331143753393715e-03
6.470827791396184872e-03
6.479277070754599528e-03
6.487673662354547302e-03
6.496114912964245751e-03
6.504610589468210434e-03
6.513072392961481889e-03
6.521471938455813966e-03
6.529900491009670363e-03
6.538392166251470565e-03
6.546865447688753926e-03
6.555271314651453865e-03
6.563688248342047261e-03
6.572173104344181463e-03
6.580656156868255197e-03
6.589071023286126663e-03
6.597478463946075504e-03
6.605954013780725512e-03
6.614444500699328926e-03
6.622870429252540082e-03
6.631271107593909690e-03
6.639735399833529908e-03
6.648230517648465523e-03
6.656668964011048205e-03
6.665065986023181038e-03
6.673517839168976833e-03
6.682014557569484516e-03
6.690465987307939004e-03
6.698862841402076357e-03
6.707301893853438030e-03
6.715797097427102756e-03
6.724260978589354648e-03
6.732661294607979532e-03
6.741087859664674289e-03
6.749578548311504708e-03
6.758053629433820146e-03
6.766460795481402286e-03
6.774875994954483033e-03
6.783359423168071854e-03
6.791843882414372140e-03
6.800260557459615607e-03
6.808666577485314453e-03
6.817140381251576495e-03
6.825631832585778505e-03
6.834059845457362940e-03
6.842459627343734641e-03
6.850921925400928897e-03
6.859417537385839418e-03
6.867858114578456220e-03
6.876254906836892083e-03
6.884704576585297039e-03
6.893201276514771859e-03
6.901654818439583589e-03
6.910052074487004967e-03
6.918488904822069248e-03
6.926983569788035602e-03
6.935449470410685879e-03
6.943850691691033118e-03
6.952275267354997464e-03
6.960764898859393528e-03
6.969241742122322079e-03
6.977650260887747341e-03
6.986063817034057419e-03
6.994545739500216720e-03
7.003031554997291019e-03
7.011450041430209758e-03
7.019854770138589037e-03
7.028326744765932624e-03
7.036819077515092148e-03
7.045249225575983196e-03
7.053648185912845051e-03
7.062108466171982193e-03
7.070604468015060165e-03
7.079047226878300639e-03
7.087443840128203679e-03
7.095891359453944912e-03
7.104387941471523339e-03
7.112843572367926262e-03
7.121241326131325447e-03
7.129675961538701340e-03
7.138170008167677577e-03
7.146637853442332385e-03
7.155040126228156064e-03
7.163462696543205707e-03
7.171951216808086435e-03
7.180429760596322361e-03
7.188839724316462530e-03
7.197251690983846525e-03
7.205732051319080345e-03
7.214219169675091699e-03
7.222639472286939040e-03
7.231043044019005821e-03
7.239513112530713418e-03
7.248006261075063024e-03
7.256438552762704136e-03
7.264836811093686349e-03
7.273295018028296671e-03
7.281791315390922711e-03
7.290236303107930534e-03
7.298632800722428676e-03
7.307078187643175141e-03
7.315574549837529708e-03
7.324032279665750045e-03
7.332430591293410092e-03
7.340863084251530654e-03
7.349356416331607675e-03
7.357826147997993671e-03
7.366229588102317025e-03
7.374650164447324636e-03
7.383137512848278287e-03
7.391617671979896706e-03
7.400029197462623318e-03
7.408439598204603210e-03
7.416918357044907303e-03
7.425406707194592663e-03
7.433828849136966434e-03
7.442231377707978282e-03
7.450699497240297411e-03
7.459193393546274808e-03
7.467627792060635081e-03
7.476025499773754357e-03
7.484481580189961472e-03
7.492978089661416277e-03
7.501425307723458627e-03
7.509821788622922031e-03
7.518265049429773313e-03
7.526761097540682864e-03
7.535220930114790334e-03
7.543619845141615217e-03
7.552050275355612699e-03
7.560542793529784374e-03
7.569014370542559086e-03
7.577419047193343152e-03
7.585837694205858385e-03
7.594323797837889550e-03
7.602805486137302962e-03
7.611218698561660230e-03
7.619627545044205426e-03
7.628104666184208627e-03
7.636594165154528095e-03
7.645018218026947143e-03
7.653419770707117764e-03
7.661885919564270439e-03
7.670380487073135377e-03
7.678816970943810362e-03
7.687214271332780402e-03
7.695668176918071465e-03
7.704164831894395708e-03
7.712614244234547098e-03
7.721010843827453597e-03
7.729451956106368586e-03
7.737947603820963943e-03
7.746409535443542042e-03
7.754809121677377903e-03
7.763237547286010003e-03
7.771729161192978026e-03
7.780202553734975358e-03
7.788608497142616820e-03
7.797025316835343514e-03
7.805510085490799214e-03
7.813993224457837714e-03
7.822408199573020748e-03
7.830815545322363305e-03
7.839290986858569316e-03
7.847781536583827572e-03
7.856207589507096384e-03
7.864608207763815195e-03
7.873072378046712047e-03
7.881567528357915492e-03
7.890006099649495008e-03
7.898403103697732713e-03
7.906854821517839485e-03
7.915351540943232206e-03
7.923803098675855777e-03
7.932199970018562890e-03
7.940638886413225669e-03
7.949134061594892442e-03
7.957598063808614397e-03
7.965998424536961317e-03
7.974424871178850335e-03
7.982915497925482246e-03
7.991390682724161185e-03
7.999797922903343489e-03
8.008213021427512679e-03
8.016696363683920024e-03
8.025180899178524854e-03
8.033597676144050431e-03
8.042003613878764487e-03
8.050477310182551846e-03
8.058968813053049920e-03
8.067396947160240112e-03
8.075796675702358318e-03
8.084258851972246640e-03
8.092754489362637832e-03
8.101195190464448304e-03
8.109591967769049989e-03
8.118041508930260233e-03
8.126538203641590560e-03
8.134991865047567702e-03
8.143389143005316799e-03
8.151825843528928695e-03
8.160320472073961939e-03
8.168786484572589449e-03
8.177187759158360131e-03
8.185612216685523787e-03
8.194101786881881344e-03
8.202578724599922030e-03
8.210987319284717909e-03
8.219400781410394694e-03
8.227882615075539710e-03
8.236368504795511802e-03
8.244787090802186899e-03
8.253191747624644484e-03
8.261663614280767565e-03
8.270155993516981746e-03
8.278586261892472223e-03
8.286985174707751922e-03
8.295445336701269545e-03
8.303941356844772928e-03
8.312384239089578783e-03
8.320780841629422248e-03
8.329228235727188789e-03
8.337724805078761819e-03
8.346180555324033204e-03
8.354578336057924201e-03
8.363012842327283841e-03
8.371506848540101811e-03
8.379974802012709820e-03
8.388377135542881419e-03
8.396799587878787247e-03
8.405288043275008919e-03
8.413766674719866390e-03
8.422176714224419158e-03
8.430588593527948288e-03
8.439068866267985386e-03
8.447556049691599955e-03
