0.000000000000000000e+00 5.222769653202107287e-01 -6.846578886801621966e-01 4.870960659100974088e-01 -2.572312841225033626e+06 0.000000000000000000e+00
9.999999999999999547e-07 3.839807635467167857e-01 -5.567097851061254543e-01 2.973605883596191490e-01 -3.788401622041824274e+06 1.000000000000006307e-06
1.999999999999999909e-06 6.876576158620103518e-01 -3.412893506952140443e-01 7.160939131092985965e-02 -4.728043638926330023e+06 2.000000000000015580e-06
3.000000000000000076e-06 5.540216353514130221e-01 -2.079686202694783492e-01 -1.510696620277076352e-01 -3.787595234387129545e+06 3.000000000000027605e-06
3.999999999999999819e-06 6.921719271452724254e-01 3.565082721886771167e-02 -3.292345251515235716e-01 -2.604297960013777483e+06 4.000000000000020148e-06
4.999999999999999562e-06 5.388912538530524765e-01 4.863689818039963753e-02 -4.143569396195166954e-01 -1.326440925115612044e+05 4.999999999999999562e-06
6.000000000000000152e-06 6.706678091098121630e-01 1.817784093218706987e-01 -4.383841803764195189e-01 5.649448380073893350e+05 5.999999999999996764e-06
6.999999999999999895e-06 6.771963196690780062e-01 1.004115493718411301e-01 -3.688597675572045653e-01 2.168169922772412654e+06 7.000000000000003283e-06
7.999999999999999638e-06 4.413443151520401453e-01 -6.957250452731344494e-03 -2.128112552392270596e-01 3.520746132684853394e+06 8.000000000000008108e-06
9.000000000000000228e-06 3.914617304296678091e-01 -3.135434929555376282e-01 -1.110558275698081757e-03 4.077228570980212186e+06 8.999999999999973123e-06
9.999999999999999124e-06 6.806502717346023523e-01 -5.445531497150104538e-01 2.285493906134643816e-01 4.583951166486950591e+06 9.999999999999916115e-06
1.099999999999999971e-05 6.846812004761050341e-01 -7.415834320958317738e-01 4.359724319517584989e-01 3.518162253388838377e+06 1.099999999999997769e-05
1.200000000000000030e-05 6.741541075157261309e-01 -8.602491211004634764e-01 5.804716834100154266e-01 1.643502184941296000e+06 1.199999999999997659e-05
1.299999999999999920e-05 6.705689638350855741e-01 -9.703859085325317047e-01 6.382741234958586585e-01 1.353942205222419580e+05 1.299999999999995854e-05
1.399999999999999979e-05 4.051433196944874138e-01 -8.586499596771119958e-01 6.188473364867118631e-01 6.737351204610863933e+05 1.399999999999997438e-05
1.499999999999999869e-05 5.874661469079908160e-01 -1.037060939825981132e+00 6.544875562402773239e-01 -8.894564199172302615e+05 1.500000000000001393e-05
1.599999999999999928e-05 3.590636395902967459e-01 -9.112692398120716408e-01 6.441354138652826133e-01 8.002742765034371987e+05 1.600000000000006704e-05
1.699999999999999987e-05 4.619460468448756130e-01 -1.086962478727128367e+00 6.882235948133951231e-01 -5.340070493818812538e+05 1.700000000000010490e-05
1.800000000000000046e-05 3.424804638550743019e-01 -9.051030580842172046e-01 6.599426127302639999e-01 -2.332289932677197794e+05 1.800000000000025118e-05
1.899999999999999766e-05 5.776833530636467096e-01 -8.551412369031730076e-01 6.389732023128887883e-01 -1.263837248005214642e+05 1.900000000000026532e-05
1.999999999999999825e-05 3.726672636519720028e-01 -8.456615867278924892e-01 6.565732314673008441e-01 3.081296829502325854e+05 2.000000000000035739e-05
2.099999999999999884e-05 5.441232840481776689e-01 -8.635280692455384877e-01 6.511168815851920977e-01 6.344021919416411547e+05 2.100000000000039186e-05
2.199999999999999943e-05 5.632602902001537792e-01 -8.629572294446319347e-01 6.555822968125469830e-01 5.763507221043441677e+05 2.200000000000042972e-05
2.300000000000000002e-05 4.485687034293059927e-01 -8.751453440716953081e-01 6.656312409737697999e-01 9.741511033422198379e+05 2.300000000000030156e-05
2.400000000000000061e-05 3.939414225782481016e-01 -8.336121960939762987e-01 6.763051447286418938e-01 -1.279888798748608133e+04 2.400000000000040718e-05
2.499999999999999781e-05 5.666627736971598939e-01 -8.727908760549767386e-01 6.723103754185267844e-01 -3.618251802909483667e+05 2.500000000000044504e-05
2.599999999999999840e-05 4.276541626044393363e-01 -8.750289756568329080e-01 6.844035906722882867e-01 9.997033582184653496e+05 2.600000000000043208e-05
2.699999999999999899e-05 5.712820415567299026e-01 -8.740633744444777919e-01 6.838888951134445282e-01 -2.220187695847737486e+05 2.700000000000033780e-05
2.799999999999999958e-05 4.147035479759156873e-01 -8.447677598950756872e-01 6.991784331622872273e-01 -2.428908107140896027e+05 2.800000000000022658e-05
2.900000000000000017e-05 4.900033159766878366e-01 -9.064631605489568145e-01 6.999559588921722142e-01 1.102224583021876402e+06 2.900000000000011537e-05
2.999999999999999737e-05 5.637897707325451035e-01 -8.778811175093131913e-01 7.021371019033351146e-01 2.788685567990272539e+05 3.000000000000014306e-05
3.100000000000000135e-05 5.541746090958982185e-01 -8.912191656395702655e-01 7.092266016979646981e-01 -3.279470880397777655e+05 3.100000000000015043e-05
3.199999999999999855e-05 5.016016033711072630e-01 -9.242337135436317075e-01 7.185662949689002321e-01 -8.676315804716256680e+05 3.200000000000007309e-05
3.299999999999999575e-05 4.376033520885753703e-01 -8.845477905563379206e-01 7.297692941813603840e-01 -6.070515812135802116e+05 3.299999999999986700e-05
3.399999999999999973e-05 4.493803968083526224e-01 -8.792374449171055373e-01 7.370052968103433244e-01 6.131044468084421242e+05 3.400000000000010815e-05
3.499999999999999693e-05 5.322480479999005532e-01 -9.068786745689072504e-01 7.360017273320389464e-01 6.530770845706480322e+05 3.499999999999978687e-05
3.600000000000000091e-05 5.238844234766640851e-01 -9.271168953014157221e-01 7.439051507114435857e-01 -6.068587528757349355e+05 3.599999999999985183e-05
3.699999999999999811e-05 5.074012418085265264e-01 -8.243452551996510724e-01 6.899956618554117238e-01 -1.665470044326041592e+06 3.700000000000019463e-05
3.799999999999999532e-05 4.603483795668000256e-01 -7.204051691165868077e-01 5.327199400021196407e-01 -3.579776260515264701e+06 3.799999999999979203e-05
3.899999999999999929e-05 5.085070569941033680e-01 -4.375094952005121329e-01 2.992773107232112872e-01 -4.866289166831050999e+06 3.899999999999968759e-05
3.999999999999999650e-05 4.867623108100510576e-01 -1.655810208049579846e-01 2.948227580311445564e-02 -5.335298401551511139e+06 4.000000000000012524e-05
4.100000000000000047e-05 5.235810824283125831e-01 8.423484754865460944e-02 -2.364474660968579611e-01 -4.734267856761396863e+06 4.100000000000027152e-05
4.199999999999999768e-05 5.227523269483950186e-01 2.641029705271263350e-01 -4.575787075920993985e-01 -3.143903557218591683e+06 4.200000000000027550e-05
4.299999999999999488e-05 5.304788025249954631e-01 4.221826649392443898e-01 -5.963865866329943755e-01 -1.421210309691940434e+06 4.300000000000057764e-05
4.399999999999999886e-05 5.209039432313512519e-01 4.411927131559981174e-01 -6.045362570573323824e-01 1.487770208837440936e+06 4.400000000000054773e-05
4.499999999999999606e-05 5.205018870689525068e-01 2.729356026937325708e-01 -4.680699941686745635e-01 3.107123575839646161e+06 4.500000000000056526e-05
4.600000000000000004e-05 4.770407596890881563e-01 3.777417080048797726e-02 -2.476391214713627997e-01 4.598321952324347571e+06 4.600000000000101648e-05
4.699999999999999724e-05 5.240079673809588945e-01 -1.969607910870666834e-01 1.978188347003690881e-02 5.439898308539773338e+06 4.700000000000108822e-05
4.800000000000000122e-05 5.245874441476406913e-01 -4.821445447104238946e-01 2.930399039844049369e-01 5.032701097388834693e+06 4.800000000000137680e-05
4.899999999999999842e-05 4.654539427712531263e-01 -6.998470928889095610e-01 5.320912431729281078e-01 3.601723289493443910e+06 4.900000000000139433e-05
4.999999999999999562e-05 5.061365458186319888e-01 -8.589425615367510813e-01 6.966240206059151063e-01 1.800923345378753729e+06 5.000000000000109337e-05
5.099999999999999960e-05 5.272241528952299472e-01 -9.306882773831123279e-01 7.484941046270847664e-01 -5.278184394790045917e+05 5.100000000000095505e-05
5.199999999999999680e-05 4.773433908319366092e-01 -8.137393912373412919e-01 6.521921141553005397e-01 -2.383130484271646012e+06 5.200000000000114876e-05
5.300000000000000078e-05 5.287001563980996410e-01 -6.492189973083697385e-01 4.624229034345914702e-01 -4.115457571083394345e+06 5.300000000000099011e-05
5.399999999999999798e-05 5.264610747684207448e-01 -3.933978415746466895e-01 2.102443440190544799e-01 -5.225146075294051319e+06 5.400000000000061462e-05
5.499999999999999518e-05 4.567810456112142981e-01 -1.484121916093650573e-01 -6.286102710137615734e-02 -5.160111770884860307e+06 5.500000000000043564e-05
5.599999999999999916e-05 4.937507253830940024e-01 8.361132596711950971e-02 -3.173511078339122937e-01 -4.127610332756704651e+06 5.600000000000044639e-05
5.699999999999999636e-05 5.027173165294807067e-01 2.773491712684365007e-01 -5.116004076777053156e-01 -2.456433632071463857e+06 5.700000000000013189e-05
5.800000000000000034e-05 4.566184546055089832e-01 3.971246222195354281e-01 -6.153782848458638766e-01 -9.823745554193670396e+05 5.799999999999968186e-05
5.899999999999999754e-05 4.577549638688963030e-01 3.915098039873985969e-01 -5.919520036128756990e-01 1.671022021058335900e+06 5.899999999999955031e-05
5.999999999999999474e-05 5.124702905630329486e-01 2.676755373025823670e-01 -4.528313653058362864e-01 3.274510760076770559e+06 5.999999999999948652e-05
6.099999999999999872e-05 5.245593499177260144e-01 1.034337189527219023e-02 -2.310519848593650116e-01 4.704315733641615137e+06 6.099999999999949050e-05
6.200000000000000270e-05 4.602406770874726272e-01 -2.329655545549659534e-01 3.658156427417799672e-02 5.332240543754943646e+06 6.199999999999935218e-05
6.299999999999999990e-05 4.597720191655757516e-01 -5.385789651294774494e-01 3.091111638088714364e-01 4.927939664132703096e+06 6.299999999999956622e-05
6.399999999999999710e-05 4.954453368179195794e-01 -7.315801585784179606e-01 5.462490570294203929e-01 3.526348227892310824e+06 6.399999999999898066e-05
6.499999999999999431e-05 4.832950464654964251e-01 -8.952131901579266637e-01 7.082383963861279552e-01 1.781500843015616760e+06 6.500000000000060417e-05
6.599999999999999151e-05 4.621155358960383763e-01 -9.708262281052006948e-01 7.715877685459048285e-01 -3.224422695192812826e+05 6.600000000000080466e-05
6.700000000000000226e-05 4.601155737677720126e-01 -9.120910341405827904e-01 7.083898399411046043e-01 -1.875586679216781631e+06 6.700000000000115423e-05
6.799999999999999946e-05 5.050470805714025735e-01 -7.427384737974217499e-01 5.482192948265534049e-01 -3.502970461928757373e+06 6.800000000000130051e-05
6.899999999999999667e-05 5.005535773681539791e-01 -5.071652465209901539e-01 3.129632881072912376e-01 -4.887969244207988493e+06 6.900000000000186691e-05
6.999999999999999387e-05 4.841736442555760744e-01 -3.026879893141070088e-01 4.232374698124619083e-02 -5.328706019947596826e+06 7.000000000000145754e-05
7.099999999999999107e-05 5.161373421841898290e-01 -2.992387942133799966e-02 -2.235664328611739193e-01 -4.641629324721490964e+06 7.100000000000125145e-05
7.200000000000000182e-05 5.101535751459058687e-01 1.848947674508138461e-01 -4.436831989430112255e-01 -3.091520126429407857e+06 7.200000000000199405e-05
7.299999999999999903e-05 5.284681246010499711e-01 3.472185402633911067e-01 -5.807977582711483233e-01 -1.382195567329029320e+06 7.300000000000260111e-05
7.399999999999999623e-05 5.107628106029227233e-01 3.744727303037013177e-01 -5.891099848140970430e-01 1.526923261499466840e+06 7.400000000000297778e-05
7.499999999999999343e-05 5.141223281233798792e-01 2.356703306143217158e-01 -4.547582721695672126e-01 3.180138240497792140e+06 7.500000000000313762e-05
7.599999999999999063e-05 5.232025102136868000e-01 -5.432331299102314409e-03 -2.357884284297112054e-01 4.665513634499002248e+06 7.600000000000420547e-05
7.700000000000000139e-05 4.718388517512226432e-01 -2.498560105540218734e-01 3.131061380816174688e-02 5.362604675674463622e+06 7.700000000000501582e-05
7.799999999999999859e-05 5.012247297971846871e-01 -5.213117116447792965e-01 3.053727833991208840e-01 4.998098279874920845e+06 7.800000000000472842e-05
7.899999999999999579e-05 4.598866561751580595e-01 -7.835618338953609374e-01 5.464286102209443552e-01 3.681395453867855016e+06 7.900000000000437326e-05
7.999999999999999299e-05 5.218432618351094288e-01 -9.510394230933132409e-01 7.138042061910843117e-01 1.916743006434170995e+06 8.000000000000385546e-05
8.099999999999999019e-05 5.199392886390246105e-01 -9.929581936688111066e-01 7.633349590689983977e-01 -6.758793451540513197e+05 8.100000000000350030e-05
8.200000000000000095e-05 4.920690061904030577e-01 -8.740488893494969824e-01 6.550394550143788797e-01 -2.562747034476361703e+06 8.200000000000390408e-05
8.299999999999999815e-05 4.804545421651174042e-01 -7.425848784589181850e-01 4.563863265076397724e-01 -4.323014887507129461e+06 8.300000000000375220e-05
8.399999999999999535e-05 5.178416430344664478e-01 -4.317258132855583685e-01 1.996173601811820353e-01 -5.275049569509469904e+06 8.400000000000446769e-05
8.499999999999999255e-05 4.904325867048882071e-01 -2.160567312446684818e-01 -7.353122423237686001e-02 -5.127574862759199925e+06 8.500000000000568462e-05
8.599999999999998976e-05 4.882829874700300166e-01 3.218732852183379262e-02 -3.235940250843097887e-01 -3.962257956611361355e+06 8.600000000000629168e-05
8.700000000000000051e-05 5.008398076136895138e-01 2.805907979462298751e-01 -5.089721851834348998e-01 -2.506907582518040668e+06 8.700000000000609915e-05
8.799999999999999771e-05 5.080584168635231546e-01 3.670661797192160680e-01 -6.003481263768618570e-01 -9.608350499129694654e+05 8.800000000000606924e-05
8.899999999999999491e-05 4.899413811720870204e-01 3.008781516765591801e-01 -5.372936896978450783e-01 2.239014463828799780e+06 8.900000000000616131e-05
8.999999999999999212e-05 4.628776050836948541e-01 8.406154998154573288e-02 -3.663064183195136048e-01 3.726378273555741645e+06 9.000000000000542668e-05
9.099999999999998932e-05 4.770048136902343971e-01 -1.730477641151357548e-01 -1.232156994284126922e-01 5.000677293350573629e+06 9.100000000000442099e-05
9.200000000000000007e-05 4.581357634543970492e-01 -4.207398273137953892e-01 1.511129235879242472e-01 5.319108063388180919e+06 9.200000000000516358e-05
9.299999999999999727e-05 5.224969107862834639e-01 -6.980466883797604716e-01 4.168261495716014120e-01 4.624928222008410841e+06 9.300000000000499816e-05
9.399999999999999448e-05 5.240596769973809854e-01 -9.027187145207495877e-01 6.325745328937600886e-01 3.022558377215212211e+06 9.400000000000525286e-05
9.499999999999999168e-05 4.930078157074141987e-01 -1.009887323016113392e+00 7.631358799296851236e-01 1.122000778207096038e+06 9.500000000000514164e-05
9.600000000000000243e-05 5.278525623071688155e-01 -1.036475748622716520e+00 7.611108547769880328e-01 -1.155823407601858955e+06 9.600000000000360740e-05
9.699999999999999963e-05 4.562393160917817547e-01 -9.072420429798185859e-01 6.348237921053642152e-01 -2.979165087596206460e+06 9.700000000000443131e-05
9.799999999999999684e-05 5.264876262402713447e-01 -7.157357468897161956e-01 4.223299730698675258e-01 -4.567398708176245913e+06 9.800000000000433364e-05
9.899999999999999404e-05 5.250908179288107380e-01 -4.576143558120004395e-01 1.594042839691592328e-01 -5.378074883438184857e+06 9.900000000000441216e-05
9.999999999999999124e-05 4.566519263975572507e-01 -1.820254634999416699e-01 -1.127341591068624915e-01 -4.964198649408334866e+06 1.000000000000036233e-04
1.010000000000000020e-04 5.284007434427485661e-01 7.029224454656259058e-02 -3.541402184714518286e-01 -3.779322155781263951e+06 1.010000000000049487e-04
1.019999999999999992e-04 4.563876956121357686e-01 2.253580140686214095e-01 -5.243570371341753633e-01 -2.108052912467185408e+06 1.020000000000047832e-04
1.029999999999999964e-04 5.190838674684160603e-01 3.258748850548340847e-01 -5.953972934812784557e-01 -6.724903978821118362e+05 1.030000000000046178e-04
1.039999999999999936e-04 4.903808805902122869e-01 2.280843062068658167e-01 -5.533510650961298571e-01 1.488063191783170449e+06 1.040000000000046421e-04
1.049999999999999908e-04 4.957215914673951951e-01 7.808879924328447630e-02 -4.049696157060097557e-01 3.275634543608990498e+06 1.050000000000049375e-04
1.060000000000000016e-04 5.239171183151387634e-01 -1.101095402108781679e-01 -1.766792507688096647e-01 4.854152613576495089e+06 1.060000000000037014e-04
1.069999999999999988e-04 4.657066708263025712e-01 -3.713105461903026816e-01 9.321249074087438469e-02 5.347908311182088219e+06 1.070000000000041323e-04
1.079999999999999960e-04 4.696766593421467517e-01 -6.901552936600325872e-01 3.640973008571831704e-01 4.857203556580377743e+06 1.080000000000043192e-04
1.089999999999999932e-04 4.903157422289869394e-01 -9.293486243987151285e-01 5.953638832372118994e-01 3.536687496397614479e+06 1.090000000000049127e-04
1.099999999999999904e-04 4.609846784164376987e-01 -1.037441136434117617e+00 7.483393760750061130e-01 1.756550571603563149e+06 1.100000000000046389e-04
1.110000000000000011e-04 5.211317131027345395e-01 -1.077497042384231385e+00 7.889659861319147094e-01 -3.038140064485837938e+05 1.110000000000046632e-04
1.119999999999999983e-04 5.295864611059019067e-01 -1.002437831493490084e+00 6.975565258571260197e-01 -2.341173567981154658e+06 1.120000000000053516e-04
1.129999999999999955e-04 4.576718959864713443e-01 -8.080611893361110409e-01 5.120309559747443506e-01 -3.986234086604657583e+06 1.130000000000050777e-04
1.139999999999999927e-04 4.865450240426281159e-01 -5.420075041763030566e-01 2.619366504979676602e-01 -5.120797552883452736e+06 1.140000000000045057e-04
1.149999999999999899e-04 4.843263105133074342e-01 -3.374489539219269751e-01 -1.097998265503919227e-02 -5.212446397034374066e+06 1.150000000000052890e-04
1.160000000000000007e-04 5.301486499577998668e-01 -5.328508632050527744e-02 -2.672343839607790317e-01 -4.280085203729629517e+06 1.160000000000050558e-04
1.169999999999999979e-04 4.971406527263947384e-01 1.797259624449561721e-01 -4.651781637468396791e-01 -2.772472700224855449e+06 1.170000000000051614e-04
1.179999999999999951e-04 4.898984077313123242e-01 2.859313262211899409e-01 -5.727604298863769872e-01 -1.255717347859197995e+06 1.180000000000043997e-04
1.189999999999999923e-04 5.145045163334927008e-01 2.116159569637776905e-01 -5.587813054554924275e-01 1.097997031626027543e+06 1.190000000000052100e-04
1.199999999999999895e-04 5.193537245660219126e-01 1.214807703090657887e-01 -4.274809817740684026e-01 3.128902319994600490e+06 1.200000000000051937e-04
1.210000000000000002e-04 4.770170333006664709e-01 -8.628465647665474469e-02 -2.110772313363250552e-01 4.625255741729414091e+06 1.210000000000059091e-04
1.219999999999999974e-04 5.266868705340175261e-01 -3.809401466598174579e-01 5.449938305519462511e-02 5.422176012515564449e+06 1.220000000000057844e-04
1.229999999999999811e-04 5.150453909360744875e-01 -6.359909910988797987e-01 3.278374954602790714e-01 5.025210378255289048e+06 1.230000000000049413e-04
1.240000000000000054e-04 4.607584331092385854e-01 -9.183661262910711720e-01 5.691040340283576304e-01 3.763233012278296053e+06 1.240000000000060498e-04
1.250000000000000026e-04 5.054758818259440512e-01 -1.043130055872271367e+00 7.375397160247270101e-01 1.877411779005867895e+06 1.250000000000040955e-04
1.259999999999999998e-04 5.238503556612664758e-01 -1.105763277204883988e+00 7.889013365078335616e-01 -6.356988279890617123e+05 1.260000000000030356e-04
1.269999999999999970e-04 5.263446604458497102e-01 -1.039152402692896437e+00 6.819998043372280661e-01 -2.698863026636828203e+06 1.270000000000013252e-04
1.279999999999999942e-04 5.004159926385872703e-01 -8.602172254168704013e-01 4.846085830643498404e-01 -4.323923148878324777e+06 1.280000000000002382e-04
1.289999999999999914e-04 4.540991345347437647e-01 -5.820843723497572952e-01 2.289425508682184640e-01 -5.179818689498777501e+06 1.290000000000000727e-04
1.299999999999999886e-04 4.570627041624198972e-01 -2.826649656172358638e-01 -4.329397639743716442e-02 -5.102470592298152857e+06 1.300000000000008831e-04
1.309999999999999858e-04 5.020135087635028137e-01 -8.778012559072455312e-02 -2.924395487566224250e-01 -3.953536238324281294e+06 1.310000000000016663e-04
1.319999999999999830e-04 5.048937473093330075e-01 9.636699451907591862e-02 -4.771028006578881264e-01 -2.241150183669165708e+06 1.320000000000018262e-04
1.330000000000000073e-04 4.551803846662046404e-01 2.036685781159124353e-01 -5.692407927868060602e-01 -8.099349009490369353e+05 1.330000000000016065e-04
1.340000000000000045e-04 4.566810140081267733e-01 1.401134163628230400e-01 -4.892239808988250727e-01 2.377446012135325465e+06 1.340000000000005466e-04
1.350000000000000017e-04 5.112360738172231356e-01 -2.170160925393826989e-02 -3.074949120307891581e-01 4.035352017925557680e+06 1.350000000000002999e-04
1.359999999999999989e-04 5.244028710281932737e-01 -2.861564928854777312e-01 -5.869842698851962526e-02 5.202105244000170380e+06 1.360000000000024926e-04
1.369999999999999961e-04 5.199529702828182831e-01 -5.552869842582713877e-01 2.159346841886239377e-01 5.350496994602088816e+06 1.370000000000022458e-04
1.379999999999999933e-04 5.155036233540534196e-01 -8.140900236119864575e-01 4.767811658849467893e-01 4.370023618737568147e+06 1.380000000000021888e-04
1.389999999999999905e-04 5.168355154170701793e-01 -1.022062291231091269e+00 6.822159558892028075e-01 2.718807233415921684e+06 1.390000000000026197e-04
1.399999999999999877e-04 4.632894891513167357e-01 -1.143495146476603441e+00 7.994868184542093248e-01 1.129895597021555994e+06 1.400000000000037282e-04
1.409999999999999849e-04 4.703042265416907952e-01 -1.131968016239731867e+00 7.940528777992784670e-01 -1.090571669050376629e+06 1.410000000000027225e-04
1.419999999999999821e-04 4.815278561485438757e-01 -1.007692191505062951e+00 6.731751798060042757e-01 -2.780800630516159348e+06 1.420000000000011206e-04
1.430000000000000064e-04 4.927847824482536887e-01 -8.019063879101896442e-01 4.654176335114135199e-01 -4.375796500192319043e+06 1.429999999999990849e-04
1.440000000000000036e-04 5.195359578719859206e-01 -5.990048023425392776e-01 2.047084775369899523e-01 -5.347866994023170322e+06 1.439999999999965342e-04
1.450000000000000009e-04 4.942923707930338972e-01 -2.723948167392959419e-01 -6.758558117372558127e-02 -5.096256823131676763e+06 1.449999999999927909e-04
1.459999999999999981e-04 4.866449457706225057e-01 -9.658693975158089140e-02 -3.116400958789785625e-01 -3.765453724168062210e+06 1.459999999999921647e-04
1.469999999999999953e-04 4.619940242151698850e-01 1.319196213842045440e-01 -4.865217049671708982e-01 -2.312621050250286236e+06 1.469999999999932461e-04
1.479999999999999925e-04 4.555175452408815051e-01 1.762254446981588174e-01 -5.668361856451686887e-01 -7.019309303773374995e+05 1.479999999999961435e-04
1.489999999999999897e-04 4.818583545198779072e-01 7.894968059731215237e-02 -4.905309386340230837e-01 2.065564139254837297e+06 1.489999999999959239e-04
1.499999999999999869e-04 4.838215570390344555e-01 -9.857322735421972237e-02 -3.148207643146689327e-01 3.778042423196515534e+06 1.499999999999959211e-04
1.509999999999999841e-04 4.785865557222733768e-01 -3.453005505437188871e-01 -6.922367931895810622e-02 5.043152917691768147e+06 1.509999999999957557e-04
1.519999999999999813e-04 4.604243353764982394e-01 -6.067380259792733987e-01 2.052948002750653589e-01 5.305546730432958342e+06 1.519999999999947229e-04
1.530000000000000056e-04 4.969386780377907376e-01 -8.276605446718011683e-01 4.689617455280787328e-01 4.448562074945206754e+06 1.529999999999953706e-04
1.540000000000000028e-04 4.774719167452848301e-01 -1.099388534955724195e+00 6.803931834778993437e-01 3.053913873923710547e+06 1.539999999999935789e-04
1.550000000000000000e-04 4.750309747458633658e-01 -1.170273368111913070e+00 8.052448656336140820e-01 1.123449822956198128e+06 1.549999999999955276e-04
1.559999999999999972e-04 4.536611452918508092e-01 -1.180828374061617225e+00 7.815801769363933671e-01 -1.731372698297615396e+06 1.559999999999957417e-04
1.569999999999999944e-04 5.297585273332294786e-01 -1.026312968052387475e+00 6.369246322286524764e-01 -3.278703198895184323e+06 1.569999999999951968e-04
1.579999999999999916e-04 5.282754560966168578e-01 -7.987853097801088653e-01 4.121081467069563353e-01 -4.758663280789992772e+06 1.579999999999947332e-04
1.589999999999999888e-04 5.312311195540642128e-01 -5.470301116558147214e-01 1.449226561954276571e-01 -5.402983942366740666e+06 1.589999999999951370e-04
1.599999999999999860e-04 5.308789473177938367e-01 -2.744789765767911005e-01 -1.238939756214170185e-01 -4.875740999540171586e+06 1.599999999999958660e-04
1.609999999999999832e-04 4.608226789437492310e-01 -2.832761564044438546e-02 -3.539456362128375888e-01 -3.492419738068709150e+06 1.609999999999932069e-04
1.619999999999999804e-04 4.551479375904767810e-01 1.114701684619171795e-01 -5.061514379950190490e-01 -1.885984827876570169e+06 1.619999999999950202e-04
1.630000000000000047e-04 4.615832246353014923e-01 1.627521398441577338e-01 -5.555966504754850099e-01 1.139988900921903318e+06 1.629999999999955053e-04
1.640000000000000019e-04 5.279570769504876582e-01 6.165284120250029420e-02 -4.704215155314971919e-01 2.248846944928093813e+06 1.639999999999960717e-04
1.649999999999999991e-04 5.110888441261881576e-01 -1.481896477767357112e-01 -2.898994391580799190e-01 3.894972398314751685e+06 1.649999999999966652e-04
1.659999999999999963e-04 5.116629016061808866e-01 -3.976883354535088455e-01 -4.169719415429939263e-02 5.137899200931698084e+06 1.659999999999973400e-04
1.669999999999999935e-04 5.266760419308605945e-01 -6.546939487349581199e-01 2.327231077988988206e-01 5.374824590870471671e+06 1.669999999999965241e-04
1.679999999999999907e-04 5.258303423817813904e-01 -9.018295379298979508e-01 4.937158182266188633e-01 4.414775877796559595e+06 1.679999999999966026e-04
1.689999999999999879e-04 5.254652957398409097e-01 -1.107988470518760371e+00 6.996688782084976577e-01 2.766711921184459701e+06 1.689999999999969521e-04
1.699999999999999851e-04 4.787849789057107008e-01 -1.207612137689766385e+00 8.175904174532496738e-01 9.297265265682487516e+05 1.699999999999963801e-04
1.709999999999999823e-04 5.310769431579160926e-01 -1.222921163332110206e+00 8.007973570978911271e-01 -1.285312083960275631e+06 1.709999999999978410e-04
1.719999999999999795e-04 4.710872139723324414e-01 -1.123899928401144832e+00 6.681131469011252211e-01 -3.194292994900800753e+06 1.719999999999974045e-04
1.730000000000000038e-04 5.314585469205793666e-01 -8.742804495215238392e-01 4.512026227302698977e-01 -4.627794001969156787e+06 1.729999999999971849e-04
1.740000000000000010e-04 4.640593745302559747e-01 -6.414022891689649120e-01 1.870198439225934373e-01 -5.287237366327093914e+06 1.739999999999983476e-04
1.749999999999999982e-04 4.656064570373593114e-01 -3.738732829815838987e-01 -8.343807684542310643e-02 -4.874529508468284272e+06 1.749999999999990224e-04
1.759999999999999954e-04 4.733274611231020335e-01 -8.198316962185848988e-02 -3.200696436016678970e-01 -3.696264338975403924e+06 1.759999999999991552e-04
1.769999999999999926e-04 5.313436372275304187e-01 4.804888783206688607e-02 -4.824330039279473015e-01 -1.880966080589451594e+06 1.769999999999993150e-04
1.779999999999999898e-04 4.719340763112164217e-01 1.247071906452950907e-01 -5.378955547454894459e-01 1.346301795534067089e+06 1.779999999999981196e-04
1.789999999999999870e-04 5.040125927798660976e-01 1.792681772286308303e-02 -4.292790780391954053e-01 2.776503517952694558e+06 1.789999999999984691e-04
1.799999999999999842e-04 4.591704571786803801e-01 -2.237958052668832520e-01 -2.300240031607494184e-01 4.231870339846306480e+06 1.799999999999986290e-04
1.809999999999999814e-04 4.744033933700237959e-01 -4.986777383757496906e-01 2.814854725530686885e-02 5.237686167042003013e+06 1.809999999999991141e-04
1.819999999999999786e-04 4.578328001014076998e-01 -7.566275420083636849e-01 3.034082998954618082e-01 5.161493014675756916e+06 1.820000000000007918e-04
1.830000000000000029e-04 5.254221685154815136e-01 -9.973797670788930869e-01 5.562071385741157448e-01 4.102688396978267003e+06 1.830000000000014395e-04
1.840000000000000001e-04 5.168848702975795684e-01 -1.173234577123121625e+00 7.450069989333940601e-01 2.337081791587590240e+06 1.840000000000015993e-04
1.849999999999999973e-04 5.129969067433007845e-01 -1.262642158572396811e+00 8.372030928794970128e-01 1.977344951697021315e+05 1.850000000000023284e-04
1.859999999999999945e-04 4.584443827573945751e-01 -1.239461040545220882e+00 7.668659732775997551e-01 -2.245875961600202601e+06 1.860000000000032472e-04
1.869999999999999917e-04 5.242351357161776360e-01 -1.069455076714131536e+00 5.954021603571701959e-01 -3.840415173543502577e+06 1.870000000000057109e-04
1.879999999999999890e-04 5.317393923974567116e-01 -8.099270460422463014e-01 3.535011443821385879e-01 -5.077173521248592064e+06 1.880000000000064942e-04
1.889999999999999862e-04 5.215475687735913191e-01 -5.180334639370238747e-01 8.188544895863832107e-02 -5.354527646484040655e+06 1.890000000000062745e-04
1.899999999999999834e-04 4.585846575425230887e-01 -2.996248430732475487e-01 -1.796137920911309582e-01 -4.411032423505162820e+06 1.900000000000065699e-04
1.909999999999999806e-04 4.537185589959291110e-01 -7.769283642382350530e-02 -3.896549425610302819e-01 -2.939572871159578674e+06 1.910000000000058895e-04
1.920000000000000049e-04 4.587354247679231722e-01 2.967317482851661303e-02 -5.136128616566251193e-01 -1.247027676592733245e+06 1.920000000000055885e-04
1.930000000000000021e-04 4.781192978438653096e-01 7.992073093247921423e-02 -5.165552713396933671e-01 1.540551921277276240e+06 1.930000000000055044e-04
1.939999999999999993e-04 5.092910986723329092e-01 -4.882084780871336765e-02 -3.930392521769838221e-01 3.022882993500309531e+06 1.940000000000052848e-04
1.949999999999999965e-04 5.160345819960020508e-01 -3.104547873966781446e-01 -1.823779480702599765e-01 4.467966272773508914e+06 1.950000000000053362e-04
1.959999999999999937e-04 5.054064513461051789e-01 -5.816178660112515386e-01 8.067735511190610165e-02 5.349166357768801041e+06 1.960000000000047100e-04
1.969999999999999909e-04 5.266811105918810521e-01 -8.347586593290470258e-01 3.546285771770293915e-01 5.140313045165483840e+06 1.970000000000034332e-04
1.979999999999999881e-04 5.084396361215197668e-01 -1.048189512211179508e+00 5.997274843335774763e-01 3.788314861195995938e+06 1.980000000000028883e-04
1.989999999999999853e-04 4.695164351425443749e-01 -1.227339866990855510e+00 7.751040231045764894e-01 2.107767520158960950e+06 1.990000000000022892e-04
1.999999999999999825e-04 4.724468464834629122e-01 -1.305802497143990992e+00 8.545832655000591416e-01 1.589141709755299089e+05 2.000000000000011751e-04
2.009999999999999797e-04 4.566245620230848234e-01 -1.255588255593992786e+00 7.888116883663019996e-01 -1.949073174368923064e+06 2.010000000000003049e-04
2.020000000000000040e-04 5.127902394501144823e-01 -1.082178580285980907e+00 6.259453131252038505e-01 -3.561823139367927331e+06 2.020000000000010340e-04
2.030000000000000012e-04 5.308050197790927793e-01 -8.812825028912967262e-01 3.892628428035316279e-01 -4.994931740007472225e+06 2.030000000000000012e-04
2.039999999999999984e-04 5.298955747605859079e-01 -5.968962886138099444e-01 1.187173506082246782e-01 -5.386694039842328057e+06 2.040000000000012452e-04
2.049999999999999956e-04 4.889937353230437433e-01 -3.777303002850583291e-01 -1.455898122628432045e-01 -4.541354902663680725e+06 2.050000000000013237e-04
2.059999999999999928e-04 5.154898693994395265e-01 -1.023384374532030627e-01 -3.625346318422283942e-01 -3.178103205494181253e+06 2.059999999999999928e-04
2.069999999999999900e-04 5.200681322415385832e-01 -2.004701237982305442e-02 -4.956113828930336918e-01 -1.178445779224801809e+06 2.070000000000013995e-04
2.079999999999999872e-04 5.196572232839936634e-01 -1.345114847419487348e-03 -5.167071014032398324e-01 4.479383787994080340e+05 2.079999999999998517e-04
2.089999999999999844e-04 4.987310102359447939e-01 -5.188271875388976440e-02 -4.140420335884562597e-01 2.728124641153367702e+06 2.089999999999996049e-04
2.099999999999999816e-04 5.281004345691517887e-01 -2.817533086723388869e-01 -2.180886338329039165e-01 4.250116117692043073e+06 2.099999999999983282e-04
2.109999999999999788e-04 4.553710453752747855e-01 -5.377784641717854308e-01 3.808897125169847381e-02 5.196350217599362135e+06 2.109999999999988946e-04
2.120000000000000031e-04 4.738683452679858799e-01 -8.446940242571361335e-01 3.128829860635935489e-01 5.212727403741960414e+06 2.120000000000011686e-04
2.130000000000000003e-04 4.768756203113080905e-01 -1.041013344856775324e+00 5.666622053694622130e-01 4.060143354458585847e+06 2.129999999999998377e-04
2.139999999999999975e-04 4.609499206230362467e-01 -1.246133047089404089e+00 7.579458003475718630e-01 2.472682898818728514e+06 2.139999999999993470e-04
2.149999999999999947e-04 4.983841019651114035e-01 -1.328842229286719911e+00 8.541705014499303417e-01 1.360479297442266761e+04 2.149999999999999676e-04
2.159999999999999919e-04 4.510644756752679174e-01 -1.278566169982778167e+00 7.685585611871555978e-01 -2.351900529834222049e+06 2.159999999999995853e-04
2.169999999999999891e-04 5.322057077464791286e-01 -1.089655633308481697e+00 5.877827283493146648e-01 -3.946266729983252939e+06 2.169999999999999349e-04
2.179999999999999863e-04 5.348816254570371020e-01 -8.554679661277776459e-01 3.410036397346811743e-01 -5.159138813470262103e+06 2.180000000000024800e-04
2.189999999999999835e-04 4.569487373527554852e-01 -6.059025740147827577e-01 6.938527380248460386e-02 -5.179409366259062663e+06 2.190000000000010406e-04
2.199999999999999807e-04 5.143442854254189900e-01 -3.010538653649397767e-01 -1.874450020789749094e-01 -4.377859302533892915e+06 2.200000000000010107e-04
2.209999999999999779e-04 5.329025837136943666e-01 -1.234842102984185647e-01 -3.877789628194923677e-01 -2.732394057344234549e+06 2.209999999999984058e-04
2.220000000000000022e-04 5.328871416870006872e-01 -3.023611857174848469e-02 -4.983555073992906870e-01 -8.230418737317745108e+05 2.220000000000008154e-04
2.229999999999999994e-04 5.272783795932677320e-01 -7.457689534153393029e-02 -4.611325030086003696e-01 1.732619107756958343e+06 2.230000000000001892e-04
2.239999999999999966e-04 4.611048615109449855e-01 -2.043083841280973756e-01 -3.024801026016739613e-01 3.609495803056018427e+06 2.239999999999992648e-04
2.249999999999999938e-04 4.549362257801427001e-01 -4.647160176776790608e-01 -6.737824388602516035e-02 4.861595186968369409e+06 2.249999999999998312e-04
2.259999999999999910e-04 5.273135486712576814e-01 -7.257856029483723548e-01 2.040883827698423136e-01 5.428610923740447499e+06 2.259999999999991779e-04
2.269999999999999882e-04 5.172574205390527702e-01 -1.026536958344970607e+00 4.716809344111451141e-01 4.767631924336086027e+06 2.269999999999987143e-04
2.279999999999999854e-04 5.127264669172372225e-01 -1.254170288343778639e+00 6.944156072444350736e-01 3.313119454317037482e+06 2.280000000000005547e-04
2.289999999999999826e-04 4.589354780530014999e-01 -1.386430383745681949e+00 8.351007920151362063e-01 1.745678582218237454e+06 2.290000000000000369e-04
2.299999999999999799e-04 4.555045522040913619e-01 -1.381886075339470166e+00 8.592044183666885937e-01 -9.936265175960812485e+05 2.300000000000006033e-04
2.309999999999999771e-04 5.231028358514194787e-01 -1.272804538916026962e+00 7.540319034779302543e-01 -2.504258401151241735e+06 2.309999999999990555e-04
2.320000000000000014e-04 5.267965761268204039e-01 -1.118421446820768939e+00 5.588469412203556086e-01 -4.270656227596548386e+06 2.319999999999992424e-04
2.329999999999999986e-04 4.774094250150714425e-01 -8.818867259329162822e-01 3.042642502827325734e-01 -5.215836705239105038e+06 2.329999999999998359e-04
2.339999999999999958e-04 4.701807751568604088e-01 -6.073361570249455887e-01 3.189249371638726988e-02 -5.105797854688552208e+06 2.339999999999988302e-04
2.349999999999999930e-04 5.187859135400170185e-01 -3.030568683306902877e-01 -2.186602683075981046e-01 -4.137435120974509511e+06 2.349999999999971198e-04
2.359999999999999902e-04 4.620132077083710098e-01 -1.185401162358855065e-01 -4.059158051925671473e-01 -2.557272474442325067e+06 2.359999999999971441e-04
2.369999999999999874e-04 4.704709762028390085e-01 -1.984647522367904635e-02 -5.001422169925049399e-01 -1.157215989535430912e+06 2.369999999999963282e-04
2.379999999999999846e-04 5.220621923564366940e-01 -1.405557785954675565e-01 -4.293981769277918636e-01 2.088424705053017475e+06 2.379999999999967320e-04
2.389999999999999818e-04 5.234592500632989642e-01 -3.162415957488368679e-01 -2.526213287814214614e-01 3.860334894343039487e+06 2.389999999999956450e-04
2.399999999999999790e-04 5.265177888452312605e-01 -5.537565867599664182e-01 -6.508410333671985071e-03 5.147868375121126883e+06 2.399999999999956151e-04
2.409999999999999762e-04 5.263185635685623254e-01 -8.231978981315359878e-01 2.677756591959489785e-01 5.390983583447579294e+06 2.409999999999978349e-04
2.420000000000000005e-04 5.201276476038614316e-01 -1.109506477158507254e+00 5.305051201732585708e-01 4.529502835469929501e+06 2.419999999999998379e-04
2.429999999999999977e-04 4.590601996780361849e-01 -1.316254269994883375e+00 7.402410126390570611e-01 2.976809710419928655e+06 2.429999999999983714e-04
2.439999999999999949e-04 4.603883677688352383e-01 -1.412131254660535573e+00 8.628611931798785273e-01 1.261746954243382905e+06 2.439999999999993715e-04
2.449999999999999921e-04 5.210903563726203558e-01 -1.391622072041463598e+00 8.460043170605331397e-01 -1.244962286646362627e+06 2.450000000000007510e-04
2.459999999999999622e-04 5.310263549119064175e-01 -1.274813649621065803e+00 7.098114793589426208e-01 -3.139101860183673911e+06 2.459999999999980648e-04
2.469999999999999865e-04 4.590529042835035933e-01 -1.081721529299628504e+00 4.907364707343339072e-01 -4.630294976585494354e+06 2.470000000000004744e-04
2.480000000000000108e-04 4.918953188774061736e-01 -7.644037424804337455e-01 2.256006366175798417e-01 -5.325343313813030720e+06 2.479999999999990350e-04
2.489999999999999809e-04 4.870813963120519396e-01 -4.960777575082189750e-01 -4.442173212737406118e-02 -4.940403009726292454e+06 2.490000000000010109e-04
2.500000000000000052e-04 5.264262329754865188e-01 -3.132280600667384785e-01 -2.791292462182581868e-01 -3.538325866322233342e+06 2.500000000000011978e-04
2.509999999999999753e-04 4.592110362643552768e-01 -1.185534169050327102e-01 -4.388735524445034897e-01 -2.046158045028713299e+06 2.509999999999995958e-04
2.519999999999999996e-04 5.206826071472967499e-01 -8.104688685941209558e-02 -4.845071285806010208e-01 1.178501963046095101e+06 2.519999999999990238e-04
2.529999999999999697e-04 4.721501167426891410e-01 -1.900216007141310171e-01 -3.678933314694909917e-01 2.930857922816607170e+06 2.529999999999982892e-04
2.539999999999999940e-04 5.107965558107671056e-01 -3.994293655290166445e-01 -1.617072667157747612e-01 4.468558376663316041e+06 2.539999999999967414e-04
2.549999999999999641e-04 5.250770675256071218e-01 -6.882098690725408918e-01 9.969014075668328201e-02 5.376923603784593754e+06 2.549999999999995304e-04
2.559999999999999884e-04 5.082862811167832007e-01 -9.881040781382560700e-01 3.747253496610040702e-01 5.197179994264888577e+06 2.560000000000000426e-04
2.570000000000000127e-04 4.586849262494683832e-01 -1.223030446714272745e+00 6.237907760839865867e-01 3.970047054254767951e+06 2.570000000000026148e-04
2.579999999999999828e-04 5.176179149500047538e-01 -1.378281010945032747e+00 8.053774363148410442e-01 2.183473896969006397e+06 2.580000000000005791e-04
2.590000000000000071e-04 4.590462826348738479e-01 -1.480300005524819884e+00 8.928051758537207672e-01 9.230217780305611668e+05 2.589999999999989771e-04
2.599999999999999772e-04 5.269803458648124606e-01 -1.443258617345322792e+00 8.372687188166298977e-01 -1.798229036646751221e+06 2.599999999999963451e-04
2.610000000000000015e-04 4.604349604092155546e-01 -1.260900692999580297e+00 6.815176545988186341e-01 -3.455485114132848568e+06 2.609999999999991884e-04
2.619999999999999716e-04 4.943330626937978423e-01 -1.016579493749501406e+00 4.487819791862823204e-01 -4.834197264232967980e+06 2.619999999999966106e-04
2.629999999999999959e-04 4.754851608938401863e-01 -8.108116811339306507e-01 1.788850054287687286e-01 -5.321053226188834757e+06 2.629999999999958218e-04
2.639999999999999660e-04 5.188899054052981130e-01 -5.376353768293723467e-01 -8.794834179659244411e-02 -4.698384095254258253e+06 2.639999999999964424e-04
2.649999999999999903e-04 5.288033552498746515e-01 -2.918016692038660764e-01 -3.108147321845484146e-01 -3.251086057278730441e+06 2.649999999999970630e-04
2.660000000000000146e-04 4.548069447990358283e-01 -1.562193097378500872e-01 -4.524769016320171477e-01 -1.651243785094677238e+06 2.659999999999971957e-04
2.669999999999999847e-04 4.786222914767114256e-01 -1.631886397475521000e-01 -4.753165902246625496e-01 1.018973455728032859e+06 2.669999999999971116e-04
2.680000000000000090e-04 4.645765356456170725e-01 -2.746793674728125190e-01 -3.542336957980230516e-01 2.842783956944779493e+06 2.679999999999953470e-04
2.689999999999999791e-04 5.071607325605749228e-01 -4.435767007104042259e-01 -1.455366496765348461e-01 4.510805293716442771e+06 2.689999999999949918e-04
2.700000000000000035e-04 5.116024837587032081e-01 -7.543445558138038853e-01 1.171546752303330580e-01 5.364292691849087365e+06 2.699999999999940403e-04
2.709999999999999735e-04 4.661268795729892611e-01 -1.028594590627182059e+00 3.923279896212381046e-01 5.114231102014207281e+06 2.709999999999908663e-04
2.719999999999999979e-04 4.733468353163127196e-01 -1.234578055456748258e+00 6.403206547603040866e-01 3.858691315805687569e+06 2.719999999999914869e-04
2.729999999999999680e-04 5.232504478134816228e-01 -1.432831451679071666e+00 8.197793094029834915e-01 2.179321104658428580e+06 2.729999999999941133e-04
2.739999999999999923e-04 5.012828979426435794e-01 -1.551510408752936110e+00 9.017936504570216449e-01 1.043764892616377096e+06 2.739999999999922944e-04
2.749999999999999624e-04 5.230586943142648826e-01 -1.504284345763076791e+00 8.663212617683347938e-01 -1.532531279318937566e+06 2.749999999999922645e-04
2.759999999999999867e-04 4.574591374848878123e-01 -1.359602607799768270e+00 7.258097806596680579e-01 -3.258224457104510628e+06 2.759999999999912588e-04
2.770000000000000110e-04 5.255471545458973992e-01 -1.139686877940984777e+00 5.030636849251928222e-01 -4.745053380126225762e+06 2.769999999999920963e-04
2.779999999999999811e-04 4.575119095715007855e-01 -8.715786524123805279e-01 2.358824291175493082e-01 -5.309077473356014118e+06 2.779999999999917953e-04
2.790000000000000054e-04 4.749894440482620439e-01 -5.701557289283400998e-01 -3.493775920399182222e-02 -4.910522746450242586e+06 2.789999999999965359e-04
2.799999999999999755e-04 4.613696018599365845e-01 -3.818465339538424930e-01 -2.690954304646387962e-01 -3.494218483200762421e+06 2.799999999999950424e-04
2.809999999999999998e-04 4.625436296486444276e-01 -1.910820465188294015e-01 -4.270522251959967819e-01 -1.995817166227636160e+06 2.809999999999950667e-04
2.819999999999999699e-04 4.831835143294572754e-01 -1.408460436538295779e-01 -4.728359491807504478e-01 1.366620135414177552e+06 2.819999999999965546e-04
2.829999999999999942e-04 4.977701072203690180e-01 -3.089125694303370140e-01 -3.581183130313374541e-01 2.673785034699512646e+06 2.829999999999960911e-04
2.839999999999999643e-04 5.205421587897696156e-01 -4.867465090975215403e-01 -1.538486177444833014e-01 4.398109910527404398e+06 2.839999999999973080e-04
2.849999999999999886e-04 4.760303924618282112e-01 -7.283634934680659478e-01 1.072757304172497345e-01 5.319808569184183143e+06 2.849999999999953265e-04
2.860000000000000129e-04 4.662314573151816743e-01 -1.044182808062737999e+00 3.837271098066379893e-01 5.176373200349878520e+06 2.859999999999940498e-04
2.869999999999999830e-04 4.617265627665636529e-01 -1.287732776819957792e+00 6.358988105218370546e-01 4.039620434989414178e+06 2.869999999999973267e-04
2.880000000000000073e-04 5.209503684751722874e-01 -1.470742687166103124e+00 8.221900872227856372e-01 2.350671813627911732e+06 2.879999999999962668e-04
2.889999999999999774e-04 4.929912892888708709e-01 -1.535365038350049005e+00 9.121131544643134026e-01 -1.306634064026571723e+05 2.889999999999978632e-04
2.900000000000000017e-04 5.198013500746947457e-01 -1.499707416851718600e+00 8.272554850478884836e-01 -2.299230057967899367e+06 2.899999999999992970e-04
2.909999999999999718e-04 5.015489563513062521e-01 -1.274900164718048234e+00 6.482160166578979643e-01 -3.856516795278694946e+06 2.909999999999978034e-04
2.919999999999999961e-04 4.743850986912877543e-01 -1.032227634458112941e+00 4.013175024011604308e-01 -5.060927354688626714e+06 2.919999999999991287e-04
2.929999999999999662e-04 4.765499322433387475e-01 -7.591807262753714758e-01 1.278745636145856845e-01 -5.290299552366181277e+06 2.929999999999922142e-04
2.939999999999999905e-04 4.644422381477557593e-01 -5.095914642520146254e-01 -1.324546291482937010e-01 -4.406424552539836615e+06 2.939999999999929432e-04
2.949999999999999606e-04 4.661483738619436878e-01 -3.469360967065553969e-01 -3.381388795042106210e-01 -2.774845231794011313e+06 2.949999999999928049e-04
2.959999999999999849e-04 4.647445673272928013e-01 -2.297871780683638510e-01 -4.561340327984765852e-01 -1.117506866097587394e+06 2.959999999999902813e-04
2.970000000000000092e-04 5.196593419537341996e-01 -2.218488691547693126e-01 -4.654708846895775354e-01 2.406858623850784206e+05 2.969999999999932330e-04
2.979999999999999793e-04 4.815187801672898837e-01 -2.614458811661642956e-01 -3.787705098681272697e-01 2.520842221483641770e+06 2.979999999999928236e-04
2.990000000000000036e-04 4.687531961143991954e-01 -5.011746500832708895e-01 -1.935134575077983587e-01 3.964874258331039455e+06 2.989999999999946368e-04
2.999999999999999737e-04 5.019844739625691776e-01 -7.024922986174513273e-01 5.748033143710686022e-02 5.220127703586237505e+06 2.999999999999917338e-04
3.009999999999999980e-04 5.244701389947373782e-01 -1.001996710142296632e+00 3.327012838370176362e-01 5.353828486906750128e+06 3.009999999999917581e-04
3.019999999999999681e-04 5.251374960693802052e-01 -1.273514429607746079e+00 5.925568081355825356e-01 4.381945638351504691e+06 3.019999999999922703e-04
3.029999999999999924e-04 5.250032120484287024e-01 -1.468400182476146565e+00 7.953585311562860749e-01 2.706909678143315483e+06 3.029999999999916983e-04
3.039999999999999625e-04 4.581544234294247508e-01 -1.587946776619751699e+00 9.091610837346654206e-01 1.250163285864599282e+06 3.039999999999932405e-04
3.049999999999999868e-04 4.594219624449337736e-01 -1.562765856767569961e+00 8.580530739730264367e-01 -2.067480764802016085e+06 3.049999999999953790e-04
3.060000000000000111e-04 5.096428257306214737e-01 -1.353100416928719962e+00 6.970816478609880296e-01 -3.523339424580161925e+06 3.059999999999969754e-04
3.069999999999999812e-04 5.248867864596489241e-01 -1.167191093470743235e+00 4.615471937914308875e-01 -4.982416814062422141e+06 3.069999999999926629e-04
3.080000000000000055e-04 5.303335773181236945e-01 -8.887215339850272899e-01 1.913161278204142668e-01 -5.386266583893408999e+06 3.079999999999920909e-04
3.089999999999999756e-04 4.696716437915284814e-01 -6.458252217213978907e-01 -7.347142041378579291e-02 -4.554050062486302108e+06 3.089999999999955304e-04
3.099999999999999999e-04 5.155550710825457239e-01 -3.746463434687604122e-01 -2.917021329358507331e-01 -3.210460206247971393e+06 3.099999999999956631e-04
3.109999999999999700e-04 5.304485162381731289e-01 -2.720820650794068540e-01 -4.264432291682789811e-01 -1.310957413820732385e+06 3.109999999999962838e-04
3.119999999999999944e-04 4.667361286446276014e-01 -2.368614566807884236e-01 -4.392625318415979696e-01 1.549460214492862346e+06 3.119999999999952239e-04
3.129999999999999644e-04 5.267180771776697190e-01 -3.860494434633673366e-01 -3.131402266081293462e-01 2.960727097414160147e+06 3.129999999999949771e-04
3.139999999999999888e-04 4.588780508843632311e-01 -5.875636431173240082e-01 -1.007690587629962858e-01 4.508114187057400122e+06 3.139999999999973867e-04
3.149999999999999589e-04 5.073336959266130375e-01 -8.392393128449953110e-01 1.632137989216477791e-01 5.386497739815062843e+06 3.149999999999999046e-04
3.159999999999999832e-04 5.045088775918403767e-01 -1.113409243399007043e+00 4.372550414840820077e-01 5.058426839777981862e+06 3.160000000000015553e-04
3.170000000000000075e-04 4.717834039193010698e-01 -1.361899063602390436e+00 6.816051542800678487e-01 3.749414171472664457e+06 3.170000000000042901e-04
3.179999999999999776e-04 4.600596994432983866e-01 -1.578030204687816296e+00 8.553481338895494446e-01 2.274559529833575711e+06 3.180000000000042602e-04
3.190000000000000019e-04 5.218386208923081471e-01 -1.649383732839669658e+00 9.153594327071469250e-01 -1.012713635010731290e+06 3.190000000000050434e-04
3.199999999999999720e-04 4.589518267578350241e-01 -1.503578927564919843e+00 8.123960613419902721e-01 -2.553764925356613938e+06 3.200000000000030077e-04
3.209999999999999963e-04 5.171995436147648340e-01 -1.305414863068283582e+00 6.175023608439267342e-01 -4.167590158600732684e+06 3.210000000000009721e-04
3.219999999999999664e-04 5.288262933635379248e-01 -1.094166125686603097e+00 3.631576238491980302e-01 -5.275959830627733842e+06 3.220000000000009964e-04
3.229999999999999907e-04 5.237295437299063217e-01 -8.303114410721789129e-01 9.083371900922469766e-02 -5.190370353212340735e+06 3.230000000000012917e-04
3.239999999999999608e-04 4.625961985228222439e-01 -5.349250739406198329e-01 -1.599592806724051131e-01 -4.105391033368149772e+06 3.240000000000031050e-04
3.249999999999999851e-04 4.711452849039151070e-01 -4.047106797443402737e-01 -3.476037143431503496e-01 -2.355878295735812746e+06 3.250000000000039424e-04
3.260000000000000094e-04 4.787210897392045195e-01 -3.145937525980528338e-01 -4.430841323465829484e-01 -4.965556679453118704e+05 3.260000000000016899e-04
3.269999999999999795e-04 5.084154706304758742e-01 -3.145266197271242570e-01 -3.845778147428355331e-01 2.138865265508939046e+06 3.270000000000038284e-04
3.280000000000000038e-04 5.262233772799782550e-01 -5.195844511868094040e-01 -2.173669020978278021e-01 3.695980367185088806e+06 3.280000000000060753e-04
3.289999999999999739e-04 4.558029367035541513e-01 -7.555307139662233995e-01 2.299352851304504661e-02 4.953212511151705869e+06 3.290000000000058828e-04
3.299999999999999982e-04 4.915869708906113744e-01 -1.059292637248608226e+00 2.960377514291535062e-01 5.371435388512739912e+06 3.300000000000063950e-04
3.309999999999999683e-04 4.557910023769473074e-01 -1.294421678423333777e+00 5.616728692429515668e-01 4.559821759063698351e+06 3.310000000000069614e-04
3.319999999999999926e-04 4.879669361407522610e-01 -1.545486100327166268e+00 7.786672228827049569e-01 3.192496826472868677e+06 3.320000000000075820e-04
3.329999999999999627e-04 5.283086445519369345e-01 -1.646969216200621089e+00 9.103584123926656835e-01 1.268047281861711293e+06 3.330000000000074979e-04
3.339999999999999870e-04 4.531265090310876986e-01 -1.643452373013089218e+00 9.109339363902687614e-01 -1.399804047962249722e+06 3.340000000000076306e-04
3.350000000000000113e-04 4.822561812338830300e-01 -1.560045831840686903e+00 7.834470701312294949e-01 -3.108303183626587503e+06 3.350000000000090102e-04
3.359999999999999814e-04 4.800950777940388714e-01 -1.349299532525043199e+00 5.709341271562542453e-01 -4.563149645430207253e+06 3.360000000000086008e-04
3.370000000000000057e-04 5.314821074161587555e-01 -1.045969950571379314e+00 3.085252812916788323e-01 -5.364711507123605348e+06 3.370000000000060772e-04
3.379999999999999758e-04 5.322876629190825826e-01 -7.887325312564853474e-01 3.759494190945475434e-02 -5.034309990079421550e+06 3.380000000000031742e-04
3.390000000000000001e-04 5.082149180149937440e-01 -5.779066347739482135e-01 -2.019956821211945086e-01 -3.646323254413368180e+06 3.390000000000004880e-04
3.399999999999999702e-04 4.967205810772643004e-01 -4.155580229105896861e-01 -3.696938272393900382e-01 -1.882528172954648267e+06 3.400000000000037649e-04
3.409999999999999945e-04 4.580821149631871814e-01 -3.275475947011100009e-01 -4.314269779131293392e-01 1.201771701400628546e+06 3.410000000000030303e-04
3.419999999999999646e-04 5.185900472004953965e-01 -4.174271283960167556e-01 -3.193026643732079783e-01 2.777539199602175970e+06 3.420000000000023499e-04
3.429999999999999889e-04 4.800308863648048985e-01 -6.087702866841935290e-01 -1.178925515901455973e-01 4.373413015112336725e+06 3.430000000000011815e-04
3.439999999999999590e-04 4.716566234625059750e-01 -8.746381974789416702e-01 1.412636952147584279e-01 5.278636026430088095e+06 3.439999999999981159e-04
3.449999999999999833e-04 4.959945522354618497e-01 -1.146783268299998548e+00 4.163796083210354326e-01 5.166247267554066144e+06 3.449999999999947792e-04
3.460000000000000076e-04 5.102290341295874221e-01 -1.454998547275831999e+00 6.679093752782204740e-01 4.118811112932636403e+06 3.459999999999955082e-04
3.469999999999999777e-04 5.199853175578292852e-01 -1.600876233789504166e+00 8.542341723069724058e-01 2.291000469717596658e+06 3.469999999999917920e-04
3.480000000000000020e-04 4.868641639372285890e-01 -1.677819426746405496e+00 9.443506248574614625e-01 -1.446925121722183831e+05 3.479999999999919247e-04
3.489999999999999721e-04 4.708310141232486812e-01 -1.658293796219189487e+00 8.593819920741726515e-01 -2.414165189204376191e+06 3.489999999999914611e-04
3.499999999999999964e-04 4.569340260510953988e-01 -1.434378832544726645e+00 6.801851076018001763e-01 -3.870266070643710904e+06 3.499999999999946839e-04
3.509999999999999665e-04 5.021526052929475847e-01 -1.239918178796635573e+00 4.338515993584385888e-01 -5.139007146243864670e+06 3.509999999999973645e-04
3.519999999999999908e-04 5.197485893945448243e-01 -9.605024048450363505e-01 1.617081037942797173e-01 -5.294449590050705709e+06 3.519999999999974972e-04
3.529999999999999609e-04 5.320543950215900209e-01 -6.786107084080373886e-01 -9.660290164007452607e-02 -4.382816631890577264e+06 3.529999999999998525e-04
3.539999999999999853e-04 4.604293299283700458e-01 -4.556013207165058865e-01 -2.996076531439412216e-01 -2.868686803930488881e+06 3.539999999999992805e-04
3.550000000000000096e-04 5.019406277068529931e-01 -3.987705578846813537e-01 -4.139769387100598608e-01 -7.733529584799851291e+05 3.549999999999999553e-04
3.559999999999999797e-04 5.265017074237094974e-01 -4.062102076793760452e-01 -3.804684194841392864e-01 1.727951258260146715e+06 3.559999999999991665e-04
3.570000000000000040e-04 4.643443093674207156e-01 -5.408338114293949062e-01 -2.238602682598278548e-01 3.573608829936563503e+06 3.569999999999996245e-04
3.579999999999999741e-04 4.877943157509797567e-01 -7.657078818441896972e-01 1.015357187530971719e-02 4.933715677399107255e+06 3.579999999999994862e-04
3.589999999999999984e-04 4.591100708238005645e-01 -1.056424775527869064e+00 2.818046418222528438e-01 5.332072184723312967e+06 3.590000000000004320e-04
3.599999999999999685e-04 5.056791701819414175e-01 -1.367904062783028785e+00 5.507497616681187314e-01 4.806922547267984599e+06 3.600000000000000227e-04
3.609999999999999928e-04 4.830771006139087387e-01 -1.536935085433232429e+00 7.761495352518174018e-01 3.200963743070777971e+06 3.609999999999974449e-04
3.619999999999999629e-04 4.677821123937702663e-01 -1.735649859789887284e+00 9.202071778958098580e-01 1.807483688172839815e+06 3.619999999999980113e-04
3.629999999999999872e-04 5.300640428339405963e-01 -1.726938994071497868e+00 9.359914813942625811e-01 -9.958842513493008446e+05 3.629999999999998788e-04
3.639999999999999573e-04 4.965460806511488578e-01 -1.649139962926870151e+00 8.172241388905359116e-01 -2.967231853495656978e+06 3.640000000000007704e-04
3.649999999999999816e-04 4.538189727577958688e-01 -1.407111308973306718e+00 6.105839968899228198e-01 -4.375257644503886811e+06 3.650000000000006321e-04
3.660000000000000059e-04 5.207427285481101009e-01 -1.175035175897955142e+00 3.504918340186595760e-01 -5.339714511195719242e+06 3.660000000000079206e-04
3.669999999999999760e-04 5.302390850229335983e-01 -8.734543436986647036e-01 7.850033406523125590e-02 -5.121030360287020914e+06 3.670000000000078364e-04
3.680000000000000003e-04 4.723827084913815866e-01 -6.092230650689304250e-01 -1.656979524918857916e-01 -3.910624650418164674e+06 3.680000000000088365e-04
3.689999999999999704e-04 5.275842788708846598e-01 -4.791890677789115704e-01 -3.408171477611374178e-01 -2.086951402119283564e+06 3.690000000000092945e-04
3.699999999999999947e-04 5.058343432886649449e-01 -4.203728559785605556e-01 -4.178766223626105281e-01 1.751757717064156896e+05 3.700000000000092104e-04
3.709999999999999648e-04 4.709741882227770904e-01 -5.125323264484068497e-01 -3.232303253231033069e-01 2.411282791525464971e+06 3.710000000000091805e-04
3.719999999999999891e-04 4.643615846540638525e-01 -6.990926857088561874e-01 -1.329767295571260000e-01 4.059405205938424449e+06 3.720000000000074159e-04
3.729999999999999592e-04 5.250095564126519010e-01 -9.386644381210048627e-01 1.206464407263775490e-01 5.266407000902649947e+06 3.730000000000066812e-04
3.739999999999999835e-04 5.019575352549519032e-01 -1.241617839488114550e+00 3.960474718359641155e-01 5.311968776950536296e+06 3.740000000000068682e-04
3.750000000000000078e-04 5.179136709981441156e-01 -1.490483678755266217e+00 6.536952745690577382e-01 4.322246946199645288e+06 3.750000000000090067e-04
3.759999999999999779e-04 4.911162411006146367e-01 -1.642579777098170490e+00 8.519927401683589085e-01 2.538869670980813913e+06 3.760000000000097899e-04
3.770000000000000022e-04 5.025410613034868579e-01 -1.751642742095966820e+00 9.589177991424467917e-01 5.061290203971522278e+05 3.770000000000091637e-04
3.779999999999999723e-04 4.791496551477824606e-01 -1.746133150727702255e+00 9.519084170382388077e-01 -9.671867091467363061e+05 3.780000000000091338e-04
3.789999999999999966e-04 4.992540966789684731e-01 -1.629993642161795986e+00 8.341988517928533575e-01 -2.715268643894844688e+06 3.790000000000072066e-04
3.799999999999999667e-04 4.774201974484076350e-01 -1.427606973165694848e+00 6.288017012684432583e-01 -4.325619438969214447e+06 3.800000000000111882e-04
3.809999999999999910e-04 4.929865701416757395e-01 -1.168022396855341816e+00 3.687406288972005508e-01 -5.282047799147853628e+06 3.810000000000142483e-04
3.819999999999999611e-04 5.216646786494881782e-01 -9.106049995102781791e-01 9.560276294487690674e-02 -5.159700478025765158e+06 3.820000000000139473e-04
3.829999999999999854e-04 5.225738043341515704e-01 -6.673990603431109170e-01 -1.509694409689508188e-01 -3.964086366324780043e+06 3.830000000000139716e-04
3.840000000000000097e-04 4.780638795909979977e-01 -4.755954284666584764e-01 -3.298012157704283132e-01 -2.394763479709572624e+06 3.840000000000107433e-04
3.849999999999999798e-04 5.046232343830260314e-01 -4.523570827327391131e-01 -4.129365657484836971e-01 -1.648386890704556208e+04 3.850000000000104966e-04
3.860000000000000041e-04 5.102756156896784967e-01 -4.818160988498792485e-01 -3.377815544670962900e-01 2.286355323909645434e+06 3.860000000000129061e-04
3.869999999999999742e-04 5.132970297119942016e-01 -6.634900908847406464e-01 -1.605086612406266822e-01 3.941219053833063226e+06 3.870000000000145567e-04
3.879999999999999985e-04 5.191042636273368593e-01 -9.187441543410075351e-01 8.635368603504092744e-02 5.167920364490428939e+06 3.880000000000137679e-04
3.889999999999999686e-04 5.200786774846100080e-01 -1.217875506998983948e+00 3.616786820524198753e-01 5.411665273010947742e+06 3.890000000000155269e-04
3.899999999999999929e-04 4.693011664730309951e-01 -1.493314381554342152e+00 6.257530136376182606e-01 4.511719239069973119e+06 3.900000000000192917e-04
3.909999999999999630e-04 5.098967084025953778e-01 -1.665186652236707809e+00 8.370029633600816199e-01 2.853805377024827991e+06 3.910000000000185571e-04
3.919999999999999873e-04 5.231344830568723792e-01 -1.810908914906519618e+00 9.606919709882336678e-01 1.111551071852161083e+06 3.920000000000166298e-04
3.929999999999999574e-04 4.562550478050119152e-01 -1.801023056703981329e+00 9.492461989362587227e-01 -1.513891330001974246e+06 3.930000000000212078e-04
3.939999999999999817e-04 4.600855138683903056e-01 -1.687494179118188775e+00 8.155692902957918378e-01 -3.160247595905297436e+06 3.940000000000196600e-04
3.950000000000000061e-04 4.604705066026920091e-01 -1.471939813488055915e+00 5.981278404055921927e-01 -4.597755054068340920e+06 3.950000000000206059e-04
3.959999999999999762e-04 5.242893211404873188e-01 -1.204882752297554260e+00 3.329782738333589842e-01 -5.398205833885788918e+06 3.960000000000197628e-04
3.970000000000000005e-04 4.928252218536931517e-01 -9.535853698204954654e-01 6.128278088675719742e-02 -4.933200255811731331e+06 3.970000000000184861e-04
3.979999999999999706e-04 5.032065983224969230e-01 -6.568845830230665150e-01 -1.769650610749620712e-01 -3.732552823448369280e+06 3.980000000000193778e-04
3.989999999999999949e-04 4.565431458340091231e-01 -5.191794247584838873e-01 -3.416325374400181469e-01 -2.062659438806367572e+06 3.990000000000193479e-04
3.999999999999999650e-04 4.692328017943038221e-01 -4.809973408752512558e-01 -4.054707757309723992e-01 7.944532046214602888e+05 4.000000000000188843e-04
4.009999999999999893e-04 4.868685158297070825e-01 -5.364740450526686022e-01 -3.061762059456187846e-01 2.608941183290913701e+06 4.010000000000185291e-04
4.019999999999999594e-04 4.603153787564830401e-01 -7.605032802365592204e-01 -1.151808863275719519e-01 4.102644461859607138e+06 4.020000000000219687e-04
4.029999999999999837e-04 5.138387044479434396e-01 -9.955755303899196385e-01 1.392808804804595013e-01 5.282961753470089287e+06 4.030000000000216135e-04
4.040000000000000080e-04 5.158287943457907643e-01 -1.275600023789776660e+00 4.155377761165744421e-01 5.322514471536750905e+06 4.040000000000218004e-04
4.049999999999999781e-04 4.660656762478819770e-01 -1.535292979344169861e+00 6.741523350787743674e-01 4.228320027780532837e+06 4.050000000000168916e-04
4.060000000000000024e-04 5.201716718387223715e-01 -1.742090067689822552e+00 8.733199831129163648e-01 2.603268145821417216e+06 4.060000000000154523e-04
4.069999999999999725e-04 5.155296665404709433e-01 -1.844091458086357216e+00 9.811037852621734556e-01 6.269219027419495396e+05 4.070000000000154766e-04
4.079999999999999968e-04 4.605118606488078359e-01 -1.853869402192481974e+00 9.555233935169473725e-01 -1.670502737587977201e+06 4.080000000000160430e-04
4.089999999999999669e-04 5.227500506633624422e-01 -1.690043539945029760e+00 8.168353596805775219e-01 -3.150812197269168217e+06 4.090000000000126520e-04
4.099999999999999912e-04 4.608181442130431793e-01 -1.468518550033194980e+00 5.958053191837238138e-01 -4.616663793039817363e+06 4.100000000000136521e-04
4.109999999999999613e-04 5.254933518006839055e-01 -1.212521716478474731e+00 3.290824120857554491e-01 -5.411312516689502634e+06 4.110000000000156822e-04
4.119999999999999856e-04 5.246469104763848978e-01 -9.561930593780931797e-01 5.775133347050025873e-02 -4.956475120782407932e+06 4.120000000000159776e-04
4.129999999999999557e-04 4.697681287242173598e-01 -6.906303511872132761e-01 -1.780972418132455437e-01 -3.637813497682162095e+06 4.130000000000199050e-04
4.139999999999999800e-04 4.612483354260943358e-01 -5.397308910589257991e-01 -3.386148072262316067e-01 -2.030118634984541917e+06 4.140000000000205798e-04
4.150000000000000043e-04 4.680843940963929639e-01 -5.155071314034291863e-01 -4.028030884492654895e-01 -1.903330261826618516e+05 4.150000000000204957e-04
4.159999999999999744e-04 5.111528148186136322e-01 -5.470405747864747203e-01 -3.309557155948619767e-01 2.112258551621789113e+06 4.160000000000204658e-04
4.169999999999999987e-04 4.867184100875432962e-01 -7.657583261329263813e-01 -1.627186349346037286e-01 3.649733013702926692e+06 4.170000000000203275e-04
4.179999999999999688e-04 5.226216351517175562e-01 -9.819954554615747400e-01 7.880791357041033729e-02 5.068230298185151070e+06 4.180000000000207313e-04
4.189999999999999931e-04 5.153321496633330723e-01 -1.273931415033511705e+00 3.530135585514715957e-01 5.431474563881354406e+06 4.190000000000190209e-04
4.199999999999999632e-04 4.802533719043856064e-01 -1.497804290958383300e+00 6.199326082688588757e-01 4.564731847620391287e+06 4.200000000000132447e-04
4.209999999999999875e-04 4.913205119454349679e-01 -1.718266781690816147e+00 8.383872360073743035e-01 3.019469935759135056e+06 4.210000000000146785e-04
4.219999999999999576e-04 4.851782107870615812e-01 -1.854017706045822944e+00 9.725507461689804067e-01 1.239009930030727061e+06 4.220000000000149196e-04
4.229999999999999819e-04 4.572744808263720095e-01 -1.910969645620430812e+00 9.922972331557843306e-01 -1.113219475142141106e+06 4.230000000000178170e-04
4.240000000000000062e-04 4.595386820724894905e-01 -1.791433094466684306e+00 8.898522913637162413e-01 -2.545481364464282058e+06 4.240000000000179498e-04
4.249999999999999763e-04 5.136534503586844824e-01 -1.634536177865298923e+00 6.963279017555524808e-01 -4.235162312783453614e+06 4.250000000000196004e-04
4.260000000000000006e-04 4.629689383085199283e-01 -1.376539986035387741e+00 4.417533444991543767e-01 -5.195658693493358791e+06 4.260000000000155047e-04
4.269999999999999707e-04 4.814432975823229599e-01 -1.117281923539794386e+00 1.676386010434956775e-01 -5.184016097964680754e+06 4.270000000000159627e-04
4.279999999999999950e-04 4.653320200062691092e-01 -8.151201604657685174e-01 -8.652781737001508100e-02 -4.180650003978622146e+06 4.280000000000109997e-04
4.289999999999999651e-04 4.893948118851262907e-01 -6.741736839692896721e-01 -2.790517906326464015e-01 -2.431042797126675490e+06 4.290000000000122708e-04
4.299999999999999894e-04 4.627599639818731903e-01 -5.621224865975108509e-01 -3.806331526167265333e-01 -8.818893792816197965e+05 4.300000000000133793e-04
4.309999999999999595e-04 4.670703576066069784e-01 -5.569041460929061715e-01 -3.543694889224304756e-01 1.719186094399777474e+06 4.310000000000130242e-04
4.319999999999999838e-04 5.221858737348508139e-01 -7.119079242896437787e-01 -2.137364590811500209e-01 3.231973418644236866e+06 4.320000000000112053e-04
4.329999999999999539e-04 4.839666763370691349e-01 -9.684640670969967280e-01 9.355040955897732727e-03 4.654951297204867937e+06 4.330000000000140486e-04
4.339999999999999782e-04 5.189171280817490572e-01 -1.199481945910789049e+00 2.781094180068037214e-01 5.449216851993690245e+06 4.340000000000128260e-04
4.350000000000000026e-04 5.167647943998795457e-01 -1.471705267512710247e+00 5.515024060049856791e-01 4.979106350414710119e+06 4.350000000000092183e-04
4.359999999999999726e-04 4.842851601351974011e-01 -1.753718776502457777e+00 7.894014790946232152e-01 3.691012668332628440e+06 4.360000000000115736e-04
4.369999999999999970e-04 4.991107015310522477e-01 -1.917639914224733344e+00 9.517443739931736868e-01 2.058310889554959023e+06 4.370000000000130074e-04
4.379999999999999671e-04 5.054816613485221266e-01 -1.911029008321383227e+00 9.976056182593544541e-01 -5.915666267499126261e+05 4.380000000000125438e-04
4.389999999999999914e-04 5.013451370610805258e-01 -1.804948588260733233e+00 8.923978173179136775e-01 -2.495982759939629585e+06 4.390000000000119176e-04
4.399999999999999615e-04 4.682942948201351263e-01 -1.665960027989736636e+00 6.964942902065003327e-01 -4.250801038756973110e+06 4.400000000000130803e-04
4.409999999999999858e-04 5.008152543229666964e-01 -1.356679445216824043e+00 4.408777518763892789e-01 -5.230497783186643384e+06 4.410000000000122372e-04
4.419999999999999559e-04 5.250231764291624081e-01 -1.103634700644115618e+00 1.673156408594537459e-01 -5.242766729557527229e+06 4.420000000000156226e-04
4.429999999999999802e-04 4.608102924177301940e-01 -8.480615823176153034e-01 -8.475970885548744782e-02 -4.111982526570513844e+06 4.430000000000200921e-04
4.440000000000000045e-04 4.735714813424772296e-01 -6.504060358868508640e-01 -2.736910085056679653e-01 -2.585464408248802181e+06 4.440000000000201164e-04
4.449999999999999746e-04 4.968681893323994014e-01 -6.143981235346163139e-01 -3.703709107938906175e-01 -4.118069557652373333e+05 4.450000000000179723e-04
4.459999999999999989e-04 5.248348594847570547e-01 -6.205594904765644459e-01 -3.372577986172183295e-01 1.519009260898193577e+06 4.460000000000163161e-04
4.469999999999999690e-04 5.066598363239436242e-01 -7.412618219545408227e-01 -1.922514428726856128e-01 3.389812535328385420e+06 4.470000000000164488e-04
4.479999999999999933e-04 4.581688050359259412e-01 -9.933591349288170003e-01 3.410962068301452710e-02 4.727974053013578057e+06 4.480000000000191294e-04
4.489999999999999634e-04 4.744396517399391833e-01 -1.291925634954845137e+00 3.037456674213294128e-01 5.367695946688575670e+06 4.490000000000206716e-04
4.499999999999999877e-04 4.733118969338609427e-01 -1.564830158832902329e+00 5.757586423768629169e-01 4.908869874589332379e+06 4.500000000000235149e-04
4.509999999999999578e-04 4.644193428738703222e-01 -1.758524772355397836e+00 8.098078268069442975e-01 3.467808418675349560e+06 4.510000000000283639e-04
4.519999999999999821e-04 4.961658054981440413e-01 -1.962846105608678560e+00 9.663508263031725942e-01 1.976333873720279196e+06 4.520000000000254608e-04
4.530000000000000064e-04 5.248446707287761637e-01 -1.972414106040628834e+00 1.012326015203427465e+00 -3.818151462831483805e+05 4.530000000000251057e-04
4.539999999999999765e-04 5.260866145666174276e-01 -1.905336574612988665e+00 9.231130620697638456e-01 -2.365381475158870220e+06 4.540000000000217147e-04
4.550000000000000008e-04 4.567721758580952085e-01 -1.704896513824304405e+00 7.392096280505081607e-01 -3.971507744142439682e+06 4.550000000000240159e-04
4.559999999999999709e-04 4.601380394905057458e-01 -1.482910696233174841e+00 4.897965704468950632e-01 -5.115534141516477801e+06 4.560000000000244197e-04
4.569999999999999952e-04 4.737563190786520106e-01 -1.165845334441872883e+00 2.164689241381279883e-01 -5.252034781744884327e+06 4.570000000000234140e-04
4.579999999999999653e-04 5.280603179887800591e-01 -9.346936236225089623e-01 -4.112591008351059590e-02 -4.335632398320043460e+06 4.580000000000178004e-04
4.589999999999999896e-04 4.827897490811314252e-01 -7.717205396852055976e-01 -2.415149634547078816e-01 -2.610133334647512995e+06 4.590000000000174453e-04
4.599999999999999597e-04 5.263743157115973181e-01 -6.231660913765335597e-01 -3.516756586333456558e-01 -9.638850163959080819e+05 4.600000000000163854e-04
4.609999999999999840e-04 5.245921777176020262e-01 -6.353468753726502216e-01 -3.434736515905147392e-01 1.230970460275070742e+06 4.610000000000151086e-04
4.619999999999999541e-04 4.724093133053625659e-01 -7.949743033108019885e-01 -2.178938598080167044e-01 2.906868649818214122e+06 4.620000000000181687e-04
4.629999999999999784e-04 5.243953003288531756e-01 -9.903500262099135254e-01 -5.071157237143568419e-03 4.544633317704734392e+06 4.630000000000181388e-04
4.640000000000000027e-04 4.606127837724722784e-01 -1.264784441328073994e+00 2.591805525587445036e-01 5.300803590581831522e+06 4.640000000000265657e-04
4.649999999999999728e-04 4.617048623440129784e-01 -1.511148957145618921e+00 5.335519298928892429e-01 5.018771957770957612e+06 4.650000000000208979e-04
4.659999999999999971e-04 4.605092295875466424e-01 -1.759647316399726824e+00 7.782566797209009568e-01 3.782900049185207579e+06 4.660000000000259638e-04
4.669999999999999672e-04 4.596452917176924724e-01 -1.960003577561956423e+00 9.523876904866703796e-01 2.264524067138078623e+06 4.670000000000221934e-04
4.679999999999999915e-04 4.863395089795161108e-01 -1.987461907878521616e+00 1.020820653895910368e+00 -3.699209500160570024e+05 4.680000000000214587e-04
4.689999999999999616e-04 4.955255421547733463e-01 -1.896485954687283426e+00 9.284113217052021305e-01 -2.259571790655352175e+06 4.690000000000217541e-04
4.699999999999999859e-04 4.641123911483319708e-01 -1.770379455344277986e+00 7.432225853678008365e-01 -4.062946338038116693e+06 4.700000000000245431e-04
4.709999999999999560e-04 4.608623336654376068e-01 -1.477630200520656745e+00 4.934527010788506418e-01 -5.088873661768551916e+06 4.710000000000212064e-04
4.719999999999999803e-04 5.045552194501101706e-01 -1.258866586409005839e+00 2.206872250996915474e-01 -5.242183541253071278e+06 4.720000000000209054e-04
4.730000000000000046e-04 5.300744960539442996e-01 -9.677000279814351735e-01 -3.556860860155379445e-02 -4.300618872945339419e+06 4.730000000000190866e-04
4.739999999999999747e-04 4.871670852924927519e-01 -7.431476910711251049e-01 -2.336877569530821930e-01 -2.783997382109574508e+06 4.740000000000171593e-04
4.749999999999999990e-04 4.763373233818010144e-01 -6.382263868449040700e-01 -3.416744812176314428e-01 -1.295734696698845364e+06 4.750000000000198942e-04
4.759999999999999691e-04 4.688061126938000145e-01 -7.150687630097734004e-01 -3.239132370255230486e-01 1.402379365452815546e+06 4.760000000000190511e-04
4.769999999999999934e-04 4.571350228484233891e-01 -8.237251045226894330e-01 -1.868001300771615358e-01 3.197910175939201843e+06 4.770000000000190212e-04
4.779999999999999635e-04 4.675972247947187133e-01 -1.028972353924667571e+00 3.356984017792464386e-02 4.669242127910046838e+06 4.780000000000163892e-04
4.789999999999999879e-04 5.239900907763712645e-01 -1.332447807257882921e+00 3.006100764876703524e-01 5.425589359979080968e+06 4.790000000000152751e-04
4.799999999999999580e-04 5.219422369431624409e-01 -1.580040133771880129e+00 5.731855590073580142e-01 4.987830636537763290e+06 4.800000000000183352e-04
4.809999999999999823e-04 4.883446393123712093e-01 -1.866234354834471310e+00 8.112909517611375243e-01 3.721324044489275664e+06 4.810000000000209074e-04
4.819999999999999524e-04 4.824433537385822701e-01 -2.031332406259136025e+00 9.746624589052770293e-01 2.131997204257305246e+06 4.820000000000184922e-04
4.829999999999999767e-04 4.638686176899364244e-01 -2.017102578240800970e+00 1.015025101190283774e+00 -1.046297424431537744e+06 4.830000000000201970e-04
4.840000000000000010e-04 5.032761053089307435e-01 -1.963160181829887829e+00 8.989419951928423469e-01 -2.904110720920563675e+06 4.840000000000178903e-04
4.849999999999999711e-04 5.293610996023878634e-01 -1.713443867421694744e+00 6.951463511549837992e-01 -4.369787652508708648e+06 4.850000000000179688e-04
4.859999999999999954e-04 5.315788045962055453e-01 -1.460978684548217110e+00 4.366295526233585078e-01 -5.319481233021955006e+06 4.860000000000196736e-04
4.869999999999999655e-04 5.287158771455826578e-01 -1.216041268559671318e+00 1.649255398131941330e-01 -5.112899037243628874e+06 4.870000000000205653e-04
4.879999999999999898e-04 5.330891145479620397e-01 -9.576136283984345576e-01 -8.029820001558521381e-02 -3.913275046673312318e+06 4.880000000000218364e-04
4.889999999999999599e-04 4.538809408949456281e-01 -7.928235336152139601e-01 -2.579990108500435642e-01 -2.249506719331206754e+06 4.890000000000290165e-04
4.899999999999999842e-04 4.845109701222820031e-01 -7.347245834326989744e-01 -3.408822750841135618e-01 -9.502575319516981835e+04 4.900000000000312092e-04
4.910000000000000085e-04 5.248970451806619364e-01 -8.050269221571196843e-01 -2.508655378982803663e-01 2.300752204770447221e+06 4.910000000000314503e-04
4.919999999999999244e-04 4.717839192359327694e-01 -9.539961878859871680e-01 -6.521026317322735355e-02 4.088646280417456757e+06 4.920000000000297399e-04
4.929999999999999487e-04 5.200418467846879000e-01 -1.214927357320203516e+00 1.858385896097222434e-01 5.236261075719071552e+06 4.930000000000242348e-04
4.939999999999999730e-04 5.101474918492959754e-01 -1.484139596892490198e+00 4.605643931940862634e-01 5.303088682455971837e+06 4.940000000000255602e-04
4.949999999999999973e-04 4.681731326986501296e-01 -1.746410337861330708e+00 7.194733981569074732e-01 4.251811635998252779e+06 4.950000000000291623e-04
4.960000000000000216e-04 4.771408317836243751e-01 -2.003622990792226943e+00 9.208456380868627056e-01 2.847655324355734047e+06 4.960000000000274519e-04
4.969999999999999375e-04 4.751377021976518344e-01 -2.058693328513604204e+00 1.032758546006272926e+00 8.641011449889633805e+05 4.970000000000284520e-04
4.979999999999999618e-04 4.819814970505089113e-01 -2.005347829140097016e+00 9.828862608962277703e-01 -1.740239260578710586e+06 4.980000000000230553e-04
4.989999999999999861e-04 4.655832145854318926e-01 -1.910418643200306965e+00 8.235802635225583090e-01 -3.628870938185608014e+06 4.990000000000238385e-04
5.000000000000000104e-04 5.331611287545979794e-01 -1.649508721081556883e+00 5.891745337906529878e-01 -4.948361815280309878e+06 5.000000000000223450e-04
5.009999999999999263e-04 4.947048467260516391e-01 -1.417669535444059825e+00 3.196130926776053482e-01 -5.320588729426529258e+06 5.010000000000238872e-04
5.019999999999999506e-04 5.195806301629299906e-01 -1.094184118505561631e+00 5.495059603636888446e-02 -4.695725750928003341e+06 5.020000000000281399e-04
5.029999999999999749e-04 4.527448890562041917e-01 -8.972762396147683228e-01 -1.637981501430079700e-01 -3.175975053272090852e+06 5.030000000000266463e-04
5.039999999999999992e-04 5.097289446956385639e-01 -7.383524791130374743e-01 -2.992460654889118055e-01 -1.595465056270876201e+06 5.040000000000234180e-04
5.050000000000000235e-04 5.277330663272647993e-01 -7.648412722315912626e-01 -3.040893983989507721e-01 1.374381749073867220e+06 5.050000000000225749e-04
5.059999999999999394e-04 5.261974675017530023e-01 -9.131064756639294400e-01 -1.679161132265071521e-01 3.129076109097063541e+06 5.060000000000195635e-04
5.069999999999999637e-04 5.231758945944072758e-01 -1.141164152246712638e+00 5.217512935790778739e-02 4.665367209907611832e+06 5.070000000000212141e-04
5.079999999999999880e-04 4.570728365198499787e-01 -1.404697252291389864e+00 3.190159636348904870e-01 5.313158219328309409e+06 5.080000000000217805e-04
5.090000000000000123e-04 4.946764779496811149e-01 -1.701083348568405818e+00 5.915314008925434131e-01 5.009026704376139678e+06 5.090000000000197448e-04
5.099999999999999282e-04 4.597455463402835285e-01 -1.893906669684349620e+00 8.295850197125933523e-01 3.590711710976163391e+06 5.100000000000208533e-04
5.109999999999999525e-04 4.614961498364357761e-01 -2.057451897502602822e+00 9.931500143849021356e-01 1.937457568140471820e+06 5.110000000000239134e-04
5.119999999999999768e-04 4.693184394918131774e-01 -2.117734683994478839e+00 1.058993561351066592e+00 1.143007167045181704e+05 5.120000000000168904e-04
5.130000000000000011e-04 5.282626428745748060e-01 -2.081151500209394101e+00 1.000461136158953712e+00 -1.709808321875761962e+06 5.130000000000144210e-04
5.140000000000000254e-04 4.565644403616073155e-01 -1.922509914738395720e+00 8.450309788240244480e-01 -3.469533254642817657e+06 5.140000000000131443e-04
5.149999999999999413e-04 5.018797173169317061e-01 -1.671128168008411574e+00 6.125654842161822877e-01 -4.838727251419408247e+06 5.150000000000110002e-04
5.159999999999999656e-04 4.589332854011228258e-01 -1.451379088253338612e+00 3.428539308011451792e-01 -5.293835221430205740e+06 5.160000000000085308e-04
5.169999999999999899e-04 4.849554645952762755e-01 -1.202644845424725162e+00 7.612533139396608639e-02 -4.646621370531786233e+06 5.170000000000112656e-04
5.180000000000000143e-04 5.092306971355946565e-01 -9.770065659185764861e-01 -1.467440887957421614e-01 -3.164796365724338219e+06 5.180000000000109647e-04
5.189999999999999301e-04 4.952216052401841595e-01 -7.766834152811855629e-01 -2.880513460797761160e-01 -1.725966086023646640e+06 5.190000000000113143e-04
5.199999999999999544e-04 5.265903815858160586e-01 -7.847110305350579740e-01 -3.190981289917651509e-01 6.570537248459383845e+05 5.200000000000127480e-04
5.209999999999999788e-04 4.762112943039232271e-01 -9.083184569045893442e-01 -2.221041868212867421e-01 2.428925086808651220e+06 5.210000000000143986e-04
5.220000000000000031e-04 4.575125858096095177e-01 -1.079824171035718594e+00 -2.997626856364626544e-02 4.116792167891503312e+06 5.220000000000174587e-04
5.230000000000000274e-04 5.190745925466092592e-01 -1.348014142325185460e+00 2.245566253895199260e-01 5.258564843145077117e+06 5.230000000000135799e-04
5.239999999999999433e-04 4.959933962952561837e-01 -1.637493455373136619e+00 4.998063430739845270e-01 5.287284804849844426e+06 5.240000000000111105e-04
5.249999999999999676e-04 5.258827546407827125e-01 -1.867158316749968128e+00 7.562572099625483046e-01 4.252981716222212650e+06 5.250000000000053886e-04
5.259999999999999919e-04 4.597965203316197180e-01 -2.076785080551642348e+00 9.524120102707536173e-01 2.691426383640643209e+06 5.260000000000069308e-04
5.270000000000000162e-04 4.979903675396379903e-01 -2.198544747351978579e+00 1.055986328890873294e+00 1.237177867813551798e+06 5.270000000000051119e-04
5.279999999999999321e-04 5.147082958471591585e-01 -2.147180031571532588e+00 1.004943925343430688e+00 -1.954081303130774293e+06 5.280000000000000405e-04
5.289999999999999564e-04 4.857449525863321571e-01 -1.930394849072749830e+00 8.466628688502714217e-01 -3.464901484652357642e+06 5.289999999999994143e-04
5.299999999999999807e-04 5.288286401016482063e-01 -1.743187670795336208e+00 6.126016548816587415e-01 -4.953148559130071662e+06 5.299999999999974870e-04
5.310000000000000050e-04 5.311085073455726890e-01 -1.460153565465923231e+00 3.427374971007114968e-01 -5.394247970085508190e+06 5.310000000000009808e-04
5.320000000000000293e-04 5.099365859183110361e-01 -1.229374717938239714e+00 7.728789136732451548e-02 -4.627103096839973703e+06 5.320000000000063177e-04
5.329999999999999452e-04 4.537079163915772595e-01 -9.830094512716368582e-01 -1.428938526925812580e-01 -3.186851053755341563e+06 5.329999999999981020e-04
5.339999999999999695e-04 4.558953900999390130e-01 -8.592465570339451464e-01 -2.807262725364833011e-01 -1.524742843342886772e+06 5.339999999999923801e-04
5.349999999999999938e-04 5.282790414303306648e-01 -8.281384301553929017e-01 -3.076714307868543274e-01 5.691368438480851473e+05 5.349999999999980422e-04
5.360000000000000181e-04 5.258725747828888464e-01 -9.045932234938593997e-01 -2.153421614580750265e-01 2.472763138879223727e+06 5.359999999999973076e-04
5.369999999999999340e-04 4.730703845384821582e-01 -1.078264462059541851e+00 -2.656385473537389158e-02 4.147181229636088014e+06 5.369999999999963561e-04
5.379999999999999583e-04 5.225529821212208104e-01 -1.344543151373429835e+00 2.260450191246091978e-01 5.260253163790887222e+06 5.380000000000020183e-04
5.389999999999999826e-04 4.865707687090686240e-01 -1.605184211362873592e+00 5.006609146452808412e-01 5.235718104417524301e+06 5.390000000000057289e-04
5.400000000000000069e-04 4.855983166333592838e-01 -1.928154115280704239e+00 7.578258743111120355e-01 4.320075587984219193e+06 5.399999999999995732e-04
5.409999999999999228e-04 4.753439549897621186e-01 -2.066452130484660810e+00 9.558276660106046485e-01 2.556722225873213261e+06 5.410000000000041512e-04
5.419999999999999471e-04 4.729652353050369795e-01 -2.177181018805703694e+00 1.063407826012730872e+00 8.086497339496152708e+05 5.420000000000005976e-04
5.429999999999999714e-04 4.546318510620447895e-01 -2.154613323987748963e+00 9.934932557829639910e-01 -2.245889484568637796e+06 5.430000000000006219e-04
5.439999999999999957e-04 4.526396881892381097e-01 -1.978390000313880792e+00 8.218825706855402702e-01 -3.794186943111042492e+06 5.440000000000054167e-04
5.450000000000000200e-04 5.187867748941265011e-01 -1.701150329649443904e+00 5.801573402154406311e-01 -5.026695482792910188e+06 5.450000000000162831e-04
5.459999999999999359e-04 4.850492394938111795e-01 -1.495585560255987767e+00 3.093367858059740683e-01 -5.256909364688239992e+06 5.460000000000067664e-04
5.469999999999999602e-04 4.539997945382402422e-01 -1.214722039238586460e+00 4.905724562896342233e-02 -4.384444630261716433e+06 5.470000000000074412e-04
5.479999999999999845e-04 5.329885640272782332e-01 -1.002937314325607954e+00 -1.590758417393676460e-01 -2.859640426270203199e+06 5.480000000000116939e-04
5.490000000000000088e-04 4.653826301671540322e-01 -9.032351679182860638e-01 -2.810901207805653335e-01 -1.126853752119576326e+06 5.490000000000092245e-04
5.499999999999999247e-04 5.211729964212747923e-01 -8.928977635664816503e-01 -2.913091118102421606e-01 2.786306803100967081e+05 5.500000000000113088e-04
5.509999999999999490e-04 5.274787227337192075e-01 -9.818761590364621927e-01 -1.950772894204395869e-01 2.429928267151999287e+06 5.510000000000132847e-04
5.519999999999999733e-04 4.554563552235615376e-01 -1.143985208269934439e+00 -3.155990706066054158e-03 4.159856829355472233e+06 5.520000000000089722e-04
5.529999999999999976e-04 4.987154105530896553e-01 -1.449276735249662940e+00 2.505343360476524062e-01 5.194285635585983284e+06 5.530000000000217901e-04
5.540000000000000219e-04 4.887628946042243960e-01 -1.724705077563269739e+00 5.240816776739224414e-01 5.234563208945772611e+06 5.540000000000194292e-04
5.549999999999999378e-04 5.318250353637812289e-01 -1.939300321216677947e+00 7.779457588564847592e-01 4.181428586632900871e+06 5.550000000000300786e-04
5.559999999999999621e-04 4.527155389460191248e-01 -2.141738625519092221e+00 9.707356107704476766e-01 2.597052987210956868e+06 5.560000000000304282e-04
5.569999999999999864e-04 4.878094212339337266e-01 -2.205955003377891632e+00 1.070870897648630082e+00 3.473120292963008396e+05 5.570000000000265494e-04
5.580000000000000107e-04 5.164920689285124045e-01 -2.198414310990888687e+00 9.925368026013261513e-01 -2.310282240706356708e+06 5.580000000000216948e-04
5.589999999999999266e-04 4.488435805936530354e-01 -1.998917318802027943e+00 8.173200633446203733e-01 -3.850067176736810710e+06 5.590000000000263812e-04
5.599999999999999509e-04 4.518841830154682881e-01 -1.767271698726492257e+00 5.739147482119384414e-01 -5.000948748331476934e+06 5.600000000000328023e-04
5.609999999999999752e-04 4.852293885012916030e-01 -1.444139617617904436e+00 3.036831821154241107e-01 -5.245719546312954277e+06 5.610000000000381392e-04
5.619999999999999996e-04 5.095912056673660429e-01 -1.192244034487907278e+00 4.639917261298813489e-02 -4.427020324113409035e+06 5.620000000000340435e-04
5.630000000000000239e-04 4.770675990781413911e-01 -1.063930771114137031e+00 -1.565416495076848158e-01 -2.675980212848416064e+06 5.630000000000288636e-04
5.639999999999999397e-04 4.512112417277880372e-01 -9.288897850937128942e-01 -2.717241995026912216e-01 -1.163841562992988620e+06 5.640000000000284543e-04
5.649999999999999641e-04 4.821740212687703475e-01 -9.861617754978123651e-01 -2.366822638091575226e-01 1.698302655330784153e+06 5.650000000000342248e-04
5.659999999999999884e-04 4.536035941825954931e-01 -1.121344837501603520e+00 -7.819708149559125021e-02 3.520252037764478009e+06 5.660000000000326228e-04
5.670000000000000127e-04 4.992403039967626688e-01 -1.312185700146028866e+00 1.561794735346451191e-01 4.956823415596469305e+06 5.670000000000249493e-04
5.679999999999999286e-04 4.523617189126634131e-01 -1.613552174517307369e+00 4.266468212103188828e-01 5.281292726327865385e+06 5.680000000000210705e-04
5.689999999999999529e-04 5.327693547008625075e-01 -1.887609735206071226e+00 6.929476121047982717e-01 4.721056893419367261e+06 5.690000000000269495e-04
5.699999999999999772e-04 4.580485571830160141e-01 -2.130986527486246729e+00 9.142611223163508161e-01 3.275287080173989758e+06 5.700000000000253475e-04
5.710000000000000015e-04 5.101158076526554064e-01 -2.281264402835153859e+00 1.052488402187082173e+00 1.673950407244080445e+06 5.710000000000234202e-04
5.720000000000000258e-04 5.379059861929057496e-01 -2.233744778983473456e+00 1.039879370661225266e+00 -1.481775084199356847e+06 5.720000000000234446e-04
5.729999999999999417e-04 4.859824958013919116e-01 -2.137608507709312100e+00 8.954991953399263904e-01 -3.420999427999504842e+06 5.730000000000175057e-04
5.739999999999999660e-04 4.525005895401748579e-01 -1.857409162805067515e+00 6.711612803768625124e-01 -4.654119346195596270e+06 5.740000000000206742e-04
5.749999999999999903e-04 4.955571437667234402e-01 -1.651247272325327975e+00 4.056999726049091426e-01 -5.303554970726389438e+06 5.750000000000180965e-04
5.760000000000000146e-04 5.356095942707687074e-01 -1.333028205719316128e+00 1.397060245114290222e-01 -4.823812666217942722e+06 5.760000000000181208e-04
5.769999999999999305e-04 5.327383563046693693e-01 -1.142440498450211228e+00 -8.618627352927349383e-02 -3.307644363646428566e+06 5.770000000000169525e-04
5.779999999999999548e-04 4.982215660073124330e-01 -1.017286664309782429e+00 -2.334394523011015798e-01 -1.442588947044499684e+06 5.780000000000104715e-04
5.789999999999999791e-04 4.536881054523122514e-01 -9.525927683612931407e-01 -2.532566925297138893e-01 1.624561633899424458e+06 5.790000000000075685e-04
5.800000000000000034e-04 5.331885102695544942e-01 -1.099431209212370364e+00 -1.193119009021123555e-01 3.100789867399480194e+06 5.799999999999995697e-04
5.810000000000000277e-04 5.191825962494145408e-01 -1.342346611357867481e+00 9.827698739593336563e-02 4.596457198688375764e+06 5.809999999999972088e-04
5.819999999999999436e-04 4.517836931498594999e-01 -1.582299007738616092e+00 3.632043079292309740e-01 5.272462746423019096e+06 5.819999999999950647e-04
5.829999999999999679e-04 4.871127263289672937e-01 -1.891510306284922560e+00 6.343787079266774986e-01 4.987186385857364163e+06 5.829999999999902101e-04
5.839999999999999922e-04 4.973860386768865771e-01 -2.059840245133552017e+00 8.716011824016061116e-01 3.543065203953193966e+06 5.839999999999870902e-04
5.850000000000000165e-04 5.122106143165301440e-01 -2.289618797530842187e+00 1.034490509609105047e+00 2.078487353076939238e+06 5.849999999999874398e-04
5.859999999999999324e-04 5.207034146916882378e-01 -2.281187067039155636e+00 1.081415185544804425e+00 -4.876881096507300972e+05 5.859999999999876809e-04
5.869999999999999567e-04 4.789540124457330461e-01 -2.169670588761991592e+00 9.779633001069730769e-01 -2.485545573232430499e+06 5.869999999999867294e-04
5.879999999999999810e-04 4.848275114424250853e-01 -1.976348918750834072e+00 7.831428714095559629e-01 -4.123614900907936972e+06 5.879999999999862116e-04
5.890000000000000053e-04 5.387054871325629435e-01 -1.760549483782751778e+00 5.295993626382969888e-01 -5.258809011257993989e+06 5.889999999999782129e-04
5.899999999999999212e-04 5.183280203355186133e-01 -1.525334854378552096e+00 2.588965196759754894e-01 -5.131674582637926564e+06 5.899999999999733583e-04
5.909999999999999455e-04 5.091428423980378648e-01 -1.212535298922578386e+00 1.054102004195477289e-02 -4.104660702897533309e+06 5.909999999999651426e-04
5.919999999999999698e-04 4.499043852396551468e-01 -1.075959777525520300e+00 -1.740244832475160985e-01 -2.396610277760959230e+06 5.919999999999599628e-04
5.929999999999999941e-04 5.142696545526179719e-01 -1.008538559589808203e+00 -2.636357039336220676e-01 -1.120201767432363849e+05 5.929999999999612881e-04
5.940000000000000184e-04 4.569108166124654646e-01 -9.454812994730672493e-01 -2.649514688287611386e-01 -1.013987635002610274e+06 5.939999999999678176e-04
5.949999999999999343e-04 5.484488623219931913e-01 -9.966352468924376540e-01 -2.514882155957224863e-01 3.108351697968969238e+05 5.949999999999662156e-04
5.959999999999999586e-04 4.383981612660975968e-01 -9.977872361886646058e-01 -2.539341917747923727e-01 8.783943010704646586e+05 5.959999999999666736e-04
5.969999999999999829e-04 4.740684555025925229e-01 -9.518576472022745039e-01 -2.437573128261169286e-01 -1.019806577824525884e+06 5.969999999999665895e-04
5.980000000000000072e-04 5.698205861502950720e-01 -1.005319057422303652e+00 -2.316687136945471681e-01 1.775867858998714364e+05 5.979999999999723601e-04
5.989999999999999231e-04 4.309862234952698268e-01 -9.924323555407226216e-01 -2.336491276300473041e-01 1.075467450511698378e+06 5.989999999999706497e-04
5.999999999999999474e-04 4.953891927541345108e-01 -9.662992721876406677e-01 -2.241903415348055484e-01 -9.159084334230915410e+05 5.999999999999683972e-04
6.009999999999999717e-04 5.470774438986852894e-01 -9.882885333943493000e-01 -2.161020696218455550e-01 8.574493102342054481e+05 6.009999999999733004e-04
6.019999999999999961e-04 5.077682411933703843e-01 -9.775604438716782862e-01 -2.117078410627319107e-01 -8.244585434645384084e+05 6.019999999999739752e-04
6.030000000000000204e-04 4.233489740883757957e-01 -1.001959811962370273e+00 -2.094740848178987536e-01 1.030602804121038294e+06 6.029999999999731321e-04
6.039999999999999362e-04 5.977312966470745836e-01 -1.018116356307382508e+00 -1.953707014640581052e-01 3.220913739194115042e+05 6.039999999999741322e-04
6.049999999999999606e-04 6.049181783658907907e-01 -1.019396726475162440e+00 -1.894257981245309475e-01 -8.106740374819138378e+04 6.049999999999709039e-04
6.059999999999999849e-04 6.072108102121007711e-01 -1.019655201710779169e+00 -1.839070934895858378e-01 -1.390966959905178519e+05 6.059999999999709282e-04
6.070000000000000092e-04 6.222213491264138030e-01 -1.026384194816113871e+00 -1.773966232695728118e-01 1.351883528745496005e+05 6.069999999999712778e-04
6.079999999999999251e-04 4.197902571066546851e-01 -1.008937574529704673e+00 -1.825668964239659520e-01 8.364605824836019892e+05 6.079999999999711937e-04
6.089999999999999494e-04 6.463282375061655260e-01 -1.028263586261913609e+00 -1.657471651811799063e-01 8.041532650813004875e+04 6.089999999999728443e-04
6.099999999999999737e-04 7.117877344231674508e-01 -1.042982088696040366e+00 -1.524816956595932971e-01 5.499830512613144238e+05 6.099999999999714591e-04
6.109999999999999980e-04 8.518773463931691436e-01 -1.164575493184452304e+00 -8.363884486349970615e-02 1.911785752388670342e+06 6.109999999999707245e-04
6.120000000000000223e-04 8.648050151450852319e-01 -1.400016546983996912e+00 6.998853241973326811e-02 3.563329109556179494e+06 6.119999999999710741e-04
6.129999999999999382e-04 7.918201106655499144e-01 -1.828695012251369212e+00 2.780827634623705413e-01 4.441057191091096960e+06 6.129999999999706647e-04
