3.839803959558934499e-01 -5.567114591908634003e-01 2.973605731750986747e-01 -3.788403034663673490e+06 9.999999999999999547e-07
6.876572799600669805e-01 -3.412848012102976392e-01 7.160938858035736931e-02 -4.728043710536926053e+06 1.999999999999999909e-06
5.540749722470067473e-01 -2.079609618904822155e-01 -1.510697980078846425e-01 -3.787680190818503033e+06 3.000000000000000076e-06
6.921727297165758408e-01 3.565669293697907444e-02 -3.292345295328133470e-01 -2.604321250731243286e+06 3.999999999999999819e-06
5.389223941692127262e-01 4.864023849002280242e-02 -4.143572871025325011e-01 -1.325865051491306804e+05 4.999999999999999562e-06
6.706866648239721007e-01 1.817437916417654620e-01 -4.383964373160096906e-01 5.627416689694853267e+05 5.999999999999999305e-06
6.772969222348919072e-01 1.002781027968025762e-01 -3.689202943292445025e-01 2.166190228351443540e+06 6.999999999999999048e-06
4.428328562963176340e-01 -6.460657318460790582e-03 -2.129096455791858189e-01 3.523510771145488601e+06 7.999999999999999638e-06
3.912972945180302475e-01 -3.127060309695589013e-01 -1.226926272717728536e-03 4.077068087071662769e+06 9.000000000000000228e-06
6.805621174361022874e-01 -5.445363471282196333e-01 2.284269470480321529e-01 4.584204515840551816e+06 1.000000000000000082e-05
6.846747921440717866e-01 -7.414479152933564077e-01 4.358728503809488064e-01 3.518816533014191780e+06 1.100000000000000141e-05
6.739616001191734984e-01 -8.599379951986776405e-01 5.804088898409487385e-01 1.642887143766170368e+06 1.200000000000000200e-05
6.705042713886959493e-01 -9.700625198115654380e-01 6.381879959465523999e-01 1.162241765659788653e+05 1.300000000000000259e-05
4.077742271352738923e-01 -8.565697951061655990e-01 6.185106710770408300e-01 6.551759848003060324e+05 1.400000000000000318e-05
5.954885646507395158e-01 -1.036425746118339264e+00 6.549294906086723378e-01 -8.573363588241342222e+05 1.500000000000000377e-05
3.605146494597039619e-01 -9.077545189887729071e-01 6.435099152536105649e-01 7.838136044557439163e+05 1.600000000000000266e-05
4.792462675888240486e-01 -1.088333976874835241e+00 6.889890904157591756e-01 -4.607803385213055881e+05 1.700000000000000325e-05
3.446191031226917278e-01 -9.035586355371503231e-01 6.578916100326600569e-01 -3.461314324537336361e+05 1.800000000000000384e-05
5.787911423968175040e-01 -8.550724280434616187e-01 6.399286792817112657e-01 1.213781184363341745e+05 1.900000000000000443e-05
4.193405638990974627e-01 -8.664556011693611559e-01 6.507876943620238830e-01 -5.667219244135224726e+05 2.000000000000000502e-05
3.800425757978784791e-01 -8.468533436365651701e-01 6.607699498768039303e-01 -2.059264708874225034e+05 2.100000000000000561e-05
3.885888455615290060e-01 -8.505671978713524872e-01 6.652050981153677656e-01 -3.532948755533524673e+05 2.200000000000000620e-05
4.843709225702813592e-01 -8.816875319513102216e-01 6.650953031382538239e-01 -6.521864365564180771e+05 2.300000000000000679e-05
5.784745671372789610e-01 -8.652541601528196402e-01 6.670675145306400600e-01 2.500350928135561990e+05 2.400000000000000738e-05
4.007606737204686964e-01 -8.382687256829967071e-01 6.826524493638791435e-01 1.902602355357610504e+05 2.500000000000000797e-05
5.716613288848750862e-01 -8.723220581575732435e-01 6.793018367952692316e-01 2.695591267474290216e+05 2.600000000000000856e-05
4.397577879928112887e-01 -8.932592067946946157e-01 6.909922664765713041e-01 -8.064485156690300209e+05 2.700000000000000915e-05
4.170996783646249151e-01 -8.537229964306970453e-01 7.001195641284616578e-01 5.458690194479632191e+05 2.800000000000000974e-05
5.170962611935661091e-01 -9.042743445448201411e-01 7.004503245037566606e-01 9.088304797237757593e+05 2.900000000000001033e-05
5.516734976683143055e-01 -8.914556733336291838e-01 7.048414123077954008e-01 4.983238784126076498e+05 3.000000000000001092e-05
5.542599074906455758e-01 -8.904419270031916911e-01 7.107639085387275069e-01 3.025925854113993701e+05 3.100000000000000813e-05
5.516379609644811444e-01 -8.927935554146292363e-01 7.170813783832833410e-01 2.134519634165673924e+05 3.200000000000000533e-05
5.477241663564832441e-01 -8.958972458804890238e-01 7.235846932937455289e-01 1.457477808609761123e+05 3.300000000000000253e-05
5.431349907803689758e-01 -8.998284534989067218e-01 7.301316247403414339e-01 2.785225718198022378e+02 3.399999999999999973e-05
5.368440796663794812e-01 -9.085551814334262843e-01 7.369833504787388634e-01 -2.221023154766188527e+05 3.499999999999999693e-05
4.997687249557682398e-01 -9.449652542864592775e-01 7.466496080393336676e-01 -8.037971366553149419e+05 3.599999999999999414e-05
4.645282529337356192e-01 -9.304952131979434826e-01 7.572457447726159696e-01 9.524835767855112208e+05 3.699999999999999134e-05
4.632648792663246473e-01 -8.787217499346263727e-01 7.263209180825456190e-01 -1.393631553757485235e+06 3.799999999999998854e-05
4.607398451539366779e-01 -7.535879890831898020e-01 5.944562202098657711e-01 -3.053220265965506900e+06 3.899999999999998574e-05
4.596231455253858567e-01 -5.443004547108772906e-01 3.781102286808226132e-01 -4.547989810145475902e+06 3.999999999999998294e-05
5.217890148709504183e-01 -2.934924758800689926e-01 1.127409599001418933e-01 -5.408911197077189572e+06 4.099999999999998015e-05
5.217965341605834695e-01 -2.181728626375786448e-02 -1.604221414251382205e-01 -5.045157779137579724e+06 4.199999999999997735e-05
4.856066334621016445e-01 1.981137029771205260e-01 -4.015121793725072163e-01 -3.656805115014270414e+06 4.299999999999997455e-05
4.712941596428817381e-01 4.150519288963635534e-01 -5.700498148609166593e-01 -2.177286142475987785e+06 4.399999999999997175e-05
5.160331744824842026e-01 4.450384094494048703e-01 -6.385979162242797491e-01 1.468056006052285920e+04 4.499999999999996895e-05
4.629653530650453264e-01 4.402045069055923188e-01 -6.399636047828451968e-01 4.493906790149054723e+05 4.599999999999996615e-05
4.606501701986540631e-01 4.763383060272786129e-01 -6.299663112760957029e-01 -8.869648162334342487e+05 4.699999999999996336e-05
5.040435585102095439e-01 4.772921894586289460e-01 -6.210132073337206737e-01 -7.818789170668532606e+05 4.799999999999996056e-05
5.242809454873782471e-01 4.641518119604802206e-01 -6.135492116733182177e-01 -6.082615748114106245e+05 4.899999999999995776e-05
5.341633530049008094e-01 4.541786318716565796e-01 -6.064100835016313917e-01 -5.066314309226217447e+05 4.999999999999995496e-05
5.390343105977030147e-01 4.480109598984826635e-01 -5.997683926277656008e-01 -4.634039855495881056e+05 5.099999999999995216e-05
5.491765788278942795e-01 4.381307494251719947e-01 -5.928323457953240672e-01 -3.277389790519948001e+05 5.199999999999994937e-05
5.611195222851456110e-01 4.259043688367636915e-01 -5.857392450068356071e-01 -3.301748435725364106e+04 5.299999999999994657e-05
5.535882368616513727e-01 4.276835003479426134e-01 -5.802164195209403852e-01 5.297222961963698035e+05 5.399999999999994377e-05
4.201120590509059283e-01 4.082097352308932670e-01 -5.806728881368352635e-01 8.054737943367103580e+05 5.499999999999994097e-05
4.313866687582955661e-01 4.274145922115332175e-01 -5.729990293330335938e-01 -7.671434470524226781e+05 5.599999999999993817e-05
5.695965123522565010e-01 4.126100507673435835e-01 -5.611088418911136522e-01 3.663065529483490391e+05 5.699999999999993538e-05
3.986382560571076206e-01 3.877550047826767154e-01 -5.638882874594582928e-01 -2.985184019386661239e+05 5.799999999999993258e-05
4.940341395133780455e-01 4.216189445390282065e-01 -5.526211842302255484e-01 8.751275981298298575e+05 5.899999999999992978e-05
5.856099182261933489e-01 4.008572448487078832e-01 -5.427328534761522993e-01 1.363289429715725128e+05 5.999999999999992698e-05
5.822631689666268873e-01 4.005941603128673756e-01 -5.372833935745182643e-01 -8.686523625153338071e+04 6.099999999999992418e-05
5.906735822437456651e-01 3.962003279822841617e-01 -5.314184691775526437e-01 9.929237327199174615e+04 6.199999999999992138e-05
4.404107273113315735e-01 4.041884846388843489e-01 -5.329289059323844002e-01 7.135945799952115631e+05 6.299999999999991859e-05
3.617909992506617711e-01 4.172498184830647494e-01 -5.359856400587288405e-01 -4.241049210569751449e+05 6.399999999999991579e-05
3.433624886757774552e-01 5.354057827830133176e-01 -5.573129229651065941e-01 -6.273655989969279617e+05 6.499999999999991299e-05
3.503840320256748631e-01 5.660763462857089090e-01 -5.515667416820776436e-01 1.152794196535026189e+06 6.599999999999991019e-05
3.948610246716721117e-01 4.155229396526674002e-01 -5.178296394346619813e-01 -3.601323083832995035e+05 6.699999999999990739e-05
6.054702840801637898e-01 5.704105811526791747e-01 -5.323234389160271807e-01 1.234746098705325276e+06 6.799999999999990460e-05
6.694673711324989895e-01 3.902743026232438628e-01 -4.821504152161157353e-01 1.214514878658849513e+06 6.899999999999990180e-05
7.222285171526606762e-01 3.231072970871873840e-01 -3.447220024288777385e-01 3.488845145688975230e+06 6.999999999999989900e-05
7.193765235603357677e-01 1.181306624511429815e-01 -1.363798471551919966e-01 4.645540068337969482e+06 7.099999999999989620e-05
4.310070313790826946e-01 -7.141903354420189864e-02 9.875696769847919221e-02 4.227278765916108154e+06 7.199999999999989340e-05
4.049959673029418505e-01 -4.293085067372292563e-01 3.176374174800489225e-01 3.563812924369204324e+06 7.299999999999989061e-05
7.001028450478968823e-01 -4.990983930774184896e-01 4.829393862638760582e-01 1.980671400065752212e+06 7.399999999999988781e-05
7.109753240997580548e-01 -6.389719318119885250e-01 5.597842023590196003e-01 2.123909018966305302e+05 7.499999999999988501e-05
6.894144581737181587e-01 -5.177559376722422613e-01 5.085923546305942677e-01 -1.416336394238858949e+06 7.599999999999988221e-05
3.762622521045245194e-01 -4.310567204559362375e-01 3.664719953100855077e-01 -3.114963529155541677e+06 7.699999999999987941e-05
7.087636227138770506e-01 -1.980976004066997143e-01 1.604592891613114691e-01 -4.570616898904266767e+06 7.799999999999987662e-05
5.152575036827107269e-01 9.227351416327699007e-02 -7.075773308202774892e-02 -4.451612093360863626e+06 7.899999999999987382e-05
6.796244232710737521e-01 1.778979682541044494e-01 -2.879310190954929571e-01 -3.627613983114212286e+06 7.999999999999987102e-05
7.148304362913641130e-01 3.608242560066986515e-01 -4.468952877192537421e-01 -1.997764207948686322e+06 8.099999999999986822e-05
7.236324164236253020e-01 4.603549012107741589e-01 -5.156692868561418841e-01 -2.313252322783379350e+04 8.199999999999986542e-05
6.409082395182732483e-01 3.051922661934653447e-01 -4.379262571424294426e-01 1.907603753871569876e+06 8.299999999999986262e-05
7.101235719235403643e-01 2.428391296218689877e-01 -2.705260715923256121e-01 4.018934791465749498e+06 8.399999999999985983e-05
7.334981607062179831e-01 -4.031730594681856355e-04 -4.758701305571161333e-02 4.846997549981181510e+06 8.499999999999985703e-05
7.296101887474436554e-01 -2.366198790646371897e-01 1.883640551493859783e-01 4.568708693393895403e+06 8.599999999999985423e-05
7.371945669344450724e-01 -4.845294140686046136e-01 3.946342393798769610e-01 3.404569171641360503e+06 8.699999999999985143e-05
7.138183664763880776e-01 -5.778497294972162468e-01 5.294281148675165083e-01 1.236785779094064375e+06 8.799999999999984863e-05
5.906704023073113818e-01 -6.537050356616804780e-01 5.039283431524127499e-01 -2.209200456635034643e+06 8.899999999999984584e-05
4.470321283120271549e-01 -5.153192701326027025e-01 3.561446099069135451e-01 -3.450920078366772272e+06 8.999999999999984304e-05
5.071079678799390589e-01 -3.117353962230598463e-01 1.468672999345539687e-01 -4.370094991058805026e+06 9.099999999999984024e-05
4.060763893415653136e-01 5.778276530934690208e-02 -8.222197607299160105e-02 -4.177543534888582770e+06 9.199999999999983744e-05
3.986357452988595895e-01 2.576587378205019707e-01 -2.928703821107914718e-01 -3.369750923355565406e+06 9.299999999999983464e-05
5.848543514235275964e-01 4.246639744830282837e-01 -4.434563663787627896e-01 -2.264527311081915163e+06 9.399999999999983185e-05
7.005402314224392635e-01 3.422267935270855155e-01 -4.732083649811593129e-01 1.134687809017960681e+06 9.499999999999982905e-05
7.394873308199996220e-01 2.441397642812996593e-01 -3.409510432270797531e-01 3.327528101404265501e+06 9.599999999999982625e-05
6.911843408504851904e-01 -1.075066565193402018e-02 -1.351710487903028945e-01 4.472233164704115130e+06 9.699999999999982345e-05
6.816616476551432546e-01 -2.534107331214973668e-01 1.005807817130875137e-01 4.787008343057675287e+06 9.799999999999982065e-05
5.284051609222787382e-01 -5.056995462980531375e-01 3.237485006522835551e-01 3.877616653623546474e+06 9.899999999999981785e-05
7.278887614676641249e-01 -5.755504489881007046e-01 4.948413598728686469e-01 2.178849915699318051e+06 9.999999999999981506e-05
7.109578674026361123e-01 -7.243615826218585685e-01 5.789262324597385101e-01 6.772838419997969177e+05 1.009999999999998123e-04
5.867802425516912557e-01 -5.684078333283058004e-01 5.419533889137995164e-01 -7.631940619790926576e+05 1.019999999999998095e-04
6.963869465978692608e-01 -4.840815646419923124e-01 4.265774960201120791e-01 -2.934165002205328550e+06 1.029999999999998067e-04
6.612826689579704986e-01 -2.764551462359177147e-01 2.291376212301196591e-01 -4.285036235623767599e+06 1.039999999999998039e-04
7.314627369449618888e-01 -1.172459272946227010e-01 -3.270749097023518872e-03 -4.831037905575824901e+06 1.049999999999998011e-04
6.607327838507536244e-01 5.321664793789314396e-02 -2.285306502129272888e-01 -3.891860656753794290e+06 1.059999999999997983e-04
7.382845994418755220e-01 2.842132704750083838e-01 -4.048884707978811504e-01 -2.500202461676052772e+06 1.069999999999997955e-04
7.401880929487607563e-01 3.908189705051616780e-01 -4.962987497919757462e-01 -5.533223305103225866e+05 1.079999999999997927e-04
4.902171292051965001e-01 4.045288000061083022e-01 -4.377642542599912701e-01 2.407963272854391020e+06 1.089999999999997899e-04
3.723003994267591321e-01 1.477885839430631565e-01 -2.805985772871955053e-01 3.289745094671650790e+06 1.099999999999997871e-04
7.684168805153220871e-01 -4.840768337463748072e-02 -6.092055994958066323e-02 4.859536491529436782e+06 1.109999999999997843e-04
6.932498298998795994e-01 -3.611352804019117291e-01 1.765600010408920062e-01 4.714587170397478156e+06 1.119999999999997815e-04
7.263551255005947782e-01 -4.764197395973026605e-01 3.929798709648028021e-01 3.414512688768469729e+06 1.129999999999997787e-04
7.097326617421558792e-01 -6.187637776314744986e-01 5.374659830956127760e-01 1.393169839298292296e+06 1.139999999999997759e-04
6.523584685964887164e-01 -6.182105406311285689e-01 5.532829607511240422e-01 -6.854868269303471316e+05 1.149999999999997731e-04
7.209416935629346934e-01 -5.488065543750001440e-01 4.404779463262754602e-01 -2.964844724005950615e+06 1.159999999999997703e-04
7.243281342922394117e-01 -3.696121821657485929e-01 2.454133551923040613e-01 -4.392933405852430500e+06 1.169999999999997675e-04
3.949536510219551211e-01 -2.110262122736303037e-01 1.452200826898523631e-02 -4.244821778429445811e+06 1.179999999999997647e-04
6.955146646546058742e-01 1.125146453926416795e-01 -2.096529339707723649e-01 -4.172647094707333017e+06 1.189999999999997619e-04
6.232882044914050956e-01 3.156912760290449538e-01 -3.876044678514721786e-01 -2.807529494359657168e+06 1.199999999999997591e-04
6.428428421685319361e-01 4.015352260085097713e-01 -4.821560668913550951e-01 -1.309315594228103757e+06 1.209999999999997563e-04
4.359278233212779963e-01 3.913899325926204487e-01 -4.553293472175928835e-01 2.004451006113491021e+06 1.219999999999997535e-04
3.752046083148953270e-01 1.739633867221832275e-01 -3.250415892151978792e-01 2.923246220740828197e+06 1.229999999999997643e-04
7.204737059116901321e-01 1.142476292167717705e-02 -1.206483795925071545e-01 4.615884763131301850e+06 1.239999999999997615e-04
7.404838633177810436e-01 -2.456742839873069240e-01 1.151321043513486575e-01 4.848605291446393356e+06 1.249999999999997587e-04
7.438979421309245277e-01 -5.024794844692533902e-01 3.394506020042685757e-01 4.025357482916199602e+06 1.259999999999997559e-04
5.694441325598640358e-01 -5.836055603016604421e-01 5.080291820473289421e-01 1.888903725011511939e+06 1.269999999999997531e-04
7.263269834011670811e-01 -7.438654978916370286e-01 5.864043934936097324e-01 -1.149099528809541953e+05 1.279999999999997503e-04
7.176300197459746233e-01 -6.557947731611647457e-01 5.102105814522659433e-01 -2.215593199867004063e+06 1.289999999999997475e-04
7.115460616222852863e-01 -4.854333055808852659e-01 3.445340451779950186e-01 -3.847998303296053782e+06 1.299999999999997447e-04
3.766912810009201973e-01 -2.662532973459731389e-01 1.253509564091767059e-01 -4.158527778473324142e+06 1.309999999999997419e-04
6.301122986466455300e-01 -1.226268279847159137e-01 -1.063212353844826263e-01 -4.345280048523508944e+06 1.319999999999997391e-04
5.771069058059141721e-01 2.178391167607397205e-01 -3.078393014461311972e-01 -3.408598557812716346e+06 1.329999999999997363e-04
6.603642234338398254e-01 2.153161813217810971e-01 -4.411529550347333961e-01 -1.148335255814853590e+06 1.339999999999997335e-04
7.092615803389242801e-01 3.445707248687264190e-01 -4.845728654149749626e-01 4.643919530520068947e+05 1.349999999999997307e-04
7.177918438725960915e-01 2.151642290361970578e-01 -4.020268398160916634e-01 2.202905692085504532e+06 1.359999999999997279e-04
4.512225381777931199e-01 -1.857778074846195421e-02 -2.333995946170745461e-01 3.408273948057421949e+06 1.369999999999997251e-04
7.012547605640825354e-01 -2.019706097982012227e-01 -1.159218410501988705e-02 4.756450399916590191e+06 1.379999999999997223e-04
7.163418174959617080e-01 -3.749202858475625399e-01 2.237967373623164224e-01 4.533121332978383638e+06 1.389999999999997195e-04
6.995067666920303795e-01 -5.716125782592589299e-01 4.290201529601592179e-01 3.190764627061560750e+06 1.399999999999997167e-04
3.867089351579398038e-01 -6.957068157821830745e-01 5.559692102285904713e-01 1.395206235119596589e+06 1.409999999999997139e-04
6.471365737628784753e-01 -8.342000665043463048e-01 5.949982851983469656e-01 -1.083543168849089416e+06 1.419999999999997111e-04
6.684679535203885692e-01 -7.523877442776701896e-01 5.173818356110516659e-01 -2.496362779491356108e+06 1.429999999999997083e-04
6.826114825750690951e-01 -5.808759472775203436e-01 3.514238765618257765e-01 -3.957543298419408500e+06 1.439999999999997055e-04
6.635520357120942014e-01 -2.681607388331776476e-01 1.332512449792501719e-01 -4.654209292509679683e+06 1.449999999999997027e-04
3.745901849207732837e-01 -8.938822922785885638e-02 -9.805685975852951319e-02 -3.981068747857206967e+06 1.459999999999996999e-04
7.093806922968545203e-01 1.294838926538626755e-01 -3.011775753113151155e-01 -3.376236071190893650e+06 1.469999999999996971e-04
4.033907280941865237e-01 1.727307734435831188e-01 -4.298203695256884171e-01 -1.274254967152179684e+06 1.479999999999996943e-04
7.289953111159280796e-01 2.890949442170693273e-01 -4.603722821726700665e-01 1.149821762017609552e+06 1.489999999999996915e-04
7.328697340597207788e-01 1.713558490227513331e-01 -3.451659386645651861e-01 3.028326198309482541e+06 1.499999999999996887e-04
6.948051406588483525e-01 -9.582389362532731103e-02 -1.529603520667361105e-01 4.244011429923028685e+06 1.509999999999996859e-04
6.613229063637413585e-01 -3.435926029136324167e-01 7.967146741119379705e-02 4.779310499529793859e+06 1.519999999999996831e-04
5.362614551820745756e-01 -5.957134005948564459e-01 3.097032843222629617e-01 4.121973835344987921e+06 1.529999999999996803e-04
6.960647029866848801e-01 -6.575008839626682589e-01 4.970000944949321542e-01 2.515421338652720675e+06 1.539999999999996775e-04
7.234503097286049123e-01 -7.897265214198222472e-01 5.964567700987792875e-01 4.130630497613073676e+05 1.549999999999996747e-04
6.775687725621641899e-01 -6.971982516738930435e-01 5.339518608798885513e-01 -1.906780153258312494e+06 1.559999999999996719e-04
6.780080342220378142e-01 -5.422193154740851950e-01 3.743970259556518854e-01 -3.658012735192172695e+06 1.569999999999996691e-04
3.802635611838132701e-01 -3.465631407506426509e-01 1.579867224959505545e-01 -4.130707308525903150e+06 1.579999999999996663e-04
3.842467307431878809e-01 -1.805422826516231982e-01 -7.292425290807219573e-02 -4.000262356231088284e+06 1.589999999999996635e-04
7.082870963675180764e-01 4.948982609290720341e-02 -2.789347217393871592e-01 -3.391109125361677725e+06 1.599999999999996607e-04
6.842416457163726928e-01 2.361591190139045171e-01 -4.183694798820414840e-01 -1.888271874628799735e+06 1.609999999999996579e-04
7.410089021680243970e-01 1.953527340071557483e-01 -4.260873883764247916e-01 1.539502901194082573e+06 1.619999999999996551e-04
7.492501777925536510e-01 7.239499671259887192e-02 -2.831286230913852009e-01 3.527104522322647739e+06 1.629999999999996523e-04
6.647365672745525478e-01 -2.150620270255663435e-01 -7.254446207557588289e-02 4.499206503012690693e+06 1.639999999999996495e-04
3.760107160850371666e-01 -3.958701015096994791e-01 1.654089888638754224e-01 4.159104163990100846e+06 1.649999999999996467e-04
7.164307720895851661e-01 -5.765185982471626724e-01 3.879875001861566308e-01 3.718079124529637396e+06 1.659999999999996439e-04
3.816032691249750530e-01 -7.380490617952166765e-01 5.456422622584976567e-01 1.887591101980949054e+06 1.669999999999996411e-04
7.268508588689498451e-01 -8.558037404019773753e-01 6.124407704622257809e-01 -4.586951558115857188e+05 1.679999999999996383e-04
7.230089013531896258e-01 -7.679136159986648114e-01 5.260369546420720077e-01 -2.459718492098735645e+06 1.689999999999996355e-04
7.199799341486724513e-01 -5.803976793954177538e-01 3.538835629124866267e-01 -3.989166525606034789e+06 1.699999999999996327e-04
3.749304272932025839e-01 -3.907204605634848615e-01 1.313528882501075190e-01 -4.198184417037270963e+06 1.709999999999996299e-04
7.118334105231903797e-01 -1.658050383956188867e-01 -9.955762734913896350e-02 -4.438983784777132794e+06 1.719999999999996271e-04
6.041137528318689665e-01 -1.746222331119111695e-02 -2.987117407129018520e-01 -2.883900873990325723e+06 1.729999999999996243e-04
6.549091293206948938e-01 2.374182546293221452e-01 -4.250142705909648599e-01 -1.763197685004418716e+06 1.739999999999996215e-04
7.451280125706832846e-01 2.032826132040732037e-01 -4.264726035067025189e-01 1.616745010006781667e+06 1.749999999999996188e-04
7.459867292271967765e-01 6.723399717572489664e-02 -2.887417431544317403e-01 3.451635921884733718e+06 1.759999999999996160e-04
6.425533612893638002e-01 -2.374382446168980532e-01 -8.177436564438886335e-02 4.397977618524049409e+06 1.769999999999996132e-04
4.661943249489613472e-01 -3.268818409086580723e-01 1.570721965672821629e-01 4.341955528222238645e+06 1.779999999999996104e-04
7.543985780731483626e-01 -6.237206929144099021e-01 3.816245591992777908e-01 3.940922562016334385e+06 1.789999999999996076e-04
6.478260128676203156e-01 -7.388351546226340494e-01 5.484911373792596967e-01 1.894950223900050158e+06 1.799999999999996048e-04
7.360792208450758212e-01 -9.089659353184527113e-01 6.292784543216298765e-01 1.129757504156583600e+05 1.809999999999996020e-04
6.949653513122234783e-01 -7.755096599248285649e-01 5.671614968930852596e-01 -1.647034987219396979e+06 1.819999999999995992e-04
6.478509220941346403e-01 -7.401349800556331626e-01 4.140700841082403105e-01 -3.746691211534955539e+06 1.829999999999995964e-04
3.948561483565397601e-01 -5.258232583746712541e-01 2.000865689671694758e-01 -4.200497564807949588e+06 1.839999999999995936e-04
6.723030473226896397e-01 -1.776460262868302387e-01 -3.219372979709442945e-02 -4.658129887523725629e+06 1.849999999999995908e-04
7.225266712639760724e-01 2.721335291660475358e-03 -2.454164894442351086e-01 -3.675645719482027460e+06 1.859999999999995880e-04
6.103188884033498018e-01 4.783102065253471563e-02 -3.927953218595546248e-01 -1.455169970363675384e+06 1.869999999999995852e-04
7.484305301941059918e-01 1.890010364950278354e-01 -4.476627357003510332e-01 4.544521200988002238e+05 1.879999999999995824e-04
6.791663000375046666e-01 2.054835127176516882e-02 -3.529028247993192258e-01 2.257132504536469933e+06 1.889999999999995796e-04
7.640144879928605359e-01 -9.823516019011761802e-02 -1.731130216647530085e-01 4.196858978442614898e+06 1.899999999999995768e-04
6.426550842790820228e-01 -4.036122401496771706e-01 5.587372880568562683e-02 4.728492082708732225e+06 1.909999999999995740e-04
6.299992742703771631e-01 -5.012079788404476544e-01 2.935840788369670218e-01 4.229024930108733475e+06 1.919999999999995712e-04
7.269274871734595633e-01 -8.188576365472836072e-01 4.919563346939219706e-01 3.255382533987902105e+06 1.929999999999995684e-04
6.294121125980365328e-01 -9.718330326042150524e-01 6.128335465727505760e-01 1.820145262247307925e+06 1.939999999999995656e-04
5.704978648943087594e-01 -9.885915085800068836e-01 6.248108961837515185e-01 -1.501714509452738566e+06 1.949999999999995628e-04
7.329792189523265389e-01 -8.495221116458426813e-01 5.322903257884169514e-01 -2.748153423360529356e+06 1.959999999999995600e-04
6.565043861272770176e-01 -5.738811491522992636e-01 3.517184373592537883e-01 -3.959409927979108877e+06 1.969999999999995572e-04
6.128370743656115227e-01 -3.401035781136637071e-01 1.242306196600914264e-01 -4.663686029772616923e+06 1.979999999999995544e-04
6.356161521042892337e-01 -1.151138955394960528e-01 -1.076996565936573086e-01 -4.387275353582369164e+06 1.989999999999995516e-04
6.048239675507250945e-01 -6.869513266408149021e-02 -3.038094387362019200e-01 -2.676897905722174793e+06 1.999999999999995488e-04
6.898432012045653261e-01 5.636171953986674615e-02 -4.147253107668472105e-01 -6.438415853221714497e+05 2.009999999999995460e-04
7.841709631077820042e-01 5.516733333424334723e-02 -3.778506260295102503e-01 1.998725715160492808e+06 2.019999999999995432e-04
6.279317220898680274e-01 -1.679420630397286118e-01 -2.102195087152052000e-01 3.585325824973333627e+06 2.029999999999995404e-04
6.270042332355155734e-01 -3.972522787863607685e-01 1.663105258868413650e-02 4.643858226614898071e+06 2.039999999999995376e-04
6.924470294370909107e-01 -6.327636222494592566e-01 2.585763848567109724e-01 4.689170216506076977e+06 2.049999999999995348e-04
5.204814944650706376e-01 -8.639757296022513300e-01 4.709009563214427430e-01 3.452334602942288853e+06 2.059999999999995320e-04
7.639673217098494895e-01 -8.819241128731302171e-01 6.110298872463685305e-01 1.181492775182411075e+06 2.069999999999995292e-04
7.577698077950636435e-01 -9.002116915751523507e-01 5.989883079382262165e-01 -1.652024988096573157e+06 2.079999999999995264e-04
7.241178558045895386e-01 -8.027009268813495302e-01 4.527444625468126649e-01 -3.620224191067933571e+06 2.089999999999995236e-04
7.478303744215494264e-01 -5.481605858667577547e-01 2.420250317775505533e-01 -4.681646449464193545e+06 2.099999999999995208e-04
7.477985350030381673e-01 -3.182287342211074788e-01 6.636765467994975437e-03 -4.788148606637306511e+06 2.109999999999995180e-04
7.242007515577671972e-01 -6.997179552624256671e-02 -2.111087717870224478e-01 -3.851622153843711130e+06 2.119999999999995152e-04
7.443166198222682661e-01 1.951467074136104332e-02 -3.704302270200630631e-01 -1.878744722799056675e+06 2.129999999999995124e-04
6.888614205999151752e-01 1.681535551908921733e-01 -4.385406284796531384e-01 -7.507477486103820847e+05 2.139999999999995096e-04
3.777175817025499316e-01 3.224961686151543716e-02 -3.910040153962892617e-01 1.473338828584865900e+06 2.149999999999995068e-04
3.737278090395728669e-01 -7.656259628833621267e-02 -2.613871841709387578e-01 2.945985042361001950e+06 2.159999999999995040e-04
7.583480920631479050e-01 -2.617596643493735886e-01 -5.519079363555656759e-02 4.662799870409293100e+06 2.169999999999995012e-04
7.296931720675015054e-01 -5.513435529442386462e-01 1.813047765336540662e-01 4.861335695446559228e+06 2.179999999999994984e-04
3.845896189295898160e-01 -6.945356209416242432e-01 4.061105119052611512e-01 3.384946527922617272e+06 2.189999999999994956e-04
6.894233030287114650e-01 -9.673766273750532552e-01 5.746302702818242292e-01 2.553894485312684905e+06 2.199999999999994928e-04
7.175941665752371135e-01 -9.466209019875454489e-01 6.329352115530001432e-01 -6.344192124554597540e+05 2.209999999999994900e-04
6.854030062816498514e-01 -9.059784934801672351e-01 5.278245647294065312e-01 -2.936633063692272641e+06 2.219999999999994872e-04
4.041081251924514839e-01 -7.445219484076831540e-01 3.417691831019531445e-01 -3.877653921150558162e+06 2.229999999999994844e-04
6.997948880846101005e-01 -4.852876110086932759e-01 1.156526666298550859e-01 -4.782588171040097252e+06 2.239999999999994816e-04
6.904105174394900013e-01 -1.962307277221517765e-01 -1.106221785264600715e-01 -4.293382033156566322e+06 2.249999999999994788e-04
7.119441775941371953e-01 -6.741036698840971453e-02 -2.981554502101228521e-01 -2.761492115822882857e+06 2.259999999999994760e-04
6.432151360252968963e-01 -1.457896698757495287e-02 -3.978099197011484289e-01 -3.810672661219740985e+05 2.269999999999994732e-04
7.548735989152600689e-01 1.155570334635724200e-02 -3.391456866613156151e-01 2.522762803504671901e+06 2.279999999999994705e-04
6.188797001978186829e-01 -1.142627080080237945e-01 -1.617066602171158551e-01 4.077346661980203353e+06 2.289999999999994677e-04
7.665486410865142153e-01 -4.207014550677433684e-01 6.424357136143792057e-02 4.922338515436688438e+06 2.299999999999994649e-04
6.603578595909432858e-01 -7.224873183980538016e-01 3.000323589333085406e-01 4.538651858421888202e+06 2.309999999999994621e-04
7.437454708753042931e-01 -8.352176864992560956e-01 5.060419396207335163e-01 3.125652754907519091e+06 2.319999999999994593e-04
7.503749887148918329e-01 -9.834567431577352359e-01 6.344570392666530889e-01 1.162381493875573156e+06 2.329999999999994565e-04
5.855092268400402533e-01 -1.042597346096763022e+00 6.074411964459609514e-01 -2.148378739272465464e+06 2.339999999999994537e-04
7.178397834022042234e-01 -8.095476526509600701e-01 4.650860327107321779e-01 -3.465527917977480683e+06 2.349999999999994509e-04
6.198807240445410871e-01 -6.882161297131542677e-01 2.548556735284229213e-01 -4.548433369013972580e+06 2.359999999999994481e-04
7.150640775516019509e-01 -3.741825840769745781e-01 2.354771464544441750e-02 -4.721973170815434307e+06 2.369999999999994453e-04
4.969169258157166702e-01 -2.601390018373901936e-01 -1.920320871895826731e-01 -3.307466713058420923e+06 2.379999999999994425e-04
7.151086587593732391e-01 -4.963463185702029351e-02 -3.491819157002030716e-01 -1.900111944248078391e+06 2.389999999999994397e-04
7.243214232106517381e-01 6.043568058408623628e-02 -4.160342067633728269e-01 -4.097275765515739477e+04 2.399999999999994369e-04
6.354467165028593323e-01 -1.003938103820229549e-01 -3.403979112706034260e-01 1.821612072962403065e+06 2.409999999999994341e-04
7.354190949901698859e-01 -1.766693405666177885e-01 -1.762282466521960245e-01 3.957886678732938599e+06 2.419999999999994313e-04
7.457934629415846617e-01 -4.294274894481476812e-01 4.570741545293776492e-02 4.837994155122449622e+06 2.429999999999994285e-04
7.418647527152105736e-01 -6.776051979868704667e-01 2.820403096542739019e-01 4.665480913074332289e+06 2.439999999999994257e-04
6.266030595655860402e-01 -9.430469768257948582e-01 4.893518079218316386e-01 3.527083588704654016e+06 2.449999999999994500e-04
7.285092710599880839e-01 -1.043370734705052927e+00 6.308572508345164920e-01 1.745835151752299629e+06 2.459999999999994743e-04
6.243267678585605607e-01 -1.079623096335031063e+00 6.303075389817874852e-01 -1.840003348327301210e+06 2.469999999999994986e-04
7.049397099235881203e-01 -8.713577211879521833e-01 5.032752625662183510e-01 -3.160526502797460184e+06 2.479999999999995229e-04
3.879374522221046284e-01 -7.368704981237519380e-01 3.027908985624174210e-01 -4.002496116372536868e+06 2.489999999999995472e-04
5.394087927551550754e-01 -5.446874462806309269e-01 7.291887005241258490e-02 -4.456418158041635528e+06 2.499999999999995715e-04
6.982750295380026895e-01 -2.736238694789472903e-01 -1.470598328139009481e-01 -3.891151737992203794e+06 2.509999999999995958e-04
6.579583491657249317e-01 -1.354426306790199042e-01 -3.160085860593282447e-01 -2.115043427823242266e+06 2.519999999999996201e-04
6.963392642946903965e-01 -5.311506210438801667e-02 -3.875582429022682018e-01 2.737323994145774632e+05 2.529999999999996444e-04
4.017727243436367002e-01 -1.752978999376328673e-01 -2.874145791674920236e-01 2.360592223941802047e+06 2.539999999999996688e-04
7.525257561485221292e-01 -2.933622808797126114e-01 -1.000848281008772933e-01 4.351131931909532286e+06 2.549999999999996931e-04
7.317469820524464819e-01 -5.699004969994047043e-01 1.316374118094673917e-01 4.892474191954297014e+06 2.559999999999997174e-04
5.135295435084461513e-01 -8.526839453349365217e-01 3.635708011588471011e-01 4.147764169523146003e+06 2.569999999999997417e-04
7.413048919075242438e-01 -9.475807306719821188e-01 5.562344804182253188e-01 2.781518482560315169e+06 2.579999999999997660e-04
7.401409791403751326e-01 -1.085687691532613464e+00 6.657402282291453588e-01 8.608974219803423621e+05 2.589999999999997903e-04
4.744921589624222502e-01 -9.505787675257191260e-01 6.222687518397673756e-01 -1.335784246726145968e+06 2.599999999999998146e-04
6.849106299665576048e-01 -9.379504373064002642e-01 4.808640375316217686e-01 -3.601165955773872789e+06 2.609999999999998389e-04
4.014216827205310256e-01 -6.242820791965405514e-01 2.726871333933497676e-01 -4.059007389566426165e+06 2.619999999999998632e-04
6.474674086963391195e-01 -5.182115628337961022e-01 3.973271971396120927e-02 -4.569497864651879296e+06 2.629999999999998875e-04
6.296901891369054427e-01 -1.795226280429409182e-01 -1.740098465879981737e-01 -3.795646993760811165e+06 2.639999999999999118e-04
3.856743381998511966e-01 -1.357241486410538378e-01 -3.287046264654074346e-01 -1.814436571109270211e+06 2.649999999999999361e-04
7.367689361587721475e-01 -6.265474904235926457e-02 -3.818794145316204980e-01 6.758245527403767919e+05 2.659999999999999604e-04
6.542427940876819337e-01 -2.205700274983736497e-01 -2.700881727487684514e-01 2.641937845588522498e+06 2.669999999999999847e-04
7.572450666594371382e-01 -3.293245746591145773e-01 -7.523118505728806915e-02 4.468492319710355252e+06 2.680000000000000090e-04
7.276159217762515619e-01 -6.308342135898881153e-01 1.583186981517805680e-01 4.896397304102661088e+06 2.690000000000000334e-04
3.864459845099482704e-01 -7.735206514747767770e-01 3.905431102016141964e-01 3.644182854039235041e+06 2.700000000000000577e-04
7.327271058415110172e-01 -1.050390163610685601e+00 5.766461146162443763e-01 2.882938899421221111e+06 2.710000000000000820e-04
4.437577638831426419e-01 -1.013943549103800468e+00 6.602952030133633077e-01 5.916079828340793028e+05 2.720000000000001063e-04
6.697290774073559882e-01 -1.214795775649746945e+00 7.093725835352804321e-01 -2.779870246219772962e+05 2.730000000000001306e-04
4.358524784145670350e-01 -1.029824260542433478e+00 6.787262178084247921e-01 2.920990039511458017e+05 2.740000000000001549e-04
3.213320808790178229e-01 -1.128690030640730591e+00 7.135718253286004176e-01 6.136629476117740851e+05 2.750000000000001792e-04
2.955695495749847135e-01 -1.157132180619882433e+00 7.318153939424173471e-01 -6.162444376274290698e+04 2.760000000000002035e-04
2.743297982615688357e-01 -1.093865198736578392e+00 6.998377027819986385e-01 -1.060561093895173864e+06 2.770000000000002278e-04
2.517020264849307853e-01 -9.687565728060715253e-01 6.068245958113829275e-01 -2.157349124085690826e+06 2.780000000000002521e-04
2.273397731604671346e-01 -7.942231640213205379e-01 4.570949692799919362e-01 -3.128039043640777469e+06 2.790000000000002764e-04
2.090537008375672190e-01 -5.908735207402621148e-01 2.671727826827017815e-01 -3.764090958481503651e+06 2.800000000000003007e-04
2.031762575998674325e-01 -3.805183810995171889e-01 5.931310906827260560e-02 -3.905303679104508832e+06 2.810000000000003250e-04
2.107641905616601530e-01 -1.719444467927744025e-01 -1.428744707035078387e-01 -3.514044749306894373e+06 2.820000000000003493e-04
2.275993019977558540e-01 2.202027140788731172e-02 -3.164821185510999224e-01 -2.709906075692742597e+06 2.830000000000003737e-04
2.489995708052104295e-01 1.735934922901835320e-01 -4.421433601887483356e-01 -1.671365772719748551e+06 2.840000000000003980e-04
2.713159636422975973e-01 2.541495002193087105e-01 -5.060353189210444746e-01 -4.993310816104955738e+05 2.850000000000004223e-04
2.948246267059666526e-01 2.573092678167193115e-01 -4.976485222852464196e-01 8.223810780945018632e+05 2.860000000000004466e-04
6.838627866818898227e-01 2.000577593167932322e-01 -4.050546309609668327e-01 2.448251091713285539e+06 2.870000000000004709e-04
3.280708047308584230e-01 -1.720028417002398557e-01 -2.447932970186716128e-01 3.028780908031570259e+06 2.880000000000004952e-04
8.247670068246549802e-01 -6.415085464799462622e-01 -4.927973348311893986e-02 4.283409442188616842e+06 2.890000000000005195e-04
8.589846152348450392e-01 -1.164227330826476781e+00 1.779210606527859839e-01 4.915942462280955166e+06 2.900000000000005438e-04
3.624109581400135061e-01 -1.589993017357476335e+00 4.284923558946626132e-01 4.284066468391535804e+06 2.910000000000005681e-04
8.566581136902216009e-01 -2.100308140186383454e+00 6.734131444602659000e-01 4.737928805013418198e+06 2.920000000000005924e-04
8.092950276716341929e-01 -2.616784105535518101e+00 8.915787502858618652e-01 4.025802521768195555e+06 2.930000000000006167e-04
3.136853357268125642e-01 -3.030993285693478256e+00 1.075699308050425573e+00 2.720907931119483896e+06 2.940000000000006410e-04
7.518489023680069439e-01 2.991483790660714792e+00 1.207518729387776935e+00 1.768513052549188025e+06 2.950000000000006653e-04
6.527994209920106039e-01 2.777474338297937884e+00 1.287560420371785197e+00 1.098613820617153542e+06 2.960000000000006896e-04
3.446475525205833779e-01 2.766646760107128955e+00 1.311443966309736586e+00 -7.926964800042207353e+05 2.970000000000007139e-04
7.160458189324089284e-01 2.930340356332958862e+00 1.240938510076290635e+00 -1.410051157597010722e+06 2.980000000000007383e-04
6.469448884996451543e-01 3.100853556300818603e+00 1.102476375036892442e+00 -3.211012930958923418e+06 2.990000000000007626e-04
7.394277914594101775e-01 -3.071806257340545354e+00 8.916413965671921016e-01 -4.783365924640190788e+06 3.000000000000007869e-04
6.806395276969796626e-01 -2.866802399834549320e+00 6.502068895462896903e-01 -4.904619786701761186e+06 3.010000000000008112e-04
3.537796822347444858e-01 -2.604789642456336374e+00 4.184226935598226449e-01 -3.616880421115668956e+06 3.020000000000008355e-04
7.392053408064142017e-01 -2.411554390354454291e+00 2.434830264994750915e-01 -2.431969970720052253e+06 3.030000000000008598e-04
4.095793838262558051e-01 -2.392934510505444479e+00 1.556352368745644310e-01 3.636996936056584818e+05 3.040000000000008841e-04
3.671879210694645734e-01 -2.396444622660612644e+00 2.646326818298667671e-01 2.788999578855090309e+06 3.050000000000009084e-04
6.029776822327099772e-01 -2.550357475581987110e+00 4.580092971936939872e-01 4.406345180482613854e+06 3.060000000000009327e-04
3.593408576422191802e-01 -2.866632252038034956e+00 6.958476766943872960e-01 4.465729972917728126e+06 3.070000000000009570e-04
5.945660432106508742e-01 3.104696763953103122e+00 9.377022634313616489e-01 4.594686608773608692e+06 3.080000000000009813e-04
3.840542405145228044e-01 3.032337037506825705e+00 1.142961805637028094e+00 2.832019770301294047e+06 3.090000000000010056e-04
7.010883375463197176e-01 2.866608936345144354e+00 1.265701806796117657e+00 1.274719760533976136e+06 3.100000000000010299e-04
3.647620744135360304e-01 2.756690301958244049e+00 1.313064393467476165e+00 -1.052927031779909972e+06 3.110000000000010542e-04
3.712951887895421521e-01 2.830559576424096058e+00 1.233962782562309179e+00 -2.291805766578680836e+06 3.120000000000010786e-04
3.841101181435677137e-01 2.981000923220658905e+00 1.067745654035848091e+00 -3.648721661194562912e+06 3.130000000000011029e-04
5.767972913471116625e-01 -2.942330645417495560e+00 8.402815829593340835e-01 -4.697697084833361208e+06 3.140000000000011272e-04
6.663856904181660878e-01 -2.723914439065595161e+00 5.954410415791395739e-01 -4.880198048231682740e+06 3.150000000000011515e-04
6.852363394251537176e-01 -2.593240901359735950e+00 3.733207260999883426e-01 -3.669490961970443837e+06 3.160000000000011758e-04
6.547639887313154716e-01 -2.452502355343063822e+00 2.144548474792947745e-01 -1.721195715653968975e+06 3.170000000000012001e-04
3.750468483066140002e-01 -2.358273443070602937e+00 1.579915600170061218e-01 1.303200978128086310e+06 3.180000000000012244e-04
6.682698618423090764e-01 -2.499957518654872146e+00 2.776024469407801787e-01 2.803080773580746725e+06 3.190000000000012487e-04
6.575503856774047584e-01 -2.625455246897787198e+00 4.728824248148541520e-01 4.490902885003451258e+06 3.200000000000012730e-04
4.662009661327813914e-01 -2.987771345997047856e+00 7.133364078157896637e-01 4.724996350022168830e+06 3.210000000000012973e-04
6.097686656544212269e-01 -3.085024234678383603e+00 9.549145800978662280e-01 4.422878561530276202e+06 3.220000000000013216e-04
5.180701644322601718e-01 3.007536789663776577e+00 1.160556307930713071e+00 2.826094991938092746e+06 3.230000000000013459e-04
3.741339819907709696e-01 2.797442562505954466e+00 1.292374986728221709e+00 1.556734203898839187e+06 3.240000000000013702e-04
6.938867373736586908e-01 2.878561787029139118e+00 1.236351717575832510e+00 -1.993136087314644828e+06 3.250000000000013945e-04
7.149460369391167358e-01 3.009232188073237779e+00 1.072202028284817477e+00 -3.892274362245185766e+06 3.260000000000014189e-04
3.681748970735159165e-01 -3.082590441578922480e+00 8.468503127306081790e-01 -4.401614082368526608e+06 3.270000000000014432e-04
6.132136931158342907e-01 -2.734816757401697274e+00 6.012832335435105424e-01 -4.804510279728909954e+06 3.280000000000014675e-04
6.439566626385812009e-01 -2.650742367495408924e+00 3.802970989144314196e-01 -3.547696749482874759e+06 3.290000000000014918e-04
3.847297975978153373e-01 -2.490024785785776906e+00 2.196590904919898390e-01 -1.759838696808026871e+06 3.300000000000015161e-04
3.565408215328249031e-01 -2.334921891664958338e+00 1.453625310759721068e-01 -7.939788508905008202e+05 3.310000000000015404e-04
7.173752591950551816e-01 -2.405851586644428330e+00 1.903337778001051861e-01 1.212908237256101798e+06 3.320000000000015647e-04
7.156979681674778826e-01 -2.508879643355145017e+00 2.991945169001089533e-01 3.024609751752177253e+06 3.330000000000015890e-04
6.239897435630178402e-01 -2.641254539913806987e+00 4.929068832239342779e-01 4.484618040820348077e+06 3.340000000000016133e-04
7.113380567228696494e-01 -2.950058213072510149e+00 7.306910576164857840e-01 5.092240993735034019e+06 3.350000000000016376e-04
6.098549013315383016e-01 3.018377763546373771e+00 9.699867214005521987e-01 4.540693633569146506e+06 3.360000000000016619e-04
7.061163110479824478e-01 2.865859915528810031e+00 1.168778484194009870e+00 3.213927585307059810e+06 3.370000000000016862e-04
6.592901777483646253e-01 2.710982938059086855e+00 1.290466039545350885e+00 1.725405026021298952e+06 3.380000000000017105e-04
3.694900190845434307e-01 2.684503462085438219e+00 1.302295025073861412e+00 -1.625791950411964906e+06 3.390000000000017348e-04
3.999490059974862288e-01 2.789158815177763984e+00 1.185335394240901730e+00 -2.967919360892685596e+06 3.400000000000017591e-04
4.483060166236583211e-01 -3.134133518201709823e+00 9.879113163029418221e-01 -3.966134268213553820e+06 3.410000000000017835e-04
5.290804256204902911e-01 -2.897721535893590605e+00 7.500376857975361578e-01 -4.747977548530021682e+06 3.420000000000018078e-04
5.146799630409866211e-01 -2.659637008548225268e+00 5.110498714766562589e-01 -4.345356539273761213e+06 3.430000000000018321e-04
7.366638504512288410e-01 -2.544020164019766383e+00 3.149684534123572965e-01 -3.068245024111800361e+06 3.440000000000018564e-04
7.336498405602944750e-01 -2.424901487334307326e+00 2.004983424306584494e-01 -1.282811835598312551e+06 3.450000000000018807e-04
3.447764861568264894e-01 -2.365940847147957715e+00 1.458911886826713133e-01 1.306063283620543953e+05 3.460000000000019050e-04
7.551812098508707827e-01 -2.437840043341052976e+00 2.078304832217101050e-01 1.354202408661114518e+06 3.470000000000019293e-04
3.273785698483336337e-01 -2.604169511882048926e+00 3.126689939288007092e-01 2.566844811121370178e+06 3.480000000000019536e-04
3.333303560223691564e-01 -2.817950891118670143e+00 5.050985408838624124e-01 3.753559791452910285e+06 3.490000000000019779e-04
7.069451554036300100e-01 -3.032568019131191228e+00 7.307093668787024709e-01 5.027787097898145206e+06 3.500000000000020022e-04
5.298683913035283632e-01 -3.116131541148227324e+00 9.538605605330254811e-01 4.241242173921194859e+06 3.510000000000020265e-04
3.989166348176202415e-01 2.963724978609235450e+00 1.153737934758172434e+00 2.786759129515320994e+06 3.520000000000020508e-04
3.322214765098764899e-01 2.725413610385175378e+00 1.293569865461806856e+00 1.611136075609854190e+06 3.530000000000020751e-04
3.132532591291846691e-01 2.755091373626124884e+00 1.318410973370557571e+00 -6.261159073944520205e+05 3.540000000000020994e-04
2.796778314550795730e-01 2.805947635050416444e+00 1.236372037110087252e+00 -2.129893019036589190e+06 3.550000000000021238e-04
2.563635726845970852e-01 2.958414691634719595e+00 1.084893063065655916e+00 -3.214471868292613421e+06 3.560000000000021481e-04
2.417643841495624724e-01 -3.122527336639547624e+00 8.900392186114085558e-01 -3.888564335339812096e+06 3.570000000000021724e-04
2.412821069708381838e-01 -2.907537571560910195e+00 6.771224131045744388e-01 -4.010238493239475880e+06 3.580000000000021967e-04
2.552019674374132463e-01 -2.699247210234819949e+00 4.720478452265400304e-01 -3.534422641823781654e+06 3.590000000000022210e-04
2.753321878271139944e-01 -2.526494629299252725e+00 3.012321342574942884e-01 -2.566085028507956769e+06 3.600000000000022453e-04
2.926283660936952469e-01 -2.431477062379137077e+00 1.902901812020879047e-01 -1.257357106851464836e+06 3.610000000000022696e-04
3.128054541508334396e-01 -2.412405576115314254e+00 1.614392706185418525e-01 3.564237433734287624e+05 3.620000000000022939e-04
7.378173468727730056e-01 -2.456516126681722589e+00 2.353592274274688700e-01 1.962831997371320147e+06 3.630000000000023182e-04
3.331841954125795424e-01 -2.760420805648048592e+00 3.713973809424022110e-01 2.733557124176564626e+06 3.640000000000023425e-04
8.339796374245247446e-01 3.088825711536789864e+00 5.470444594127205074e-01 3.901820345545831136e+06 3.650000000000023668e-04
8.010488783026041837e-01 2.577594346554721305e+00 7.628778788448484782e-01 4.579499331154969521e+06 3.660000000000023911e-04
8.231942938253596909e-01 2.175023303657749985e+00 1.011996436802844457e+00 5.104896892043395899e+06 3.670000000000024154e-04
8.756653338359727812e-01 1.660709051941613668e+00 1.257106843983579081e+00 4.981688137878845446e+06 3.680000000000024397e-04
3.416979930830192913e-01 1.209613187176617144e+00 1.486633110527337598e+00 3.561212660277831368e+06 3.690000000000024640e-04
7.152291557722831872e-01 7.540674518096677215e-01 1.685919765669896542e+00 3.213224573585392907e+06 3.700000000000024884e-04
3.125040370622836905e-01 4.342254566375408631e-01 1.829059720498716235e+00 2.137080447289893869e+06 3.710000000000025127e-04
5.996149682222675636e-01 3.240910274417816428e-01 1.909977681503153724e+00 1.277180284275037557e+05 3.720000000000025370e-04
3.181221257744789588e-01 4.990967020144865818e-01 1.856384352254959236e+00 -1.301155042038205313e+06 3.730000000000025613e-04
7.729581465178053667e-01 7.094726502049563122e-01 1.757537814608504778e+00 -2.234066140642139129e+06 3.740000000000025856e-04
3.165930053640750308e-01 8.824244081414954755e-01 1.605624019292795301e+00 -3.322628824447204825e+06 3.750000000000026099e-04
3.558858888553285138e-01 1.193561132209529196e+00 1.384246354059333051e+00 -4.187723567179907113e+06 3.760000000000026342e-04
3.711202547334091495e-01 1.442053072523331592e+00 1.143669420238208723e+00 -4.332873283240403049e+06 3.770000000000026585e-04
6.242794520707464212e-01 1.665704805256092991e+00 9.224589413641596236e-01 -3.893187881827468518e+06 3.780000000000026828e-04
3.680092045401596179e-01 1.652739502555454543e+00 7.681516873987143113e-01 -1.817123330698254053e+06 3.790000000000027071e-04
7.884230750873133520e-01 1.808817356180258296e+00 7.057849472893139575e-01 -5.535962452285726322e+05 3.800000000000027314e-04
8.214528753805476757e-01 1.819332786780846645e+00 7.071645798377688141e-01 6.300728124962424627e+05 3.810000000000027557e-04
8.672759758757521142e-01 1.685450358196978859e+00 7.877885030590290327e-01 2.232066826786864549e+06 3.820000000000027800e-04
4.618254135894967471e-01 1.442012832451482041e+00 9.544669278888721076e-01 3.440177096581469290e+06 3.830000000000028043e-04
