1.299644603026809171e+07
1.299456592093416303e+07
1.299693750901720300e+07
1.299871158360262215e+07
1.299447371261349134e+07
1.299538559781654738e+07
1.299786370737550966e+07
1.299939364538530260e+07
1.299693555324810930e+07
1.299310706526037678e+07
1.299503287132231891e+07
1.299737554259809852e+07
1.299871744383038022e+07
1.299758204603914730e+07
1.299563240165171959e+07
1.299303753934867494e+07
1.299648170165879838e+07
1.299886167473538592e+07
1.299856784347448684e+07
1.299658538270075992e+07
1.299348006669609621e+07
1.299673499467890896e+07
1.299833177845540084e+07
1.299904457436345518e+07
1.299726303160182014e+07
1.299324419629992358e+07
1.299352261432127655e+07
1.299665056261876784e+07
1.299840451560444757e+07
1.299727651385863684e+07
1.299488076599156857e+07
1.299296529747777246e+07
1.299688750121607445e+07
1.299859476476332359e+07
1.299881052807947807e+07
1.299705120195033401e+07
1.299531863047260977e+07
1.299198084252481908e+07
1.299394551822766475e+07
1.299534474019450136e+07
1.299425295050571114e+07
1.299118991735800356e+07
1.299191810940866545e+07
1.299543792921712622e+07
1.299485791722095013e+07
1.299111955897510238e+07
1.299169105573149398e+07
1.299615069441333041e+07
1.299533797987897880e+07
1.299121526870403625e+07
1.299123967603806965e+07
1.299325422776859999e+07
1.299503362384053506e+07
1.299314232291415147e+07
1.299340819012691826e+07
1.299685999136343412e+07
1.299764948682000488e+07
1.299776489157830924e+07
1.299917974134343304e+07
1.299916968686073460e+07
1.299705039956677146e+07
1.299823135183847696e+07
1.299578229978667758e+07
1.299355393439326622e+07
1.299314195502119325e+07
1.299725709319830872e+07
1.299664920335724950e+07
1.299674262213235721e+07
1.299259497846011817e+07
1.299347258711352758e+07
1.299541666156837717e+07
1.299281368062221631e+07
1.299115646180963144e+07
1.299266417250886746e+07
1.299439566762986965e+07
1.299217597323198617e+07
1.298988903701488674e+07
1.299078824122554995e+07
1.299619851652779989e+07
1.299223870560043491e+07
1.298981779926638491e+07
1.299156317697963864e+07
1.299607293715622835e+07
1.299150150288847648e+07
1.298977472723747976e+07
1.299004176203731261e+07
1.299215209162517823e+07
1.299366571796667203e+07
1.299189906521734409e+07
1.299005123742598481e+07
1.299094669842473418e+07
1.299398282470997795e+07
1.299354742763493024e+07
1.299031152545176819e+07
1.298928964099514857e+07
1.299164074371491000e+07
1.299362266472524218e+07
1.299118879942872934e+07
1.298953085702897236e+07
1.298904954694818892e+07
1.299022780065756291e+07
1.299414768879704177e+07
1.299305050290966220e+07
1.298985336286659166e+07
1.298927562847832963e+07
1.298989941563124955e+07
1.299249592955001071e+07
1.299282464154742099e+07
1.298975468985307775e+07
1.298915363094784319e+07
1.299113049847193621e+07
1.299387775270330906e+07
1.299306438095650077e+07
1.299107400702168234e+07
1.299146943161090836e+07
1.299489711058028787e+07
1.299448919975070097e+07
1.299168099263080955e+07
1.299236646349186078e+07
1.299511496255353652e+07
1.299645667107179575e+07
1.299571305520083569e+07
1.299469718155984208e+07
1.299149970263582468e+07
1.299212786076180078e+07
1.299359195035112463e+07
1.299415796726992913e+07
1.299079521604677290e+07
1.299117419240193442e+07
1.299428624257431179e+07
1.299697484761825949e+07
1.299187276144543663e+07
1.299029521873808093e+07
1.299445005520633422e+07
1.299588328118346632e+07
1.299681095584006421e+07
1.299641539501943439e+07
1.299866377427051775e+07
1.299903943947339803e+07
1.299717969063277170e+07
1.299901307922345027e+07
1.299942561975322291e+07
1.299927638899292983e+07
1.299787904158409312e+07
1.299980262353641354e+07
1.299814467728523724e+07
1.300070736119511910e+07
1.300226249465812743e+07
1.299955531519043259e+07
1.299880951636338979e+07
1.300128361632994749e+07
1.300190122356487252e+07
1.299969151470838860e+07
1.300219669344685599e+07
1.300368036910506710e+07
1.300050291644227877e+07
1.300510276436716504e+07
1.300226898242118210e+07
1.300004890322723240e+07
1.300357492065516300e+07
1.299906664551000483e+07
1.299990066308002174e+07
1.300325376055462286e+07
1.299857206879478320e+07
1.300156321230604127e+07
1.300350524756340869e+07
1.300118457273880392e+07
1.299851617835763656e+07
1.300170426701767929e+07
1.300391786517163180e+07
1.300052061622695997e+07
1.300203501145473681e+07
1.300609637711942568e+07
1.300186800433546305e+07
1.300168521815803833e+07
1.300519468099972233e+07
1.300358808975858241e+07
1.300078032343497686e+07
1.300332209888617508e+07
1.300426664574104361e+07
1.300420599243983254e+07
1.300507470527350716e+07
1.300259425238619000e+07
1.300207544991638884e+07
1.300279909816772491e+07
1.300518230712714419e+07
1.300256545775303990e+07
1.300496116700429097e+07
1.300456372223804519e+07
1.300144459864180535e+07
1.300562349360255338e+07
1.300831227531509101e+07
1.300507027927779593e+07
1.300655525137861259e+07
1.300459226655633934e+07
1.300011576171698608e+07
1.300579883613785170e+07
1.300461036849771254e+07
1.300290286159975454e+07
1.300390086861648969e+07
1.300165466448605433e+07
1.300245309499514475e+07
1.300317912038042210e+07
1.300043034227264114e+07
1.299988957017502747e+07
1.300207768709243461e+07
1.300083439445425197e+07
1.300230453093884885e+07
1.300197347628458031e+07
1.300205107650814019e+07
1.300100327486611903e+07
1.300301600971171632e+07
1.300190666756838560e+07
1.300014555280369893e+07
1.299614966810294613e+07
1.299706669873935170e+07
1.299905218932655826e+07
1.300135408577811904e+07
1.300081925259266607e+07
1.300288302989592776e+07
1.300136612284317613e+07
1.300047212832932174e+07
1.299643885917013884e+07
1.299577167988091893e+07
1.299786785653612763e+07
1.299772001288341917e+07
1.299420554639353603e+07
1.299360568664488755e+07
1.299617718888481893e+07
1.300014682881362364e+07
1.299491976849141344e+07
1.299476488051535375e+07
1.299944294717834145e+07
1.300031460493802652e+07
1.300241985749010555e+07
1.300069779860999435e+07
1.299853173123985529e+07
1.299528237061540410e+07
1.299847771599948592e+07
1.299969418606871553e+07
1.300191247458565608e+07
1.300116603123044595e+07
1.299725145090251975e+07
1.299552360351905413e+07
1.300076021675113030e+07
1.300041732755040005e+07
1.299917034466281533e+07
1.299648949029191583e+07
1.300096967451995425e+07
1.300034104305157624e+07
1.299812642304817215e+07
1.299817520969298296e+07
1.300129522788280994e+07
1.299791181176659279e+07
1.299993897389792092e+07
1.299969113739924133e+07
1.299899751444878802e+07
1.299976879825223051e+07
1.299964871483705938e+07
1.299731521639885753e+07
1.300158186868191324e+07
1.300000858766715601e+07
1.299921572006487101e+07
1.299969331149540655e+07
1.300003943287663907e+07
1.299897949246218242e+07
1.300047279151456058e+07
1.299863995060862228e+07
1.300110098066983372e+07
1.299996953074052930e+07
1.299943730298077874e+07
1.299938930662277713e+07
1.300080831208203919e+07
1.299873370572889410e+07
1.300077236471854523e+07
1.299934511253210530e+07
1.300081044255337492e+07
1.300007800214623660e+07
1.299941141160695814e+07
1.299927236142218299e+07
1.300126936235978268e+07
1.299850696388959885e+07
1.300130621285203658e+07
1.300044914882870950e+07
1.299934876176945679e+07
1.300070764977069199e+07
1.300048489825301617e+07
1.299819089743188024e+07
1.300211532962281071e+07
1.300097687945363112e+07
1.299977148002332263e+07
1.300077512087979913e+07
1.300071182729144581e+07
1.299904973941800930e+07
1.300178333654774167e+07
1.300059711113165505e+07
1.300041262917090952e+07
1.300089326175085083e+07
1.299980661214989237e+07
1.299892240942359157e+07
1.300351948924236745e+07
1.300103317285442725e+07
1.300060880160860904e+07
1.300215129065702483e+07
1.300048880969991721e+07
1.299921495264922827e+07
1.300296996575672179e+07
1.300197807245482504e+07
1.299845283887198754e+07
1.300026474012316577e+07
1.300300864202674292e+07
1.300265757097795606e+07
1.299975787633767165e+07
1.299775793017996475e+07
1.299694630682169832e+07
1.299899845611494221e+07
1.299975257050106116e+07
1.299741171349770948e+07
1.299700248386351950e+07
1.299954349837494269e+07
1.300093457853572816e+07
1.299753241469173692e+07
1.299858001839507557e+07
1.300167550450536981e+07
1.300360591208001785e+07
1.300364455276042037e+07
1.300352511626542546e+07
1.300329034154595807e+07
1.300005622964119539e+07
1.299896888036064617e+07
1.300309847517991252e+07
1.300236096042944677e+07
1.300203308682698756e+07
1.299851629024577513e+07
1.299988499391386099e+07
1.300183330955285020e+07
1.299933347534698620e+07
1.299782523993096128e+07
1.299951911289770529e+07
1.300030831255956925e+07
1.299857268828669935e+07
1.299619510479950532e+07
1.299607557623058185e+07
1.299949720409776084e+07
1.300012601001271792e+07
1.299737443693387881e+07
1.299602421355074830e+07
1.299581168071923964e+07
1.299754671775420196e+07
1.300109692495591193e+07
1.299892425181781314e+07
1.299672267376725748e+07
1.299556537570720911e+07
1.299564264818096720e+07
1.299782895496165007e+07
1.300027359127673879e+07
1.299838515220459178e+07
1.299679382978836820e+07
1.299544903927548602e+07
1.299574798256798275e+07
1.299783126949621178e+07
1.300004720752279274e+07
1.299865167227678746e+07
1.299633862921934947e+07
1.299680697347795218e+07
1.299879241027661040e+07
1.299986515144763701e+07
1.299859276974320039e+07
1.299573682677557692e+07
1.299532638570888713e+07
1.299649677292957716e+07
1.299807941211752594e+07
1.300063454681818187e+07
1.299786724255328253e+07
1.299549507426864654e+07
1.299598040974503011e+07
1.299874943410722166e+07
1.299948896000454575e+07
1.299952027599232458e+07
1.299657744917473383e+07
1.299568169018491171e+07
1.299761281556784175e+07
1.300019734990178607e+07
1.299960803902808949e+07
1.299715621249156073e+07
1.299831898131340370e+07
1.300169300765475072e+07
1.299943021982624009e+07
1.299762179559010267e+07
1.300237725113687105e+07
1.300272848238741234e+07
1.299874059980405308e+07
1.299720030732716992e+07
1.300190533206932433e+07
1.300101955311920121e+07
1.299731479609324783e+07
1.299706934037119150e+07
1.300034316704125144e+07
1.300025197577398829e+07
1.299881858303260244e+07
1.299704977303360775e+07
1.299826637663512677e+07
1.300109579197174497e+07
1.299995714615037665e+07
1.299697922754255868e+07
1.299809719249992818e+07
1.300076624244404025e+07
1.299818297463394329e+07
1.299613668050741963e+07
1.299712703100807033e+07
1.300121598208270967e+07
1.299929260477963276e+07
1.299636974498039298e+07
1.299764282983300835e+07
1.300322372941182554e+07
1.299966752634060942e+07
1.299709674834043905e+07
1.300011242879034765e+07
1.300255961592923291e+07
1.299812467464310117e+07
1.299780998759155720e+07
1.300166745678238943e+07
1.300059828037168831e+07
1.299742135467663035e+07
1.299697348549505323e+07
1.299863301056663506e+07
1.300131412125021219e+07
1.300049722573556192e+07
1.299841987639791518e+07
1.299988616736875102e+07
1.300256739130182564e+07
1.300005579301354848e+07
1.299805575388136506e+07
1.299918405808745511e+07
1.300049314869863540e+07
1.299790080790082365e+07
1.299688413701010495e+07
1.299783064825537056e+07
1.300030841253001429e+07
1.299932896429205686e+07
1.299761737665260211e+07
1.299880814712265879e+07
1.300115613735766709e+07
1.299874758666625991e+07
1.299757467782863788e+07
1.299909252135038190e+07
1.300136882000976987e+07
1.299936123307063803e+07
1.299698856933384016e+07
1.299630953422158584e+07
1.299721278514776565e+07
1.299915468032772467e+07
1.300048680580912903e+07
1.299906655217057653e+07
1.299671053441970609e+07
1.299600533690357953e+07
1.299665778231108561e+07
1.299794850513131917e+07
1.300146308699385077e+07
1.299950704504742101e+07
1.299705969273472391e+07
1.299651194352720864e+07
1.299685461759971268e+07
1.299947182437976077e+07
1.300217825883480161e+07
1.299845979809270613e+07
1.299707102632188611e+07
1.299612312326631136e+07
1.299680049538331106e+07
1.299958608675811812e+07
1.300069085557707585e+07
1.299860356503216550e+07
1.299696168016981333e+07
1.299602478507454507e+07
1.299666375784678385e+07
1.299899048401866667e+07
1.300052697910753638e+07
1.299925538686441630e+07
1.299737279985222593e+07
1.299716589923841134e+07
1.299919089685207978e+07
1.300169037535329536e+07
1.299995608663258143e+07
1.299727764355659299e+07
1.299695385021943599e+07
1.299860947619335540e+07
1.300016591933930479e+07
1.300218807554511726e+07
1.299821722640178353e+07
1.299676044654126093e+07
1.299865503277718462e+07
1.300209543786660582e+07
1.299929563013645634e+07
1.299754924961961806e+07
1.299688618094617873e+07
1.299762257322745584e+07
1.300146592775529996e+07
1.300104278528508544e+07
1.299822326258576103e+07
1.299693431935526803e+07
1.299668518492392078e+07
1.299850180711041577e+07
1.300098389113303460e+07
1.299978930727088638e+07
1.299769163976674154e+07
1.299639665009015240e+07
1.299652848740874045e+07
1.299778199536175840e+07
1.300064129176334664e+07
1.300037443104441650e+07
1.299765032247614115e+07
1.299709387997322902e+07
1.299830710035841726e+07
1.300051603520187177e+07
1.300191531859868765e+07
1.299865588685308397e+07
1.299678284116891772e+07
1.299716191300816275e+07
1.299866112481149845e+07
1.300094654832929932e+07
1.300092497187341563e+07
1.299723734114533104e+07
1.299697601572024822e+07
1.299909574891179241e+07
1.300092916571761854e+07
1.300063678496221639e+07
1.299853617193965055e+07
1.299847520535001159e+07
1.300073001939376071e+07
1.300121628772043809e+07
1.299829262119182386e+07
1.299771983239466697e+07
1.299937976446982101e+07
1.300294207730694860e+07
1.300028646300596185e+07
1.299805111831832677e+07
1.299961592333910801e+07
1.300447207394158281e+07
1.300031820269741863e+07
1.299908202039708383e+07
1.300351151482720487e+07
1.300534296259189397e+07
1.300079066830903292e+07
1.299989145881135017e+07
1.300427135556582920e+07
1.300424696448788792e+07
1.299978595497274026e+07
1.300041875696595944e+07
1.300399137540124729e+07
1.300378314282451570e+07
1.300046961405295134e+07
1.300128469112736173e+07
1.300535463088697568e+07
1.300441937659797072e+07
1.300086174651963264e+07
1.300277612750235200e+07
1.300618265464652330e+07
1.300716535410261340e+07
1.300631431851298735e+07
1.300482151834818721e+07
1.300165749111741222e+07
1.300399329997011274e+07
1.300707393381534331e+07
1.300717980680085719e+07
1.300551274874161929e+07
1.300200243476589397e+07
1.300311299062355421e+07
1.300673209922595881e+07
1.300749243582780659e+07
1.300673110385145806e+07
1.300648229424619488e+07
1.300343126990086958e+07
1.300133560233585350e+07
1.300456614234447479e+07
1.300714498443160392e+07
1.300838810918841511e+07
1.300694644241317362e+07
1.300600676485132240e+07
1.300680994420594350e+07
1.300804177228276432e+07
1.300785341744578071e+07
1.300669217028913647e+07
1.300814792684842274e+07
1.300755851807478443e+07
1.300750861504548974e+07
1.300912006671545282e+07
1.300781923925005086e+07
1.300980150670067407e+07
1.301200537378484756e+07
1.301073824506243505e+07
1.300978176555117965e+07
1.301007872090782970e+07
1.301291995943257585e+07
1.300982779951601848e+07
1.300957768682032824e+07
1.301372952573399246e+07
1.301067560472766310e+07
1.300963258671093173e+07
1.301213834928986244e+07
1.301021608448498137e+07
1.300779175424787030e+07
1.301047516673223302e+07
1.300947985982983932e+07
1.300994722279470786e+07
1.301010899685222842e+07
1.301103205061515234e+07
1.300943096472455189e+07
1.301010261662118882e+07
1.300807554512230866e+07
1.300888707929614373e+07
1.300843806531666778e+07
1.300695211259575747e+07
1.300571873597358726e+07
1.300666171785655618e+07
1.300701790150749125e+07
1.300722311258455925e+07
1.300754577404762805e+07
1.300698241686644219e+07
1.300778877325802669e+07
1.300767240458105691e+07
1.300814428251353465e+07
1.300745291433020681e+07
1.300572351368683577e+07
1.300726756647813320e+07
1.300668077043740451e+07
1.300663927807448059e+07
1.300649147461137734e+07
1.300255793485793471e+07
1.300178277626391128e+07
1.300508674996617623e+07
1.300666571965607069e+07
1.300389685576165840e+07
1.300299906416874006e+07
1.300406059631908685e+07
1.300571032766193710e+07
1.300115461446296051e+07
1.300342054206130840e+07
1.300339923542930558e+07
1.300190284328624606e+07
1.300251245041825250e+07
1.300540434144932218e+07
1.300085864053332806e+07
1.300138390237532929e+07
1.300473796219083853e+07
1.300659405701828562e+07
1.300575222052723169e+07
1.300375983319551870e+07
1.299954435555604659e+07
1.300193832625488378e+07
1.300272715607760102e+07
1.300307048396329209e+07
1.299922620136258192e+07
1.300329016545307636e+07
1.300122412242210843e+07
1.299927113051794097e+07
1.300189309533639625e+07
1.300411433364508860e+07
1.299994771199059673e+07
1.299971014209268056e+07
1.300352758564047888e+07
1.300363254918567091e+07
1.300356203688093647e+07
1.300375108670312539e+07
1.300066403452058882e+07
1.299889682079525851e+07
1.300174536798739061e+07
1.300369875441683456e+07
1.300144801928443462e+07
1.299840434945749864e+07
1.300047889934945107e+07
1.300284872535418160e+07
1.300217096428985335e+07
1.299930154601250589e+07
1.299868070990117639e+07
1.300268384642148949e+07
1.300202439275672287e+07
1.299976343158207834e+07
1.300119466906684078e+07
1.300382819193963706e+07
1.300224592898316123e+07
1.299899857523456216e+07
1.300032526848777570e+07
1.300351569095712900e+07
1.300272939446569979e+07
1.299999451102747954e+07
1.299998018695634417e+07
1.300374572840863094e+07
1.300249553021181934e+07
1.300012653078944236e+07
1.300187397182405181e+07
1.300452450205873325e+07
1.300312885222194344e+07
1.299949541733021103e+07
1.299995841481704824e+07
1.300410949566619657e+07
1.300330107068575360e+07
1.300072093604017794e+07
1.300115492223780230e+07
1.300475320419957116e+07
1.300333289700254425e+07
1.300049022464958951e+07
1.300235551565879956e+07
1.300530681122308411e+07
1.300420282125537656e+07
1.300129538026818447e+07
1.299997625240874104e+07
1.300446292933559045e+07
1.300536628117525578e+07
1.300762917955073901e+07
1.300730137554104440e+07
1.300438683534908295e+07
1.300663617791908234e+07
1.300462805561444722e+07
1.300541928628619388e+07
1.300763596076411009e+07
1.300534482728209905e+07
1.300552927934924327e+07
1.300738376487047039e+07
1.300681538431570306e+07
1.300623756973915920e+07
1.300727988493299112e+07
1.300666116112407669e+07
1.300674132499621250e+07
1.300727636713163368e+07
1.300714705418403819e+07
1.300637981220635027e+07
1.300605259516558982e+07
1.300735800700186566e+07
1.300746777395745926e+07
1.300732954959619790e+07
1.300886465255178884e+07
1.301034623964942433e+07
1.300995777764016017e+07
1.301058165955831483e+07
1.300791685482712463e+07
1.300714552293772437e+07
1.300833854702480510e+07
1.300707623767950945e+07
1.300580113011011668e+07
1.300801241548562236e+07
1.300727467256419733e+07
1.300538085232630931e+07
1.300580772019804083e+07
1.300611095601977222e+07
1.300678484326444194e+07
1.300571436242391914e+07
1.300528101320574433e+07
1.300662625457119383e+07
1.300771044048670121e+07
1.300577036781490967e+07
1.300652600304916129e+07
1.300770248449860886e+07
1.300656189220086671e+07
1.300448457576729357e+07
1.300574387801653519e+07
1.300054849382426403e+07
1.299909904146203399e+07
1.300364743599121831e+07
1.300412218964321539e+07
1.299938340719718859e+07
1.299872772091853805e+07
1.300166672989125550e+07
1.300371051886112057e+07
1.300138051724422909e+07
1.299982190188090503e+07
1.300361323170751333e+07
1.300499929933467135e+07
1.300578030885247141e+07
1.300505175624815933e+07
1.300122284219497629e+07
1.300118907572983578e+07
1.300514761630400270e+07
1.300400275576827675e+07
1.300026112905175984e+07
1.300147718516096286e+07
1.300627052328231186e+07
1.300548362704157084e+07
1.300724914063037932e+07
1.300738759723431244e+07
1.300598837987759523e+07
1.300475967047957703e+07
1.300247447587823868e+07
1.299986829258839600e+07
1.300177867113086581e+07
1.300262034149125777e+07
1.300107603297416307e+07
1.299891667620274983e+07
1.300007923936226405e+07
1.300262189430608414e+07
1.300333015230700932e+07
1.299955135724007338e+07
1.300179087285208516e+07
1.300606606948853843e+07
1.300519476666665822e+07
1.300376026933877170e+07
1.300118374854689464e+07
1.300345386097975448e+07
1.300501513324496709e+07
1.300750938529712521e+07
1.300737803723895736e+07
1.300522725854458101e+07
1.300683475584622845e+07
1.300782081698456779e+07
1.300554228311179765e+07
1.300425428013188392e+07
1.300051556069579907e+07
1.300218695817166008e+07
1.300514620171820186e+07
1.300674477381406352e+07
1.300524822224494256e+07
1.300317109267947637e+07
1.300039373260660656e+07
1.300493106428469904e+07
1.300468906825228967e+07
1.300302281547140330e+07
1.300044094441611134e+07
1.300524728988760337e+07
1.300436929569059797e+07
1.300200956200770289e+07
1.300190436302574724e+07
1.300511775596152060e+07
1.300142334327379614e+07
1.300446389988928288e+07
1.300327027320392802e+07
1.300314167657127231e+07
1.300387633001822606e+07
1.300400998132790439e+07
1.300126551361321844e+07
1.300540592592436634e+07
1.300327849777600728e+07
1.300345904607042111e+07
1.300284790791280009e+07
1.300465069352574274e+07
1.300324760409250297e+07
1.300480309757150337e+07
1.300233076467881352e+07
1.300460591181966662e+07
1.300445282649631239e+07
1.300319261546856165e+07
1.300294140641734377e+07
1.300558857134249434e+07
1.300209291802393831e+07
1.300556632919338346e+07
1.300403209730338491e+07
1.300360301740535349e+07
1.300447195495317131e+07
1.300411817745217308e+07
1.300184810820387863e+07
1.300631731174851209e+07
1.300390436140123941e+07
1.300450792292136140e+07
1.300386515018561855e+07
1.300511250688256696e+07
1.300406707180769369e+07
1.300509224819129892e+07
1.300289563404411636e+07
1.300629922108900361e+07
1.300425803420607932e+07
1.300496188086117245e+07
1.300412204269366525e+07
1.300578524944958836e+07
1.300430231221976504e+07
1.300568851637400500e+07
1.300354653588162735e+07
1.300648885836347006e+07
1.300505487477201410e+07
1.300513432270759158e+07
1.300456069571932405e+07
1.300653360247402079e+07
1.300435085153211653e+07
1.300642814306745678e+07
1.300440236016480625e+07
1.300654940284008533e+07
1.300550054427769408e+07
1.300552661404459178e+07
1.300491572374434024e+07
1.300705637236877717e+07
1.300441614566263929e+07
1.300730044519597292e+07
1.300529091379009932e+07
1.300618842121245898e+07
1.300595797249662876e+07
1.300546529059604742e+07
1.300483939613389969e+07
1.300799321273950860e+07
1.300427595392698422e+07
1.300712345254540816e+07
1.300619238244653679e+07
1.300586049867145158e+07
1.300595105224587955e+07
1.300600383686373569e+07
1.300454851277858391e+07
1.300856384219743125e+07
1.300502911834129319e+07
1.300698664452199824e+07
1.300651946890557185e+07
1.300626391240533069e+07
1.300602873236613907e+07
1.300642158113557287e+07
1.300463840517281555e+07
1.300864764062210359e+07
1.300566182080790401e+07
1.300684388076042384e+07
1.300678690334469639e+07
1.300713987000738643e+07
1.300558200872790627e+07
1.300759117202614807e+07
1.300562350806582719e+07
1.300814187315625884e+07
1.300622573845834285e+07
1.300700293877601437e+07
1.300639319678984582e+07
1.300818606320844032e+07
1.300583516074768640e+07
1.300798887859131210e+07
1.300649581613295153e+07
1.300834618225694820e+07
1.300632441881741956e+07
1.300753675946374238e+07
1.300668491801736690e+07
1.300875461897119135e+07
1.300589185731625184e+07
1.300848000283062086e+07
1.300733299950528890e+07
1.300810121700390428e+07
1.300659103091559187e+07
1.300801005031037517e+07
1.300684313781019486e+07
1.300911253194651566e+07
1.300626659850021265e+07
1.300854888739493862e+07
1.300788886472989805e+07
1.300781978367829695e+07
1.300718914209937491e+07
1.300819924421495199e+07
1.300691921407755651e+07
1.300962490448807552e+07
1.300660619599940442e+07
1.300877860411401838e+07
1.300847107875474542e+07
1.300783815278829634e+07
1.300734111819416471e+07
1.300873419489097223e+07
1.300717938838309608e+07
1.300987755848503113e+07
1.300726721716690622e+07
1.300865124183620140e+07
1.300876134752658382e+07
1.300827126909524575e+07
1.300718718756120279e+07
1.300938599279993959e+07
1.300791245117446221e+07
1.300937667579938099e+07
1.300773958275639825e+07
1.300868509291817062e+07
1.300839217711924389e+07
1.300908869521220401e+07
1.300726865158506483e+07
1.300989180014075898e+07
1.300873954716337100e+07
1.300921617725493386e+07
1.300782853892353550e+07
1.300929663703171536e+07
1.300864203930741176e+07
1.300951020707510784e+07
1.300769059623472579e+07
1.300987281039671600e+07
1.300909816758173145e+07
1.300916688869953342e+07
1.300816451155580021e+07
1.300957448062419519e+07
1.300891256317786686e+07
1.300982274032718129e+07
1.300778253484942392e+07
1.300996477526424080e+07
1.300973413039539382e+07
1.300883604399089515e+07
1.300860656049338542e+07
1.300978422461598739e+07
1.300890021507506073e+07
1.301010979697589017e+07
1.300814877538781054e+07
1.300992228487445600e+07
1.301005513717189059e+07
1.300895371762375720e+07
1.300872422527276725e+07
1.301007502753059007e+07
1.300918994472718425e+07
1.301030175081109814e+07
1.300851461713833176e+07
1.300998788443871029e+07
1.301046313392699510e+07
1.300867536569029093e+07
1.300914701844358072e+07
1.301061828168091550e+07
1.300941801094479300e+07
1.301027581672371551e+07
1.300952694273337536e+07
1.300938828865678050e+07
1.301054258219476789e+07
1.300886297398289107e+07
