1.297965143842425570e+07
1.298000338489419222e+07
1.297947710473544523e+07
1.297923336153817549e+07
1.297992566238744929e+07
1.297985307558200695e+07
1.297932360138248280e+07
1.297938425689066201e+07
1.298007441690913588e+07
1.297952748523040302e+07
1.297936504528477229e+07
1.297963392462921143e+07
1.298003493100299500e+07
1.297923739474702813e+07
1.297954052162200585e+07
1.297982933195589855e+07
1.297979752642006241e+07
1.297913186202875897e+07
1.297977165694541298e+07
1.297980554703891464e+07
1.297952522894472070e+07
1.297928650775805861e+07
1.297999107536046579e+07
1.297962909882927127e+07
1.297929468684666231e+07
1.297961815250277333e+07
1.298001933592112921e+07
1.297940962349111959e+07
1.297926210708093457e+07
1.297991096234623343e+07
1.297985675465826876e+07
1.297928024657436274e+07
1.297942535411287099e+07
1.298004969854991511e+07
1.297952662197723798e+07
1.297934576668049581e+07
1.297964574050960131e+07
1.297998672411746532e+07
1.297922698088187911e+07
1.297956370346451923e+07
1.297982196588976495e+07
1.297974476121469773e+07
1.297912950804802403e+07
1.297981798291904666e+07
1.297978100751385652e+07
1.297949584390760213e+07
1.297928447299986146e+07
1.298003235477289744e+07
1.297958013052830659e+07
1.297931395500181802e+07
1.297961983449676074e+07
1.298003274750287272e+07
1.297935228203025647e+07
1.297931090581910126e+07
1.297991850588935427e+07
1.297984496447094716e+07
1.297923844571968354e+07
1.297947783506158739e+07
1.298000914933396131e+07
1.297950236900740117e+07
1.297933998495385796e+07
1.297968484660406224e+07
1.297992263651311770e+07
1.297921450256773643e+07
1.297961877307965048e+07
1.297983709702075645e+07
1.297967740360505320e+07
1.297913531324392930e+07
1.297987927126334794e+07
1.297976441007042117e+07
1.297945388904723339e+07
1.297930626641228236e+07
1.298006337164092064e+07
1.297952979349183291e+07
1.297932783774390444e+07
1.297964474337971024e+07
1.298002049364869297e+07
1.297929395760137774e+07
1.297937019197463989e+07
1.297992595245820843e+07
1.297981566174045578e+07
1.297920966866633855e+07
1.297955171599612758e+07
1.297996276828365028e+07
1.297947084223584272e+07
1.297936576434371434e+07
1.297975457030170411e+07
1.297985145506274141e+07
1.297920316463978589e+07
1.297967687000147253e+07
1.297986440535192005e+07
1.297960714654110745e+07
1.297915888528861105e+07
1.297994646346738935e+07
1.297974491667641141e+07
1.297942164964286238e+07
1.297937364870380424e+07
1.298010008242967911e+07
1.297947631132631749e+07
1.297935910912779905e+07
1.297972166216017678e+07
1.298000504079974629e+07
1.297924123867020197e+07
1.297944519180943072e+07
1.297992956620001607e+07
1.297975754283934832e+07
1.297920849782649800e+07
1.297965436747575738e+07
1.297991701881614700e+07
1.297940824208669364e+07
1.297942246211215295e+07
1.297982694454279169e+07
1.297974628837597184e+07
1.297917412812338583e+07
1.297975352252632752e+07
1.297987672833759710e+07
1.297951063228375651e+07
1.297919516845442727e+07
1.297999330630235933e+07
1.297967576523248293e+07
1.297937371592477150e+07
1.297945722447800077e+07
1.298008492980371974e+07
1.297937837712348998e+07
1.297938026361951046e+07
1.297978023243180476e+07
1.297994204645447433e+07
1.297918260209736601e+07
1.297954146605799347e+07
1.297991214674995653e+07
1.297965869220064953e+07
1.297923596793591045e+07
1.297976416028118692e+07
1.297983329261453263e+07
1.297932508248044364e+07
1.297953662007305399e+07
1.297989246084084176e+07
1.297962655739258043e+07
1.297916403237565979e+07
1.297984258530169539e+07
1.297984154445607215e+07
1.297941287225202098e+07
1.297928335550880991e+07
1.298005002734871954e+07
1.297957356052450649e+07
1.297936381471301802e+07
1.297957564147523418e+07
1.298005286145304143e+07
1.297927389834750816e+07
1.297944280185544491e+07
1.297983534823358990e+07
1.297983683647242002e+07
1.297915422039688006e+07
1.297965917463617027e+07
1.297986866728906892e+07
1.297952555991679616e+07
1.297932030044486932e+07
1.297986380266311951e+07
1.297971903248194046e+07
1.297923236961616762e+07
1.297965534348436818e+07
1.297991801309261844e+07
1.297949962152777053e+07
1.297919489382676221e+07
1.297994617434396408e+07
1.297976690285907313e+07
1.297935696394894086e+07
1.297939806166062877e+07
1.298007901297168992e+07
1.297942354762135632e+07
1.297938467361913621e+07
1.297968975076173618e+07
1.297996757755650580e+07
1.297917536372777075e+07
1.297955488557535596e+07
1.297986243910522200e+07
1.297970466472229548e+07
1.297918851877941750e+07
1.297980571825572103e+07
1.297978879401465692e+07
1.297938838839305006e+07
1.297946536249954626e+07
1.297994330399212427e+07
1.297959660369388014e+07
1.297920385820401460e+07
1.297980908507874236e+07
1.297990592245417833e+07
1.297939194269018061e+07
1.297928792935659364e+07
1.298002891374159418e+07
1.297963227033023164e+07
1.297935941785527952e+07
1.297954983668940142e+07
1.298006680990823172e+07
1.297929276581458375e+07
1.297947203315272927e+07
1.297980372764501721e+07
1.297985568791302294e+07
1.297914774308358692e+07
1.297970204572164081e+07
1.297983604002001137e+07
1.297955193866640143e+07
1.297929589361321181e+07
1.297992633983482793e+07
1.297967718880185857e+07
1.297927966901489161e+07
1.297964511259010807e+07
1.297997076655119285e+07
1.297946200815933198e+07
1.297924161472526193e+07
1.297993808935756609e+07
1.297979162037334405e+07
1.297933506213079765e+07
1.297944017557207495e+07
1.298008036651547439e+07
1.297943994449463300e+07
1.297941784016905725e+07
1.297971025786312297e+07
1.297996202363985218e+07
1.297919351527610049e+07
1.297962520457026735e+07
1.297984658765516989e+07
1.297968247962338477e+07
1.297919992108292319e+07
1.297986576848400757e+07
1.297973568375946209e+07
1.297937916073543206e+07
1.297948001226979494e+07
1.297998824897238798e+07
1.297952657809924893e+07
1.297923268770735897e+07
1.297983339127297141e+07
1.297990613294411823e+07
1.297934832873758301e+07
1.297935376476681419e+07
1.298003600316317193e+07
1.297959335719313659e+07
1.297935246311375126e+07
1.297960065763130412e+07
1.298003634343376011e+07
1.297926133009346202e+07
1.297953237599500827e+07
1.297981525904133171e+07
1.297980360184275173e+07
1.297916345178415626e+07
1.297978765280858800e+07
1.297979855985569581e+07
1.297951085403874144e+07
1.297933497983626463e+07
1.297999512917196192e+07
1.297960418988020718e+07
1.297928188137529232e+07
1.297969984288173914e+07
1.297998848845548369e+07
1.297939648358923197e+07
1.297930253566026688e+07
1.297997819769833237e+07
1.297972970086433366e+07
1.297930627773035131e+07
1.297950963115440123e+07
1.298004159105919302e+07
1.297935121922468767e+07
1.297944526941381209e+07
1.297974057448454760e+07
1.297986659714347683e+07
1.297914392861883342e+07
1.297969409960087761e+07
1.297981227448729984e+07
1.297958352957163192e+07
1.297923398600916751e+07
1.297995765275792778e+07
1.297964573040078580e+07
1.297932621239204518e+07
1.297958376396496035e+07
1.298001399417594820e+07
1.297942939312730357e+07
1.297927246021808684e+07
1.297990731902932748e+07
1.297983245795642212e+07
1.297928425912964158e+07
1.297945318498150818e+07
1.298003492330699787e+07
1.297946073640269227e+07
1.297938801228038780e+07
1.297968474523149803e+07
1.297992794807870872e+07
1.297918132723069377e+07
1.297962717653940059e+07
1.297981246814532764e+07
1.297964570148432069e+07
1.297917606139871664e+07
1.297988936887014471e+07
1.297967828872079961e+07
1.297936685260388628e+07
1.297945046372268721e+07
1.298000508080626838e+07
1.297945816432407126e+07
1.297924315805486776e+07
1.297981312532612123e+07
1.297986959230050817e+07
1.297926891530376486e+07
1.297938634828522988e+07
1.298000797507958859e+07
1.297954940806796029e+07
1.297932834729872271e+07
1.297962746810612269e+07
1.297996712757632323e+07
1.297921916793640703e+07
1.297957504411521927e+07
1.297980376654335111e+07
1.297970260976187885e+07
1.297915805419390276e+07
1.297985586145325750e+07
1.297972462627454102e+07
1.297942731156711653e+07
1.297938619039896876e+07
1.298001726748452336e+07
1.297949916408291645e+07
1.297926546028302982e+07
1.297976676851673611e+07
1.297992846921162680e+07
1.297929785516808182e+07
1.297937020562390052e+07
1.297999061526719108e+07
1.297961669923170283e+07
1.297929501101708412e+07
1.297958799092015065e+07
1.297998491227732040e+07
1.297925162325234152e+07
1.297953160516410694e+07
1.297978413825342059e+07
1.297972940941206738e+07
1.297914220062703267e+07
1.297982386871921644e+07
1.297974797140231170e+07
1.297946166547093913e+07
1.297933122303219326e+07
1.298001444669114985e+07
1.297951750410300680e+07
1.297927005193202011e+07
1.297970113842353784e+07
1.297994116734256782e+07
1.297929760336262360e+07
1.297933716075713001e+07
1.297995143302560598e+07
1.297964158105098456e+07
1.297926147229392081e+07
1.297954697916251235e+07
1.297997575368823297e+07
1.297926828368456475e+07
1.297949965654232353e+07
1.297976352058629133e+07
1.297974495659889840e+07
1.297912692068423890e+07
1.297978235475614667e+07
1.297974710632826760e+07
1.297946798396157287e+07
1.297928855929174274e+07
1.297999634675234929e+07
1.297951231997974217e+07
1.297926479716406390e+07
1.297966381338853762e+07
1.297993764041795395e+07
1.297929021645314619e+07
1.297932041531647556e+07
1.297993415789918415e+07
1.297964245104783960e+07
1.297924607228025608e+07
1.297953001897632331e+07
1.297996949161567539e+07
1.297927369387302920e+07
1.297948204785966314e+07
1.297975406171250902e+07
1.297974278981061652e+07
1.297911811001664586e+07
1.297976693377374671e+07
1.297973790550302155e+07
1.297945864241067879e+07
1.297926064456417598e+07
1.297998027108203061e+07
1.297950783404318430e+07
1.297925585172751732e+07
1.297963996965398081e+07
1.297992492528204806e+07
1.297928120102659613e+07
1.297930687425920554e+07
1.297992722680120729e+07
1.297965249683872610e+07
1.297923950744379126e+07
1.297952310541376472e+07
1.297996006106247194e+07
1.297927231146946736e+07
1.297946478331374750e+07
1.297973987859825231e+07
1.297973894632489234e+07
1.297911552905814722e+07
1.297975933365197666e+07
1.297973697099318169e+07
1.297945922633557394e+07
1.297926320470801368e+07
1.297997808338233642e+07
1.297950321967308596e+07
1.297925438888825476e+07
1.297964738710336946e+07
1.297992691907390952e+07
1.297928547638440132e+07
1.297931171777075529e+07
1.297992794953817874e+07
1.297963709547717310e+07
1.297924374959941953e+07
1.297952915518852882e+07
1.297995959484093450e+07
1.297925969465709850e+07
1.297947971516274475e+07
1.297974503251201846e+07
1.297972367900771089e+07
1.297911298783106543e+07
1.297977437864913419e+07
1.297973148194082454e+07
1.297944803613255918e+07
1.297928842155670747e+07
1.297997961914891005e+07
1.297948246440861560e+07
1.297924194795390777e+07
1.297967038702714257e+07
1.297990230442260951e+07
1.297926338422624953e+07
1.297931381749285385e+07
1.297992396951383539e+07
1.297958006836931594e+07
1.297924348699935898e+07
1.297953395435545966e+07
1.297992379076482728e+07
1.297920340212284029e+07
1.297948948854159936e+07
1.297973342408707365e+07
1.297966593020026945e+07
1.297910604473580234e+07
1.297978917040674761e+07
1.297967716919452511e+07
1.297938317289460078e+07
1.297933521727445722e+07
1.297996070091044158e+07
1.297945178533408791e+07
1.297922857094720006e+07
1.297973740572078526e+07
1.297985771331061423e+07
1.297924819970649295e+07
1.297935415610086732e+07
1.297996077048862539e+07
1.297951282159689814e+07
1.297930370323876664e+07
1.297960197606202960e+07
1.297991386855180375e+07
1.297916684987751395e+07
1.297955721305221692e+07
1.297975769115288369e+07
1.297962907051059604e+07
1.297913481116682850e+07
1.297983884290952049e+07
1.297963812344258465e+07
1.297933199762192741e+07
1.297942594724596292e+07
1.297994625572833791e+07
1.297939601482559368e+07
1.297920603971618786e+07
1.297979886843901128e+07
1.297976326485165954e+07
1.297921954754366539e+07
1.297937969731260277e+07
1.297994974419820495e+07
1.297937045457647741e+07
1.297933489091153257e+07
1.297963125574125163e+07
1.297981973162730597e+07
1.297910547955189459e+07
1.297960744126575254e+07
1.297973262609809078e+07
1.297951825743764080e+07
1.297917622886976041e+07
1.297987703511353023e+07
1.297956020349142514e+07
1.297924282619546168e+07
1.297955103681427613e+07
1.297990683969031461e+07
1.297933445510841906e+07
1.297923025768581592e+07
1.297988430301523022e+07
1.297965583016263507e+07
1.297924830422897637e+07
1.297945276603921875e+07
1.297996481690756045e+07
1.297925832865533233e+07
1.297942165369262733e+07
1.297970419536167942e+07
1.297974454880470969e+07
1.297910248873122223e+07
1.297970608601280116e+07
1.297971797662058845e+07
1.297942376815648563e+07
1.297930222700157017e+07
1.297991185566002689e+07
1.297950890527969599e+07
1.297919997641897760e+07
1.297970013628713228e+07
1.297986030720499717e+07
1.297930344099309854e+07
1.297929550490668416e+07
1.297996423319043964e+07
1.297953433801935799e+07
1.297931240512222238e+07
1.297956479186864011e+07
1.297994412388966978e+07
1.297918223619998060e+07
1.297951295175847225e+07
1.297976438435367681e+07
1.297966845392969623e+07
1.297913491047190316e+07
1.297978108874475770e+07
1.297967533965549432e+07
1.297932953695565276e+07
1.297943770215943828e+07
1.297991724180898257e+07
1.297945776290521212e+07
1.297918245128689520e+07
1.297980513242065907e+07
1.297975712318368629e+07
1.297927258275136538e+07
1.297934407344989106e+07
1.297997267000110261e+07
1.297936320096896403e+07
1.297934802064767480e+07
1.297964196648614109e+07
1.297984620227596723e+07
1.297910926261212863e+07
1.297957744092146866e+07
1.297974851259915903e+07
1.297951023472233117e+07
1.297921094777367637e+07
1.297982615175556578e+07
1.297957783745065145e+07
1.297918896538211592e+07
1.297959729752229713e+07
1.297984681548577547e+07
1.297934490901642479e+07
1.297920757231452316e+07
1.297991036844765954e+07
1.297955743755777553e+07
1.297928080463011190e+07
1.297947443547240458e+07
1.297993974229156785e+07
1.297916773879292421e+07
1.297942386938219145e+07
1.297974040614714287e+07
1.297967435256300308e+07
1.297910968220379017e+07
1.297969892701425217e+07
1.297969774012653157e+07
1.297930208332034759e+07
1.297942531944640353e+07
1.297984536484111287e+07
1.297948933366619423e+07
1.297913635025736131e+07
1.297980705686201714e+07
1.297971635687875748e+07
1.297930171191772260e+07
1.297932580534944683e+07
1.297997827708258852e+07
1.297933249126514606e+07
1.297934109853980131e+07
1.297965816356376000e+07
1.297983768966505490e+07
1.297911207613597624e+07
1.297955215540050529e+07
1.297978976801172644e+07
1.297948959212798998e+07
1.297926191699520312e+07
1.297978859723931365e+07
1.297964373203201406e+07
1.297917125192194432e+07
1.297965868698940985e+07
1.297981768156857416e+07
1.297940302083932981e+07
1.297920333144301362e+07
1.297994632129472494e+07
1.297954738143918850e+07
1.297931653367515467e+07
1.297951408716929331e+07
1.297995559937810525e+07
1.297919854089658707e+07
1.297942035256462172e+07
1.297979672141691484e+07
1.297968991367592476e+07
1.297915153241946921e+07
1.297967369266138971e+07
1.297977519850908592e+07
1.297931002347058617e+07
1.297946956547361799e+07
1.297983000401499495e+07
1.297956469163755700e+07
1.297913225036831386e+07
1.297983205242431909e+07
1.297972334824115410e+07
1.297935490165907145e+07
1.297932204949393123e+07
1.298000139432974532e+07
1.297937386265520193e+07
1.297933908081807010e+07
1.297969743220789544e+07
1.297986957530707493e+07
1.297915385818187334e+07
1.297951372681020573e+07
1.297984719503273815e+07
1.297951200393859483e+07
1.297928065220019780e+07
1.297973711990792863e+07
1.297972710025521927e+07
1.297917136163138971e+07
1.297965339146274701e+07
1.297980164066888019e+07
1.297946701173985377e+07
1.297917516746169701e+07
1.297994316564510390e+07
1.297956756711941957e+07
1.297932878289214335e+07
1.297949933413529396e+07
1.297997109322015382e+07
1.297925135363746248e+07
1.297937153754739463e+07
1.297981835587779433e+07
1.297971885910993628e+07
1.297916727752242424e+07
1.297960156481156312e+07
1.297983822372607328e+07
1.297932579240384884e+07
1.297944173157590255e+07
1.297977575116813928e+07
1.297962719145300984e+07
1.297912056037424132e+07
1.297980542813745700e+07
1.297971724122596346e+07
1.297938967980642244e+07
1.297929094856045023e+07
1.297999042222823948e+07
1.297939955433264561e+07
1.297930394397499785e+07
1.297968789071601443e+07
1.297987643772332929e+07
1.297918237766807899e+07
1.297944422232560441e+07
1.297988222893425263e+07
1.297952547107275203e+07
1.297926791390655190e+07
1.297966694856525958e+07
1.297977990368723311e+07
1.297916573744986393e+07
1.297961480303372443e+07
1.297977293188711815e+07
1.297951279401374049e+07
1.297915823925562017e+07
1.297992449367672205e+07
1.297958225161366351e+07
1.297932905377021246e+07
1.297949372260537744e+07
1.297996925792418607e+07
1.297928890734276734e+07
1.297932315446211025e+07
1.297984146313674748e+07
1.297971446194187924e+07
1.297919635944535024e+07
1.297954223690385371e+07
1.297988936512993835e+07
1.297931234110371955e+07
1.297943782136566937e+07
1.297973867167912796e+07
1.297967601212577708e+07
1.297912216910663620e+07
1.297979141070021689e+07
1.297970521262091026e+07
1.297940154109033383e+07
1.297930139189405367e+07
1.297997291035044566e+07
1.297941372735090740e+07
1.297927355865236185e+07
1.297972827255568653e+07
1.297985368540508300e+07
1.297921909694516286e+07
1.297942146130899526e+07
1.297992854255301878e+07
1.297946436410051584e+07
1.297931485287148878e+07
1.297964724486131221e+07
1.297981302466539107e+07
1.297912819925730489e+07
1.297963818708808720e+07
1.297973621385687031e+07
1.297950767908047326e+07
1.297917999583933316e+07
1.297991269990451075e+07
1.297952928099705838e+07
1.297926760604159720e+07
1.297956572193164006e+07
1.297991742107904702e+07
1.297928437950192951e+07
1.297928884905970283e+07
1.297988993687179685e+07
1.297962302648445591e+07
1.297923721036876179e+07
1.297951807845601998e+07
1.297990598918103799e+07
1.297921309704668447e+07
1.297948197228715383e+07
1.297971758444909751e+07
1.297965504097004049e+07
1.297911012517098524e+07
1.297979695412208326e+07
1.297965202320955135e+07
1.297935062705866247e+07
1.297938617633842677e+07
1.297994409306063503e+07
1.297940573336131684e+07
1.297921287799367122e+07
1.297977715954897925e+07
1.297976456011452340e+07
1.297923082181491330e+07
1.297938505585428886e+07
1.297995366725402512e+07
1.297936534049364179e+07
1.297936559808629192e+07
1.297965666981901787e+07
1.297980959605170414e+07
1.297911462146398053e+07
1.297965129911730625e+07
1.297972642147204466e+07
1.297947897532208264e+07
1.297923804387259111e+07
1.297989137815710343e+07
1.297953049899365008e+07
1.297922316362451762e+07
1.297966148022908717e+07
1.297987482447673194e+07
1.297931175802249648e+07
1.297929199262051657e+07
1.297994868616116233e+07
1.297953160045107082e+07
1.297930931237275153e+07
1.297956067406149209e+07
1.297992530817570165e+07
1.297915942821890116e+07
1.297952532853008993e+07
1.297975353066248260e+07
1.297961315628941357e+07
1.297915951668852195e+07
1.297979735904742405e+07
1.297963711862048320e+07
1.297927242881540582e+07
1.297952801077443361e+07
1.297989366693399101e+07
1.297940591663422622e+07
1.297919867751243897e+07
1.297988250541703962e+07
1.297965396379742771e+07
1.297929107792668976e+07
1.297943836631063931e+07
1.297996261517691240e+07
1.297923923844519816e+07
1.297941420223855786e+07
1.297972494385132194e+07
1.297973227739212103e+07
1.297910896581682563e+07
1.297969148831145279e+07
1.297973172782205231e+07
1.297936135677553341e+07
1.297939442026563361e+07
1.297985720064694993e+07
1.297952407297137938e+07
1.297915356297505088e+07
1.297980071210211702e+07
1.297975392803748325e+07
1.297932356306472048e+07
1.297932743515095115e+07
1.297998391932410188e+07
1.297935653819327429e+07
1.297935395474050753e+07
1.297967318399552628e+07
1.297985358271346055e+07
1.297913510352108814e+07
1.297956898857579194e+07
1.297980297067070007e+07
1.297948317681358010e+07
1.297929834651561640e+07
1.297980016763171554e+07
1.297962874952626601e+07
1.297915631176296435e+07
1.297970410360470973e+07
1.297979604617294855e+07
1.297938853956864215e+07
1.297923045646055043e+07
1.297997663242487237e+07
1.297948267501292005e+07
1.297933715857177228e+07
1.297961211346062832e+07
1.297992850371013209e+07
1.297918373963372223e+07
1.297947872515514679e+07
1.297983826121189259e+07
1.297959449701691978e+07
1.297924020190868340e+07
1.297972828040064313e+07
1.297974768339673616e+07
1.297921507029713131e+07
1.297961506799306907e+07
1.297981129748631082e+07
1.297948821570081823e+07
1.297916975882288814e+07
1.297992591942272335e+07
1.297956362024258636e+07
1.297933154432577826e+07
1.297951424989010207e+07
1.297996253731150553e+07
1.297924794844560511e+07
1.297938967512713559e+07
1.297983645217864215e+07
1.297968325668533705e+07
1.297919693308440037e+07
1.297962560433321260e+07
1.297983363123343326e+07
1.297927722375337407e+07
1.297953061494711228e+07
1.297980216725583375e+07
1.297960263206879050e+07
1.297916030499676801e+07
1.297989384717423469e+07
1.297966440509157814e+07
1.297937051605653763e+07
1.297941969022275507e+07
1.297999522909393162e+07
1.297932973280234076e+07
1.297932726692313701e+07
1.297980456681101024e+07
1.297976580757874064e+07
1.297919571470844559e+07
1.297952750461391546e+07
1.297989553934381343e+07
1.297935381313499436e+07
1.297942578345879912e+07
1.297973723728914559e+07
1.297969087327906117e+07
1.297913700590531901e+07
1.297980111540008336e+07
1.297971649026243389e+07
1.297941854117088951e+07
1.297932589932980761e+07
1.297998968631851487e+07
1.297943047749914043e+07
1.297929209168297797e+07
1.297975706065138616e+07
1.297986425707874820e+07
1.297923741530012339e+07
1.297945062892987020e+07
1.297995197506141476e+07
1.297945744225168228e+07
1.297936132102591731e+07
1.297968730600927956e+07
1.297981623600485921e+07
1.297914451084780134e+07
1.297969688296548650e+07
1.297974368486134708e+07
1.297949170458720624e+07
1.297923337526158802e+07
1.297993087903730199e+07
1.297950748673967645e+07
1.297926765764684603e+07
1.297966283830953576e+07
1.297989297246176749e+07
1.297927455983937718e+07
1.297935208308162540e+07
1.297994765971040726e+07
1.297953297481306084e+07
1.297931210183726996e+07
1.297961191711180471e+07
1.297989463062041812e+07
1.297917360374267399e+07
1.297960442051391862e+07
1.297975954426189885e+07
1.297958601835232973e+07
1.297919717553690076e+07
1.297988162386000715e+07
1.297959040994730406e+07
1.297927629786342382e+07
1.297958589037986472e+07
1.297991300541036762e+07
1.297934935058658943e+07
1.297928307252924703e+07
1.297993760930744559e+07
1.297960773879821412e+07
1.297930812385108881e+07
1.297954352845676616e+07
1.297994989502252638e+07
1.297920868497570232e+07
1.297952642079917900e+07
1.297976733952795900e+07
1.297965951025294885e+07
1.297916797954560257e+07
1.297980024094964005e+07
1.297966773800293170e+07
1.297930430604537018e+07
1.297952063669843599e+07
1.297991359067288414e+07
1.297943149230079539e+07
1.297921352883241326e+07
1.297989152835577913e+07
1.297965847772032395e+07
1.297931093998961337e+07
1.297946609037258849e+07
1.297997402555236593e+07
1.297924564806206897e+07
1.297945489365483262e+07
1.297976392407802492e+07
1.297973139348120987e+07
1.297915444499325752e+07
1.297973139052860625e+07
1.297974292695430480e+07
1.297935036435912363e+07
1.297947738847485743e+07
1.297988445966291614e+07
1.297952091242532246e+07
1.297917758965990320e+07
1.297986799263051711e+07
1.297971304669119790e+07
1.297934241574849561e+07
1.297941032572202384e+07
1.297998898293018527e+07
1.297929959333292954e+07
1.297940268635411747e+07
1.297975409427628294e+07
1.297979850924462080e+07
1.297915792556699738e+07
1.297965633346512541e+07
1.297981998441474698e+07
1.297940600135665387e+07
1.297944313613632508e+07
1.297985570008758642e+07
1.297962218062394485e+07
1.297917286167338490e+07
1.297984454877210967e+07
1.297975987445224263e+07
1.297939902538647875e+07
1.297936313529149257e+07
1.298000764625363424e+07
1.297938559389324486e+07
1.297938497084114142e+07
1.297976768333808891e+07
1.297985978446133807e+07
1.297919346742602624e+07
1.297959594647316635e+07
1.297988376535421610e+07
1.297945191638969630e+07
1.297941571902780980e+07
1.297980196416549198e+07
1.297969645952375419e+07
1.297916577114635147e+07
1.297980809176240116e+07
1.297976711826406419e+07
1.297943986377523281e+07
1.297932564871872216e+07
1.297999873076709174e+07
1.297942086537547596e+07
1.297934277577732876e+07
1.297974789279434457e+07
1.297986188961958513e+07
1.297921253595025837e+07
1.297951102960520051e+07
1.297991850589035451e+07
1.297945621931196749e+07
1.297938668498749100e+07
1.297973927044024318e+07
1.297974534461265057e+07
1.297914792173978128e+07
1.297976181858219951e+07
1.297974642354658432e+07
1.297945952956038341e+07
1.297930361435449123e+07
1.297998805117777362e+07
1.297946275346019305e+07
1.297930882050893642e+07
1.297973529546402395e+07
1.297987424946361966e+07
1.297925299960418977e+07
1.297945370738624036e+07
1.297995460557451844e+07
1.297947104283643514e+07
1.297937463359921798e+07
1.297970172596880049e+07
1.297982314303271286e+07
1.297916376951176301e+07
1.297972501621359028e+07
1.297975612692576461e+07
1.297950193420623802e+07
1.297929027231101505e+07
1.297996693440269865e+07
