1.297965143842425570e+07
1.298016973906281218e+07
1.298014968459655717e+07
1.298007082459932007e+07
1.298097611481535248e+07
1.298094286207923107e+07
1.298057654802660272e+07
1.298046216314458847e+07
1.298085764507270791e+07
1.298130726324294321e+07
1.298052883396190964e+07
1.298031715070063993e+07
1.298034584657343291e+07
1.298095689979414456e+07
1.298092060313810967e+07
1.298014651491406001e+07
1.298000912342002243e+07
1.298027228532921709e+07
1.298061938305807486e+07
1.298028015722952969e+07
1.298009735452686064e+07
1.297988288865873031e+07
1.298031471153532527e+07
1.298025511867510341e+07
1.298013470533033088e+07
1.298002133651131764e+07
1.298030025554673932e+07
1.298123778119004518e+07
1.298081471787703410e+07
1.298047736800738052e+07
1.298034318429083936e+07
1.298107872575552575e+07
1.298104987417140044e+07
1.298027355736562237e+07
1.298016753226092830e+07
1.298037701628533192e+07
1.298072820599813014e+07
1.298042788083131239e+07
1.298037768934562430e+07
1.298024929556709155e+07
1.298097798875483498e+07
1.298098634840030037e+07
1.298060961527898721e+07
1.298049006855852902e+07
1.298084933088985458e+07
1.298133284076355956e+07
1.298061187099185772e+07
1.298041228899630532e+07
1.298042113827372901e+07
1.298103536888964102e+07
1.298100189830908924e+07
1.298021948808486387e+07
1.298008542177786492e+07
1.298035602582103759e+07
1.298070040991783328e+07
1.298032891709595919e+07
1.298014691912443191e+07
1.297993283611546643e+07
1.298036365279984102e+07
1.298030420997219160e+07
1.298016428039146774e+07
1.298000484946668334e+07
1.298030870415358804e+07
1.298107158800004981e+07
1.298067887640437670e+07
1.298031346364949085e+07
1.298012538281280175e+07
1.298066125922520459e+07
1.298053319346486405e+07
1.298015792746864259e+07
1.297960413491723686e+07
1.297981225003656372e+07
1.297998061909116805e+07
1.297964641784948856e+07
1.297941739079382084e+07
1.297927159256596491e+07
1.297948181066166610e+07
1.297937582961336151e+07
1.297912532438584417e+07
1.297856362427292578e+07
1.297865598033931106e+07
1.297890490995980799e+07
1.297888413690926135e+07
1.297840364045188762e+07
1.297801568125101924e+07
1.297837767595577799e+07
1.297878461596300639e+07
1.297877629957289994e+07
1.297844108927612379e+07
1.297848964783312380e+07
1.297903525410537608e+07
1.297906384017908387e+07
1.297876038084774837e+07
1.297839814730165899e+07
1.297889586474058777e+07
1.297886783030509762e+07
1.297868964925549179e+07
1.297807926947325841e+07
1.297794316588291526e+07
1.297824110757988878e+07
1.297855190041621588e+07
1.297832163049539179e+07
1.297784468347094767e+07
1.297782990079518035e+07
1.297823102622825280e+07
1.297836367524908856e+07
1.297793188310297392e+07
1.297761287199136987e+07
1.297765314985804260e+07
1.297801894323818572e+07
1.297800816983811744e+07
1.297768324254997820e+07
1.297742382624403201e+07
1.297750187432546727e+07
1.297790515687682666e+07
1.297802395593381301e+07
1.297767427393226326e+07
1.297747484521886334e+07
1.297767178337975964e+07
1.297801904098726064e+07
1.297785111955751479e+07
1.297750514760964178e+07
1.297739812918293290e+07
1.297761941882596537e+07
1.297799006311980262e+07
1.297820356865738705e+07
1.297776770192780718e+07
1.297768748334595375e+07
1.297798986011907458e+07
1.297839069483622536e+07
1.297812633462582901e+07
1.297772962958992086e+07
1.297775365404392965e+07
1.297818905534364097e+07
1.297847453909361735e+07
1.297832150883277692e+07
1.297811118082131445e+07
1.297813593915627152e+07
1.297863810924688354e+07
1.297893498329301924e+07
1.297900390796662495e+07
1.297862673994963616e+07
1.297865501985406689e+07
1.297916379807312787e+07
1.297946005709950812e+07
1.297932617614916526e+07
1.297932711137562804e+07
1.297966814808250405e+07
1.298007063697397523e+07
1.298024748725041002e+07
1.297982983935348131e+07
1.298019871139530651e+07
1.298028697322950140e+07
1.298040094557632133e+07
1.298021010886645876e+07
1.297988433721454255e+07
1.298006016253592819e+07
1.298031321024069935e+07
1.298044691614398174e+07
1.298004156067469344e+07
1.298022996262474172e+07
1.298036634800180793e+07
1.298074451301748492e+07
1.298041610331539251e+07
1.298015506393733062e+07
1.298055542009584978e+07
1.298079308368510939e+07
1.298095466231273860e+07
1.298029842683015577e+07
1.298045437258862518e+07
1.298077413440083340e+07
1.298122490627942979e+07
1.298087196867027134e+07
1.298052303572467715e+07
1.298069483316747099e+07
1.298131017789523676e+07
1.298148357744151913e+07
1.298049653718015552e+07
1.298057231062256545e+07
1.298063864780027792e+07
1.298101978841122426e+07
1.298043271562733501e+07
1.298006999205844849e+07
1.298020453993619233e+07
1.298042275020546094e+07
1.298056557640994154e+07
1.298012909384029545e+07
1.298028973264776543e+07
1.298046225259237364e+07
1.298072656255796179e+07
1.298045796886358038e+07
1.298019322401027568e+07
1.298034980102557130e+07
1.298098092107152939e+07
1.298119183834021352e+07
1.298056768979153037e+07
1.298043419354429655e+07
1.298058576436364651e+07
1.298148283043825254e+07
1.298110754406286590e+07
1.298077900648436695e+07
1.298070463710344955e+07
1.298126133478350565e+07
1.298150483451434411e+07
1.298056881481712125e+07
1.298044517124159075e+07
1.298063574771380983e+07
1.298125377543575875e+07
1.298094042234326713e+07
1.298035115677235276e+07
1.298015034327594377e+07
1.298054702128787711e+07
1.298067271397132427e+07
1.298034579699418880e+07
1.298008466558176093e+07
1.297994541198935919e+07
1.298027248143487610e+07
1.298007852707007900e+07
1.297973029403897561e+07
1.297935394690639712e+07
1.297938382872669026e+07
1.297945580964501761e+07
1.297914684028395638e+07
1.297860168586858362e+07
1.297863988920526765e+07
1.297894960902491212e+07
1.297883198963656649e+07
1.297855479615508020e+07
1.297801276253257319e+07
1.297792183513947576e+07
1.297818362456668541e+07
1.297836692533596978e+07
1.297807812959250621e+07
1.297761381443266943e+07
1.297751623087716848e+07
1.297772624665060453e+07
1.297790813908623531e+07
1.297803201008019224e+07
1.297784963913601451e+07
1.297752245662298240e+07
1.297760302818388306e+07
1.297797646689449064e+07
1.297831452789209783e+07
1.297853360543746129e+07
1.297873998125467822e+07
1.297871152552258037e+07
1.297903574852694571e+07
1.297951193293447979e+07
1.297983123657084629e+07
1.297958189915541559e+07
1.297969308537432924e+07
1.298024709847765230e+07
1.298084919437420927e+07
1.298071629451113194e+07
1.298018280055878870e+07
1.298014910405176133e+07
1.298047342471036687e+07
1.298098356463618018e+07
1.298040403161255084e+07
1.297991246074161865e+07
1.297946554426372796e+07
1.297971989931487292e+07
1.297954335779887997e+07
1.297919098777725548e+07
1.297862945762283914e+07
1.297851380117483623e+07
1.297824984844059683e+07
1.297810892415430583e+07
1.297785950266993977e+07
1.297772445842421427e+07
1.297754158851346746e+07
1.297743236552419700e+07
1.297756244852120057e+07
1.297803517313649878e+07
1.297835399984957837e+07
1.297862283458351158e+07
1.297877566524293087e+07
1.297902770316304266e+07
1.297959605834055878e+07
1.297999351638427749e+07
1.298015416843151860e+07
1.297981490730475262e+07
1.298006027977525257e+07
1.298052198117375560e+07
1.298111043352519721e+07
1.298062587513716705e+07
1.298022295121021755e+07
1.298036592412289791e+07
1.298080429390192404e+07
1.298110191539872997e+07
1.298051158962369524e+07
1.298006311987449415e+07
1.298006313080973178e+07
1.298042566782861389e+07
1.298013965564963222e+07
1.297985011765739694e+07
1.297937554397297278e+07
1.297934067164172977e+07
1.297931213422585838e+07
1.297901351230560802e+07
1.297849198489379324e+07
1.297827566557250358e+07
1.297833784014456905e+07
1.297806390180803649e+07
1.297796022730496712e+07
1.297780287922943942e+07
1.297787883125353418e+07
1.297773084263784438e+07
1.297772033539270982e+07
1.297799265221513622e+07
1.297855099893838353e+07
1.297874729301335663e+07
1.297899568793375045e+07
1.297903455008878000e+07
1.297962446157488599e+07
1.298005773763807490e+07
1.298043199397283792e+07
1.297999137978504226e+07
1.297993119467910007e+07
1.298029620572233573e+07
1.298088131076682918e+07
1.298075284517397918e+07
1.298017737978725508e+07
1.297971021922302805e+07
1.297982900608644821e+07
1.297995496843219176e+07
1.297961191631786525e+07
1.297911355012302846e+07
1.297858716780697554e+07
1.297840438588768616e+07
1.297826619849393331e+07
1.297807670073400810e+07
1.297779043647243641e+07
1.297758391946642660e+07
1.297739962559361197e+07
1.297746747796560451e+07
1.297785283390659653e+07
1.297817322357673757e+07
1.297844977035107277e+07
1.297866425235861540e+07
1.297868158674911968e+07
1.297922709359532781e+07
1.297978933285561576e+07
1.298022955328876525e+07
1.298001732480335049e+07
1.297979533036636189e+07
1.298012849942347780e+07
1.298058130663915351e+07
1.298073237018943019e+07
1.298006420523645729e+07
1.297968721673823148e+07
1.297962872301566228e+07
1.297981168751285784e+07
1.297955243329997733e+07
1.297905171105781570e+07
1.297857040703391843e+07
1.297830225409338623e+07
1.297813762048410811e+07
1.297803366711575165e+07
1.297778351673489064e+07
1.297766511232256703e+07
1.297759867783684842e+07
1.297754145886042900e+07
1.297773713729964010e+07
1.297827778797175735e+07
1.297869198772502504e+07
1.297891366929204389e+07
1.297889660308881104e+07
1.297903021207202040e+07
1.297976153006310202e+07
1.298051560341190360e+07
1.298047798639716022e+07
1.297997012989608943e+07
1.298005002003636956e+07
1.298042417716270685e+07
1.298069630188764632e+07
1.298000378370237537e+07
1.297949731109390780e+07
1.297915085372620635e+07
1.297932617173698917e+07
1.297913013950971328e+07
1.297867388227142394e+07
1.297810285032271594e+07
1.297782029764811136e+07
1.297779836290023848e+07
1.297771360102149472e+07
1.297772860527883284e+07
1.297780897508460842e+07
1.297778861339610443e+07
1.297793646775651164e+07
1.297813038109415025e+07
1.297851279038279504e+07
1.297910681682508439e+07
1.297950313472257555e+07
1.297958005830706283e+07
1.297939134584109299e+07
1.297977626771435700e+07
1.298035313957995735e+07
1.298067685570850596e+07
1.298021968047531880e+07
1.297989061565953307e+07
1.297985828836634196e+07
1.298023619672865234e+07
1.297988718298405223e+07
1.297939110494587570e+07
1.297864272420722246e+07
1.297849805795313418e+07
1.297839544208846614e+07
1.297823934391594864e+07
1.297790223519010097e+07
1.297760455979564972e+07
1.297739155278904736e+07
1.297742356891674921e+07
1.297770240352579392e+07
1.297812698408507369e+07
1.297843075509651937e+07
1.297856912899626978e+07
1.297860546874072030e+07
1.297888248622753285e+07
1.297969702197390795e+07
1.298022348382430151e+07
1.298030320510002226e+07
1.297985092795654573e+07
1.298002422570081614e+07
1.298043535276123695e+07
1.298068554842912033e+07
1.298010073860627785e+07
1.297956023496677168e+07
1.297933108219215088e+07
1.297956618121557683e+07
1.297927264216203988e+07
1.297883068411789834e+07
1.297818370768889599e+07
1.297796910699239373e+07
1.297779675371542759e+07
1.297770812055146508e+07
1.297774109462349303e+07
1.297773567026111856e+07
1.297776090755499341e+07
1.297791797471789643e+07
1.297796087504219264e+07
1.297841420334200189e+07
1.297896885589576513e+07
1.297942713182791695e+07
1.297948012082506530e+07
1.297931627206158452e+07
1.297976443649484590e+07
1.298031019550716504e+07
1.298069737466670759e+07
1.298022800674571842e+07
1.297996289314452186e+07
1.297998498342062160e+07
1.298039432994898222e+07
1.298003682629526779e+07
1.297936397884892300e+07
1.297864433098900691e+07
1.297867060893694498e+07
1.297855536543237977e+07
1.297836962170314044e+07
1.297797541360737756e+07
1.297755652506301925e+07
1.297743007068073936e+07
1.297745726582605019e+07
1.297775499438709766e+07
1.297803716807106882e+07
1.297829962302134559e+07
1.297843934588152170e+07
1.297844422628965974e+07
1.297880378491747566e+07
1.297958172159205563e+07
1.298008034289192408e+07
1.298014831904557347e+07
1.297980403464005142e+07
1.298002514554508589e+07
1.298036088176174648e+07
1.298064619882586785e+07
1.298014384470952116e+07
1.297970809885519743e+07
1.297951336989494972e+07
1.297972046671087295e+07
1.297938497257236019e+07
1.297899497322097793e+07
1.297832979725485109e+07
1.297821603349498659e+07
1.297797770059492625e+07
1.297787545133952983e+07
1.297780453188022040e+07
1.297769368193355016e+07
1.297770932943435572e+07
1.297780239886490256e+07
1.297785103875109181e+07
1.297827957336726785e+07
1.297887216842612438e+07
1.297924316648156568e+07
1.297925882989428006e+07
1.297915723686753213e+07
1.297969468895477615e+07
1.298036079709728993e+07
1.298078664303977787e+07
1.298018566934183426e+07
1.297998805171174929e+07
1.298011243557108194e+07
1.298053347758360766e+07
1.298012076290931553e+07
1.297940299426200427e+07
1.297874874668409303e+07
1.297877095801520534e+07
1.297871795603579096e+07
1.297851809866038524e+07
1.297799880414153636e+07
1.297755495346832089e+07
1.297742976071080752e+07
1.297745523926012963e+07
1.297778397867531143e+07
1.297810239515494928e+07
1.297840097367503308e+07
1.297855162846371345e+07
1.297857950817705877e+07
1.297891167686481029e+07
1.297972617182200588e+07
1.298017618689541891e+07
1.298021631993393786e+07
1.297986099473682046e+07
1.298007549005562067e+07
1.298042057130189426e+07
1.298072347012124769e+07
1.298020673082537018e+07
1.297975801737741195e+07
1.297954271248008125e+07
1.297976567729766853e+07
1.297948115573809296e+07
1.297906927670620382e+07
1.297834157316853479e+07
1.297807468951790407e+07
1.297786511459486373e+07
1.297778146169992164e+07
1.297775231327903643e+07
1.297767279845016636e+07
1.297767794240798801e+07
1.297777349046376348e+07
1.297793983655402064e+07
1.297843146135288291e+07
1.297900678588667884e+07
1.297952326866843179e+07
1.297962119329423830e+07
1.297941141758308187e+07
1.297977035111257248e+07
1.298034558940469287e+07
1.298066288046688400e+07
1.298021415951848403e+07
1.297987990967386961e+07
1.297985414806386270e+07
1.298013241627055593e+07
1.297973823726043478e+07
1.297906918626670726e+07
1.297844952079182677e+07
1.297819143493730947e+07
1.297806119437777624e+07
1.297799092055932619e+07
1.297776922849679738e+07
1.297762298584437743e+07
1.297751778905798681e+07
1.297757299648956396e+07
1.297786967672358081e+07
1.297840066346795112e+07
1.297903082828880101e+07
1.297943927188992500e+07
1.297931192687990703e+07
1.297928475718554296e+07
1.297982509546898678e+07
1.298047378228453174e+07
1.298063117403457314e+07
1.298007965492393449e+07
1.297986969917471707e+07
1.298005633610065095e+07
1.298020072861790843e+07
1.297965425950617716e+07
1.297904301708326302e+07
1.297844381122898124e+07
1.297836251089657284e+07
1.297827061070932448e+07
1.297813568143220991e+07
1.297779374177338928e+07
1.297749727376571298e+07
1.297738842454426177e+07
1.297750529354318604e+07
1.297779008744026162e+07
1.297843559609061666e+07
1.297887574704767764e+07
1.297899754404693283e+07
1.297885417001625150e+07
1.297909457760162838e+07
1.297979644698215835e+07
1.298046829506430775e+07
1.298029678186193854e+07
1.297992888153213821e+07
1.297993445909390040e+07
1.298034969642112032e+07
1.298039293581506424e+07
1.297970081399455108e+07
1.297898903263819776e+07
1.297882445256526954e+07
1.297893351037739031e+07
1.297879432749012858e+07
1.297832534715510719e+07
1.297771864121755399e+07
1.297745835949021764e+07
1.297737471829232760e+07
1.297756300288946554e+07
1.297781763026890531e+07
1.297809505615525506e+07
1.297820457710914500e+07
1.297822945146817900e+07
1.297839011906255595e+07
1.297901088012305833e+07
1.297965253931251168e+07
1.298015960518836416e+07
1.297991319117621705e+07
1.297981812583160214e+07
1.298009387984299660e+07
1.298055264300950989e+07
1.298033461525611766e+07
1.297976097642773576e+07
1.297938637826631032e+07
1.297956424162391573e+07
1.297954569382399879e+07
1.297909895656210929e+07
1.297848664579267986e+07
1.297790283783920668e+07
1.297772138924319856e+07
1.297763284981417283e+07
1.297764610831256025e+07
1.297769525387793593e+07
1.297768487644865550e+07
1.297770142496571690e+07
1.297783928633111715e+07
1.297809088219023310e+07
1.297881074333464168e+07
1.297929760271880589e+07
1.297963258323972858e+07
1.297946520843447372e+07
1.297951510529244691e+07
1.297998511107517593e+07
1.298049767856972851e+07
1.298039099917425588e+07
1.297993492589315586e+07
1.297974033855281211e+07
1.298014362886124291e+07
1.298008686612814851e+07
1.297952192662349343e+07
1.297879122451920062e+07
1.297843052754011564e+07
1.297847980629448406e+07
1.297841684588131309e+07
1.297817596736538038e+07
1.297768343169910274e+07
1.297740943295629881e+07
1.297736343918444216e+07
1.297747871732450649e+07
1.297786068503735960e+07
1.297830824690824747e+07
1.297841818369898945e+07
1.297851576391003840e+07
1.297843958125458285e+07
1.297908051498683356e+07
1.297964391017450206e+07
1.298010254849867336e+07
1.297985241715994477e+07
1.297972007553777471e+07
1.298005229763603397e+07
1.298047517193753459e+07
1.298046156457027234e+07
1.297983184781346470e+07
1.297955385601163283e+07
1.297966862047399394e+07
1.297966784115136415e+07
1.297928921401953697e+07
1.297860966649432853e+07
1.297805322245029174e+07
1.297788125566422194e+07
1.297776040920105763e+07
1.297779285236494616e+07
1.297767325959988311e+07
1.297758900816286914e+07
1.297756736137992330e+07
1.297758093723066710e+07
1.297789534220545553e+07
1.297848316610704362e+07
1.297897495810875855e+07
1.297920346153176576e+07
1.297894541956998967e+07
1.297918851775715314e+07
1.297975151426569745e+07
1.298044683726150356e+07
1.298017394785719179e+07
1.297983435403119959e+07
1.297983838292056508e+07
1.298029881876618043e+07
1.298036903873771429e+07
1.297964965601755865e+07
1.297915379104522988e+07
1.297909315571209975e+07
1.297932339279644564e+07
1.297896330974889360e+07
1.297853747028728016e+07
1.297795155099363811e+07
1.297779836635155417e+07
1.297772547520581819e+07
1.297778950683621690e+07
1.297767890079441667e+07
1.297743465827639215e+07
1.297727954052493535e+07
1.297730593602764606e+07
1.297752167038019933e+07
1.297788105128250271e+07
1.297796914636458270e+07
1.297794751304754615e+07
1.297799037168153748e+07
1.297826374198671430e+07
1.297893014590260759e+07
1.297930093758676946e+07
1.297939049612051249e+07
1.297910619696969166e+07
1.297931510202868097e+07
1.297978922743974067e+07
1.298035034449512511e+07
1.297989507304579206e+07
1.297966570095431991e+07
1.297974218590872176e+07
1.298026997928373143e+07
1.298008597824307159e+07
1.297953238719668612e+07
1.297933400750816427e+07
1.297949371524552070e+07
1.297980171102393605e+07
1.297951944344092533e+07
1.297886709062498249e+07
1.297862404002442397e+07
1.297878487338878587e+07
1.297876882930771261e+07
1.297857014053627849e+07
1.297798319844884798e+07
1.297780784388123639e+07
1.297768229611887038e+07
1.297779631800209172e+07
1.297772750890763290e+07
1.297755939270026796e+07
1.297744671099133790e+07
1.297739434835239872e+07
1.297758546870161220e+07
1.297800446264437772e+07
1.297855495306330547e+07
1.297876517997732013e+07
1.297866072809831798e+07
1.297861253089107387e+07
1.297927656322074309e+07
1.297988098106613755e+07
1.298017530201194063e+07
1.297979581630232558e+07
1.297967583842273057e+07
1.298004609622785822e+07
1.298040985887580551e+07
1.298013891768204980e+07
1.297956950359983929e+07
1.297938518653428555e+07
1.297957749481354095e+07
1.297968598116839305e+07
1.297921723094446212e+07
1.297856637049313448e+07
1.297848181478667632e+07
1.297859220082180016e+07
1.297857460317822732e+07
1.297820005686928518e+07
1.297770423489773832e+07
1.297760084825776890e+07
1.297757830203959718e+07
1.297769844502583891e+07
1.297760366404589824e+07
1.297734122789533809e+07
1.297715900424337946e+07
1.297727167635942996e+07
1.297744191242236830e+07
1.297758289121788554e+07
1.297755279657630064e+07
1.297748724661544897e+07
1.297754534512490034e+07
1.297784571854265779e+07
1.297828520815932564e+07
1.297849458873968199e+07
1.297835873949740641e+07
1.297820584161042422e+07
1.297872618033128604e+07
1.297915202458007075e+07
1.297930159117885865e+07
1.297911104161564447e+07
1.297887111221729591e+07
1.297931025593319535e+07
1.297995035228586569e+07
1.297990021935086325e+07
1.297941130803016573e+07
1.297954103463225067e+07
1.297988842210170813e+07
1.298029132333648950e+07
1.297979244498083740e+07
1.297943680324132554e+07
1.297956123168590106e+07
1.297998735980134085e+07
1.297986664422838762e+07
1.297940964611253515e+07
1.297898078423003294e+07
1.297922226207638159e+07
1.297938623850755766e+07
1.297912917125653662e+07
1.297863579004173540e+07
1.297819063077366725e+07
1.297836562852579542e+07
1.297852451664453745e+07
1.297827135560621321e+07
1.297779042815828323e+07
1.297766096730820648e+07
1.297757593884135969e+07
1.297770985154363699e+07
1.297765413770989701e+07
1.297742967295404337e+07
1.297726685457480140e+07
1.297718025732409023e+07
1.297737049412119016e+07
1.297767203126021102e+07
1.297778502022526413e+07
1.297770134037603065e+07
1.297774017545783147e+07
1.297789150512697920e+07
1.297844613079508021e+07
1.297869064827052318e+07
1.297876055372587778e+07
1.297850486068751477e+07
1.297864917762806267e+07
1.297928630513618328e+07
1.297961437129985355e+07
1.297935233643180504e+07
1.297906962435276061e+07
1.297923998103514686e+07
1.297971895950354077e+07
1.297996637500459701e+07
1.297954876262767613e+07
1.297935566148425452e+07
1.297968164183011651e+07
1.298011601382358558e+07
1.297983365736249648e+07
1.297942083811150491e+07
1.297944295038086921e+07
1.297985510023618117e+07
1.297998025305656530e+07
1.297940965950681083e+07
1.297898390837957524e+07
1.297909750390307233e+07
1.297956370131769031e+07
1.297933208291913569e+07
1.297885215717005357e+07
1.297831285000734776e+07
1.297849649266428687e+07
1.297867749946358241e+07
1.297848731485082209e+07
1.297794615118978545e+07
1.297769312396291085e+07
1.297779782843218930e+07
1.297794477552735806e+07
1.297783437677476183e+07
1.297748769588659704e+07
1.297727685922156647e+07
1.297731634325093031e+07
1.297749715395615250e+07
1.297747987242453545e+07
1.297724008067701571e+07
1.297705854489347525e+07
1.297718772515915334e+07
1.297736103690661304e+07
1.297751441775537655e+07
1.297746693837595545e+07
1.297739661621920019e+07
1.297744085564277507e+07
1.297774555231602304e+07
1.297812842447370291e+07
1.297822819874720834e+07
1.297815533697171323e+07
1.297799886298045330e+07
1.297846342136924900e+07
1.297899371923103556e+07
1.297906488899924047e+07
1.297883543938589841e+07
1.297878616850176640e+07
1.297924266206634231e+07
1.297981536599660292e+07
1.297986423611557856e+07
1.297935616114277765e+07
1.297956495906222425e+07
1.297986814229273982e+07
1.298026865838653967e+07
1.297987258541749604e+07
1.297952135221796669e+07
1.297956966939435713e+07
1.298002442737760395e+07
1.297998684203227423e+07
1.297932319219513983e+07
1.297879980517301895e+07
1.297880418809497915e+07
1.297898277126180194e+07
1.297866558233151585e+07
1.297815909686126374e+07
1.297765664435693994e+07
1.297745058113112673e+07
1.297744194252418913e+07
1.297750361833374761e+07
1.297756873990683630e+07
1.297755240804413520e+07
1.297754024842394516e+07
1.297761196503222547e+07
1.297787656639593095e+07
1.297850517567857541e+07
1.297885175285517238e+07
1.297907554080660082e+07
1.297876091811762564e+07
1.297895441587793082e+07
1.297956348777034879e+07
1.298016177267783508e+07
1.297993203261409514e+07
1.297957214977984689e+07
1.297964964375066012e+07
1.298014289914150536e+07
1.298016871128937043e+07
1.297961706293818168e+07
1.297939601442135498e+07
1.297937999443620257e+07
1.297979093216124363e+07
1.297947286957614310e+07
1.297894496942039207e+07
1.297833681607522815e+07
1.297845980080339499e+07
1.297861079377576150e+07
1.297836922776075080e+07
1.297791016691201925e+07
1.297754296124362946e+07
1.297747053568200022e+07
1.297744608455757424e+07
1.297753767268736847e+07
1.297747733144266158e+07
1.297735261497095227e+07
1.297729029283719510e+07
1.297740975100698136e+07
1.297772718045747280e+07
1.297824522941922955e+07
1.297842557568606734e+07
1.297837793594765849e+07
1.297825192715128884e+07
1.297883554385751672e+07
1.297935888006846793e+07
1.297971856867834367e+07
1.297937153095490299e+07
1.297929140012842044e+07
1.297952946649496257e+07
1.298008142073659599e+07
1.298020124552282691e+07
1.297965870580043830e+07
1.297960776033921726e+07
1.297989442821458355e+07
1.298027761155694909e+07
1.297965281641048752e+07
1.297918658665711991e+07
1.297889534264343791e+07
1.297921058665499464e+07
1.297898999825752340e+07
1.297866954097497649e+07
1.297806992055631243e+07
1.297785686980102211e+07
1.297797131451290101e+07
1.297795566493287869e+07
1.297773799985484406e+07
1.297736306981658563e+07
1.297715367464947328e+07
1.297722379169725999e+07
1.297734408458199538e+07
1.297743918674482405e+07
1.297739870127574913e+07
1.297732896785638295e+07
1.297733789342628233e+07
1.297757235887793452e+07
1.297795646691181697e+07
1.297811385755474865e+07
1.297809260207625292e+07
1.297794880520684272e+07
1.297832138170972466e+07
1.297893553213636577e+07
1.297919512958636880e+07
1.297923168543664180e+07
1.297892454330969788e+07
1.297936872516652942e+07
1.297983511994411051e+07
1.298013434728886746e+07
1.297963156078379415e+07
1.297948311225437932e+07
1.297988686261767708e+07
