1.300179064864989929e+07
1.300366846982714720e+07
1.300605397103186138e+07
1.300234658079975657e+07
1.300396666549320705e+07
1.300509117168297246e+07
1.300204919053626247e+07
1.300445388969532028e+07
1.300529599123207666e+07
1.300431317963949218e+07
1.300311584195949882e+07
1.299995595998522267e+07
1.300160422740639932e+07
1.300030756493854895e+07
1.300048335311079584e+07
1.300281044854794629e+07
1.300124553649253398e+07
1.300333214522719570e+07
1.300387395352836698e+07
1.299996191379944794e+07
1.300202965989563987e+07
1.300514919712519646e+07
1.300265370292879082e+07
1.300629492473069765e+07
1.300391885442735255e+07
1.300466613131775893e+07
1.300544050691509992e+07
1.300211573646295257e+07
1.300546812441937998e+07
1.300246393459894508e+07
1.300576789213313907e+07
1.300345944090789557e+07
1.300513473517901823e+07
1.300553039326911047e+07
1.300463183077280968e+07
1.300693919633279368e+07
1.300421940653926507e+07
1.300689896135299280e+07
1.300337909765642323e+07
1.300495702240950242e+07
1.300482819663491659e+07
1.300408770792965777e+07
1.300547195357073098e+07
1.300349191499015875e+07
1.300719805064963736e+07
1.300443038792874478e+07
1.300631449826325290e+07
1.300575021062760055e+07
1.300524332898130827e+07
1.300654141329175420e+07
1.300335808169149794e+07
1.300669513157870993e+07
1.300339969305838458e+07
1.300630140861089155e+07
1.300408420995952748e+07
1.300570824788000993e+07
1.300627415181789361e+07
1.300470413290020078e+07
1.300703205234234780e+07
1.300442181941170245e+07
1.300738892839904316e+07
1.300463225966789573e+07
1.300574998224738427e+07
1.300610704371408373e+07
1.300491607374504209e+07
1.300714042114340328e+07
1.300447378465994261e+07
1.300734473281748407e+07
1.300450480792327039e+07
1.300657027282477356e+07
1.300424354965398647e+07
1.300495413002852350e+07
1.300498442807307467e+07
1.300364578367252089e+07
1.300686387452573329e+07
1.300421427924321964e+07
1.300735716921828687e+07
1.300524474643928371e+07
1.300653013862324879e+07
1.300611518389589153e+07
1.300429754888711683e+07
1.300713560718733259e+07
1.300252346146148629e+07
1.300656250862289779e+07
1.300285243389934301e+07
1.300402553549777530e+07
1.300688681778833456e+07
1.300276556396921724e+07
1.300317779969023913e+07
1.300528006714229845e+07
1.300283918123910576e+07
1.300679806257029623e+07
1.300366431011820585e+07
1.300674525237987004e+07
1.300557693082435802e+07
1.300483868191740103e+07
1.300601227554526739e+07
1.300352814314326085e+07
1.300566330436260998e+07
1.300052957025036775e+07
1.300457079982655495e+07
1.300470425613148138e+07
1.300311612379525788e+07
1.300622703805599175e+07
1.300271293771028891e+07
1.300384003158935346e+07
1.300529658871560730e+07
1.299973655536286719e+07
1.300263738255458511e+07
1.300505154393826425e+07
1.300097694876151532e+07
1.300230144399820454e+07
1.300440809276506491e+07
1.300133943248467520e+07
1.300012229091350734e+07
1.300249679955724441e+07
1.299941270186254010e+07
1.300115422703968175e+07
1.300521806150833145e+07
1.300190004440229945e+07
1.300098879013917409e+07
1.300368278966633044e+07
1.300296865138102509e+07
1.300020201165674441e+07
1.300434947887440398e+07
1.300369069263811968e+07
1.299973752531016245e+07
1.300425127431804501e+07
1.300456250084058009e+07
1.300174568250503205e+07
1.300516112096768804e+07
1.300546567594085820e+07
1.300269371725171432e+07
1.300425415637563728e+07
1.300636145754305087e+07
1.300137159850506485e+07
1.300111229454195127e+07
1.300479938816919178e+07
1.300238061771065928e+07
1.299933037140525132e+07
1.300197495198437013e+07
1.300405086072484590e+07
1.300450058781512827e+07
1.300349559531723708e+07
1.300132297747069038e+07
1.300123322938625515e+07
1.300373957377113588e+07
1.300449547377030179e+07
1.300107355961086415e+07
1.300231058666127920e+07
1.300531897209735028e+07
1.300175207107117772e+07
1.300319996714291349e+07
1.300310198284253478e+07
1.300056958361983486e+07
1.300109227209659293e+07
1.300327984384224378e+07
1.300022078763002716e+07
1.299937023757481948e+07
1.300395853065749444e+07
1.299873705856810883e+07
1.300322792536611855e+07
1.300430258834894933e+07
1.300310982791243680e+07
1.300613682954208180e+07
1.300360205520421825e+07
1.300646769285512529e+07
1.300349725020034425e+07
1.300535563071453199e+07
1.300404583342748880e+07
1.300384267142704129e+07
1.300511900135589018e+07
1.300209792906100675e+07
1.300591867560698465e+07
1.300287152952169068e+07
1.300640827174934559e+07
1.300420178658614121e+07
1.300660148358039744e+07
1.300591601954123192e+07
1.300532549159372598e+07
1.300683376053903066e+07
1.300386818418553099e+07
1.300681275172615983e+07
1.300338160204335861e+07
1.300548848367935233e+07
1.300365523509476148e+07
1.300440363355251588e+07
1.300508977920465358e+07
1.300393034374746494e+07
1.300608301504584961e+07
1.300391924857380055e+07
1.300662204687779956e+07
1.300405898835637048e+07
1.300573827756432258e+07
1.300536519888790883e+07
1.300434138538507186e+07
1.300560952040874958e+07
1.300279703419391438e+07
1.300602929274320416e+07
1.300269747732920013e+07
1.300648727385652997e+07
1.300354124900365621e+07
1.300605999352718145e+07
1.300534181861621328e+07
1.300515719835346006e+07
1.300649877235400118e+07
1.300417699503294379e+07
1.300650464867584221e+07
1.300346825987915695e+07
1.300560618848641962e+07
1.300351508658281714e+07
1.300500308055089973e+07
1.300405911516634189e+07
1.300380947032131068e+07
1.300541450371867977e+07
1.300338034094068967e+07
1.300603207683146186e+07
1.300336123380353861e+07
1.300594347423410602e+07
1.300438431806196645e+07
1.300503249805320427e+07
1.300522293990146741e+07
1.300442721416071244e+07
1.300612920854420401e+07
1.300370640124495514e+07
1.300629525196638145e+07
1.300375286212007701e+07
1.300558954995299876e+07
1.300448328298730962e+07
1.300375882492101938e+07
1.300440747066861205e+07
1.300266181979671866e+07
1.300514040158026479e+07
1.300186850506390259e+07
1.300541075748054683e+07
1.300322375404910930e+07
1.300472983223021217e+07
1.300434876244761050e+07
1.300391286178265326e+07
1.300564578293130174e+07
1.300279992754671723e+07
1.300552799067339487e+07
1.300186020074233972e+07
1.300504139346678555e+07
1.300208557541021705e+07
1.300229025181778520e+07
1.300490174801961705e+07
1.300218331441989727e+07
1.300496154107218608e+07
1.300267731355579942e+07
1.300204840041838586e+07
1.300239028601228632e+07
1.299892070039050840e+07
1.300271134785513021e+07
1.300394359210252203e+07
1.300096513348744810e+07
1.300321129897938296e+07
1.300294416635904461e+07
1.299846312428064644e+07
1.300373610545096360e+07
1.300339677097990178e+07
1.300278755370315351e+07
1.300523996157397889e+07
1.300200425752538070e+07
1.300410798456606828e+07
1.300422169113849849e+07
1.300088656867045723e+07
1.300454764832605794e+07
1.300401018981862068e+07
1.300099172315757908e+07
1.300320259227595106e+07
1.300369610576379485e+07
1.300292013832882978e+07
1.300576730139221810e+07
1.300265894979383796e+07
1.300541330041196384e+07
1.300332706582200713e+07
1.300314003916709125e+07
1.300423273840001225e+07
1.300193219561024196e+07
1.300370687182164751e+07
1.300076475661676191e+07
1.300243055690901540e+07
1.300455426148303784e+07
1.300054031765960343e+07
1.300273432907332294e+07
1.300541994732755609e+07
1.300137414974410646e+07
1.300165812251948006e+07
1.300512942516980879e+07
1.300094707648347132e+07
1.300153269424045645e+07
1.300469807097375393e+07
1.300210409242885746e+07
1.300559592423738539e+07
1.300241047387197055e+07
1.300463332995739020e+07
1.300441126528088376e+07
1.300311208838870004e+07
1.300480444240798056e+07
1.300039300058337301e+07
1.300251468187209778e+07
1.300179674044010788e+07
1.300030942097513936e+07
1.300428360654861294e+07
1.300188010581624135e+07
1.300064841986394860e+07
1.300494785102617368e+07
1.300274497100409307e+07
1.300199912901308388e+07
1.300362565297944471e+07
1.299997145346073620e+07
1.300050150886327215e+07
1.299784120950991847e+07
1.299914691754400916e+07
1.299982710592884570e+07
1.300035268883335963e+07
1.299940014813548140e+07
1.300180843218812533e+07
1.299976330161442049e+07
1.299783173558822647e+07
1.299962007542367466e+07
1.299857081735737808e+07
1.299748511136763915e+07
1.299881029637545161e+07
1.299651917341029085e+07
1.299778456684403308e+07
1.299884610768299922e+07
1.299805246246617101e+07
1.299881963615464233e+07
1.299761048089959659e+07
1.299799786397012696e+07
1.299802474199844152e+07
1.299795549376216903e+07
1.299919337603872642e+07
1.299865534667310864e+07
1.299912768866457045e+07
1.299837323472657055e+07
1.300000705932219699e+07
1.300337415396722592e+07
1.300067714366123267e+07
1.300052500962744094e+07
1.300267141780838184e+07
1.299869437985259853e+07
1.300247049471789226e+07
1.300169413180166297e+07
1.299888921779199503e+07
1.300361459035001881e+07
1.299987038057027385e+07
1.299911772779995762e+07
1.300331691654813290e+07
1.299967756009931490e+07
1.299824135383366607e+07
1.300273447105770931e+07
1.300044450328388065e+07
1.300317987196832150e+07
1.300178899176151678e+07
1.299901748943629675e+07
1.300269963008827902e+07
1.299883885087364353e+07
1.299940894609932043e+07
1.300287306382721290e+07
1.299938736440013535e+07
1.299839611806549132e+07
1.300270230916273780e+07
1.299930545310712792e+07
1.300228130678056367e+07
1.300145954285753146e+07
1.300062241734333709e+07
1.300278114449257404e+07
1.299847833022375591e+07
1.300144722021706775e+07
1.300060966634179093e+07
1.300033860324876010e+07
1.300247267255086638e+07
1.300001698973747343e+07
1.300327390131616220e+07
1.300072120344974659e+07
1.300137939961925335e+07
1.300227378546789102e+07
1.300107711020451784e+07
1.300329157512895204e+07
1.300069336759298295e+07
1.300359454084609821e+07
1.300077157682169601e+07
1.300290353892215341e+07
1.300124028631754778e+07
1.300131637108184397e+07
1.300238507650849596e+07
1.300087886443118006e+07
1.300278633032247983e+07
1.300055799701854773e+07
1.300362540144962259e+07
1.300126677336188778e+07
1.300357928000584990e+07
1.300212322775415331e+07
1.300253986576570012e+07
1.300312970189095475e+07
1.300104456107678637e+07
1.300397941424305551e+07
1.300019695887408033e+07
1.300356642314429767e+07
1.300032458883137070e+07
1.300306716396479309e+07
1.300179056373216584e+07
1.300285725665327907e+07
1.300318724342390522e+07
1.300165776836169511e+07
1.300393921434864774e+07
1.300135128759577125e+07
1.300331023649535328e+07
1.300172098734994978e+07
1.300213648452959210e+07
1.300244797249520011e+07
1.300101680757895112e+07
1.300376485787400045e+07
1.300094697763692960e+07
1.300433279954031110e+07
1.300219661098945513e+07
1.300347775376327150e+07
1.300364192630352452e+07
1.300174660222622380e+07
1.300398238812181354e+07
1.300062047759685107e+07
1.300381221613808349e+07
1.300044241616880149e+07
1.300313911193195730e+07
1.300138817703245394e+07
1.300239893297587708e+07
1.300312910776055232e+07
1.300155243839428015e+07
1.300374168731555901e+07
1.300094421873888560e+07
1.300315197156811506e+07
1.300195323793969490e+07
1.300250814735656232e+07
1.300266601708665118e+07
1.300139890886605531e+07
1.300395435134425387e+07
1.300120781316984631e+07
1.300429634914681688e+07
1.300181904397605546e+07
1.300317927989369258e+07
1.300230965761552565e+07
1.300186755706389062e+07
1.300314030013797432e+07
1.300130297051577084e+07
1.300355895417457819e+07
1.300063457837933861e+07
1.300321679366937838e+07
1.300162933866708353e+07
1.300216951595816389e+07
1.300295766668737493e+07
1.300063720585426129e+07
1.300333008583317138e+07
1.300018114321857132e+07
1.300370993599540927e+07
1.300064414496976696e+07
1.300365825641869567e+07
1.300145038789028488e+07
1.300296916606577486e+07
1.300289105904576927e+07
1.300205034075364657e+07
1.300405293937417120e+07
1.300080924730438180e+07
1.300354536103640124e+07
1.300057289619024657e+07
1.300216631039462052e+07
1.300092766510515846e+07
1.300087057493384555e+07
1.300148329896355607e+07
1.300020691493539698e+07
1.300255302109328471e+07
1.300008660927081667e+07
1.300355726375285164e+07
1.300130265573465079e+07
1.300316019080518745e+07
1.300209839177081361e+07
1.300153379765917547e+07
1.300300139606193639e+07
1.300024715355081670e+07
1.300317439687153883e+07
1.299920199171026610e+07
1.300303114890708029e+07
1.299932247281801514e+07
1.300290732191963121e+07
1.300061767596816458e+07
1.300221551538327709e+07
1.300228657174212299e+07
1.300157038500151224e+07
1.300327373824652471e+07
1.300076245724874735e+07
1.300312091525742039e+07
1.299977686787512340e+07
1.300217668411942758e+07
1.299924512772443146e+07
1.300005001138413325e+07
1.300082057874491066e+07
1.299869986192875542e+07
1.300241468989049643e+07
1.299925924933212996e+07
1.300233997150397487e+07
1.299999979548975639e+07
1.299996137254992686e+07
1.300259418198818900e+07
1.300009632801052183e+07
1.300297344831800088e+07
1.300031263219558820e+07
1.300279976312980242e+07
1.300106918170485087e+07
1.300091253737910464e+07
1.300143240269596316e+07
1.299972105011293106e+07
1.300213269881615415e+07
1.299875937792829983e+07
1.300230732843088917e+07
1.299986463806302473e+07
1.300193659947657958e+07
1.300098221869225800e+07
1.300178430468650535e+07
1.300262454928473383e+07
1.300059115547103435e+07
1.300299010188881122e+07
1.299971615243688598e+07
1.300263735421215557e+07
1.299990003920170665e+07
1.300095831888009794e+07
1.300055058171415888e+07
1.300019439328267612e+07
1.300152079307457618e+07
1.299968966906304471e+07
1.300258223531582579e+07
1.300021832780722342e+07
1.300277184013378620e+07
1.300083753861695156e+07
1.300166597130681947e+07
1.300160898301060311e+07
1.300019224151880294e+07
1.300122231936974451e+07
1.299852311987570859e+07
1.300058801129560918e+07
1.299703115141205303e+07
1.300016820432617329e+07
1.300023925204240903e+07
1.299796597036078572e+07
1.300083720012396947e+07
1.299914268602635153e+07
1.300085789890585281e+07
1.299967265345007181e+07
1.299902452823227271e+07
1.300147072567846626e+07
1.299828422313018516e+07
1.300124468842139468e+07
1.299947970110654645e+07
1.299988698632372916e+07
1.299997260053578392e+07
1.299772646701144986e+07
1.300134887123255432e+07
1.300000220976679958e+07
1.299678362472382002e+07
1.300074635317320749e+07
1.299823274254564010e+07
1.300084636540704593e+07
1.299887292162181623e+07
1.299821454494340718e+07
1.300129159946560115e+07
1.299761932058630139e+07
1.299723268303337879e+07
1.300152753967297822e+07
1.299836708115173690e+07
1.299777990582069382e+07
1.300092628570328280e+07
1.299763228845677897e+07
1.300123269800265692e+07
1.299833312316313386e+07
1.300131579926280305e+07
1.300016280579960719e+07
1.300082936582867056e+07
1.300141074501689896e+07
1.299994152895876952e+07
1.300202679685175978e+07
1.299879887539823167e+07
1.300192662600003555e+07
1.299918537801360339e+07
1.300125820486081578e+07
1.299880227880354971e+07
1.299834859524769709e+07
1.300204768038658611e+07
1.299963227209537849e+07
1.299858245276282541e+07
1.300209308424383029e+07
1.299876816392290406e+07
1.300129338868840411e+07
1.299994237857641093e+07
1.299733939268758893e+07
1.300034368278129958e+07
1.299925640099231713e+07
1.299585028623753227e+07
1.299835711892867088e+07
1.299767357745410874e+07
1.299804489105746336e+07
1.299863065073533170e+07
1.299863247590220347e+07
1.299954112895322405e+07
1.299904297588131391e+07
1.300085953403550200e+07
1.300056176326738857e+07
1.300089219553225487e+07
1.300064517379296757e+07
1.299962243010582589e+07
1.299757160123925656e+07
1.299946741599685140e+07
1.299966350022714026e+07
1.299745986085344665e+07
1.299978736878041178e+07
1.300232650874685869e+07
1.299726157419897430e+07
1.300040533935736306e+07
1.300073471142601036e+07
1.300090093541643396e+07
1.300189369224097952e+07
1.299947247787443548e+07
1.300156787390820123e+07
1.300094323310294561e+07
1.299839658167047426e+07
1.300179828491572104e+07
1.300217091752777249e+07
1.299849378616903163e+07
1.300109595513683185e+07
1.300087503040818870e+07
1.300019766852136143e+07
1.300280612422766909e+07
1.300029484169583954e+07
1.300311718985877559e+07
1.300137478778889962e+07
1.299991545500541478e+07
1.300292155536329560e+07
1.299946508610979654e+07
1.300257252135088481e+07
1.299994440104241669e+07
1.300134004601843469e+07
1.300241269187634438e+07
1.300010286036766320e+07
1.300325632551057078e+07
1.300060510000329651e+07
1.300360365267716534e+07
1.300082242563309893e+07
1.300207344364995509e+07
1.300241825117307156e+07
1.300026154711570218e+07
1.300323466417951323e+07
1.299851184598091431e+07
1.300119409501719102e+07
1.299911003634536825e+07
1.299848367465909384e+07
1.300202024452640116e+07
1.299939533155558445e+07
1.299740632124011032e+07
1.300226873334392533e+07
1.299960442854590714e+07
1.300033981998066790e+07
1.300203367136090063e+07
1.299821034776504524e+07
1.300016726413600519e+07
1.299949546233188920e+07
1.299611024213635363e+07
1.300036634302094206e+07
1.300060448486953601e+07
1.299857396805055439e+07
1.299643798176675476e+07
1.299975782674317993e+07
1.299845251742054895e+07
1.299782125340011157e+07
1.299911607977674343e+07
1.300106240802618861e+07
1.299738111095261760e+07
1.299798667219151929e+07
1.300059604108433612e+07
1.299858240966437384e+07
1.299797652945842594e+07
1.300014588607989997e+07
1.299945424103544280e+07
1.299969138796005771e+07
1.299919309040892683e+07
1.299702651646891050e+07
1.299748749132273532e+07
1.299873331136061251e+07
1.299595238846958242e+07
1.299559855329671502e+07
1.299864073013988510e+07
1.299581846331716701e+07
1.299473592120430246e+07
1.299730420835690573e+07
1.299745430539197475e+07
1.299715871602079459e+07
1.299758936340703815e+07
1.299585811720691063e+07
1.299484451644406095e+07
1.299808250080201961e+07
1.299763031503520533e+07
1.299528205633337237e+07
1.299627801394994743e+07
1.299533330451586284e+07
1.299716831447062269e+07
1.299806487096787617e+07
1.299634468600221910e+07
1.299661798730805889e+07
1.299684365935691819e+07
1.299666216879024729e+07
1.299505676721745543e+07
1.299398724668806419e+07
1.299581980909848586e+07
1.299411936607664451e+07
1.299742075176762417e+07
1.299823633775971830e+07
1.299718425218429416e+07
1.299372908753137104e+07
1.299556765734147839e+07
1.299461807294148952e+07
1.299279509061978944e+07
1.299342046657120809e+07
1.299277965414809063e+07
1.298912863682925515e+07
1.298963145165352337e+07
1.299224625963902660e+07
1.299307500288890861e+07
1.299466998637155071e+07
1.299444870614984818e+07
1.299333196088266373e+07
1.299508434630897082e+07
1.299463747038959712e+07
1.299286669137034565e+07
1.299304265705498867e+07
1.299474480609719083e+07
1.299510884898080677e+07
1.299399570474830456e+07
1.299475744193330593e+07
1.299423955835116655e+07
1.299555157483467460e+07
1.299629613734246790e+07
1.299441393422982655e+07
1.299781516067340225e+07
1.299710756279024296e+07
1.299413824434280582e+07
1.299459518580566719e+07
1.299688750485851802e+07
1.299518193298452906e+07
1.299342159479049034e+07
1.299555729299702123e+07
1.299819715461049229e+07
1.299399429538520239e+07
1.299557961665015668e+07
1.299542536652888916e+07
1.299357129687563330e+07
1.299760781006879359e+07
1.299525325989687443e+07
1.299468747670502961e+07
1.299837288786249794e+07
1.299469119176262245e+07
1.299837929849468358e+07
1.299731047891625203e+07
1.299709904694830626e+07
1.299927448020385019e+07
1.299661666240008175e+07
1.299956297470722720e+07
1.299608041553113237e+07
1.299630455659401231e+07
1.299605519695860334e+07
1.299214320367107168e+07
1.299787001288923807e+07
1.299485349034250714e+07
1.299401460216485336e+07
1.299606954304344952e+07
1.299794318968920968e+07
1.299606166270863265e+07
1.299467170748693682e+07
1.299767304118331335e+07
1.299515272662251815e+07
1.299464117396326363e+07
1.299762533546522073e+07
1.299549446282654442e+07
1.299347881669677608e+07
1.299582616839345545e+07
1.299704108119212277e+07
1.299349315989503823e+07
1.299556232235006988e+07
1.299638234702967480e+07
1.299654835840380006e+07
1.299490209311964363e+07
1.299594177186008543e+07
1.299515441214945167e+07
1.299630154715640098e+07
1.299693311658002250e+07
1.299650546662427485e+07
1.299315704989335872e+07
1.299502534396699816e+07
1.299706830482978560e+07
1.299405767999125645e+07
1.299500147621459141e+07
1.299748072637101635e+07
1.299462465115469694e+07
1.299522810520745628e+07
1.299872882469432428e+07
1.299528794680047594e+07
1.299479719307613373e+07
1.299754074409210868e+07
1.299687403489610553e+07
1.299449857168628275e+07
1.299785629400443658e+07
1.299604912115688436e+07
1.299557737647421472e+07
1.299807649953994714e+07
1.299387954667774774e+07
1.299688188540524431e+07
1.299874693478329480e+07
1.299519616805802286e+07
1.299601622278623097e+07
1.299735622812300548e+07
1.299576452737547457e+07
1.299757351030245610e+07
1.299480338205802068e+07
1.299842390504267067e+07
1.299694962373114005e+07
1.299619741437544115e+07
1.299793921644210443e+07
1.299392553043150529e+07
1.299737392767562903e+07
1.299455184575327486e+07
1.299364297466257773e+07
1.299783830466331355e+07
1.299319287644183077e+07
1.299448432009800710e+07
1.299657900721330009e+07
1.299213137657085247e+07
1.299773920140948147e+07
1.299670155801857822e+07
1.299416918976627290e+07
1.299698303186120465e+07
1.299551199508998170e+07
1.299298961054962501e+07
1.299585283203934319e+07
1.299704760282068513e+07
1.299189150269921124e+07
1.299540277778742090e+07
1.299446962365169078e+07
1.299228872053323127e+07
1.299684618650956266e+07
1.299333019760742225e+07
1.299409786349033564e+07
1.299675144913968444e+07
1.299357411977445707e+07
1.299662663203920983e+07
1.299710053157160245e+07
1.299560186998129264e+07
1.299847335058867745e+07
1.299477745236132853e+07
1.299597605523577332e+07
1.299703694651587307e+07
1.299514028477284871e+07
1.299791041860053316e+07
1.299544013314846903e+07
1.299841757345775142e+07
1.299624521043865569e+07
1.299774401535017416e+07
1.299686384570337273e+07
1.299677587688366137e+07
1.299754510303888284e+07
1.299507467588878050e+07
1.299843399657242559e+07
1.299540546717191488e+07
1.299786457792880572e+07
1.299632149694718048e+07
1.299700286979659833e+07
1.299833399913215823e+07
1.299556760040021315e+07
1.299816958571478724e+07
1.299521975294302776e+07
1.299800184743463993e+07
1.299539679742019810e+07
1.299638337804662995e+07
1.299783192113364488e+07
1.299502997219390422e+07
1.299775921518598124e+07
1.299429884306031279e+07
1.299540009537778422e+07
1.299617283606887795e+07
1.299316542210263759e+07
1.299587898474886827e+07
1.299401769027427584e+07
1.299204573661316931e+07
1.299531251979397051e+07
1.299388090913392045e+07
1.299286595698592626e+07
1.299628397182280570e+07
1.299290669179943763e+07
1.299370286624933593e+07
1.299519864726768248e+07
1.299189735619805008e+07
1.299693424537682347e+07
1.299450888797560520e+07
1.299157045319675282e+07
1.299597056272673234e+07
1.299400896113991924e+07
1.299112689536656067e+07
1.299578552492280118e+07
1.299378612428111583e+07
1.299594814533123001e+07
1.299555039795857668e+07
1.299109381249038875e+07
1.299540474828871153e+07
1.299275114510132186e+07
1.299219995513561554e+07
1.299659704108636081e+07
1.299286850144188479e+07
1.299157818375330232e+07
1.299549928968383931e+07
1.299393933271284588e+07
1.299354186857501417e+07
1.299687817739171721e+07
1.299256066585559957e+07
1.299307891871953011e+07
1.299410966525013931e+07
1.299096703858948499e+07
1.299501639487081021e+07
1.299554970355513319e+07
1.299022928846703656e+07
1.299278414937063307e+07
1.299315296258295141e+07
1.299126585062022321e+07
1.299211740462255664e+07
1.299420604926592112e+07
1.299086392928510159e+07
1.298928875417827815e+07
1.299397905868239142e+07
1.299000034982274286e+07
1.298764609840746783e+07
1.299110169317091070e+07
1.299044737125882693e+07
1.298918985780890845e+07
1.299001638804239780e+07
1.299212599640832283e+07
1.298864412153242156e+07
1.299124161042978615e+07
1.299187041183624417e+07
1.298757628097614087e+07
1.299229211508081481e+07
1.299195619453606568e+07
1.298888862074389681e+07
1.299082660398151353e+07
1.298950238214550354e+07
1.299042004526458122e+07
1.299058831504109316e+07
1.299153291196450219e+07
1.298865907515526004e+07
1.298742586848813854e+07
1.299009349579294026e+07
1.299292594604827464e+07
1.298855781215559319e+07
1.299011904000212252e+07
1.299445403407266736e+07
1.299081106961425021e+07
1.299131573924978450e+07
1.299367097120807506e+07
1.299117341538744047e+07
1.298913172575383447e+07
1.299359301355469786e+07
1.299304244340270199e+07
1.298967734547165968e+07
1.299054814925725013e+07
1.299357624931179546e+07
1.299149172526692599e+07
1.299079797961770371e+07
1.299053850462005660e+07
1.299121965262441896e+07
1.298969044916837849e+07
1.298976871263844147e+07
1.298940473680922017e+07
1.298922716421185248e+07
1.298955364646263421e+07
1.299048850352229737e+07
1.298882429553061724e+07
1.298842863532072864e+07
1.299119073274125345e+07
1.299366450127891451e+07
1.299133389082647488e+07
1.299185122696933337e+07
1.299179953172262385e+07
1.299007586205922253e+07
1.299075173176781647e+07
1.298906461918540858e+07
1.299301374807670526e+07
1.299111442585675046e+07
1.298934907163459994e+07
1.299201134562141821e+07
1.299153478240393661e+07
1.298890744775145687e+07
1.299036136694838665e+07
1.299169967054679617e+07
1.298972002083390951e+07
1.298766421397645399e+07
1.298899539408997446e+07
