1.300534124994244799e+07
1.300143918702126481e+07
1.300312150723507255e+07
1.300376675046741590e+07
1.300097564788577147e+07
1.300587838115893491e+07
1.300431403223956563e+07
1.300226340618762746e+07
1.300524554270157404e+07
1.300301886932511628e+07
1.300110265235652030e+07
1.300430709016549215e+07
1.300548989534041286e+07
1.300581127610098384e+07
1.300373565566612221e+07
1.300160377083132975e+07
1.300367946438603662e+07
1.300760768949722126e+07
1.300311089988481626e+07
1.300398316560506448e+07
1.300735786035130918e+07
1.300727377507800423e+07
1.300253602833630145e+07
1.300530337126100436e+07
1.300440666484026611e+07
1.300246635228611901e+07
1.300477602183729969e+07
1.300737005502110533e+07
1.300270798598966748e+07
1.300539495310185105e+07
1.300667133235594817e+07
1.300471815868122503e+07
1.300791149091766030e+07
1.300387007403661869e+07
1.300572193126848154e+07
1.300595580927263573e+07
1.300271227618226036e+07
1.300416622604625300e+07
1.300674008839513548e+07
1.300206292505950667e+07
1.300374279064645059e+07
1.300457243501823954e+07
1.300306057637765817e+07
1.300699329334060289e+07
1.300414144740686938e+07
1.300617537758850679e+07
1.300624552695247531e+07
1.300264420934947208e+07
1.300659692798174918e+07
1.300522657905043289e+07
1.300524639391633682e+07
1.300699547834973596e+07
1.300475903245368600e+07
1.300785257912723161e+07
1.300473089258650318e+07
1.300535286179674789e+07
1.300680176791503467e+07
1.300413973128370941e+07
1.300724583645021543e+07
1.300358915493508987e+07
1.300584601089999080e+07
1.300521100015693717e+07
1.300387084910094738e+07
1.300737133601821959e+07
1.300445465050826967e+07
1.300717924824353494e+07
1.300555202894996107e+07
1.300496002421778440e+07
1.300695083770902641e+07
1.300306380025980435e+07
1.300677685277099349e+07
1.300374370528599992e+07
1.300719426353357732e+07
1.300511508749005385e+07
1.300738882490809448e+07
1.300625209765630588e+07
1.300670003572002053e+07
1.300795193755472638e+07
1.300609213065664098e+07
1.300835628043091670e+07
1.300544261496966332e+07
1.300776872542103566e+07
1.300554625924702920e+07
1.300663033411395736e+07
1.300609097613668069e+07
1.300612019912840612e+07
1.300736935426516086e+07
1.300551866445418261e+07
1.300854738136043586e+07
1.300584878203566000e+07
1.300903000415582396e+07
1.300720867907178029e+07
1.300800131826573424e+07
1.300803484718492813e+07
1.300642747216328233e+07
1.300843860399173200e+07
1.300548993855408952e+07
1.300830753950064071e+07
1.300506259454940818e+07
1.300782120623015054e+07
1.300559172175772861e+07
1.300736486754596047e+07
1.300755717940330319e+07
1.300647295521055534e+07
1.300849473804772645e+07
1.300601500145103782e+07
1.300858255542222597e+07
1.300692522982312739e+07
1.300802634518627822e+07
1.300797963534190878e+07
1.300647865464662574e+07
1.300890601745646819e+07
1.300600202905391343e+07
1.300875920759455301e+07
1.300647287469296716e+07
1.300775663636797480e+07
1.300660685952565260e+07
1.300633399885221571e+07
1.300742638584518619e+07
1.300603226689181104e+07
1.300804016720860824e+07
1.300534800984654389e+07
1.300838752066915296e+07
1.300641248094297387e+07
1.300767368735734373e+07
1.300747098513134196e+07
1.300585541546361148e+07
1.300758282066073269e+07
1.300396614530662633e+07
1.300756899393774569e+07
1.300333532368273288e+07
1.300676206361818872e+07
1.300628184273640253e+07
1.300471379530893639e+07
1.300807844882707857e+07
1.300388802331673913e+07
1.300641603234268166e+07
1.300387209874042496e+07
1.300342424113453925e+07
1.300740342309637740e+07
1.300382262970536016e+07
1.300405753488447517e+07
1.300682468456055969e+07
1.300353069034564495e+07
1.300653602095253952e+07
1.300215654530123435e+07
1.300281104041157849e+07
1.300486687675712071e+07
1.300091824294839054e+07
1.300346766533542424e+07
1.300442544206568226e+07
1.300104440766051970e+07
1.300208239473015815e+07
1.300356604615324922e+07
1.300447606675224192e+07
1.300146077748464607e+07
1.300522187470183894e+07
1.300640546019414067e+07
1.300238763148926385e+07
1.300343100543588214e+07
1.300259146583713219e+07
1.300274924878658727e+07
1.300233763397943228e+07
1.300176375255632214e+07
1.300247094741144404e+07
1.300249175614761189e+07
1.300184142369809374e+07
1.300203500094011799e+07
1.300238056659782864e+07
1.300354082439917885e+07
1.300775224474505335e+07
1.300385662806148455e+07
1.300252701786399260e+07
1.300503373187622055e+07
1.300612540101104788e+07
1.300264754975300841e+07
1.300322651835466735e+07
1.300750261547395959e+07
1.300360828957129829e+07
1.300338832917396352e+07
1.300564017464392073e+07
1.300413016959485225e+07
1.300281166888272762e+07
1.300628879189630225e+07
1.300603484874352254e+07
1.300294136719873734e+07
1.300520699512343295e+07
1.300390154974368401e+07
1.300246019949918427e+07
1.300640967783443816e+07
1.300463960868897848e+07
1.300202934068153054e+07
1.300551845858178474e+07
1.300598930102908611e+07
1.300306838360910676e+07
1.300479764305144921e+07
1.300289784945476614e+07
1.300328709049890749e+07
1.300115483411452174e+07
1.300377317699143104e+07
1.300316841474419087e+07
1.300126512791967578e+07
1.300165727095581032e+07
1.300221024323096685e+07
1.300270947208624706e+07
1.300169569485427253e+07
1.300204102120764367e+07
1.300162153890990280e+07
1.300196832867272571e+07
1.300125193267192319e+07
1.300132565441318415e+07
1.300051986690275185e+07
1.299987031739322469e+07
1.300158066330863163e+07
1.300027392833217606e+07
1.300158873079848476e+07
1.300335716622606479e+07
1.300103917970377952e+07
1.300196607398899458e+07
1.299703648755348288e+07
1.299542646653122269e+07
1.299946651606814936e+07
1.299987499968401529e+07
1.299890026255228929e+07
1.299697294809520617e+07
1.299492935409436747e+07
1.299826976412015222e+07
1.300064422372408397e+07
1.300000910859444365e+07
1.300154843685703911e+07
1.300249191689021885e+07
1.300243482945175841e+07
1.300163000488320924e+07
1.300325713168911263e+07
1.300164518654769100e+07
1.300201735536830314e+07
1.300438705678849109e+07
1.300279168735752441e+07
1.300340219536053017e+07
1.300434569962052628e+07
1.300274449048808403e+07
1.300607154246516898e+07
1.300682930158622749e+07
1.300679456306321546e+07
1.300429938853520155e+07
1.300907674338373914e+07
1.300683040776107274e+07
1.300740912290959992e+07
1.301024089019860141e+07
1.300569031162762269e+07
1.300726417063983344e+07
1.300844484728548862e+07
1.300609944524669461e+07
1.300877317398579791e+07
1.300775324430032447e+07
1.300485352037053369e+07
1.300771715531334281e+07
1.300754054270187020e+07
1.300591723328325339e+07
1.300330738138018735e+07
1.300268850561204553e+07
1.300455144495583139e+07
1.300388961957137659e+07
1.300316638836715370e+07
1.300339308071145602e+07
1.300365943681087345e+07
1.300415862168336473e+07
1.300447794977334514e+07
1.300329755313400738e+07
1.300385674756037630e+07
1.300440481019215658e+07
1.300431767545372806e+07
1.300626173636161536e+07
1.301009612499330007e+07
1.300581015726422518e+07
1.300432791053825058e+07
1.300689213961793482e+07
1.300495112247365341e+07
1.300522313602113724e+07
1.300798986697033234e+07
1.300534976927736402e+07
1.300444044919588231e+07
1.300813285270628519e+07
1.300439023709956557e+07
1.300447190977998078e+07
1.300705791164721176e+07
1.300586509973382577e+07
1.300332780302202888e+07
1.300216297790600359e+07
1.300291239642911777e+07
1.300130161578114703e+07
1.300095085665876605e+07
1.300207786899101548e+07
1.300253297341015376e+07
1.300033044552777521e+07
1.299844592924912274e+07
1.299523206397394277e+07
1.299784046775367297e+07
1.300060038077695109e+07
1.300180308381496929e+07
1.300041229044168070e+07
1.300013998480428383e+07
1.300181430062358268e+07
1.300018896470250934e+07
1.299900006622387841e+07
1.300018232730883174e+07
1.299711921809246764e+07
1.299450877621469088e+07
1.299524760645167716e+07
1.299807849145806208e+07
1.299689684325389750e+07
1.299433628761262447e+07
1.299533758773360588e+07
1.299778640861633047e+07
1.300061569742593914e+07
1.300058950576821156e+07
1.299892073469625227e+07
1.299962989190796763e+07
1.299710448793779314e+07
1.299426442366109043e+07
1.299532273837271146e+07
1.299754531866726652e+07
1.299847053233511746e+07
1.299953424124654941e+07
1.299909669899425097e+07
1.299845265577356890e+07
1.300025514440574870e+07
1.299850621893593110e+07
1.299765594284290075e+07
1.299891144404475205e+07
1.299842179700315185e+07
1.299866136895899102e+07
1.299781371386415698e+07
1.299827282185994647e+07
1.299863359593169577e+07
1.299976969493672252e+07
1.299798878014433198e+07
1.299849128971994109e+07
1.299865892382988892e+07
1.299810310952403396e+07
1.299810256802146696e+07
1.299912533344665915e+07
1.299765360738535784e+07
1.299840084780045971e+07
1.299919485501773469e+07
1.299677217359871417e+07
1.299825332296540029e+07
1.299893177262420021e+07
1.299749909262597375e+07
1.299737425303798541e+07
1.299870504441570863e+07
1.299952195646815002e+07
1.299954860254080407e+07
1.300108848252881132e+07
1.300241756835347414e+07
1.299910808876822330e+07
1.299980308399211057e+07
1.300449325168894976e+07
1.300097546233676560e+07
1.300127916599018127e+07
1.300098947832764499e+07
1.300008292645618320e+07
1.300065240608154051e+07
1.299702766855781339e+07
1.299846372911878116e+07
1.299908363805874810e+07
1.299785597824376635e+07
1.299999777667169087e+07
1.299946116838602535e+07
1.299938459965662844e+07
1.300122354890532419e+07
1.299713803008854948e+07
1.299837328583976813e+07
1.300197086215384677e+07
1.299861091512902454e+07
1.299918527810009196e+07
1.300279615734720044e+07
1.299909292471852526e+07
1.300143534512724169e+07
1.300274698043930344e+07
1.300071039355369844e+07
1.300394773061553016e+07
1.300077332848252170e+07
1.300016296101860516e+07
1.300337227447674982e+07
1.300018517026498728e+07
1.300445402156788111e+07
1.300128159878632613e+07
1.300389639099148661e+07
1.300331189429098740e+07
1.300179743152235448e+07
1.300370795568869077e+07
1.300016027656632289e+07
1.300282512809779122e+07
1.299841792159183696e+07
1.299835725955969654e+07
1.300140786587527581e+07
1.299734679211446457e+07
1.300052014401273243e+07
1.300172229425288923e+07
1.299820020641579106e+07
1.300237030106640421e+07
1.300032132789334096e+07
1.299860998638033494e+07
1.300232442567669414e+07
1.299996105675981008e+07
1.299704945590040088e+07
1.300079838455992751e+07
1.299909687792998925e+07
1.299744767508076690e+07
1.299960072649426758e+07
1.299638493669393659e+07
1.299561632603726722e+07
1.299698429937491752e+07
1.299655090967507102e+07
1.299627057638716139e+07
1.299590626653875783e+07
1.299568556036592834e+07
1.299571986058629490e+07
1.299523809628177248e+07
1.299562453117407858e+07
1.299625275532244891e+07
1.299723130082069710e+07
1.299843083797091059e+07
1.299896148839981854e+07
1.299826204898639023e+07
1.299843644322384708e+07
1.299844955442429148e+07
1.299740677400574833e+07
1.299708772925752029e+07
1.299547423088087700e+07
1.299530578704176657e+07
1.299749981318970397e+07
1.299957364181680232e+07
1.299596750223330967e+07
1.299795318026929162e+07
1.300175907394606993e+07
1.299759821484407969e+07
1.299724851207350753e+07
1.300096852569776401e+07
1.299679469952510670e+07
1.299724405278606713e+07
1.299899678112474270e+07
1.299683995982666872e+07
1.299457544640417956e+07
1.299583267528719455e+07
1.299757309284044057e+07
1.299714073934024014e+07
1.299550905731273815e+07
1.299935732530761696e+07
1.299762113008150645e+07
1.299446491913668439e+07
1.299804158838383108e+07
1.300045531501802057e+07
1.299671070802259631e+07
1.299733948739802651e+07
1.299894793177815713e+07
1.299554701388933323e+07
1.299478893569102883e+07
1.299666773162856512e+07
1.299801421495594643e+07
1.299517714403235354e+07
1.299460764030606300e+07
1.299839407479545102e+07
1.299492649456197396e+07
1.299463765830941685e+07
1.299764097381578758e+07
1.299785908305042051e+07
1.299447697353757545e+07
1.299757734604042396e+07
1.299805542484520935e+07
1.299556344912957028e+07
1.299922784543820284e+07
1.299443943934803270e+07
1.299461517239589244e+07
1.299914554349085689e+07
1.299462216372463480e+07
1.299699322039466910e+07
1.300013468609214015e+07
1.299692948165359348e+07
1.299882842423775606e+07
1.299966862561326660e+07
1.299692074349371903e+07
1.300031596797678247e+07
1.299657387660573795e+07
1.299912176734826341e+07
1.300144205775643326e+07
1.299683713661577180e+07
1.299817295200971141e+07
1.300030533989062347e+07
1.299835932003385946e+07
1.300214329993279837e+07
1.299904782043092698e+07
1.300141724456701428e+07
1.300031706257640757e+07
1.299868653422435001e+07
1.300145446713017859e+07
1.299735292807476036e+07
1.300141589670973644e+07
1.299761958985810727e+07
1.299940428184610978e+07
1.300101277923794836e+07
1.299799565921902470e+07
1.300036061293133907e+07
1.299931196129131690e+07
1.300047473433212191e+07
1.300024400296130218e+07
1.299936550468488224e+07
1.300161843969142623e+07
1.299865010316754505e+07
1.300216103708046488e+07
1.299929645842836238e+07
1.300134682689226605e+07
1.300038418531974405e+07
1.299918338955822214e+07
1.300233635027511418e+07
1.299914386657854170e+07
1.300125333993020095e+07
1.299978148430525884e+07
1.299971445525184460e+07
1.300100457806689478e+07
1.299709392312021181e+07
1.300074202079502307e+07
1.300065423551641963e+07
1.299916323482287303e+07
1.300185772274589911e+07
1.299768375107721239e+07
1.299998416497932747e+07
1.299812620066111349e+07
1.299701959852468781e+07
1.300214304972925037e+07
1.299884007796805725e+07
1.299720950862698257e+07
1.300070618442740664e+07
1.299979436906388402e+07
1.299820142573880590e+07
1.300188485183034651e+07
1.299930729278998077e+07
1.300053294009425119e+07
1.300086995655849203e+07
1.299924889385170117e+07
1.300240220226038620e+07
1.299911292392382585e+07
1.300099089498066902e+07
1.300148725161742605e+07
1.300047711152312905e+07
1.300163628101870045e+07
1.299822621199233457e+07
1.300131484428301267e+07
1.300147405075797625e+07
1.299750617035258561e+07
1.300169459026589803e+07
1.299957659091967158e+07
1.300077503660342097e+07
1.300174284758686274e+07
1.299896968107640930e+07
1.300208144457927719e+07
1.299905241175745241e+07
1.299819350233715773e+07
1.300262837974347174e+07
1.300026065199083649e+07
1.299839957331697829e+07
1.300225138675264083e+07
1.299937884231952950e+07
1.300195618851790763e+07
1.300189017864339240e+07
1.300086656768984161e+07
1.300310627818887122e+07
1.299969963047565520e+07
1.300241811631298810e+07
1.300122729817778058e+07
1.300199379577398300e+07
1.300214356118207239e+07
1.300195816604036465e+07
1.300330165041844919e+07
1.300131104564231448e+07
1.300359209152060002e+07
1.300124815341144986e+07
1.300346475997163542e+07
1.300166630853941664e+07
1.300258960446218960e+07
1.300199429203947261e+07
1.300165485139816627e+07
1.300253252214783803e+07
1.300087938243125379e+07
1.300323414924837276e+07
1.300044396632804349e+07
1.300309559182290919e+07
1.300107038249889202e+07
1.300293789953668229e+07
1.300279843573497608e+07
1.300161559256817959e+07
1.300318242540623434e+07
1.300086290400773659e+07
1.300379838261584938e+07
1.300068794187538326e+07
1.300324673538616486e+07
1.300138354742304236e+07
1.300256119262615032e+07
1.300258012007199042e+07
1.300156595667920448e+07
1.300350146107187867e+07
1.300076083535066247e+07
1.300327632345877774e+07
1.300044934676408954e+07
1.300293695919955894e+07
1.300146696668928303e+07
1.300256270940800197e+07
1.300220205806912109e+07
1.300218958489223570e+07
1.300331463221625984e+07
1.300217824757149257e+07
1.300439933913537115e+07
1.300191945942834951e+07
1.300467820212372579e+07
1.300273930693987012e+07
1.300334445200159587e+07
1.300345498738173395e+07
1.300199931138488092e+07
1.300342790352820233e+07
1.300041500404721126e+07
1.300313554024775513e+07
1.299979653639542498e+07
1.300343325231560320e+07
1.300237022704080679e+07
1.300249775327251479e+07
1.300344616029848903e+07
1.300143611259109527e+07
1.300405798476578668e+07
1.300013389260777272e+07
1.300304621308027208e+07
1.300165702486582100e+07
1.300261926588428579e+07
1.300322031102224439e+07
1.300283383959994465e+07
1.300482583057738282e+07
1.300240432239031233e+07
1.300504419260147959e+07
1.300266444330972061e+07
1.300432211420488916e+07
1.300349427239925414e+07
1.300279725387115777e+07
1.300382469800743647e+07
1.300191261377690174e+07
1.300441984761187620e+07
1.300153910823383369e+07
1.300444175816806778e+07
1.300223931561899558e+07
1.300353824797953293e+07
1.300297494791054912e+07
1.300267582214700617e+07
1.300431399012430012e+07
1.300217562824115343e+07
1.300464858956566826e+07
1.300203346177811734e+07
1.300501020931846462e+07
1.300274502971641347e+07
1.300502619997715764e+07
1.300366382113999687e+07
1.300396858446245827e+07
1.300488944881428964e+07
1.300266413423732482e+07
1.300534997254430130e+07
1.300199111835598387e+07
1.300480364640236832e+07
1.300167095742118359e+07
1.300381119996757619e+07
1.300299204182003625e+07
1.300351368989466317e+07
1.300402862031938136e+07
1.300256627543369681e+07
1.300521510765354708e+07
1.300294939611508325e+07
1.300526839836504497e+07
1.300310882196683250e+07
1.300436420872742310e+07
1.300323313400223479e+07
1.300275604800970107e+07
1.300434820560787991e+07
1.300175020601654239e+07
1.300532875089633465e+07
1.300209447939768806e+07
1.300566997881478816e+07
1.300350311345320381e+07
1.300540721015360765e+07
1.300534642538323253e+07
1.300367972628131323e+07
1.300554864241331257e+07
1.300240850460986421e+07
1.300522616805681400e+07
1.300196406018264964e+07
1.300453424444157444e+07
1.300298405406866595e+07
1.300354066239969432e+07
1.300452243231034279e+07
1.300340458859735914e+07
1.300595142431289516e+07
1.300356131444816291e+07
1.300575924627898447e+07
1.300373589631949924e+07
1.300483240359451622e+07
1.300480673951171897e+07
1.300405957040010020e+07
1.300541388198340125e+07
1.300288841672436334e+07
1.300593704219776951e+07
1.300295372978614271e+07
1.300595375456254371e+07
1.300382325520640425e+07
1.300491782911832258e+07
1.300455392801354639e+07
1.300353314662307873e+07
1.300558681185661443e+07
1.300345512427226454e+07
1.300569621672830731e+07
1.300321962191722728e+07
1.300523676585311629e+07
1.300469284158282727e+07
1.300418624257625826e+07
1.300611078118608892e+07
1.300306698994738236e+07
1.300608309181492403e+07
1.300308952369196713e+07
1.300543770255099982e+07
1.300464783892254531e+07
1.300454129445288144e+07
1.300596196942303330e+07
1.300364362309900671e+07
1.300602468727735989e+07
1.300393385799011588e+07
1.300449132848272100e+07
1.300493315761362761e+07
1.300311700280828401e+07
1.300575704338398017e+07
1.300334512864504196e+07
1.300606091267095692e+07
1.300502494208849780e+07
1.300447758971974254e+07
1.300622752101067267e+07
1.300295131495562196e+07
1.300603016221948527e+07
1.300298773684852757e+07
1.300486025571552292e+07
1.300461637975685298e+07
1.300401949028770253e+07
1.300589641672386043e+07
1.300378298833921552e+07
1.300556107124451734e+07
1.300418463866678625e+07
1.300409123226506636e+07
1.300568622360388935e+07
1.300346474972172640e+07
1.300639174839727022e+07
1.300406313057733141e+07
1.300551325765879638e+07
1.300516545737236366e+07
1.300411844368723780e+07
1.300589368867186084e+07
1.300368164942958765e+07
1.300565073822843097e+07
1.300420692018424161e+07
1.300401385692376271e+07
1.300524024254993722e+07
1.300301182941761427e+07
1.300578463551644422e+07
1.300330706837971136e+07
1.300572249018044211e+07
1.300432099178212695e+07
1.300485519041297585e+07
1.300580707391565479e+07
1.300390263550781831e+07
1.300617267362386361e+07
1.300356872472695448e+07
1.300487285470113717e+07
1.300403148752033710e+07
1.300319515450814553e+07
1.300516115063556843e+07
1.300269856361468323e+07
1.300571440121111833e+07
1.300399739602138102e+07
1.300515139893285930e+07
1.300528365541508980e+07
1.300311273429523036e+07
1.300575614941340871e+07
1.300269002239391208e+07
1.300562437632638589e+07
1.300388000669763796e+07
1.300455991439422220e+07
1.300566654927714169e+07
1.300350201791917160e+07
1.300554898402397521e+07
1.300388322325115278e+07
1.300452970261146128e+07
1.300458764936566725e+07
1.300289851308346912e+07
1.300554977378788590e+07
1.300330870817705803e+07
1.300536239993188158e+07
1.300469266580726020e+07
1.300434229833168164e+07
1.300534402904283814e+07
1.300333861043369770e+07
1.300554079579291679e+07
1.300348332011244819e+07
1.300477870425590128e+07
1.300452359458020888e+07
1.300287473535089009e+07
1.300492949286248721e+07
1.300262153384207934e+07
1.300483792878595740e+07
1.300388826966983266e+07
1.300452622104994394e+07
1.300519925646143779e+07
1.300327137463261373e+07
1.300537932365543023e+07
1.300319339033468068e+07
1.300426272164316475e+07
1.300459676296469942e+07
1.300291879683590122e+07
1.300504213344140165e+07
1.300313984463518485e+07
1.300478866705713607e+07
1.300411995861355588e+07
1.300290503647489287e+07
1.300468287089248188e+07
1.300184936908409372e+07
1.300466918214583769e+07
1.300221539246693812e+07
1.300451962473119237e+07
1.300418567735086195e+07
1.300378193701774254e+07
1.300533293952393904e+07
1.300311545095932111e+07
1.300488472741981782e+07
1.300317964890248515e+07
1.300333754042331874e+07
1.300391135714481212e+07
1.300243268088427372e+07
1.300467778293647431e+07
1.300250319738981314e+07
1.300440119046377391e+07
1.300383927591948397e+07
1.300324385717175342e+07
1.300474667366591841e+07
1.300290485827157274e+07
1.300509305039611273e+07
1.300315160323546641e+07
1.300415323388202116e+07
1.300418395537219755e+07
1.300272395417410694e+07
1.300481483850487880e+07
1.300259973750332184e+07
1.300430544884984568e+07
1.300336343178600073e+07
1.300319917722347379e+07
1.300445409784469940e+07
1.300242977916861698e+07
1.300468728441325575e+07
1.300279368209045380e+07
1.300377462691343017e+07
1.300316195106022805e+07
1.300294299410626106e+07
1.300435630167806335e+07
1.300252721272605471e+07
1.300491781940407865e+07
1.300287773101636954e+07
1.300448197050328739e+07
1.300386002685443684e+07
1.300285950690229610e+07
1.300411419687453099e+07
1.300147903558470681e+07
1.300410719288832508e+07
1.300146724260010570e+07
1.300422975975543633e+07
1.300267767146248557e+07
1.300424572012500837e+07
1.300452279869243689e+07
1.300313052111268975e+07
1.300510360571447760e+07
1.300244290077377483e+07
1.300453260167551413e+07
1.300223125534613617e+07
1.300353963403882459e+07
1.300328565858579054e+07
1.300236784305536002e+07
1.300410658441465721e+07
1.300246566142082773e+07
1.300497749927351624e+07
1.300261607629603520e+07
1.300440395043781959e+07
1.300335148139658943e+07
1.300337186736105382e+07
1.300418079220303148e+07
1.300239945509403944e+07
1.300460762688512541e+07
1.300212112564188056e+07
1.300432295230531320e+07
1.300304006459974311e+07
1.300403944035770185e+07
1.300452899937896617e+07
1.300290892786652595e+07
1.300501982061966881e+07
1.300261433747484162e+07
1.300492484313313849e+07
1.300344309976839460e+07
1.300429056798877195e+07
1.300438264359198324e+07
1.300302862028053030e+07
1.300499448785075359e+07
1.300233919378977269e+07
1.300445554496875778e+07
1.300340575374506041e+07
1.300375319936430082e+07
1.300400253549590334e+07
1.300299823789343238e+07
1.300526681451654248e+07
1.300321113882258162e+07
1.300561864134437591e+07
1.300404553762035817e+07
1.300441484089122713e+07
1.300468337168459594e+07
1.300252783109567873e+07
1.300507459768828191e+07
1.300183398147626035e+07
1.300508971517369524e+07
1.300205328142488003e+07
1.300491617155714706e+07
1.300367216705566831e+07
1.300466254938016832e+07
1.300536006843096390e+07
1.300318523643611744e+07
1.300549380532227643e+07
1.300259998929378390e+07
1.300464815469083190e+07
1.300282988152375445e+07
1.300433124937802367e+07
1.300408956058970653e+07
1.300355535314748250e+07
1.300545679132805578e+07
1.300351424259296432e+07
1.300627421762721241e+07
1.300413935344734788e+07
1.300556312945001759e+07
1.300492371419401839e+07
1.300404557227736525e+07
1.300572882814588025e+07
1.300308644037221558e+07
1.300558371033084206e+07
1.300300313716577739e+07
1.300505461907184683e+07
1.300406601462654211e+07
1.300433501728281379e+07
1.300587089489176683e+07
1.300390744598040916e+07
1.300618364890169725e+07
1.300423847057674453e+07
1.300572207369215786e+07
1.300559387060582265e+07
1.300473896465239115e+07
1.300664838940161839e+07
1.300398147399897501e+07
1.300586026814534143e+07
1.300453879598463699e+07
1.300443848106751591e+07
1.300609369837941788e+07
1.300431975819814950e+07
1.300628924265343137e+07
1.300506940686041117e+07
1.300488481858566590e+07
1.300585612676880695e+07
1.300344451187982410e+07
1.300661634971230291e+07
1.300408396184459515e+07
1.300639458851855248e+07
1.300584028164289705e+07
1.300464428705089726e+07
1.300648565908957459e+07
1.300382563789547049e+07
1.300551827243846655e+07
1.300487768784212135e+07
1.300484386065080576e+07
1.300662256327718124e+07
1.300466878457395360e+07
1.300659697096471116e+07
1.300593769525030442e+07
1.300484645838412642e+07
1.300674525465353020e+07
1.300409738457522728e+07
1.300649967093135230e+07
1.300524633626598865e+07
1.300496333760301024e+07
1.300638076946794987e+07
1.300426609726013616e+07
1.300628608152942918e+07
1.300566396746477857e+07
1.300532091192870960e+07
1.300702770694318041e+07
1.300435427747520618e+07
1.300656210115842335e+07
1.300489340876548365e+07
1.300526073739480600e+07
