1.300711168655474298e+07
1.300528876593112759e+07
1.300811202634198777e+07
1.300486917376006767e+07
1.300712104814012349e+07
1.300525515045247041e+07
1.300487387708063610e+07
1.300656916770301573e+07
1.300415251555771194e+07
1.300683976541670971e+07
1.300441818762756698e+07
1.300749815313852765e+07
1.300514067177289724e+07
1.300688105257967487e+07
1.300615502920554951e+07
1.300594155991030671e+07
1.300699254209623486e+07
1.300477110162959248e+07
1.300740313151287846e+07
1.300427795060593635e+07
1.300703955551546067e+07
1.300440409086770937e+07
1.300688333634499833e+07
1.300678048965232447e+07
1.300565776902251132e+07
1.300748001205739006e+07
1.300520525836502016e+07
1.300798060545847006e+07
1.300521168470982276e+07
1.300700889215664007e+07
1.300556743452511542e+07
1.300628392609603889e+07
1.300617085452051461e+07
1.300502632713570446e+07
1.300714164538964070e+07
1.300429585094335675e+07
1.300700547681772150e+07
1.300423894454836100e+07
1.300659162394003384e+07
1.300562660429362953e+07
1.300541847236550041e+07
1.300688577636552230e+07
1.300535560516112298e+07
1.300732656810268201e+07
1.300496814830527641e+07
1.300808448745891079e+07
1.300557337480539083e+07
1.300759413788085245e+07
1.300677295376311615e+07
1.300606649869865738e+07
1.300767628510495462e+07
1.300458637898405269e+07
1.300764192447197996e+07
1.300389306299220584e+07
1.300750353160704300e+07
1.300476733107176982e+07
1.300748371661242284e+07
1.300601507202243060e+07
1.300681515131483786e+07
1.300782872294027545e+07
1.300640055260137096e+07
1.300848685962334834e+07
1.300545834252949245e+07
1.300817007965797000e+07
1.300548168781839311e+07
1.300677885198763758e+07
1.300568174782922491e+07
1.300523025372788124e+07
1.300783226832529716e+07
1.300497372553391196e+07
1.300854099026541039e+07
1.300588115665405989e+07
1.300855980143520422e+07
1.300732180156115443e+07
1.300714309746237658e+07
1.300767688049782254e+07
1.300590915093996376e+07
1.300820447249391489e+07
1.300484720043438673e+07
1.300797744421409443e+07
1.300498185516351461e+07
1.300746543764246069e+07
1.300605427850377187e+07
1.300706131969669089e+07
1.300822183392511867e+07
1.300621601177305728e+07
1.300866247517916933e+07
1.300597832536877505e+07
1.300837949923478253e+07
1.300632197542673908e+07
1.300758613856491074e+07
1.300740756610260718e+07
1.300665755870258994e+07
1.300862304498149082e+07
1.300612348553704470e+07
1.300893727693052217e+07
1.300601625787191093e+07
1.300805591170820408e+07
1.300592432938913442e+07
1.300666144014622085e+07
1.300699174396515824e+07
1.300592494916396588e+07
1.300779384320281819e+07
1.300569137554074451e+07
1.300880211325072497e+07
1.300666817013963498e+07
1.300888934184205718e+07
1.300753236605130509e+07
1.300760532037993334e+07
1.300811442221013270e+07
1.300570747020512447e+07
1.300876709430537000e+07
1.300491691667537764e+07
1.300863941040106304e+07
1.300547366996440664e+07
1.300841730112780817e+07
1.300731973320306465e+07
1.300818621912885457e+07
1.300882888404010609e+07
1.300634879190552235e+07
1.300899716179088317e+07
1.300580065467850491e+07
1.300802247781889141e+07
1.300585102786411718e+07
1.300708703082415648e+07
1.300623545480740815e+07
1.300593440623682737e+07
1.300758140039412118e+07
1.300576545909274369e+07
1.300884818062838726e+07
1.300624450422321819e+07
1.300920060051916353e+07
1.300719319668996334e+07
1.300820226504496858e+07
1.300858469966276176e+07
1.300669305468656681e+07
1.300868852170433104e+07
1.300543576163021103e+07
1.300863791913447343e+07
1.300507829042374901e+07
1.300870410790793970e+07
1.300582787543183006e+07
1.300790683705655113e+07
1.300714672465069592e+07
1.300708586957604997e+07
1.300856030223000981e+07
1.300638584586781263e+07
1.300855699746469036e+07
1.300540993342903443e+07
1.300819177497247420e+07
1.300602645477747731e+07
1.300760992978773452e+07
1.300670644012425840e+07
1.300687479105661064e+07
1.300846373968300782e+07
1.300653077720679529e+07
1.300939800469546020e+07
1.300626570829811879e+07
1.300897668663477339e+07
1.300620327472526766e+07
1.300817990400967561e+07
1.300707970695984922e+07
1.300709795377894118e+07
1.300808308086096123e+07
1.300650729109923355e+07
1.300886735828339309e+07
1.300670198692407086e+07
1.300913319925280847e+07
1.300673581206038408e+07
1.300791464637881704e+07
1.300750155878438056e+07
1.300638736332990974e+07
1.300822398884010501e+07
1.300538529072804376e+07
1.300870032311295718e+07
1.300570156229623966e+07
1.300890001039573364e+07
1.300724278909959272e+07
1.300881758279421739e+07
1.300897128878256865e+07
1.300727450074889325e+07
1.300943033434427343e+07
1.300618592212400772e+07
1.300874563045741245e+07
1.300654366742551513e+07
1.300777057109059393e+07
1.300737827795545757e+07
1.300665453521570005e+07
1.300885330989077501e+07
1.300627588065255433e+07
1.300908869004757702e+07
1.300760551950891316e+07
1.300797479943057150e+07
1.300824081082356349e+07
1.300638308466192149e+07
1.300911057716311142e+07
1.300620616250933148e+07
1.300934432960162126e+07
1.300743056230471656e+07
1.300819834053873830e+07
1.300890518975495920e+07
1.300694717662174441e+07
1.300899164401268028e+07
1.300667564248357527e+07
1.300839357218927890e+07
1.300698416840389743e+07
1.300673980161703192e+07
1.300822781392806955e+07
1.300625155431103893e+07
1.300883493341530114e+07
1.300679641786813550e+07
1.300845199581188150e+07
1.300742439374427870e+07
1.300754360072027892e+07
1.300843232605895400e+07
1.300694701285944693e+07
1.300912636388267018e+07
1.300668107817601413e+07
1.300856244755145349e+07
1.300711359768712148e+07
1.300688216614169814e+07
1.300816183096269891e+07
1.300567918061139807e+07
1.300840902900153585e+07
1.300618725687174313e+07
1.300831996682791971e+07
1.300756037753176503e+07
1.300727960950267129e+07
1.300893553853008710e+07
1.300613477353997901e+07
1.300865299599851854e+07
1.300607365195011720e+07
1.300784164027285017e+07
1.300751781969018839e+07
1.300741971317274868e+07
1.300849604305521585e+07
1.300682749792066962e+07
1.300891068477511406e+07
1.300701036591995135e+07
1.300743859453622811e+07
1.300777444417971745e+07
1.300616413539064117e+07
1.300807280574243329e+07
1.300548248198041879e+07
1.300845827146328799e+07
1.300683302212651633e+07
1.300790711704164743e+07
1.300849920469629765e+07
1.300669422068311460e+07
1.300859195061274618e+07
1.300594327056839131e+07
1.300793262612732314e+07
1.300656056512489915e+07
1.300710927695782855e+07
1.300771465712803788e+07
1.300582314489451610e+07
1.300801441861940175e+07
1.300615133711782098e+07
1.300733421781232767e+07
1.300745733576151915e+07
1.300682751512218639e+07
1.300847279609919898e+07
1.300647147644517384e+07
1.300816942352639884e+07
1.300734032671085745e+07
1.300663080794593878e+07
1.300839496790430509e+07
1.300633059871714748e+07
1.300832184997177310e+07
1.300735879799781553e+07
1.300699707083275542e+07
1.300823766637084819e+07
1.300607553879546188e+07
1.300822191562421061e+07
1.300736491991230845e+07
1.300755954093866982e+07
1.300875450948080979e+07
1.300707891887835413e+07
1.300823470855475962e+07
1.300761663371582143e+07
1.300624333482903056e+07
1.300799371338056773e+07
1.300595243001335859e+07
1.300800353589938208e+07
1.300741610646452568e+07
1.300697356700771675e+07
1.300840382983540185e+07
1.300620719999027997e+07
1.300800873569616117e+07
1.300696850550175458e+07
1.300731165298996679e+07
1.300833470031772740e+07
1.300635373583267257e+07
1.300805103903914429e+07
1.300673248047055490e+07
1.300697506526509300e+07
1.300785243464398384e+07
1.300625093284457177e+07
1.300840176848723367e+07
1.300699681749258377e+07
1.300737114513218403e+07
1.300814801478016190e+07
1.300649128358551674e+07
1.300858030568826757e+07
1.300727110852399841e+07
1.300757428563177213e+07
1.300832881643262319e+07
1.300619679421495833e+07
1.300812327489585802e+07
1.300703016868269444e+07
1.300759468307653069e+07
1.300884720622310415e+07
1.300721322383750975e+07
1.300834213033884764e+07
1.300804815724241920e+07
1.300687242628382891e+07
1.300856670032840036e+07
1.300651887000049651e+07
1.300812884270697273e+07
1.300815956115737930e+07
1.300688472072025761e+07
1.300841500105659850e+07
1.300743001268639043e+07
1.300779823567285575e+07
1.300893605521872267e+07
1.300725511670548469e+07
1.300842771822145954e+07
1.300809743683261424e+07
1.300706592483592406e+07
1.300858980443299189e+07
1.300731406396771967e+07
1.300774841507547162e+07
1.300900648897364549e+07
1.300750536126906425e+07
1.300889554967287555e+07
1.300880483120295405e+07
1.300724814709517173e+07
1.300890755062815547e+07
1.300756574400521629e+07
1.300795375764766335e+07
1.300932482242359407e+07
1.300790951292516664e+07
1.300837906390221789e+07
1.300916280434086546e+07
1.300744065819391422e+07
1.300901279036133178e+07
1.300873325245791860e+07
1.300725886962322704e+07
1.300901195333804004e+07
1.300767705103253014e+07
1.300808956035405584e+07
1.300933656272907183e+07
1.300787084905277565e+07
1.300857624010483921e+07
1.300902692467202991e+07
1.300719551267819852e+07
1.300895669633392990e+07
1.300821335586803593e+07
1.300779851181712747e+07
1.300932693878391385e+07
1.300816475302930363e+07
1.300848006840652227e+07
1.300936161502497643e+07
1.300701200448340923e+07
1.300882387309730239e+07
1.300835119062049687e+07
1.300773413123247400e+07
1.300923657387112640e+07
1.300783954569564573e+07
1.300827914472753182e+07
1.300892267340260558e+07
1.300714292336072028e+07
1.300944707610920630e+07
1.300836375051822141e+07
1.300793739349714294e+07
1.300928162779388390e+07
1.300679000133591704e+07
1.300876702548804320e+07
1.300846102594808862e+07
1.300775147820902802e+07
1.300959964133435301e+07
1.300837927591456659e+07
1.300844406664576568e+07
1.300950638569308259e+07
1.300723721929575503e+07
1.300896130797760561e+07
1.300846883475284278e+07
1.300770268449137919e+07
1.300940259077555686e+07
1.300816721193813719e+07
1.300843474780619889e+07
1.300965303935677744e+07
1.300729413570605032e+07
1.300927521590398625e+07
1.300875219985781424e+07
1.300787323360988125e+07
1.300944432636030391e+07
1.300770200166272186e+07
1.300822425266213715e+07
1.300900446375360712e+07
1.300731797723429836e+07
1.300979414221561514e+07
1.300867465889291093e+07
1.300816163693054579e+07
1.300968001322522014e+07
1.300693567057933472e+07
1.300908937176800333e+07
1.300825823914141953e+07
1.300776994450977817e+07
1.300956208080682717e+07
1.300784705272480845e+07
1.300886002288640477e+07
1.300933896463452093e+07
1.300790676795364358e+07
1.301001349553910643e+07
1.300812678526211157e+07
1.300856252665110677e+07
1.300925214458120987e+07
1.300736593431467004e+07
1.300950839592900686e+07
1.300855587767122872e+07
1.300795540723791346e+07
1.300989225233721919e+07
1.300742601563542709e+07
1.300958549223035201e+07
1.300882210494394414e+07
1.300809836105276458e+07
1.300970654154425859e+07
1.300769971232799999e+07
1.300831417450029962e+07
1.300911968681950681e+07
1.300726477294955775e+07
1.300986400131941587e+07
1.300869766192595102e+07
1.300834300813282840e+07
1.300990042768048309e+07
1.300752352621736936e+07
1.300884702178628370e+07
1.300911365781159513e+07
1.300746494490533881e+07
1.300947332012443803e+07
1.300843885721419193e+07
1.300832711563196406e+07
1.300989962972109951e+07
1.300776758093961142e+07
1.300934005507974699e+07
1.300893458546128124e+07
1.300770023915231600e+07
1.300947477887262404e+07
1.300798739161842316e+07
1.300820660812750831e+07
1.300948614577960782e+07
1.300730399371872284e+07
1.300970424992287718e+07
1.300867075675377809e+07
1.300836641267110035e+07
1.300981440580999106e+07
1.300790478905202262e+07
1.300834643014272861e+07
1.300918861844507605e+07
1.300736558009753563e+07
1.300957549805120006e+07
1.300913845087425224e+07
1.300781723828746378e+07
1.300983530759072676e+07
1.300803979404091090e+07
1.300846332937780395e+07
1.300952792159227282e+07
1.300752246908611432e+07
1.300868445539496280e+07
1.300895446927708015e+07
1.300757930842846073e+07
1.300971339781334810e+07
1.300861236793459766e+07
1.300830374637300149e+07
1.300961233540399373e+07
1.300772669725118391e+07
1.300841214507777616e+07
1.300887292529106513e+07
1.300729414077481441e+07
1.300930959622478485e+07
1.300863060606374033e+07
1.300801331277995743e+07
1.300967134374541976e+07
1.300774713443652913e+07
1.300837845215689577e+07
1.300870134436582588e+07
1.300740510903982073e+07
1.300913766723233648e+07
1.300833546904846281e+07
1.300732698412493989e+07
1.300934084145213477e+07
1.300710891621030681e+07
1.300908065551865846e+07
1.300883122684305161e+07
1.300747388623475283e+07
1.300905553553920425e+07
1.300741982707973383e+07
1.300763401090439595e+07
1.300877590251397155e+07
1.300700516435893252e+07
1.300893702773555368e+07
1.300848885601904616e+07
1.300785817284582742e+07
1.300928946268888377e+07
1.300748116853234172e+07
1.300813162669528648e+07
1.300836576168445311e+07
1.300683147499453090e+07
1.300869225823896565e+07
1.300781596856018901e+07
1.300769642334792949e+07
1.300921928762617707e+07
1.300718996119486727e+07
1.300843943414857052e+07
1.300824443096205592e+07
1.300721659614544734e+07
1.300890893096494675e+07
1.300764193664014526e+07
1.300717461861366220e+07
1.300871777497849427e+07
1.300662654548235796e+07
1.300873742878619209e+07
1.300837821162639931e+07
1.300742611695229448e+07
1.300895396793224849e+07
1.300720388131722622e+07
1.300756908853600733e+07
1.300813562943329662e+07
1.300661749814468436e+07
1.300840796707847901e+07
1.300761860867572762e+07
1.300752182865598612e+07
1.300872525109806843e+07
1.300695453958447091e+07
1.300830644506743737e+07
1.300777813909653202e+07
1.300664208883607946e+07
1.300843187600669637e+07
1.300682556564216129e+07
1.300798129486497864e+07
1.300829122918434814e+07
1.300679557306328602e+07
1.300852422433179058e+07
1.300756401789304800e+07
1.300738370886698924e+07
1.300887782541347854e+07
1.300735189039774984e+07
1.300752697387330420e+07
1.300812808086816035e+07
1.300627885963544436e+07
1.300831987368847057e+07
1.300739610382311977e+07
1.300745883507033810e+07
1.300877381459321640e+07
1.300688836177041195e+07
1.300775337713103555e+07
1.300764600106168538e+07
1.300636521977715753e+07
1.300819152137571387e+07
1.300671477684704214e+07
1.300737711263797991e+07
1.300782908816517331e+07
1.300644182761744224e+07
1.300830581313606352e+07
1.300706269940947928e+07
1.300723175911423936e+07
1.300831789493903890e+07
1.300629969835938141e+07
1.300809238917841390e+07
1.300704799049485847e+07
1.300685568759323657e+07
1.300804807882899977e+07
1.300603760356948897e+07
1.300795598446766473e+07
1.300731608722250722e+07
1.300713972460698895e+07
1.300851597485012747e+07
1.300689592466878518e+07
1.300803442437882908e+07
1.300763252513534948e+07
1.300600998378822021e+07
1.300785380576934852e+07
1.300570008248488605e+07
1.300784785223363712e+07
1.300710270274368860e+07
1.300694561209764145e+07
1.300823700995183364e+07
1.300608986064759456e+07
1.300781012043848820e+07
1.300684524917107262e+07
1.300724469114481658e+07
1.300819367364603467e+07
1.300637738712083735e+07
1.300813464247287437e+07
1.300699400667865202e+07
1.300693221417508088e+07
1.300798541875630803e+07
1.300624339394381270e+07
1.300833456365158968e+07
1.300743487161007337e+07
1.300709576798755303e+07
1.300846034774508141e+07
1.300672513498771191e+07
1.300828699730524421e+07
1.300773864325810596e+07
1.300687668724561855e+07
1.300830065358824097e+07
1.300627876045148633e+07
1.300779795728576183e+07
1.300769079798616469e+07
1.300712704487304948e+07
1.300895633413732424e+07
1.300764487010483444e+07
1.300732248491510004e+07
1.300852004195251502e+07
1.300647863421372883e+07
1.300837803380557895e+07
1.300791099045795202e+07
1.300704387605440617e+07
1.300867598102152720e+07
1.300689591419882700e+07
1.300777466883287020e+07
1.300847254828412645e+07
1.300704929647247121e+07
1.300878831360252202e+07
1.300783325832166895e+07
1.300739391122745164e+07
1.300843636756120250e+07
1.300662892082072236e+07
1.300815368249723688e+07
1.300782079085064679e+07
1.300715564736479707e+07
1.300897859990374185e+07
1.300727946959185041e+07
1.300867463100323267e+07
1.300848337540537678e+07
1.300694543024485931e+07
1.300884165559834242e+07
1.300670157249981351e+07
1.300781621687241457e+07
1.300847511180905998e+07
1.300718257635469921e+07
1.300894367108760402e+07
1.300809870438047126e+07
1.300749270412408933e+07
1.300883340723846294e+07
1.300638421378240921e+07
1.300882495112740435e+07
1.300793447991967574e+07
1.300747821081008762e+07
1.300890333646261692e+07
1.300652062946881354e+07
1.300852366282013617e+07
1.300768873002193123e+07
1.300741524907979183e+07
1.300928929016754404e+07
1.300750814144392870e+07
1.300871019585622102e+07
1.300856614429510944e+07
1.300729114538348280e+07
1.300902667278351448e+07
1.300686910209911503e+07
1.300823345139900595e+07
1.300823147178986669e+07
1.300707122537625395e+07
1.300933686398952268e+07
1.300775919175181352e+07
1.300888882035974786e+07
1.300929585103778541e+07
1.300708809400016256e+07
1.300935615426650830e+07
1.300701070948830992e+07
1.300799806430390477e+07
1.300885685981974378e+07
1.300731800525175408e+07
1.300912723094950244e+07
1.300790904865436628e+07
1.300762590288843587e+07
1.300890445561496913e+07
1.300655554913065955e+07
1.300953576175147109e+07
1.300780717379883677e+07
1.300856477200234309e+07
1.300941598637586646e+07
1.300673339891006425e+07
1.300908054703934304e+07
1.300656144124774449e+07
1.300807488129039854e+07
1.300801998346627317e+07
1.300736257037345506e+07
1.300955786893933639e+07
1.300751596646690927e+07
1.300921028972795233e+07
1.300854479315339774e+07
1.300784222626752406e+07
1.300946186977316812e+07
1.300705247581370547e+07
1.300950053560923785e+07
1.300786467876533791e+07
1.300818719330835156e+07
1.300903135284763761e+07
1.300697774094569869e+07
1.300935898345493712e+07
1.300829413967679068e+07
1.300829807550996915e+07
1.300986500467775948e+07
1.300719198675679974e+07
1.300955123913901299e+07
1.300790135934933834e+07
1.300832302480371110e+07
1.300943361792499013e+07
1.300750358491544798e+07
1.300918781086789444e+07
1.300788214167342708e+07
1.300754544046131708e+07
1.300867682646474242e+07
1.300663178026809357e+07
1.300964413321124390e+07
1.300769407669316605e+07
1.300898724268548749e+07
1.300950845991214737e+07
1.300700103922726959e+07
1.300950115630324744e+07
1.300627637531463243e+07
1.300851986982545070e+07
1.300735414141221531e+07
1.300808582147119381e+07
1.300907701226177625e+07
1.300741127403003164e+07
1.300936567192529701e+07
1.300780606497541070e+07
1.300824790349851549e+07
1.300922154856561311e+07
1.300733801948722452e+07
1.300997961100463010e+07
1.300775807022866607e+07
1.300872655757794529e+07
1.300882867112702690e+07
1.300724282068772055e+07
1.300931311568716168e+07
1.300740093934329040e+07
1.300883853167583980e+07
1.300853133115779236e+07
1.300737564126917347e+07
1.300955447555910051e+07
1.300706833614513837e+07
1.300943434813283011e+07
1.300836743969187327e+07
1.300851451209852844e+07
1.300958018310050853e+07
1.300728582037920319e+07
1.300919925897569768e+07
1.300770674013782106e+07
1.300745249450783059e+07
1.300883091903175414e+07
1.300666470773908496e+07
1.300948224443641305e+07
1.300801383031239733e+07
1.300828350668250397e+07
1.300955079189516976e+07
1.300684983371444233e+07
1.300911848027821258e+07
1.300820865281246230e+07
1.300809510838763230e+07
1.300944321005555429e+07
1.300777097325552814e+07
1.300858304972218163e+07
1.300893657605344616e+07
1.300725740992453136e+07
1.300963525520227477e+07
1.300841662084184960e+07
1.300835592296311259e+07
1.300944737837146036e+07
1.300764460174018703e+07
1.300868821983833425e+07
1.300876158624027483e+07
1.300695270704540424e+07
1.300937108352637291e+07
1.300787938124874979e+07
1.300851607419651560e+07
1.300948385162938200e+07
1.300743565023701824e+07
1.300884413638206199e+07
1.300828658964200318e+07
1.300714690945479274e+07
1.300884885448009521e+07
1.300719572552321479e+07
1.300862472647252120e+07
1.300857921731342189e+07
1.300674567644078843e+07
1.300921647514516488e+07
1.300720838796913438e+07
1.300879079637196288e+07
1.300894718676358834e+07
1.300737610643474571e+07
1.300896387405304983e+07
1.300746632455076464e+07
1.300716647763610072e+07
1.300866784273211844e+07
1.300672309062107466e+07
1.300879321302168071e+07
1.300840522197280824e+07
1.300753844503559545e+07
1.300912396112283133e+07
1.300712003290959448e+07
1.300822015483940579e+07
1.300800984204344638e+07
1.300669462952133082e+07
1.300860304496530630e+07
1.300703892873971909e+07
1.300823216725368612e+07
1.300866823185452446e+07
1.300713374335947260e+07
1.300886993097743019e+07
1.300767100447783805e+07
1.300723233654413745e+07
1.300883668965682201e+07
1.300707556541878544e+07
1.300830123741841130e+07
1.300836007978803851e+07
1.300676488318264671e+07
1.300873289469749667e+07
1.300739463132806122e+07
1.300795784550639614e+07
1.300909326364257000e+07
1.300726582130287215e+07
1.300788795554717258e+07
1.300795698656167090e+07
1.300662516381082870e+07
1.300849061308295280e+07
1.300739871410815604e+07
1.300770260084294528e+07
1.300856236573824845e+07
1.300684127023275942e+07
1.300850445360531658e+07
1.300762479852202348e+07
1.300694027137131058e+07
1.300851823375030234e+07
1.300658785422662459e+07
1.300797268152570166e+07
1.300792512167910300e+07
1.300683764753248729e+07
1.300852690912395529e+07
1.300718203626684472e+07
1.300758071454947069e+07
1.300852531105263159e+07
1.300691660323373042e+07
1.300851768645820208e+07
1.300784076286119036e+07
1.300670306988304295e+07
1.300826507600935362e+07
1.300643783237136900e+07
1.300816634939673170e+07
1.300849834956871532e+07
1.300718615426579490e+07
1.300841317041759379e+07
1.300765985272548161e+07
1.300693701567020267e+07
1.300852133578608744e+07
1.300696490046717972e+07
1.300765005635049380e+07
1.300833691764367744e+07
1.300679520941010118e+07
1.300830325626135245e+07
1.300799918669242784e+07
1.300700748981834762e+07
1.300860572354105487e+07
1.300722471202377602e+07
1.300764526255184039e+07
1.300824834810631722e+07
1.300670493063403852e+07
1.300818612222962826e+07
1.300784133219960146e+07
1.300730881137724780e+07
1.300891470842457004e+07
1.300778979391673394e+07
1.300729236707423255e+07
1.300840696428363957e+07
1.300670422209296562e+07
1.300807126605445333e+07
1.300830005506602488e+07
1.300706520300054178e+07
1.300862576878939942e+07
1.300749830336363986e+07
1.300716643005322292e+07
1.300843588291508146e+07
1.300682073719868250e+07
1.300777410234388895e+07
1.300801617624121532e+07
1.300662715174944513e+07
1.300849605278264545e+07
1.300707894310226478e+07
1.300768230614160001e+07
1.300859399978297763e+07
1.300697292472722568e+07
1.300831932426027022e+07
1.300806964382920228e+07
1.300679834732523374e+07
1.300846502871328034e+07
1.300689423578445800e+07
1.300750867578304932e+07
1.300838041877657920e+07
1.300718338533320650e+07
1.300871433090580069e+07
1.300822301247740164e+07
1.300673092969820648e+07
1.300850433922383934e+07
1.300674426537081040e+07
1.300802203834476881e+07
1.300850512335669994e+07
1.300677059617352113e+07
1.300863277174456418e+07
1.300747831982768327e+07
1.300736336176110245e+07
1.300883026378036849e+07
1.300701417405055463e+07
1.300840432562343217e+07
1.300804769122408889e+07
1.300675742123962194e+07
1.300842766577980109e+07
1.300646479170740210e+07
1.300788922899616882e+07
1.300797724709341861e+07
1.300697545679273829e+07
1.300899183916080929e+07
1.300724982251002081e+07
1.300831732848343067e+07
1.300843219332460128e+07
1.300680124317308702e+07
1.300875415539055690e+07
1.300672221997397766e+07
1.300761112766045891e+07
1.300834863481137343e+07
1.300713668280052766e+07
1.300904278239419870e+07
1.300771327558182925e+07
1.300808886140786298e+07
1.300862480644994043e+07
1.300629241737115383e+07
1.300893188304782473e+07
1.300672376531621441e+07
1.300847004640131630e+07
1.300844882208121195e+07
1.300676449155530892e+07
1.300883107269901782e+07
1.300657885966221988e+07
1.300776323632795550e+07
1.300806061022515409e+07
1.300715615079327673e+07
1.300939588505789638e+07
1.300730332486358285e+07
1.300874421932531148e+07
1.300849970836405270e+07
1.300689486780800298e+07
1.300898155756199732e+07
1.300637055659855716e+07
1.300841153518605791e+07
1.300786751380921155e+07
1.300719330325953104e+07
1.300887135563019104e+07
1.300685538352277130e+07
1.300891242499371059e+07
1.300772919443556294e+07
1.300812804365807772e+07
1.300901807651934586e+07
1.300687809907106310e+07
1.300923626557401940e+07
1.300661841783964448e+07
1.300797945025016554e+07
1.300830286807928979e+07
1.300724010196333192e+07
1.300908012962870486e+07
1.300698182232958637e+07
1.300834696402738616e+07
1.300803665765208006e+07
1.300653310884442739e+07
1.300911847453236766e+07
1.300611075570627861e+07
1.300926808524808101e+07
1.300737348848593980e+07
1.300812432751476765e+07
1.300912784778968431e+07
1.300667948754615523e+07
1.300870865649055317e+07
1.300659877646363154e+07
1.300813595000435412e+07
1.300807944161983393e+07
1.300712471711373143e+07
1.300942097555461340e+07
1.300760062426466309e+07
1.300855463846554048e+07
1.300902821459401958e+07
1.300721863104030117e+07
1.300947775765410438e+07
1.300680287457875349e+07
1.300860483308547549e+07
1.300813666171276197e+07
1.300702753366274014e+07
1.300912432991781272e+07
1.300707609355913661e+07
