1.297965143842425570e+07
1.297956659766010381e+07
1.297957912773713470e+07
1.297963585122363083e+07
1.297973526612606831e+07
1.297960581459207088e+07
1.297957167884950526e+07
1.297956891916107573e+07
1.297968042430686392e+07
1.297969507481068000e+07
1.297961215389243513e+07
1.297954959075539187e+07
1.297956146281336248e+07
1.297971841588482074e+07
1.297966485838070512e+07
1.297958990616596118e+07
1.297954808056859486e+07
1.297962737554415129e+07
1.297969237676100060e+07
1.297963366217956319e+07
1.297961270687329583e+07
1.297954591256094910e+07
1.297966031807575561e+07
1.297965116593337804e+07
1.297966349942987598e+07
1.297961807802699320e+07
1.297956712168185785e+07
1.297962505882689171e+07
1.297967336044683307e+07
1.297970765595777705e+07
1.297956695821090974e+07
1.297958199942166917e+07
1.297965058641699329e+07
1.297969063313338906e+07
1.297968500466169789e+07
1.297956415703041665e+07
1.297961555237301998e+07
1.297961859630069137e+07
1.297972545127679966e+07
1.297962276145943068e+07
1.297960110677847080e+07
1.297959573049788363e+07
1.297964631112831458e+07
1.297969286347254552e+07
1.297962622354589775e+07
1.297961734931130894e+07
1.297959588437834941e+07
1.297967758220788836e+07
1.297964704611756466e+07
1.297963712335800007e+07
1.297965559353830852e+07
1.297960468674131110e+07
1.297963810765836202e+07
1.297964018062869273e+07
1.297969721662777849e+07
1.297961829784254730e+07
1.297960602056273818e+07
1.297963233899614215e+07
1.297963449670253880e+07
1.297971353026368842e+07
1.297960295239578933e+07
1.297963718177672289e+07
1.297958073672146536e+07
1.297969072125511244e+07
1.297966302774133533e+07
1.297964727331690490e+07
1.297960052056455053e+07
1.297958147705893405e+07
1.297970035342326201e+07
1.297965094950049557e+07
1.297962998516434617e+07
1.297957949851733819e+07
1.297963338119233958e+07
1.297964988744531758e+07
1.297964796456418745e+07
1.297966599573377892e+07
1.297955723823389970e+07
1.297960763771984167e+07
1.297963311211989447e+07
1.297970613702961057e+07
1.297963528346986324e+07
1.297956395957386680e+07
1.297959034774021432e+07
1.297966585652656481e+07
1.297974044616163895e+07
1.297959563098363392e+07
1.297957406444307044e+07
1.297959728044319339e+07
1.297971386836353131e+07
1.297970349618193321e+07
1.297961279648184404e+07
1.297956909065959789e+07
1.297959778969911672e+07
1.297974642833904549e+07
1.297968277390387468e+07
1.297960417339784838e+07
1.297956045527819544e+07
1.297964486565161869e+07
1.297971223915443756e+07
1.297965912886575237e+07
1.297964062282061204e+07
1.297956283906415105e+07
1.297966506625764817e+07
1.297966855585077591e+07
1.297969143131836690e+07
1.297964412529250979e+07
1.297956360570264794e+07
1.297961605142856389e+07
1.297967293492245115e+07
1.297971272948814556e+07
1.297957469971086830e+07
1.297956691781865247e+07
1.297963782592035830e+07
1.297968525439124554e+07
1.297968733800031245e+07
1.297956650839608163e+07
1.297961133809619956e+07
1.297961668888561055e+07
1.297972903091936372e+07
1.297963034879679792e+07
1.297960027155748568e+07
1.297959231010375544e+07
1.297964187921303138e+07
1.297969430363292061e+07
1.297962127152415551e+07
1.297960356787172146e+07
1.297958154507596418e+07
1.297966069449598528e+07
1.297963250516599417e+07
1.297962641309793107e+07
1.297963306320802495e+07
1.297958576867680624e+07
1.297961780455097556e+07
1.297962877387273312e+07
1.297968741315678507e+07
1.297960169345271960e+07
1.297959266432859562e+07
1.297961575838415511e+07
1.297964221213229373e+07
1.297970648509812914e+07
1.297960199768631347e+07
1.297962924725346826e+07
1.297957455581389926e+07
1.297970013135992922e+07
1.297966516564233601e+07
1.297965197975343652e+07
1.297959626139126718e+07
1.297959899991639890e+07
1.297971112544644438e+07
1.297966956725379452e+07
1.297964076355835050e+07
1.297958569961070828e+07
1.297964433309730515e+07
1.297966196983717196e+07
1.297966846567610465e+07
1.297968657073141634e+07
1.297957514529161714e+07
1.297961383858332224e+07
1.297964488763256930e+07
1.297972598552694544e+07
1.297966601145488024e+07
1.297959015524578653e+07
1.297960559791232459e+07
1.297967282403495722e+07
1.297976324803427234e+07
1.297962837774433009e+07
1.297959197976446338e+07
1.297959398285450414e+07
1.297970901734185033e+07
1.297971995284148864e+07
1.297963656941599771e+07
1.297957425488755479e+07
1.297958812639690563e+07
1.297974305023306981e+07
1.297969151486921497e+07
1.297961402777010575e+07
1.297957133183569089e+07
1.297964611136426590e+07
1.297971263092216291e+07
1.297965949821533263e+07
1.297964320379199646e+07
1.297956766727559082e+07
1.297967714764469303e+07
1.297967265705979429e+07
1.297968770670350082e+07
1.297964094978386350e+07
1.297958761658047698e+07
1.297964229936061613e+07
1.297968895245130360e+07
1.297972172254720703e+07
1.297958193144529685e+07
1.297959865511868335e+07
1.297966665727529302e+07
1.297970393983354792e+07
1.297969485350688919e+07
1.297957653053333797e+07
1.297962706848897971e+07
1.297962965874575637e+07
1.297973608778314851e+07
1.297963183421325870e+07
1.297962203487521410e+07
1.297961492466602847e+07
1.297966847240765765e+07
1.297970445819080248e+07
1.297964110971134342e+07
1.297962739508404396e+07
1.297960329903957434e+07
1.297968460020765290e+07
1.297964973509464040e+07
1.297964290384962782e+07
1.297964989988047630e+07
1.297961313839816116e+07
1.297963765592317097e+07
1.297964637748100609e+07
1.297970527371863090e+07
1.297962514302775823e+07
1.297961736104564741e+07
1.297962684973174334e+07
1.297966742427048832e+07
1.297970858973744139e+07
1.297961114259359054e+07
1.297962875992272981e+07
1.297958357548541948e+07
1.297971592053854465e+07
1.297966141360371187e+07
1.297964420496090688e+07
1.297957872179741971e+07
1.297961566817066818e+07
1.297971258232742362e+07
1.297966808181840181e+07
1.297961372540369257e+07
1.297956096732600406e+07
1.297968220431575924e+07
1.297968093856273778e+07
1.297965463179077208e+07
1.297963041181279533e+07
1.297958124158232845e+07
1.297966029439404421e+07
1.297966614523772150e+07
1.297970411588131636e+07
1.297959334497986734e+07
1.297959871152228490e+07
1.297963415595391765e+07
1.297970902439026535e+07
1.297971460136468336e+07
1.297956127684296109e+07
1.297958547424061596e+07
1.297965760775697604e+07
1.297974763102454878e+07
1.297965710594380088e+07
1.297957889762043953e+07
1.297959948699650168e+07
1.297966292775450461e+07
1.297975236656261608e+07
1.297963155514056049e+07
1.297958506618553773e+07
1.297958018545611948e+07
1.297971277171244659e+07
1.297969465567408688e+07
1.297961561650117859e+07
1.297958515275953151e+07
1.297959960093090497e+07
1.297971513548024185e+07
1.297965313885111734e+07
1.297963522687558271e+07
1.297958529553875327e+07
1.297963871414094418e+07
1.297965411142993346e+07
1.297965649589515664e+07
1.297968220877219364e+07
1.297956556345853582e+07
1.297961581616732664e+07
1.297964543494885601e+07
1.297968768093442731e+07
1.297962843037112057e+07
1.297957821372526139e+07
1.297962795185580105e+07
1.297961666725804098e+07
1.297971605160680600e+07
1.297958592057195306e+07
1.297962172313420475e+07
1.297957547207951359e+07
1.297966647471830249e+07
1.297966228644576855e+07
1.297963880270845629e+07
1.297960964430945553e+07
1.297958296683409438e+07
1.297970053332704306e+07
1.297965864280276000e+07
1.297965046725678816e+07
1.297961568047291040e+07
1.297962379616961069e+07
1.297964552004224062e+07
1.297965663063272275e+07
1.297969460587983392e+07
1.297958411958531477e+07
1.297960400883430988e+07
1.297962898851159588e+07
1.297970695569961332e+07
1.297967427655167133e+07
1.297958660229572840e+07
1.297959774513572827e+07
1.297965052470296808e+07
1.297975384427160770e+07
1.297962955002982728e+07
1.297959545632530935e+07
1.297958307614356279e+07
1.297969556489676051e+07
1.297971878651088662e+07
1.297963906722427718e+07
1.297957650201513059e+07
1.297957859057049453e+07
1.297973703962051123e+07
1.297968990743568167e+07
1.297961318508950435e+07
1.297956630210482702e+07
1.297963605795027688e+07
1.297970315474284813e+07
1.297965059803063236e+07
1.297963563448894769e+07
1.297956676683419943e+07
1.297967347609850205e+07
1.297966706588467397e+07
1.297967960352013819e+07
1.297963725411438569e+07
1.297958376900462061e+07
1.297964101921631582e+07
1.297968603232847899e+07
1.297971843591940589e+07
1.297957587788564898e+07
1.297959095595145598e+07
1.297965671300378628e+07
1.297969717835001275e+07
1.297968489233688451e+07
1.297957335436469503e+07
1.297962440930951573e+07
1.297962525977333263e+07
1.297973054554376751e+07
1.297962889807884768e+07
1.297961899731204845e+07
1.297960851282504201e+07
1.297966160203406587e+07
1.297969911111261323e+07
1.297963926592145860e+07
1.297962471887699515e+07
1.297960331365449913e+07
1.297968692251536809e+07
1.297964920260071009e+07
1.297964051372806355e+07
1.297964556502262689e+07
1.297960960523562320e+07
1.297963020666256361e+07
1.297963817674096487e+07
1.297969634369436279e+07
1.297961218583195098e+07
1.297960425640321523e+07
1.297961118571106531e+07
1.297965616581395268e+07
1.297968937005066872e+07
1.297959338421927020e+07
1.297960437113882601e+07
1.297957960500630550e+07
1.297971428976969607e+07
1.297964958062202670e+07
1.297963202606687322e+07
1.297956660096792132e+07
1.297962295263647661e+07
1.297972164880640619e+07
1.297967166704541259e+07
1.297961112405247986e+07
1.297956198431391083e+07
1.297969088457101956e+07
1.297969132627729885e+07
1.297966129451671802e+07
1.297963464098928869e+07
1.297958870678434148e+07
1.297967005664773285e+07
1.297967621594506130e+07
1.297971341130660847e+07
1.297960233635576256e+07
1.297961042193774134e+07
1.297964415747798607e+07
1.297971843186844699e+07
1.297972253291793913e+07
1.297957052747409977e+07
1.297959539060995914e+07
1.297967215593570843e+07
1.297976073119184189e+07
1.297966955048656836e+07
1.297959260917990655e+07
1.297961565783903003e+07
1.297967815041147172e+07
1.297976999163659103e+07
1.297964886717578396e+07
1.297960577484726347e+07
1.297959926864348911e+07
1.297973165761417523e+07
1.297972117400516570e+07
1.297963983648178168e+07
1.297960781964578852e+07
1.297961427991325408e+07
1.297973459017457999e+07
1.297967902196141519e+07
1.297966381863366440e+07
1.297961246438760497e+07
1.297964983037045412e+07
1.297967716084648296e+07
1.297968729548978247e+07
1.297970922281196341e+07
1.297958659971433133e+07
1.297963611137869582e+07
1.297967977065917104e+07
1.297971069395661727e+07
1.297967038926770724e+07
1.297960002725320123e+07
1.297965940026710741e+07
1.297964724297150597e+07
1.297974174228212051e+07
1.297962329211889766e+07
1.297964018127476051e+07
1.297962371194115654e+07
1.297968223717461526e+07
1.297970450016392022e+07
1.297964381919836439e+07
1.297963762438549846e+07
1.297961671290086210e+07
1.297969703178735636e+07
1.297965336821441352e+07
1.297964855697705597e+07
1.297965209836001322e+07
1.297962061131962389e+07
1.297963756339407712e+07
1.297964076608876884e+07
1.297970279585782066e+07
1.297961855718808807e+07
1.297961232323362306e+07
1.297961976415243745e+07
1.297966328408774920e+07
1.297969913241717778e+07
1.297960232606272213e+07
1.297961770976401307e+07
1.297958011362448521e+07
1.297971352856682986e+07
1.297965694101902656e+07
1.297964066200133972e+07
1.297957473522530496e+07
1.297961193258207478e+07
1.297970746019808948e+07
1.297966173727370054e+07
1.297960812245638296e+07
1.297955728201588802e+07
1.297968361815714091e+07
1.297968234719131887e+07
1.297965407225997373e+07
1.297963053982993960e+07
1.297958763935137168e+07
1.297966507002048194e+07
1.297966976507954486e+07
1.297970648174132034e+07
1.297959387176215462e+07
1.297960724019416980e+07
1.297964400417150743e+07
1.297971555425787903e+07
1.297971678231110610e+07
1.297956558509586751e+07
1.297959076716851443e+07
1.297966731000128388e+07
1.297975209560896829e+07
1.297964925011167675e+07
1.297957532641561329e+07
1.297960502399696968e+07
1.297966857571842894e+07
1.297974167787125334e+07
1.297961485815585218e+07
1.297958738843351416e+07
1.297958654646152258e+07
1.297971675000268780e+07
1.297967896696023270e+07
1.297961274326971918e+07
1.297958224586602114e+07
1.297961241138891503e+07
1.297970334422063269e+07
1.297963483982565627e+07
1.297961907107398845e+07
1.297958573644611612e+07
1.297965830844109319e+07
1.297965143826619163e+07
1.297965495366096497e+07
1.297966133911755681e+07
1.297959092332587019e+07
1.297963563416718133e+07
1.297964772041852213e+07
1.297970658361619338e+07
1.297962148253762163e+07
1.297960580824955180e+07
1.297963975824016146e+07
1.297963489692396298e+07
1.297971660877758451e+07
1.297960684139410406e+07
1.297964309143279865e+07
1.297958991928251833e+07
1.297969818680309504e+07
1.297967336799678579e+07
1.297965404965639487e+07
1.297960897066098265e+07
1.297959216592493467e+07
1.297971189260237291e+07
1.297965936284322478e+07
1.297963829492048360e+07
1.297958626104796864e+07
1.297963860350593738e+07
1.297965448525732011e+07
1.297964912448149733e+07
1.297966234385259636e+07
1.297955766116815992e+07
1.297961631290417910e+07
1.297964054104320146e+07
1.297971204811387695e+07
1.297963291956608370e+07
1.297957087421250902e+07
1.297960193093059771e+07
1.297967757018969394e+07
1.297973773981357738e+07
1.297958896897360682e+07
1.297957401832833700e+07
1.297960911880949140e+07
1.297972198676251434e+07
1.297968368636086583e+07
1.297958972537962720e+07
1.297956449454233609e+07
1.297960909860103205e+07
1.297973589969022013e+07
1.297964246952182427e+07
1.297957701092977636e+07
1.297955106293721125e+07
1.297967412695187703e+07
1.297969132215410471e+07
1.297960789636163041e+07
1.297957818576802686e+07
1.297957000103836507e+07
1.297969182067793980e+07
1.297964295989169367e+07
1.297963655793374591e+07
1.297958070041516051e+07
1.297961966549874656e+07
1.297964737637985311e+07
1.297965888193640672e+07
1.297968567385832220e+07
1.297955939128861576e+07
1.297961290099929459e+07
1.297965073265250959e+07
1.297968809504012764e+07
1.297963719562164694e+07
1.297957646830689535e+07
1.297963159471431188e+07
1.297961944827132858e+07
1.297971756338005140e+07
1.297958436151281931e+07
1.297961556694577076e+07
1.297957743481170200e+07
1.297964517150329612e+07
1.297966178383454494e+07
1.297961305912073702e+07
1.297959189919789508e+07
1.297956338543110341e+07
1.297967530013734847e+07
1.297962849518442526e+07
1.297961347104599699e+07
1.297957864146207459e+07
1.297958452284879237e+07
1.297962035006288439e+07
1.297963066921721399e+07
1.297966948024784587e+07
1.297956538470475748e+07
1.297958746439293772e+07
1.297961502527154237e+07
1.297968964214024320e+07
1.297964930277634412e+07
1.297956499127179198e+07
1.297957569543403015e+07
1.297962949230062403e+07
1.297972430523364432e+07
1.297959219223972410e+07
1.297956795177037641e+07
1.297957907837477326e+07
1.297968817685041018e+07
1.297967992947317101e+07
1.297959045334859937e+07
1.297955281860321015e+07
1.297959111281258240e+07
1.297973326917320117e+07
1.297966076531694457e+07
1.297958031568244100e+07
1.297954452550805733e+07
1.297965959864805639e+07
1.297970252348850854e+07
1.297963334095893614e+07
1.297960342321234196e+07
1.297956038818038069e+07
1.297968410738850757e+07
1.297965582057059556e+07
1.297965748831434548e+07
1.297960117149184830e+07
1.297959038321447745e+07
1.297963231263900176e+07
1.297965666488493979e+07
1.297969047485259734e+07
1.297955369509943947e+07
1.297959114355839789e+07
1.297963780311455950e+07
1.297967475257833116e+07
1.297963634468454868e+07
1.297956922463164851e+07
1.297962575169928744e+07
1.297961388503905945e+07
1.297971663099327125e+07
1.297958957001345977e+07
1.297961841658613645e+07
1.297958465847416408e+07
1.297964760412679613e+07
1.297967200470237620e+07
1.297962039088706486e+07
1.297960439146064408e+07
1.297957918253985792e+07
1.297967330741051584e+07
1.297963572347006015e+07
1.297962272122582421e+07
1.297960152360057831e+07
1.297959155556195788e+07
1.297962361854152381e+07
1.297962622105496377e+07
1.297967091391031444e+07
1.297956379593245126e+07
1.297957813344952278e+07
1.297960729489388317e+07
1.297968312888371013e+07
1.297965999336517788e+07
1.297956928179670684e+07
1.297958153748419695e+07
1.297962875577026978e+07
1.297973960781153478e+07
1.297961705274594016e+07
1.297958440429706872e+07
1.297958456048271246e+07
1.297969667271690257e+07
1.297971666598989256e+07
1.297963570613490231e+07
1.297957457946916670e+07
1.297958713781864569e+07
1.297974055335983075e+07
1.297968698211110570e+07
1.297961122675960697e+07
1.297957012880781293e+07
1.297965553366490826e+07
1.297971127620174922e+07
1.297965001038716547e+07
1.297962685118999146e+07
1.297957400173408724e+07
1.297969271995117888e+07
1.297967335359262861e+07
1.297967780803211033e+07
1.297962843205526657e+07
1.297959828563255072e+07
1.297964703672935441e+07
1.297968210480148159e+07
1.297971399211589620e+07
1.297957082364353724e+07
1.297959662617499940e+07
1.297965306966086477e+07
1.297969049617985077e+07
1.297966499083953537e+07
1.297956997203350253e+07
1.297962906791663356e+07
1.297962240210547298e+07
1.297972896806781366e+07
1.297960060265243426e+07
1.297962457281270064e+07
1.297960082169552520e+07
1.297966239508243464e+07
1.297969235170065053e+07
1.297963733107110299e+07
1.297962111276467144e+07
1.297959350661482289e+07
1.297969386413381621e+07
1.297965836638016999e+07
1.297965102126670256e+07
1.297962629630172625e+07
1.297961933227433823e+07
1.297965149700768478e+07
1.297965387091058120e+07
1.297970138709120266e+07
1.297959292084159888e+07
1.297960768622530438e+07
1.297963582144237496e+07
1.297970962014928646e+07
1.297968963509474508e+07
1.297959853798052669e+07
1.297961193129213154e+07
1.297965877239043638e+07
1.297976683350063302e+07
1.297964458105409890e+07
1.297961195270494744e+07
1.297959978307048231e+07
1.297971305007092096e+07
1.297973528186259419e+07
1.297965300593463890e+07
1.297959197603399865e+07
1.297960434710537829e+07
1.297976935544465110e+07
1.297971375381278992e+07
1.297963933716285974e+07
1.297960034644366242e+07
1.297968900074156933e+07
1.297974100602317788e+07
1.297967838912332058e+07
1.297965463380844705e+07
1.297960435710865259e+07
1.297972521877074242e+07
1.297970508838531002e+07
1.297970871171742678e+07
1.297965939923908934e+07
1.297963068713027611e+07
1.297968048152090609e+07
1.297971510864795744e+07
1.297974795182503015e+07
1.297960558038167097e+07
1.297963052557524480e+07
1.297968734599084221e+07
1.297972246929234080e+07
1.297970049704466388e+07
1.297960652506295033e+07
1.297966593968649209e+07
1.297965668394265324e+07
1.297975929041269980e+07
1.297963326732234657e+07
1.297964686476867087e+07
1.297961966203839704e+07
1.297968081279057078e+07
1.297970920989789441e+07
1.297965162673535571e+07
1.297963577498474345e+07
1.297960772135671973e+07
1.297971333073627762e+07
1.297967749881684780e+07
1.297966373046072200e+07
1.297964043921894394e+07
1.297963198799321242e+07
1.297966470141468011e+07
1.297966893782663904e+07
1.297971052016437240e+07
1.297960430463341996e+07
1.297962214920024946e+07
1.297965440788420290e+07
1.297973158228540048e+07
1.297970426755242795e+07
1.297961399484032393e+07
1.297962809429012425e+07
1.297967509220760129e+07
1.297977951359480619e+07
1.297965305590224639e+07
1.297961960087438487e+07
1.297961963620412536e+07
1.297972970062470809e+07
1.297973859837152809e+07
1.297965348735422455e+07
1.297960441089183651e+07
1.297962563925504871e+07
1.297977140342945047e+07
1.297970287639860809e+07
1.297962681419990957e+07
1.297958872643388622e+07
1.297969304990745895e+07
1.297973890452323295e+07
1.297967315817284025e+07
1.297964362174096145e+07
1.297959257860899903e+07
1.297971587401163764e+07
1.297968980852195621e+07
1.297969084483409114e+07
1.297964002325411886e+07
1.297962009972132370e+07
1.297966630328230932e+07
1.297969370882255584e+07
1.297972388941067271e+07
1.297958710436589643e+07
1.297962347154871188e+07
1.297966879147523642e+07
1.297970778333004750e+07
1.297966767973782495e+07
1.297959753298893012e+07
1.297965411503288709e+07
1.297964216850398853e+07
1.297974242726415582e+07
1.297960800394629873e+07
1.297963411354181729e+07
1.297959799225052260e+07
1.297968203139284626e+07
1.297969059655673988e+07
1.297964691716110520e+07
1.297962123087476008e+07
1.297959203105745465e+07
1.297971653938314691e+07
1.297966821175709926e+07
1.297965142854976654e+07
1.297961224965936318e+07
1.297963325105448440e+07
1.297966771408604272e+07
1.297967054432804696e+07
1.297969880823509023e+07
1.297958834319963306e+07
1.297963108023083583e+07
1.297964976313706301e+07
1.297972199238889664e+07
1.297965438833907805e+07
1.297958642634092644e+07
1.297961792872290500e+07
1.297968721704431251e+07
1.297974471369586885e+07
1.297959686686422862e+07
1.297958805541950837e+07
1.297963046649611555e+07
1.297974157370138541e+07
1.297968782617000490e+07
1.297960341105723567e+07
1.297960566442881338e+07
1.297965916355524585e+07
1.297976243217002042e+07
1.297965185363515653e+07
1.297960353541499563e+07
1.297959500425387919e+07
1.297972704347625002e+07
1.297971212561670691e+07
1.297963922396451421e+07
1.297960635643458366e+07
1.297962368590896018e+07
1.297972908819547296e+07
1.297966714912130497e+07
1.297966027272504196e+07
1.297960850941705145e+07
1.297967676762439311e+07
1.297967688549557887e+07
1.297968452099556662e+07
1.297968970601334050e+07
1.297961688246932440e+07
1.297966627093059942e+07
1.297967994032015279e+07
1.297974044598354772e+07
1.297965451724590175e+07
1.297963829421920702e+07
1.297966981939817593e+07
1.297967426680223458e+07
1.297975370689834096e+07
1.297964077421264909e+07
1.297967235101005249e+07
1.297961857116513886e+07
1.297974267665521614e+07
1.297969824184630439e+07
1.297968113753300346e+07
1.297962531780547090e+07
1.297963812535993196e+07
1.297975220161919668e+07
1.297971097188417986e+07
1.297967556329435296e+07
1.297961587180727161e+07
1.297970609577115625e+07
1.297971543238979764e+07
1.297970572233174555e+07
1.297970528730422072e+07
1.297961047317247652e+07
1.297968129513742961e+07
1.297969867235339247e+07
1.297975563970156386e+07
1.297966004170771874e+07
1.297962875557897799e+07
1.297966079514783062e+07
1.297973785609013774e+07
1.297976333762002364e+07
1.297961024979463965e+07
1.297962234372446686e+07
1.297968876473854296e+07
1.297978296925923228e+07
1.297969679160243832e+07
1.297961511780665256e+07
1.297963326258043014e+07
1.297969569923132285e+07
1.297978201116629131e+07
1.297966146771102212e+07
1.297962291434236802e+07
1.297962192799100652e+07
1.297975294375493564e+07
1.297972393864406087e+07
1.297965765420105495e+07
1.297962808603312075e+07
1.297965487990209088e+07
1.297975042912706174e+07
1.297968434201936051e+07
1.297967258769999258e+07
1.297963377115784585e+07
1.297970603283475153e+07
1.297969875105661154e+07
1.297969799802962877e+07
1.297970277958081849e+07
1.297963532296820730e+07
1.297967851696329750e+07
1.297969309931859747e+07
1.297975796446809918e+07
1.297966597562301904e+07
1.297965441702576168e+07
1.297967930052852444e+07
1.297970223275664262e+07
1.297976469959486462e+07
1.297965378020494990e+07
1.297967784889424220e+07
1.297962986133666150e+07
1.297976510067627579e+07
1.297972198041222058e+07
1.297970784417436831e+07
1.297964640853106417e+07
1.297966384741374850e+07
1.297977182148287632e+07
1.297972665221866220e+07
1.297968633774865791e+07
1.297962492293483019e+07
1.297972563302639872e+07
1.297973107911347970e+07
1.297971652749335021e+07
1.297970710243310221e+07
1.297963856008257158e+07
1.297971477337228507e+07
1.297972322925157286e+07
1.297976685507396609e+07
1.297966184421282448e+07
1.297965866722633503e+07
1.297969052625307441e+07
1.297976373873468116e+07
1.297977231249197200e+07
1.297961946451072581e+07
1.297964237062745728e+07
1.297971292666602880e+07
1.297980051430349424e+07
1.297970694509094581e+07
1.297963270530213416e+07
1.297965951692940108e+07
1.297972223588161170e+07
1.297980093275170028e+07
1.297967223957662098e+07
1.297963758473827690e+07
1.297963159943423234e+07
1.297976427570430003e+07
1.297972879931464791e+07
1.297966246399310045e+07
1.297962876150833070e+07
1.297965771747888811e+07
1.297974883074109815e+07
1.297968413797947392e+07
1.297966644420037791e+07
1.297963669684972800e+07
1.297970955055044405e+07
1.297970455314776115e+07
1.297970745659970865e+07
1.297971360021641664e+07
1.297964201794770174e+07
1.297968835813669488e+07
1.297970284166568145e+07
1.297976233390582539e+07
1.297968030755342357e+07
1.297966442769042403e+07
1.297969914453396387e+07
1.297969755659387447e+07
1.297977976522351056e+07
1.297966485957237892e+07
1.297970190218328685e+07
1.297964933284327760e+07
1.297975544839015976e+07
1.297972801388791390e+07
1.297971262630648166e+07
1.297966801101275906e+07
1.297964808160647750e+07
1.297976828735094517e+07
1.297972573807467520e+07
1.297970794929394312e+07
1.297965641644734144e+07
1.297970772821829654e+07
1.297973319575869665e+07
1.297973110997815430e+07
1.297974800264133327e+07
1.297963938711825386e+07
1.297969592393917032e+07
1.297972317561535537e+07
1.297979625544835627e+07
1.297972158181586675e+07
1.297965767191824690e+07
1.297969088136684150e+07
1.297976925479855016e+07
1.297983977170448937e+07
1.297969257542537525e+07
1.297967092752883025e+07
1.297969640909121372e+07
1.297981189271891862e+07
1.297979481112932228e+07
1.297970284053134173e+07
