1.298750289057594910e+07
1.298696817957290635e+07
1.298686573469970562e+07
1.298724772659665346e+07
1.298809269591523521e+07
1.298873946402039938e+07
1.298926498084085993e+07
1.298891578999756649e+07
1.298852341466087475e+07
1.298758306521714665e+07
1.298696105237046070e+07
1.298690813404889032e+07
1.298698253909402713e+07
1.298792332814092375e+07
1.298865202974762022e+07
1.298904736700327694e+07
1.298937678584310040e+07
1.298843574680580013e+07
1.298802806898217089e+07
1.298708160943752714e+07
1.298674097378193773e+07
1.298698775366606005e+07
1.298731036779204942e+07
1.298838891174571589e+07
1.298873127420737967e+07
1.298922556554640830e+07
1.298876712811603956e+07
1.298808497122548521e+07
1.298754311483432539e+07
1.298663014810299128e+07
1.298683041154189780e+07
1.298705282461513206e+07
1.298766702212953568e+07
1.298876223916927539e+07
1.298878015174457431e+07
1.298907359253901616e+07
1.298830093656877615e+07
1.298767717091383971e+07
1.298695523674495704e+07
1.298660148557720520e+07
1.298686668208099157e+07
1.298733770121990889e+07
1.298816365611454472e+07
1.298871992927762307e+07
1.298880689990601130e+07
1.298863338837957196e+07
1.298778478241866641e+07
1.298719796299165301e+07
1.298669863885782659e+07
1.298658981218825467e+07
1.298709817264059000e+07
1.298774085883503594e+07
1.298835125374752469e+07
1.298890695659603924e+07
1.298856980789094977e+07
1.298824267024494335e+07
1.298747381918254867e+07
1.298680131041040458e+07
1.298660978020192496e+07
1.298664069734217227e+07
1.298734229834715836e+07
1.298798564098740742e+07
1.298860933344980516e+07
1.298882958026763983e+07
1.298838193797700852e+07
1.298805186139519885e+07
1.298695274812607840e+07
1.298671945901037008e+07
1.298652936565203220e+07
1.298675085166229494e+07
1.298784135715455189e+07
1.298809236324880458e+07
1.298892189364044927e+07
1.298866712954208441e+07
1.298824630529915541e+07
1.298754118556524627e+07
1.298673639338674769e+07
1.298663108363990858e+07
1.298662314177944139e+07
1.298730863322763704e+07
1.298808342942452617e+07
1.298849489242316410e+07
1.298910617503698729e+07
1.298837272570508346e+07
1.298813295118241385e+07
1.298719715718747675e+07
1.298665021426664107e+07
1.298671723627254739e+07
1.298689886776005290e+07
1.298773239620012231e+07
1.298838428451428004e+07
1.298877203802528791e+07
1.298889590652270615e+07
1.298831904707115889e+07
1.298763305134855397e+07
1.298689471381490491e+07
1.298670757729267888e+07
1.298690748028335534e+07
1.298752391577867605e+07
1.298832635215004720e+07
1.298886429325599968e+07
1.298899067644745670e+07
1.298871022968326882e+07
1.298777134434618987e+07
1.298719323618691228e+07
1.298675671150134318e+07
1.298673561343681812e+07
1.298753874316665716e+07
1.298807217052551918e+07
1.298892128204692900e+07
1.298919906228337809e+07
1.298878654843201488e+07
1.298829294634917565e+07
1.298724201070814393e+07
1.298689468677789159e+07
1.298680486677482538e+07
1.298716997891185619e+07
1.298819645823091641e+07
1.298860980140474066e+07
1.298940728096436895e+07
1.298879483127246797e+07
1.298843956443777867e+07
1.298759075139902346e+07
1.298674333466035500e+07
1.298691668976227194e+07
1.298694094898085296e+07
1.298781477464207634e+07
1.298873973650988005e+07
1.298890986923001334e+07
1.298933916689562611e+07
1.298843629181376658e+07
1.298789408500933461e+07
1.298702223875060305e+07
1.298674045230534859e+07
1.298701111415564828e+07
1.298749147544834390e+07
1.298848589102751203e+07
1.298897473539094441e+07
1.298914823763901182e+07
1.298876314438967034e+07
1.298785767823866010e+07
1.298732072328795679e+07
1.298672629807702266e+07
1.298682639342900366e+07
1.298743611930570006e+07
1.298808478643521853e+07
1.298890386771806702e+07
1.298916655312155373e+07
1.298875490608960949e+07
1.298820856826195866e+07
1.298733453958111629e+07
1.298680171396079473e+07
1.298680308050043881e+07
1.298704690976210870e+07
1.298794180480020307e+07
1.298857260741550289e+07
1.298907834034233354e+07
1.298883862828325480e+07
1.298826777936939895e+07
1.298764739801742695e+07
1.298677299962594546e+07
1.298673821830509603e+07
1.298682467491291463e+07
1.298740793549758196e+07
1.298849120165771991e+07
1.298861245429127663e+07
1.298926731009844691e+07
1.298850370022430643e+07
1.298796842340241373e+07
1.298722088683471270e+07
1.298656198812325299e+07
1.298672776087452844e+07
1.298696777257342637e+07
1.298782589111377671e+07
1.298858078239825740e+07
1.298877880231183581e+07
1.298886531972324662e+07
1.298786039582874998e+07
1.298753908648195863e+07
1.298663047877703793e+07
1.298647781977671571e+07
1.298689450030323677e+07
1.298724064168065414e+07
1.298828610073329322e+07
1.298858746574406512e+07
1.298873311948609911e+07
1.298840717630327307e+07
1.298766520740018226e+07
1.298705501159161888e+07
1.298653324908339232e+07
1.298657871291805804e+07
1.298696281091196463e+07
1.298765205319338292e+07
1.298833887906552479e+07
1.298857181518384628e+07
1.298860318319722451e+07
1.298805262037329748e+07
1.298731565406842530e+07
1.298681144638768397e+07
1.298647166863763519e+07
1.298669371334984526e+07
1.298739701755297184e+07
1.298787919823879749e+07
1.298865491298177466e+07
1.298867701112013683e+07
1.298836276426766999e+07
1.298780524071403220e+07
1.298694682831927761e+07
1.298661916705840081e+07
1.298647149314072542e+07
1.298689537905555405e+07
1.298767378703605756e+07
1.298818744348624162e+07
1.298893217896139808e+07
1.298843680416185409e+07
1.298843781049053185e+07
1.298739764112946391e+07
1.298678966257533059e+07
1.298664993731576204e+07
1.298647908301318064e+07
1.298735058767436072e+07
1.298790283570363559e+07
1.298852921170123294e+07
1.298898660149121098e+07
1.298852034648119658e+07
1.298815965290826373e+07
1.298710370312559418e+07
1.298682641121767275e+07
1.298662269480807707e+07
1.298697699604503252e+07
1.298789247718535550e+07
1.298831597666094452e+07
1.298917748293390498e+07
1.298891915895141661e+07
1.298845071302664280e+07
1.298775740778154880e+07
1.298689196435813978e+07
1.298676650736148283e+07
1.298691087109604105e+07
1.298748989475992322e+07
1.298839650245545059e+07
1.298886679784986377e+07
1.298914929833889194e+07
1.298871827023264393e+07
1.298802076395462081e+07
1.298724454756870121e+07
1.298682964262309670e+07
1.298689439315253682e+07
1.298745531555621326e+07
1.298818755073705874e+07
1.298897702928904071e+07
1.298905297351885214e+07
1.298906089440418966e+07
1.298822272106800042e+07
1.298738455771020241e+07
1.298702795329077169e+07
1.298670579149204306e+07
1.298730860454899073e+07
1.298806979869557731e+07
1.298858771890475042e+07
1.298942926102411933e+07
1.298889632663507760e+07
1.298863029883821495e+07
1.298760462849462219e+07
1.298700283409280330e+07
1.298689765266677924e+07
1.298700705978179909e+07
1.298798553853005171e+07
1.298857834150541946e+07
1.298925096498165093e+07
1.298926482072187588e+07
1.298854957922549360e+07
1.298809988260277919e+07
1.298693970312002115e+07
1.298687690241579525e+07
1.298701531595795415e+07
1.298745227853251062e+07
1.298868740046854876e+07
1.298891912484531850e+07
1.298935311220970936e+07
1.298877154416765645e+07
1.298807802708207630e+07
1.298732992200727016e+07
1.298680151789305918e+07
1.298698443194147572e+07
1.298741908492478170e+07
1.298825322447974049e+07
1.298897981850180961e+07
1.298905432190937549e+07
1.298898808077904582e+07
1.298809557845453732e+07
1.298745259996922314e+07
1.298694200202830881e+07
1.298679070527954772e+07
1.298729755060463771e+07
1.298801603038436919e+07
1.298862461152486503e+07
1.298926741992002353e+07
1.298884647397756018e+07
1.298836019901624508e+07
1.298763495669312403e+07
1.298688236093735881e+07
1.298682878303026594e+07
1.298696340943125263e+07
1.298763990681748651e+07
1.298849952234120853e+07
1.298885516890274175e+07
1.298910547320822999e+07
1.298834552236568555e+07
1.298794079130684212e+07
1.298694278652783297e+07
1.298664625521491654e+07
1.298680794723119214e+07
1.298703513091723993e+07
1.298821911637206376e+07
1.298856265890450031e+07
1.298899365049945936e+07
1.298879180877493881e+07
1.298793207461115904e+07
1.298743099522232451e+07
1.298662087046206370e+07
1.298661622411325760e+07
1.298690503942330554e+07
1.298746768285295926e+07
1.298843882323817350e+07
1.298857007619633712e+07
1.298898859931933694e+07
1.298817095943718217e+07
1.298771959630821273e+07
1.298702644201057404e+07
1.298645198665318079e+07
1.298674919550378807e+07
1.298704461226533353e+07
1.298780810886199027e+07
1.298855083165721409e+07
1.298862095270526595e+07
1.298865634265795536e+07
1.298799165761341341e+07
1.298735244773910753e+07
1.298669722632277384e+07
1.298651197787856869e+07
1.298676107499611378e+07
1.298735746777812764e+07
1.298807689590233006e+07
1.298860853149527684e+07
1.298865538530555926e+07
1.298844241092037037e+07
1.298762044432159886e+07
1.298701956924886256e+07
1.298662937882369012e+07
1.298651161661732197e+07
1.298717279402170144e+07
1.298774905535144173e+07
1.298838078615552559e+07
1.298888084841345623e+07
1.298847879735687375e+07
1.298820503112244606e+07
1.298725721041717939e+07
1.298679188022000715e+07
1.298655601014567912e+07
1.298670294888006523e+07
1.298753160121901147e+07
1.298796851879313029e+07
1.298890069404242001e+07
1.298876147029656544e+07
1.298854157566032745e+07
1.298794626285937987e+07
1.298689361811153963e+07
1.298678707589298114e+07
1.298652707514177822e+07
1.298705252567132749e+07
1.298799773297035322e+07
1.298833219156163745e+07
1.298916326585340314e+07
1.298872147802630626e+07
1.298843542651812732e+07
1.298740944074496813e+07
1.298687189940173179e+07
1.298672761691575311e+07
1.298682451155352965e+07
1.298771039413514175e+07
1.298832193319055066e+07
1.298893208494932018e+07
1.298918969443276897e+07
1.298846648870405927e+07
1.298798747079325281e+07
1.298710904479962401e+07
1.298674809583066963e+07
1.298691407013189234e+07
1.298736073311180249e+07
1.298818399352504313e+07
1.298885209972933866e+07
1.298904615764569677e+07
1.298891447497579269e+07
1.298817771711477451e+07
1.298741247977462970e+07
1.298690324637874775e+07
1.298679536452855729e+07
1.298730006385263056e+07
1.298796908099715598e+07
1.298881583247249946e+07
1.298913634101184271e+07
1.298896183485935628e+07
1.298852887351842411e+07
1.298740675073617510e+07
1.298705123950778879e+07
1.298672232303719968e+07
1.298696271939386614e+07
1.298800564444518834e+07
1.298835457828194089e+07
1.298932641244886629e+07
1.298908058504840732e+07
1.298867176024338603e+07
1.298787442307523824e+07
1.298696839656692371e+07
1.298684918534778059e+07
1.298685892761375383e+07
1.298759555391339399e+07
1.298851154492391460e+07
1.298891420165027864e+07
1.298945633630793169e+07
1.298853003148283064e+07
1.298823040132448636e+07
1.298719609821596183e+07
1.298671619907778688e+07
1.298695684974794649e+07
1.298716824175330065e+07
1.298822264104168676e+07
1.298882934779488482e+07
1.298905756900369562e+07
1.298902626487751678e+07
1.298819774319067225e+07
1.298754289370303601e+07
1.298685838770926930e+07
1.298682908726100624e+07
1.298719817098020948e+07
1.298790003279628046e+07
1.298874072264941595e+07
1.298903498297040351e+07
1.298898719990135357e+07
1.298840673227601871e+07
1.298754835587793402e+07
1.298701498246351629e+07
1.298672281509152800e+07
1.298695197554568015e+07
1.298776355251953006e+07
1.298834299273498170e+07
1.298905593402370811e+07
1.298905210898296535e+07
1.298842760102977976e+07
1.298789226467970572e+07
1.298694511643706635e+07
1.298669228243621625e+07
1.298681199698496424e+07
1.298719144792842306e+07
1.298823663028352335e+07
1.298859524164560251e+07
1.298909395896966942e+07
1.298843296794265322e+07
1.298800225845369883e+07
1.298721797701479681e+07
1.298650214863286726e+07
1.298673117406655103e+07
1.298681885642741807e+07
1.298769967129448429e+07
1.298853057811634243e+07
1.298862449229922704e+07
1.298905986866639368e+07
1.298812626109376550e+07
1.298770624370773509e+07
1.298683370521908440e+07
1.298651585449628718e+07
1.298670014964635856e+07
1.298705099441156164e+07
1.298802963101119548e+07
1.298842918824431859e+07
1.298881477609823272e+07
1.298852426066586375e+07
1.298775178563447297e+07
1.298727614867840707e+07
1.298650218127280287e+07
1.298652380757440068e+07
1.298690741563084163e+07
1.298744482950787991e+07
1.298832762827845104e+07
1.298860234156424366e+07
1.298863720790856704e+07
1.298817913345429301e+07
1.298748000211645104e+07
1.298683197311770171e+07
1.298651436299142055e+07
1.298661908163520321e+07
1.298719403463285789e+07
1.298786320519012958e+07
1.298852014525090717e+07
1.298862249738072418e+07
1.298853977278954163e+07
1.298795754485668987e+07
1.298712213101711869e+07
1.298678005690800957e+07
1.298645688285596855e+07
1.298686570064098760e+07
1.298764134097158723e+07
1.298803476499952003e+07
1.298896031375479884e+07
1.298865708543935418e+07
1.298848431106427498e+07
1.298763064879735000e+07
1.298690746058124490e+07
1.298665128222789988e+07
1.298656819990269095e+07
1.298732537176276743e+07
1.298795660911753960e+07
1.298865694812402874e+07
1.298911180370881967e+07
1.298851098998346366e+07
1.298832774856011942e+07
1.298708950003091246e+07
1.298675783509336039e+07
1.298666481425221451e+07
1.298679191768923961e+07
1.298783766565981321e+07
1.298825353746609204e+07
1.298897952854432724e+07
1.298891873079288565e+07
1.298845644640226476e+07
1.298775010838735662e+07
1.298693650674933381e+07
1.298679637853170745e+07
1.298680202160652168e+07
1.298748264938528463e+07
1.298830060275396518e+07
1.298873051315634698e+07
1.298925002850660868e+07
1.298868233963115700e+07
1.298805540395119227e+07
1.298732684570637532e+07
1.298675464187660068e+07
1.298684438927849941e+07
1.298732615814068727e+07
1.298796830979792215e+07
1.298886848209317774e+07
1.298902786964382231e+07
1.298890472489837557e+07
1.298826017856997624e+07
1.298738259101313539e+07
1.298693329316408932e+07
1.298674825880179554e+07
1.298716683884696662e+07
1.298800778229007870e+07
1.298860658478310518e+07
1.298925883753383905e+07
1.298879072502852790e+07
1.298857588611152954e+07
1.298746899568875507e+07
1.298688400592766330e+07
1.298685794470914640e+07
1.298683129706900008e+07
1.298788804585337639e+07
1.298849892137681134e+07
1.298899187724135444e+07
1.298925539705462381e+07
1.298840360074485280e+07
1.298797279060664959e+07
1.298699656757720374e+07
1.298677066212658212e+07
1.298693273126641475e+07
1.298737054084843397e+07
1.298844921848943271e+07
1.298873553117184341e+07
1.298929589011807553e+07
1.298869377682742476e+07
1.298808960718471184e+07
1.298744256274098344e+07
1.298665003020559065e+07
1.298686644328577071e+07
1.298716864538486488e+07
1.298785840341506340e+07
1.298883166288908757e+07
1.298891155470834859e+07
1.298896019051140361e+07
1.298821560842892341e+07
1.298751144260591269e+07
1.298686307726528868e+07
1.298666706613212824e+07
1.298697624434734136e+07
1.298764996170683578e+07
1.298839173225074634e+07
1.298891585926359519e+07
1.298880720865599997e+07
1.298846985653762147e+07
1.298763372108123451e+07
1.298697560545939952e+07
1.298671486137153395e+07
1.298670002054053359e+07
1.298737820510803163e+07
1.298813632861899771e+07
1.298856384742146172e+07
1.298909366029097512e+07
1.298839945899418741e+07
1.298803557648546621e+07
1.298717445863498375e+07
1.298662223427618667e+07
1.298665171838464215e+07
1.298680475179382600e+07
1.298770327475897036e+07
1.298823650744966045e+07
1.298879533415528014e+07
1.298874555269308761e+07
1.298811849341698363e+07
1.298771418158046529e+07
1.298665336946974695e+07
1.298661735091450810e+07
1.298663592221594602e+07
1.298702769838432223e+07
1.298818019229808636e+07
1.298832509064950980e+07
1.298896784930186905e+07
1.298846545628547110e+07
1.298798951140816323e+07
1.298720789244811609e+07
1.298658682181941345e+07
1.298661374052022770e+07
1.298677245358496532e+07
1.298757546024747565e+07
1.298825673099842854e+07
1.298861012182294019e+07
1.298890709460431710e+07
1.298815468969745189e+07
1.298773071639105119e+07
1.298695167823407426e+07
1.298653606351221167e+07
1.298672572290621139e+07
1.298713711177326366e+07
1.298788275184710883e+07
1.298854600361756049e+07
1.298867505254296400e+07
1.298856942483058758e+07
1.298795376795211993e+07
1.298720708829878084e+07
1.298670228205526806e+07
1.298656627546405792e+07
1.298696603126982041e+07
1.298763148271937110e+07
1.298834713394446485e+07
1.298886986744266748e+07
1.298875238862974942e+07
1.298854318381560966e+07
1.298746805149259418e+07
1.298700479885491915e+07
1.298660419380440004e+07
1.298658993761182390e+07
1.298751008838850446e+07
1.298792069922205061e+07
1.298882741103039496e+07
1.298898425633629784e+07
1.298869237416302040e+07
1.298812438457744569e+07
1.298712834704721346e+07
1.298684064233300462e+07
1.298658987518068776e+07
1.298707344216371141e+07
1.298791522973558865e+07
1.298837401470045187e+07
1.298933995130709745e+07
1.298876361177252792e+07
1.298861676687607542e+07
1.298764512897560745e+07
1.298686896468523517e+07
1.298681686882790178e+07
1.298676005479511246e+07
1.298758096626164578e+07
1.298834453455342166e+07
1.298881616839521006e+07
1.298923730761430226e+07
1.298866855883669294e+07
1.298811405115359835e+07
1.298714058854457363e+07
1.298684240042972937e+07
1.298684588585671224e+07
1.298730886141601019e+07
1.298822796333827078e+07
1.298880353154227324e+07
1.298915312412604690e+07
1.298893282336966321e+07
1.298807226912250184e+07
1.298742174301552027e+07
1.298684366988107190e+07
1.298675130944518931e+07
1.298734798475395143e+07
1.298797375269896351e+07
1.298878689854449593e+07
1.298923777650956064e+07
1.298887934702160954e+07
1.298846188030010648e+07
1.298746246908696182e+07
1.298694442478240095e+07
1.298683787570087425e+07
1.298704739341837540e+07
1.298803159763035364e+07
1.298856219430075027e+07
1.298930830102358013e+07
1.298895970812343247e+07
1.298850202799183130e+07
1.298780626326284371e+07
1.298682252990498953e+07
1.298689181208937615e+07
1.298688662746849470e+07
1.298758235026110895e+07
1.298867528944981284e+07
1.298882252845410816e+07
1.298947392489199713e+07
1.298861737683193944e+07
1.298809959860936739e+07
1.298721873364407755e+07
1.298671080846804753e+07
1.298693027878291160e+07
1.298726840585672483e+07
1.298827007913917117e+07
1.298892330343639106e+07
1.298915513951784931e+07
1.298903759678597189e+07
1.298803396207199991e+07
1.298758413698838837e+07
1.298677903432580829e+07
1.298674180600051954e+07
1.298724661943172105e+07
1.298778084855097160e+07
1.298875993822602741e+07
1.298908796099076979e+07
1.298891253061531670e+07
1.298842505006251112e+07
1.298759741209302656e+07
1.298696394118348695e+07
1.298674036987782829e+07
1.298692682203267142e+07
1.298761195334971510e+07
1.298835278714756668e+07
1.298892092034281790e+07
1.298892015378284268e+07
1.298847723865576275e+07
1.298787069569066353e+07
1.298701284434776939e+07
1.298675928890008666e+07
1.298676172086011805e+07
1.298719659871159494e+07
1.298822565681819804e+07
1.298850204252035357e+07
1.298918792986688204e+07
1.298871559648744017e+07
1.298810662152590416e+07
1.298746343096481450e+07
1.298664131793427095e+07
1.298666710769701377e+07
1.298685110625921749e+07
1.298752200735310651e+07
1.298845044946346618e+07
1.298867535113124736e+07
1.298903019728969038e+07
1.298809204385156371e+07
1.298780881320677139e+07
1.298684884383451939e+07
1.298648549237933382e+07
1.298682400629034452e+07
1.298701307672419026e+07
1.298809487842969596e+07
1.298855005538908951e+07
1.298877305175521970e+07
1.298871752916071191e+07
1.298790284629731812e+07
1.298737498899358325e+07
1.298665116242743097e+07
1.298660526761090755e+07
1.298688064267784357e+07
1.298746849223584123e+07
1.298829853358217143e+07
1.298855986122695729e+07
1.298880820007448085e+07
1.298826625432114676e+07
1.298760357010653429e+07
1.298702155651651509e+07
1.298652408401481807e+07
1.298665604922054335e+07
1.298718507881158404e+07
1.298775754587354884e+07
1.298852379873446748e+07
1.298872876720169187e+07
1.298853585236196406e+07
1.298805634910606779e+07
1.298723795528759621e+07
1.298676284376817010e+07
1.298655715080711059e+07
1.298680753158914484e+07
1.298755977487740666e+07
1.298810874738038145e+07
1.298886260973763838e+07
1.298861292556177452e+07
1.298859192302452214e+07
1.298773246973155811e+07
1.298698791504440643e+07
1.298678245588964783e+07
1.298649937599248439e+07
1.298720772005350143e+07
1.298787209154956974e+07
1.298836596412339620e+07
1.298909609819614328e+07
1.298862179569494911e+07
1.298843421016770415e+07
1.298737502575188316e+07
1.298694794739881530e+07
1.298665300926780142e+07
1.298678566871181130e+07
1.298767919447197765e+07
1.298811658287349902e+07
1.298906302413490415e+07
1.298907658261536807e+07
1.298866918920771964e+07
1.298815305403633788e+07
1.298707579872106388e+07
1.298685729192218743e+07
1.298677930137617514e+07
1.298720971759923734e+07
1.298813724698577076e+07
1.298861034203063138e+07
1.298917831860324368e+07
1.298886799795909598e+07
1.298839704146246612e+07
1.298752718181815557e+07
1.298696886855712347e+07
1.298687782470646873e+07
1.298714187676168047e+07
1.298790330091286823e+07
1.298866375072619505e+07
1.298905287256768718e+07
1.298932705801461637e+07
1.298865677946851589e+07
1.298787751052942872e+07
1.298728326227532513e+07
1.298679195672165789e+07
1.298707734755505435e+07
1.298771148352213390e+07
1.298829030364867486e+07
1.298927414091338962e+07
1.298913243869032525e+07
1.298901553622526862e+07
1.298811870231779106e+07
1.298735230146637745e+07
1.298700544170234539e+07
1.298687455011850409e+07
1.298759980584074743e+07
1.298828450176761672e+07
1.298905004970089532e+07
1.298951473015267216e+07
1.298898375976769440e+07
1.298870585129780695e+07
1.298739029881319404e+07
1.298706607470785454e+07
1.298694906390524283e+07
1.298712373720706627e+07
1.298832741544349119e+07
1.298871243995718844e+07
1.298940821405935846e+07
1.298916020096276887e+07
1.298853205082096532e+07
1.298781071273357794e+07
1.298698786297515221e+07
1.298699135982673243e+07
1.298718989026314765e+07
1.298793820803838409e+07
1.298886417470584437e+07
1.298910604002588056e+07
1.298943850271957740e+07
1.298854149135822058e+07
1.298794120076124743e+07
1.298724486325062998e+07
1.298684641316506267e+07
1.298725369892681763e+07
1.298781561805177853e+07
1.298859931868262589e+07
1.298937425300887972e+07
1.298919854400554858e+07
1.298885089975084923e+07
1.298808476538121887e+07
1.298727126784759760e+07
1.298695749473123066e+07
1.298701890842049383e+07
1.298756173108752444e+07
1.298847691430249065e+07
1.298901008915183134e+07
1.298941188359114155e+07
1.298885034996616654e+07
1.298836182711036876e+07
1.298738667994588241e+07
1.298689857516350970e+07
1.298699853886895813e+07
1.298721657930201478e+07
1.298832354296500981e+07
1.298894653486135043e+07
1.298933846878410503e+07
1.298939948142463714e+07
1.298836062572515383e+07
1.298789256209066324e+07
1.298697193903379887e+07
1.298681943186748028e+07
1.298723292605057359e+07
1.298766962295403518e+07
1.298882917803503945e+07
1.298904043199464120e+07
1.298944999833353050e+07
1.298869062388962880e+07
1.298800542800264619e+07
1.298738485595535487e+07
1.298666297458208911e+07
1.298705450563238934e+07
1.298740574442050606e+07
1.298818673641339689e+07
1.298920224580170959e+07
1.298910291390882805e+07
1.298920847835929133e+07
1.298830386355680972e+07
1.298763047352442332e+07
1.298698318495361321e+07
1.298681181934678182e+07
1.298723249553410709e+07
1.298788037866644002e+07
1.298869708949790150e+07
1.298916971361716278e+07
1.298903693058142625e+07
1.298857914739982598e+07
1.298767258627958596e+07
1.298710442930776998e+07
1.298680460407730006e+07
1.298694023977046832e+07
1.298766538486941345e+07
1.298840444040381722e+07
1.298896273708862439e+07
1.298929481917255558e+07
1.298858886107508279e+07
1.298810391305211559e+07
1.298726230540958978e+07
1.298674332687137835e+07
1.298689059308767319e+07
1.298710499016591720e+07
1.298805869485556893e+07
1.298862045451287180e+07
1.298903717182257213e+07
1.298884917281483300e+07
1.298811179095410183e+07
1.298762548582609557e+07
1.298668672458641604e+07
1.298671715495988168e+07
1.298687819537853077e+07
1.298735628386668861e+07
1.298853218852854706e+07
1.298856803501649387e+07
1.298915020189320482e+07
1.298848074392311648e+07
1.298784885315926932e+07
1.298716693073960021e+07
1.298653231374028884e+07
1.298669238225187361e+07
1.298698863532231189e+07
1.298779103312790766e+07
1.298852327087123320e+07
1.298870658825036883e+07
1.298884354297287390e+07
1.298791056029761396e+07
1.298753063699788414e+07
1.298674632946872152e+07
1.298649031697743200e+07
1.298686356759124435e+07
1.298726533814978972e+07
1.298812116806434654e+07
1.298858477775288187e+07
1.298863362651506811e+07
1.298840220630783588e+07
1.298771729808734357e+07
1.298705234292458557e+07
1.298658620655050129e+07
1.298655507183811814e+07
1.298696316878524609e+07
1.298762759988388419e+07
1.298829605180819705e+07
1.298865482973406650e+07
1.298855180266140774e+07
1.298819992886781506e+07
1.298730007892576046e+07
1.298683518711940013e+07
1.298649694464867376e+07
1.298658713997324370e+07
1.298742375586054474e+07
1.298783251167897508e+07
1.298866732202649862e+07
1.298876125443036109e+07
1.298840813211053237e+07
1.298789352207016014e+07
1.298695703308464959e+07
1.298666649642522633e+07
1.298649522675777040e+07
1.298692141664642654e+07
1.298773630366309732e+07
