1.298929439625141211e+07
1.298850678265535831e+07
1.298863170419062860e+07
1.298962016370796785e+07
1.299144867090076581e+07
1.299200800587054901e+07
1.299210708866055869e+07
1.299061333883880265e+07
1.298925957531194016e+07
1.298855692996506952e+07
1.298853598670354672e+07
1.298977453606850654e+07
1.299130327596575581e+07
1.299210909217824787e+07
1.299241477865772136e+07
1.299053475337525643e+07
1.298951494971622154e+07
1.298826380614568479e+07
1.298829616210866347e+07
1.298955847150494531e+07
1.299054151240686513e+07
1.299272785434625484e+07
1.299215876649477892e+07
1.299080659963946603e+07
1.298958894524103962e+07
1.298818607946764305e+07
1.298865195564436726e+07
1.298963571973672882e+07
1.299088934483448043e+07
1.299311398040092550e+07
1.299171284681592695e+07
1.299080679025241733e+07
1.298924217278670706e+07
1.298834700340703875e+07
1.298896552897281386e+07
1.298996423354855552e+07
1.299148843194444105e+07
1.299270956834678724e+07
1.299143734369396418e+07
1.299025028102723882e+07
1.298896275941854715e+07
1.298846385001227260e+07
1.298928472375118919e+07
1.299063771090520918e+07
1.299182912673958950e+07
1.299263864814061113e+07
1.299094618922246806e+07
1.298973451395913586e+07
1.298869999449851923e+07
1.298828687218953483e+07
1.298952444351790659e+07
1.299071217320130393e+07
1.299207557439251803e+07
1.299276220192055590e+07
1.299083133318048157e+07
1.298983761058239825e+07
1.298840954492463730e+07
1.298823833609646931e+07
1.298942653198321536e+07
1.299033733109169267e+07
1.299244726142694429e+07
1.299231118661297671e+07
1.299146256265760586e+07
1.298993216492407024e+07
1.298846035901323333e+07
1.298849054862608761e+07
1.298914888353127427e+07
1.299043096800916456e+07
1.299237278823172115e+07
1.299214543877337687e+07
1.299180605604071915e+07
1.298965139063359611e+07
1.298867740859558806e+07
1.298865772853766568e+07
1.298939799509266205e+07
1.299107164072415233e+07
1.299242410057495534e+07
1.299238018553435244e+07
1.299111409985364787e+07
1.298927202894708700e+07
1.298866302675112523e+07
1.298901798924092576e+07
1.299031277855644748e+07
1.299187921762033552e+07
1.299285376906499825e+07
1.299161675434488617e+07
1.299004606341061369e+07
1.298880141714618169e+07
1.298865267595268786e+07
1.298991200979867205e+07
1.299138626466896385e+07
1.299278267130349763e+07
1.299243625726758130e+07
1.299016690956624784e+07
1.298908706750396825e+07
1.298862930219783448e+07
1.298935036522500031e+07
1.299165445745609701e+07
1.299243145703322813e+07
1.299294289025011845e+07
1.299069346636688709e+07
1.298893108577810228e+07
1.298872625087663159e+07
1.298929183572211675e+07
1.299095436512787640e+07
1.299345921186698042e+07
1.299238611297602952e+07
1.299120547322783619e+07
1.298917114187807031e+07
1.298862654705066793e+07
1.298968490100747533e+07
1.299137605939958617e+07
1.299296880096255615e+07
1.299233175723870285e+07
1.298991119295136072e+07
1.298879168577006832e+07
1.298906079151340574e+07
1.299026741050275788e+07
1.299236041546494141e+07
1.299333858082411438e+07
1.299135376519870199e+07
1.298978040338857472e+07
1.298881703567608260e+07
1.298928874033748545e+07
1.299181911061635613e+07
1.299305795832003653e+07
1.299185208824054897e+07
1.299017306433519162e+07
1.298855405014094152e+07
1.298883820061683655e+07
1.299038599894853681e+07
1.299174312639874406e+07
1.299390162172954343e+07
1.299135132100542448e+07
1.298958075645541959e+07
1.298877159760048799e+07
1.298871910606701858e+07
1.299037680175148509e+07
1.299261009937884659e+07
1.299255963798715174e+07
1.299179793030303530e+07
1.298940271237169392e+07
1.298870000434326567e+07
1.298934549600392580e+07
1.299069880479094014e+07
1.299288936907993071e+07
1.299272925273902901e+07
1.299054499179600738e+07
1.298915910620489344e+07
1.298864579944350384e+07
1.298934703366349079e+07
1.299133883444157988e+07
1.299302607942557707e+07
1.299209034954275750e+07
1.299028135214522667e+07
1.298891087858421355e+07
1.298924750041976385e+07
1.299152280440639704e+07
1.299277291009266488e+07
1.299275945460214838e+07
1.299084245813568123e+07
1.298885940785750002e+07
1.298883579745533876e+07
1.298982267217304558e+07
1.299142957614274696e+07
1.299419637071261927e+07
1.299180987527496181e+07
1.299028283112863824e+07
1.298892484322649240e+07
1.298852040313255973e+07
1.299011297012167424e+07
1.299204968848049827e+07
1.299281410942474380e+07
1.299243009329084493e+07
1.298979181107803062e+07
1.298890916534285806e+07
1.298870297011130862e+07
1.298953617142504640e+07
1.299170212021154910e+07
1.299257666539807804e+07
1.299210757553000189e+07
1.299048628346535005e+07
1.298892349710772932e+07
1.298869306588184088e+07
1.298941752412531711e+07
1.299092126234158501e+07
1.299250803412861936e+07
1.299234810743942857e+07
1.299098748894635774e+07
1.298947260698518716e+07
1.298867246345072985e+07
1.298891213094851933e+07
1.299041769577014633e+07
1.299177351671423204e+07
1.299278930076362751e+07
1.299172666337367520e+07
1.299004886869342625e+07
1.298896231042778306e+07
1.298845671303108148e+07
1.298925583767319471e+07
1.299109116769605502e+07
1.299200940612959675e+07
1.299313157407756336e+07
1.299106942139065452e+07
1.298993231062971242e+07
1.298863719018681161e+07
1.298817236915867403e+07
1.298937379158974998e+07
1.299055441688864119e+07
1.299230201457657106e+07
1.299306583676492423e+07
1.299126054608428665e+07
1.299038085145941190e+07
1.298859290674608760e+07
1.298851684098951146e+07
1.298958030887930468e+07
1.299060804583703727e+07
1.299290111623381265e+07
1.299257258777513169e+07
1.299138099695004337e+07
1.298999271265237592e+07
1.298866721453589760e+07
1.298904594252034090e+07
1.299022866188086011e+07
1.299162083662930317e+07
1.299325349360394105e+07
1.299210598144863173e+07
1.299046861190476827e+07
1.298928824980468862e+07
1.298889581176432967e+07
1.298987191022990085e+07
1.299184868218114227e+07
1.299281110310339928e+07
1.299288703671815060e+07
1.299072594118649513e+07
1.298910106317249686e+07
1.298908340405690670e+07
1.298984121914030239e+07
1.299169893452301435e+07
1.299411113978880271e+07
1.299229998608223908e+07
1.299101131214720756e+07
1.298915949511222541e+07
1.298883369393999688e+07
1.299055778552787565e+07
1.299226995188708790e+07
1.299362894889773056e+07
1.299272065002881177e+07
1.299008647415291332e+07
1.298924500002538599e+07
1.298916370054933242e+07
1.299029481555171683e+07
1.299281293631673045e+07
1.299319324789506756e+07
1.299259239256947674e+07
1.299051931351405568e+07
1.298914089510634542e+07
1.298933069518428296e+07
1.299062120991213620e+07
1.299249429993991368e+07
1.299355036262816563e+07
1.299202773499671742e+07
1.299033342346510477e+07
1.298919628539577499e+07
1.298921841417352669e+07
1.299029370481161959e+07
1.299262452400832251e+07
1.299307933042861521e+07
1.299202740434522368e+07
1.299032153222893737e+07
1.298894077619077824e+07
1.298913969756440632e+07
1.299005269942922890e+07
1.299157986386667192e+07
1.299378950042748265e+07
1.299207528842645697e+07
1.299095426731979102e+07
1.298934870449355803e+07
1.298867493889111653e+07
1.298976323318418115e+07
1.299083061495240591e+07
1.299283655347433127e+07
1.299341603639231063e+07
1.299161855192017742e+07
1.299043207553046942e+07
1.298891534990968928e+07
1.298894637087766826e+07
1.299015040781778842e+07
1.299135761120753363e+07
1.299339824950069375e+07
1.299269807638092339e+07
1.299164150324956886e+07
1.298996038181871176e+07
1.298894030426934361e+07
1.298928021221065335e+07
1.299041508222256042e+07
1.299198829853280261e+07
1.299325370451963507e+07
1.299250467921412736e+07
1.299125677489819378e+07
1.298961681272606738e+07
1.298903266064638644e+07
1.298952339542636089e+07
1.299100154056680016e+07
1.299236399327961169e+07
1.299331234729459696e+07
1.299218394712484069e+07
1.299061781061233580e+07
1.298935444226854295e+07
1.298901769671830721e+07
1.299004818421374075e+07
1.299171188919101469e+07
1.299286970359444804e+07
1.299341776951431856e+07
1.299126771152384393e+07
1.298997588274437375e+07
1.298899041748866625e+07
1.298916272550475039e+07
1.299091303992378898e+07
1.299218137730902061e+07
1.299367189173932001e+07
1.299241263595990278e+07
1.299017445989028178e+07
1.298934601229557395e+07
1.298902129538449086e+07
1.299012583058520220e+07
1.299237753886520490e+07
1.299296286786231212e+07
1.299307639462091215e+07
1.299055307811996341e+07
1.298921319475811161e+07
1.298946494294073246e+07
1.299067355990047939e+07
1.299266003486788273e+07
1.299385550838498771e+07
1.299215057558023371e+07
1.299042431399748288e+07
1.298928599733368680e+07
1.298951162901734933e+07
1.299101202482461929e+07
1.299335003295901418e+07
1.299296334245577268e+07
1.299134448950122297e+07
1.298976739094891399e+07
1.298920544107723236e+07
1.299071060451113991e+07
1.299250054642060027e+07
1.299322642399915121e+07
1.299276645499417558e+07
1.299007932603116520e+07
1.298928600290544704e+07
1.298928106732029654e+07
1.299005223606911302e+07
1.299300301734800637e+07
1.299310406484231539e+07
1.299205458755556308e+07
1.299050558061283454e+07
1.298882011747264303e+07
1.298923885455944017e+07
1.299030476471772417e+07
1.299178200976669043e+07
1.299434618011590280e+07
1.299184516587261856e+07
1.299054064134431444e+07
1.298925823357442021e+07
1.298887578628104739e+07
1.299027352173030004e+07
1.299185322128220834e+07
1.299315271115338989e+07
1.299267268214222416e+07
1.299027838348540105e+07
1.298931655691435561e+07
1.298912711876228824e+07
1.299006855866492167e+07
1.299191188059629500e+07
1.299332374253210798e+07
1.299250378826480545e+07
1.299069747117257491e+07
1.298937177790095843e+07
1.298923445247781835e+07
1.299056238152523711e+07
1.299234832007035054e+07
1.299323993505927175e+07
1.299264358325814083e+07
1.299025471767435595e+07
1.298922602226109058e+07
1.298934192253970727e+07
1.299023050313033164e+07
1.299304157377050072e+07
1.299348115155617706e+07
1.299218244282554649e+07
1.299034314398689382e+07
1.298880552402242087e+07
1.298945502190428786e+07
1.299143631249132007e+07
1.299260042819590122e+07
1.299430622019635141e+07
1.299116157535424642e+07
1.298949362842967920e+07
1.298928655693868175e+07
1.298981421535880119e+07
1.299215921531425044e+07
1.299386612531273067e+07
1.299227868879818730e+07
1.299096849942705967e+07
1.298923917046988942e+07
1.298921856838332303e+07
1.299081020926774479e+07
1.299260608415439725e+07
1.299306245201964676e+07
1.299128405840119906e+07
1.298951124561621994e+07
1.298905997613368370e+07
1.298999613234087080e+07
1.299159097094604559e+07
1.299330859431836009e+07
1.299294459715771861e+07
1.299054406412868015e+07
1.298940561797657050e+07
1.298925444957298972e+07
1.299014072856476344e+07
1.299298343319592811e+07
1.299329602155017294e+07
1.299197362172015570e+07
1.299011844737878069e+07
1.298874861564683542e+07
1.298962020869703963e+07
1.299161712122310139e+07
1.299275653168257140e+07
1.299407116223203391e+07
1.299058344355523027e+07
1.298922466428940743e+07
1.298966182000341453e+07
1.299071003457497805e+07
1.299348966950012557e+07
1.299358889773870073e+07
1.299101476619699597e+07
1.298980411993466318e+07
1.298892196161211841e+07
1.298973537612974271e+07
1.299185998019492440e+07
1.299325370925160684e+07
1.299251238559271395e+07
1.299049517498296686e+07
1.298938124710598402e+07
1.298960088599955104e+07
1.299147241663391702e+07
1.299329010029855743e+07
1.299258471572619490e+07
1.299088232157423347e+07
1.298907732783229463e+07
1.298914947493032739e+07
1.299083997076952644e+07
1.299199272081894614e+07
1.299472035416240618e+07
1.299200077162359469e+07
1.298975104216461629e+07
1.298949040344222263e+07
1.298988698647644371e+07
1.299229886106839776e+07
1.299503944136694819e+07
1.299197404590335488e+07
1.299070489490639605e+07
1.298913127479892038e+07
1.298929892873997241e+07
1.299155574207988940e+07
1.299320633399025723e+07
1.299314913943692669e+07
1.299124675017634593e+07
1.298950296217313223e+07
1.298958037397724204e+07
1.299120060255475529e+07
1.299318713561220653e+07
1.299299451982267946e+07
1.299090903790582530e+07
1.298953375495686382e+07
1.299017557024507225e+07
1.299261663455063105e+07
1.299387164100931212e+07
1.299228346608364955e+07
1.299036923027067259e+07
1.298958106131504662e+07
1.299057993846016563e+07
1.299372276092055440e+07
1.299314233341554366e+07
1.299107144720036164e+07
1.298981185189053230e+07
1.298936840769060887e+07
1.299153941929731704e+07
1.299420025272109360e+07
1.299301448451539502e+07
1.299191497558848001e+07
1.298953274574026838e+07
1.298969689767928980e+07
1.299234338836149685e+07
1.299404422676129639e+07
1.299288548397923820e+07
1.299088599784716032e+07
1.299023106479829922e+07
1.299154828875049576e+07
1.299484998666357808e+07
1.299365621807651967e+07
1.299118038038886897e+07
1.299016387233545445e+07
1.299117823328932934e+07
1.299352615770681389e+07
1.299328026143862121e+07
1.299114559030901827e+07
1.298935975935188681e+07
1.298969496024201438e+07
1.299149541539230384e+07
1.299278992363904603e+07
1.299466663496155292e+07
1.299111179390493222e+07
1.298946550181117840e+07
1.299006699648179673e+07
1.299146490626955964e+07
1.299419129551208392e+07
1.299436493215842359e+07
1.299087317104401812e+07
1.298977559685170464e+07
1.299010728647061996e+07
1.299157497961788252e+07
1.299444685890656896e+07
1.299277302221849747e+07
1.299005512874148972e+07
1.298973529481999017e+07
1.299055605630913749e+07
1.299228860178969800e+07
1.299424423218018189e+07
1.299204817719313316e+07
1.299022206673776917e+07
1.298936347957894765e+07
1.298975444647500291e+07
1.299147160277864709e+07
1.299368545659124479e+07
1.299345755156305060e+07
1.299123040817533433e+07
1.298987334924288094e+07
1.298995406597810611e+07
1.299159362336618267e+07
1.299503859436488152e+07
1.299249492109462991e+07
1.299052093294385262e+07
1.299016069674426131e+07
1.299080070282346942e+07
1.299422012371614948e+07
1.299526643735297211e+07
1.299133104739347287e+07
1.299020167244395800e+07
1.299129910351372324e+07
1.299325818625856750e+07
1.299436100946638733e+07
1.299187799118593894e+07
1.299077724158098921e+07
1.299310359792520106e+07
1.299530746125189215e+07
1.299279804054718278e+07
1.299065319431107119e+07
1.299008940024151467e+07
1.299101671729583852e+07
1.299292409520042501e+07
1.299472524490203150e+07
1.299236633355702646e+07
1.299039981755087338e+07
1.299006732632990181e+07
1.299101360179430246e+07
1.299329288209078461e+07
1.299557305329182185e+07
1.299240481607788056e+07
1.299045550838174857e+07
1.299104016198575497e+07
1.299278548949675635e+07
1.299479556905649975e+07
1.299350269326162897e+07
1.299061773764449917e+07
1.299128086403355561e+07
1.299459050346973725e+07
1.299535116125956178e+07
1.299282650679758005e+07
1.299120094118437357e+07
1.299113028444395401e+07
1.299338772283341736e+07
1.299473228196535632e+07
1.299156097822288610e+07
1.299014948432979546e+07
1.299043495026473701e+07
1.299238436597323231e+07
1.299401598689649254e+07
1.299317636496417969e+07
1.299111757829795778e+07
1.298964278806545585e+07
1.299001509544862993e+07
1.299135218694668077e+07
1.299304600015005469e+07
1.299476516622561589e+07
1.299182951978379302e+07
1.299041195794286393e+07
1.298980904409654997e+07
1.299003938480981439e+07
1.299268629670981504e+07
1.299404203206893988e+07
1.299283486572924815e+07
1.299140145570352115e+07
1.298942192083335109e+07
1.298971515104100294e+07
1.299124665320469625e+07
1.299261848017016426e+07
1.299470658466836065e+07
1.299191497889073938e+07
1.299002680034211650e+07
1.298969948486637138e+07
1.299038315705510229e+07
1.299236585109211691e+07
1.299443098942639492e+07
1.299324743436449952e+07
1.299150790816427022e+07
1.298987980493935756e+07
1.298979088299607299e+07
1.299125678059285507e+07
1.299376934123003110e+07
1.299351244877000898e+07
1.299158705733931251e+07
1.299023485981632583e+07
1.299017439556172676e+07
1.299224830479475670e+07
1.299469732789103873e+07
1.299281883444555476e+07
1.299084720931426995e+07
1.299035007355062477e+07
1.299130047303927876e+07
1.299462855444825441e+07
1.299535027338676713e+07
1.299137266457757354e+07
1.299053785858209617e+07
1.299079067748093791e+07
1.299257930014573224e+07
1.299606424664472975e+07
1.299207612432253361e+07
1.299042620596558414e+07
1.299200469009443745e+07
1.299569097516906261e+07
1.299399256381390244e+07
1.299197584147823974e+07
1.299135571960463375e+07
1.299335509129970707e+07
1.299453046172007732e+07
1.299245982207765989e+07
1.299083023427299783e+07
1.299114664799631573e+07
1.299404866881454363e+07
1.299641888641577773e+07
1.299222215326700732e+07
1.299200050532832183e+07
1.299764304546095617e+07
1.299693399035090022e+07
1.299267808865555376e+07
1.299205679657450318e+07
1.299694327035866864e+07
1.299422550650812872e+07
1.299153081026594527e+07
1.299145985720127821e+07
1.299397270077764429e+07
1.299505212168179080e+07
1.299345455168746039e+07
1.299246915975439921e+07
1.299533100585029647e+07
1.299699584899012372e+07
1.299606292214576527e+07
1.299237115288546495e+07
1.299327642560525052e+07
1.299514427086620405e+07
1.299274026507755183e+07
1.299067846230028942e+07
1.299166001601321436e+07
1.299693474639392272e+07
1.299384879328513145e+07
1.299125674188064411e+07
1.299379204142285883e+07
1.299698319265778735e+07
1.299278514967234619e+07
1.299327537394704670e+07
1.299630012197111547e+07
1.299721746045086533e+07
1.299249594353462756e+07
1.299268374203394353e+07
1.299573147623647936e+07
1.299397421355283819e+07
1.299126788808968477e+07
1.299078145848070085e+07
1.299235052387650684e+07
1.299499625314408541e+07
1.299318017440833710e+07
1.299160466453416646e+07
1.299255265957518667e+07
1.299467167882201448e+07
1.299302222441599891e+07
1.299143297641244531e+07
1.299178784907293692e+07
1.299441163219196349e+07
1.299486674354961328e+07
1.299192965036632679e+07
1.299208887197633460e+07
1.299565548725369386e+07
1.299455157777929679e+07
1.299189767614297383e+07
1.299252295294777490e+07
1.299590879189797863e+07
1.299547573432713933e+07
1.299245374075074308e+07
1.299121261112280749e+07
1.299165037839058973e+07
1.299376455089136213e+07
1.299464405381016806e+07
1.299306280243041366e+07
1.299071063828490861e+07
1.299026979583472013e+07
1.299182254565839283e+07
1.299314364603913389e+07
1.299591646314265765e+07
1.299367296975701116e+07
1.299094514422810264e+07
1.299076675176259503e+07
1.299162137468845397e+07
1.299379423700176738e+07
1.299604885424552672e+07
1.299233287181871384e+07
1.299082889875607006e+07
1.299074570530972630e+07
1.299180196924549527e+07
1.299444358679889329e+07
1.299488704045644216e+07
1.299171947535273992e+07
1.299051260915907845e+07
1.299047347425348684e+07
1.299152525289577246e+07
1.299417037965969183e+07
1.299484501779562794e+07
1.299300805465673842e+07
1.299130169424797595e+07
1.299065517867102660e+07
1.299199635488232225e+07
1.299483056877155229e+07
1.299526814479812793e+07
1.299222095172473975e+07
1.299136589368636161e+07
1.299292045369043760e+07
1.299450363482462429e+07
1.299643152752793953e+07
1.299296043687537499e+07
1.299102629456929490e+07
1.299233941654427908e+07
1.299577723542808928e+07
1.299407424601040594e+07
1.299184732956046425e+07
1.299169222750380263e+07
1.299295201531342790e+07
1.299594405377217010e+07
1.299397176964097843e+07
1.299165385050991178e+07
1.299204169956704229e+07
1.299526995014977269e+07
1.299660693939823657e+07
1.299400568946972117e+07
1.299317343328863196e+07
1.299704101834458485e+07
1.299777628069452569e+07
1.299930358891826868e+07
1.299899629685101472e+07
1.300014375797715038e+07
1.300004496607753076e+07
1.299859523967035860e+07
1.299799285098952800e+07
1.299894870095866732e+07
1.299755299597902782e+07
1.299382740632894449e+07
1.299484301438800246e+07
1.299842377808379568e+07
1.300000441892945580e+07
1.299730933140852861e+07
1.299535319947192073e+07
1.299404124749340676e+07
1.299782254212001711e+07
1.299842552892000787e+07
1.299735995449018106e+07
1.299460359511273168e+07
1.299851716167018376e+07
1.299728447345066629e+07
1.299565652756854147e+07
1.299725057474882901e+07
1.299905460449802130e+07
1.299502109901573323e+07
1.299640233238526061e+07
1.299737420765424520e+07
1.299485074566080049e+07
1.299700145666616783e+07
1.299920931280073896e+07
1.299560825419160351e+07
1.299484063807475753e+07
1.299838695326191001e+07
1.300029871567674540e+07
1.299780433587721922e+07
1.299406244169571809e+07
1.299531973442100547e+07
1.299782873046601750e+07
1.299892497840700112e+07
1.299644887415407412e+07
1.299367178381131962e+07
1.299621123422737792e+07
1.299808801858093776e+07
1.299579905911819451e+07
1.299293883758580498e+07
1.299550500134146400e+07
1.299735387385920621e+07
1.299490727972497232e+07
1.299255422916988470e+07
1.299538968959485367e+07
1.299602429493535869e+07
1.299271468991189450e+07
1.299411715816247463e+07
1.299673410538722016e+07
1.299528395789367892e+07
1.299209726221032813e+07
1.299469441752519645e+07
1.299687926066626981e+07
1.299574826591500826e+07
1.299197249161522277e+07
1.299267024915922992e+07
1.299564982854039408e+07
1.299579170593412034e+07
1.299214422234689817e+07
1.299216654904665425e+07
1.299530643551690318e+07
1.299493279523285665e+07
1.299149498707092926e+07
1.299345354753508605e+07
1.299594265086462349e+07
1.299525871098474972e+07
1.299147833089737967e+07
1.299189902852165326e+07
1.299502118591512926e+07
1.299449840236058831e+07
1.299108057005458698e+07
1.299308473477695510e+07
1.299565114914332516e+07
1.299484209219439328e+07
1.299106231792694889e+07
1.299190155285063386e+07
1.299493660853165016e+07
1.299399650671343692e+07
1.299117247488156147e+07
1.299355523679684661e+07
1.299579233222852647e+07
1.299242991730420478e+07
1.299268481729440205e+07
1.299519039405649155e+07
1.299639009171988443e+07
1.299418611276676133e+07
1.299062821424631774e+07
1.299306700841143727e+07
1.299528035192587413e+07
1.299592300269550644e+07
1.299378192947560176e+07
1.299060305486082099e+07
1.299275388258469291e+07
1.299509958612596802e+07
1.299646868287633173e+07
1.299561060150206089e+07
1.299413902887552790e+07
1.299290807111569121e+07
1.298938630508352630e+07
1.299152266990256868e+07
1.299402788121943735e+07
1.299484289451229945e+07
1.299276216997732781e+07
1.298985451140327752e+07
1.299263429147806577e+07
1.299432035521703027e+07
1.299144743524927087e+07
1.299047003371449374e+07
1.299371637806916982e+07
1.299298078983177617e+07
1.299143276053057425e+07
1.299295238953512348e+07
1.299411892044048570e+07
1.299053513502869010e+07
1.299325098900666460e+07
1.299334474563070014e+07
1.299111067338509485e+07
1.299142420148937590e+07
1.299444099986240827e+07
1.299116975110573880e+07
1.299007725206372328e+07
1.299342192221883126e+07
1.299504857721370459e+07
1.299425263298170269e+07
1.299102993832400069e+07
1.298888492576934397e+07
1.299249176083106548e+07
1.299420238084231131e+07
1.299550153741821460e+07
1.299488239062802680e+07
1.299181360885585658e+07
1.298916980471198075e+07
1.299177555954989232e+07
1.299440996423541568e+07
1.299028713122554496e+07
1.298969242095437832e+07
1.299259128111611679e+07
1.299257280926126614e+07
1.298881163001588918e+07
1.298882751932390593e+07
1.299266844655816443e+07
1.299434543050710112e+07
1.298935374138107523e+07
1.298976217976788990e+07
1.299449666420033947e+07
1.299270269487726688e+07
1.298882858778332174e+07
1.298902438232673332e+07
1.299130493305606209e+07
1.299283797377857938e+07
1.299035952449337393e+07
1.299203419910586812e+07
1.299470535988556966e+07
1.299555691869334318e+07
1.299544685457955301e+07
1.299419970341236703e+07
1.299120727458233573e+07
1.299303133307218365e+07
1.299568662563508935e+07
1.299740742265366204e+07
1.299763495526503772e+07
1.299561482649729401e+07
1.299705205915266275e+07
1.299807459067910351e+07
1.299602989245098829e+07
1.299877361409035884e+07
1.299676293200256303e+07
1.299767183525750600e+07
1.299852914513725042e+07
1.299656752132652514e+07
1.299831073847378604e+07
1.299851299679323286e+07
1.299939659774664044e+07
1.299743763124961965e+07
1.300041407314654067e+07
1.300203406702277064e+07
1.299682674859241396e+07
1.299989846727527119e+07
1.300205814741700329e+07
1.299992162473981455e+07
1.300228738115194812e+07
1.300089520977037400e+07
1.299746983078544587e+07
1.300061226291460916e+07
1.300038294977143034e+07
1.299799618169348314e+07
1.299971002027150057e+07
1.299944024440813623e+07
1.299947375654494204e+07
1.299925529803640023e+07
1.299696271218393929e+07
1.299838542638730444e+07
1.299900913537843339e+07
1.299633104900974222e+07
1.299530560016124509e+07
1.299925709456930682e+07
1.299695427470418997e+07
1.299866060165250674e+07
1.299568790081635490e+07
1.299484184286349826e+07
1.299361450821790844e+07
1.299473641639410518e+07
1.299539856431628577e+07
1.299565736746605113e+07
1.299424211202121899e+07
1.299619831079282053e+07
1.299918402722235769e+07
1.299602035767838173e+07
1.299708041887566820e+07
1.299864497954727709e+07
1.299530817832312360e+07
1.299623276741377451e+07
1.299788781714780070e+07
1.299563601703122072e+07
1.299740501193912514e+07
1.299512085124307685e+07
1.299607157425864041e+07
1.299769684936598316e+07
1.299480527070887201e+07
1.299761518213408813e+07
1.299707119585537724e+07
1.299685310635897331e+07
1.299946405663761310e+07
1.299836516008228064e+07
1.299588896695630252e+07
1.299506187290585041e+07
1.299612279712926596e+07
1.299404734716303088e+07
1.299575861681257188e+07
