1.297965143842425570e+07
1.298037263561950438e+07
1.298123376495191455e+07
1.297974962931023166e+07
1.298036421630415879e+07
1.298063441828345880e+07
1.297932777050289884e+07
1.298152219461300224e+07
1.297985817390143871e+07
1.297972909062227979e+07
1.298144427482854575e+07
1.297961800668016076e+07
1.298057873976749741e+07
1.298025873260890879e+07
1.298084733115597256e+07
1.298166929680183530e+07
1.298105019414117560e+07
1.298003142883514427e+07
1.298040160697655007e+07
1.298194639534536190e+07
1.297887533020706661e+07
1.298166085084569268e+07
1.297972287768152170e+07
1.297879389052945562e+07
1.298180004846677370e+07
1.297997336668856256e+07
1.298032680670464225e+07
1.297982643460888229e+07
1.298029219403923489e+07
1.298191302717938833e+07
1.297980918095683493e+07
1.298105314066785946e+07
1.298066607411871292e+07
1.298074398664494790e+07
1.298035366982820071e+07
1.298145574152262323e+07
1.298355300386919081e+07
1.298186795696668699e+07
1.298193589290369116e+07
1.298235860556022450e+07
1.298165114397256635e+07
1.298033343722230755e+07
1.298273927330728993e+07
1.298329531243239529e+07
1.298232832757933438e+07
1.298046339949849620e+07
1.298082131700149365e+07
1.298055105129685253e+07
1.297953471833424456e+07
1.298292547591575235e+07
1.298329884535748512e+07
1.298285560520496406e+07
1.298238976318259910e+07
1.298210039570345730e+07
1.298336000372027233e+07
1.298313855688469298e+07
1.298258270549385808e+07
1.298369143531359173e+07
1.298247602095836401e+07
1.298250629833642207e+07
1.298264868655028194e+07
1.298249809086241014e+07
1.298179142466100678e+07
1.298334112343908474e+07
1.298263201911090873e+07
1.298114015615282394e+07
1.297991118597407639e+07
1.297980412817453407e+07
1.298204884760676324e+07
1.298314205535802804e+07
1.298294701159069501e+07
1.298044435861732624e+07
1.298250235712170228e+07
1.298084708760875650e+07
1.298225968938438781e+07
1.297876888354563341e+07
1.297980284950837493e+07
1.298087133591669984e+07
1.297994191792214103e+07
1.298065724623995833e+07
1.297961058979998529e+07
1.298277123888481595e+07
1.298058878238028102e+07
1.298112785923056491e+07
1.297919285102158971e+07
1.298047336756479554e+07
1.297968095259341411e+07
1.297828738619477861e+07
1.298174488583217748e+07
1.297852595444617979e+07
1.297853752790997922e+07
1.298186864051369391e+07
1.297830498657278530e+07
1.297870818733138405e+07
1.298076714550004900e+07
1.297815709068270586e+07
1.298013198975917138e+07
1.298131236794968881e+07
1.297779926828097366e+07
1.298031101740030572e+07
1.298137003193243593e+07
1.297806084481077828e+07
1.298026504701874778e+07
1.297993952091069147e+07
1.297775379415072687e+07
1.298064285953555256e+07
1.297897228588805906e+07
1.297837820409459993e+07
1.298207287283208407e+07
1.297863791752430610e+07
1.297922615895735659e+07
1.298077156713041104e+07
1.298050584977003187e+07
1.298245277004318312e+07
1.298172797941965982e+07
1.298115473196831159e+07
1.298335828194659390e+07
1.298201270361963846e+07
1.298214298476838879e+07
1.297944830646493286e+07
1.298088668122091144e+07
1.298098017678417824e+07
1.297840313731977716e+07
1.298032640069017559e+07
1.297971736733441800e+07
1.297940732571990788e+07
1.297913298901343904e+07
1.298012860739230551e+07
1.298133894366624579e+07
1.297820139781906642e+07
1.298016363471456431e+07
1.297988819972510822e+07
1.297772886118002608e+07
1.298077650177495182e+07
1.297899941830342077e+07
1.297847087735221721e+07
1.298190832099017873e+07
1.297992154402423836e+07
1.298035920839495584e+07
1.298194993979858235e+07
1.298049623447832279e+07
1.298294656938496046e+07
1.298087495903597027e+07
1.298322892408570088e+07
1.298294280938944966e+07
1.298222601293497719e+07
1.298278265710589290e+07
1.298332492697391286e+07
1.298350874038525298e+07
1.298312375159099884e+07
1.298086553190919198e+07
1.298271830036259070e+07
1.298320532440172136e+07
1.298114431419809535e+07
1.298029418887304515e+07
1.298220946313729323e+07
1.298249558762432635e+07
1.298299804519337416e+07
1.298318003950056620e+07
1.298195049473052286e+07
1.298330186062779278e+07
1.298182061717879958e+07
1.297921005883732438e+07
1.298152888524904475e+07
1.298255626870194450e+07
1.298301797838504426e+07
1.298271512416331284e+07
1.298247003430581652e+07
1.298248150901010260e+07
1.298228153659372032e+07
1.298258172872685082e+07
1.298226246210473776e+07
1.298269981988157704e+07
1.298154285921471007e+07
1.298173686386094242e+07
1.298160703118884750e+07
1.298245190667149238e+07
1.298238064508569241e+07
1.298149357395529374e+07
1.298096476247129962e+07
1.298221272175517119e+07
1.297901629630962759e+07
1.297904466987318918e+07
1.298020918410267867e+07
1.298261259582792409e+07
1.298101692286958545e+07
1.298073419614569470e+07
1.297904830679790489e+07
1.298259446653160825e+07
1.298189717893570475e+07
1.298284202679374628e+07
1.298237062605400383e+07
1.297996659564370289e+07
1.298106004278522730e+07
1.298113283496754989e+07
1.297713642775500193e+07
1.298147721374601685e+07
1.298025833701625280e+07
1.297894127672304213e+07
1.297845527821335196e+07
1.297976573180473782e+07
1.298069601975369081e+07
1.297784199291361496e+07
1.297963665473915450e+07
1.298029837664834410e+07
1.297907723983091488e+07
1.297870543918945640e+07
1.297795155947792716e+07
1.297876046547164768e+07
1.297931628731633537e+07
1.297857803362146020e+07
1.297871067521667853e+07
1.297741313762425818e+07
1.297934833013089746e+07
1.297834832603841275e+07
1.297972581881287508e+07
1.297979795429671928e+07
1.297955934325609356e+07
1.297947029719800875e+07
1.297778492896504700e+07
1.297818063155449554e+07
1.297796436477792822e+07
1.297867915008243918e+07
1.297847665300202556e+07
1.297916741737659276e+07
1.297912694558748975e+07
1.297843137322619371e+07
1.297899304870331474e+07
1.297807757542981766e+07
1.297913350618156232e+07
1.297798722054944374e+07
1.297933600918107107e+07
1.297924901645347662e+07
1.297858536085173674e+07
1.297914253497937508e+07
1.297835663369830698e+07
1.297913509827457368e+07
1.297771364818489179e+07
1.297883248548336327e+07
1.297830841294955462e+07
1.297899195632504299e+07
1.297855805451782979e+07
1.297802753872459196e+07
1.297773049496945180e+07
1.297931913986274227e+07
1.297956968605535850e+07
1.297902834914994426e+07
1.297964551559829712e+07
1.297902357538145781e+07
1.297815882201688550e+07
1.297887730982282571e+07
1.297929117181062140e+07
1.297980341533468291e+07
1.297925207459833473e+07
1.297881392260606773e+07
1.297998806750411913e+07
1.297961990523168072e+07
1.297739467383438163e+07
1.297868422649742663e+07
1.297815401031063125e+07
1.297861225260015205e+07
1.297797931222477369e+07
1.297851828581191227e+07
1.297784897709261253e+07
1.297942165017331950e+07
1.297940327833932079e+07
1.297998607191757858e+07
1.297971577524380945e+07
1.297816366496334597e+07
1.297933828110777400e+07
1.297784757051151618e+07
1.297889711447433941e+07
1.297851905143243074e+07
1.297919879933145456e+07
1.297901393676654063e+07
1.297829467700487003e+07
1.297855292102896236e+07
1.297686379477217980e+07
1.297923577674981952e+07
1.297905485406200029e+07
1.298054499523045123e+07
1.297919689406526089e+07
1.297916733346001245e+07
1.297703321596175805e+07
1.297913709598147869e+07
1.297944270774257742e+07
1.297927527253559418e+07
1.297749072670440003e+07
1.297863016692517512e+07
1.297966590597784333e+07
1.297990744734221324e+07
1.297806085996248201e+07
1.297877042222003825e+07
1.297971097076323070e+07
1.297887518533992209e+07
1.297944303729734942e+07
1.297925729828030802e+07
1.297806638125546835e+07
1.297985689153762162e+07
1.298112400169200450e+07
1.297697953621831723e+07
1.298048851969569549e+07
1.298052333753009327e+07
1.297754824516846985e+07
1.298025312644608878e+07
1.297959997400319017e+07
1.297877810707377084e+07
1.297869615044025704e+07
1.298021406924750470e+07
1.298164782825280912e+07
1.297762608791246824e+07
1.298191736102273315e+07
1.298213260479937680e+07
1.298063303247298487e+07
1.297892255068199150e+07
1.297957090577798709e+07
1.297909487319957837e+07
1.298013907212202810e+07
1.297988861181052215e+07
1.298020657829073258e+07
1.298321533803069778e+07
1.297955441997024789e+07
1.298232283207475953e+07
1.298095056025348045e+07
1.298123757493852451e+07
1.297782148713424057e+07
1.298120678304081969e+07
1.297975703802376427e+07
1.297790232120280527e+07
1.297957473263560981e+07
1.297964965465876088e+07
1.297878371681158431e+07
1.297822738751092181e+07
1.297942594619255327e+07
1.298005852163108252e+07
1.297750084660886042e+07
1.297994644285923801e+07
1.298142758998331800e+07
1.297798726306505501e+07
1.298092420933508314e+07
1.298087673463550769e+07
1.298176651305045374e+07
1.298026582684082910e+07
1.297992765845303610e+07
1.298030591399166733e+07
1.298148732289331593e+07
1.298189269809893332e+07
1.298214884658553824e+07
1.298102505147939175e+07
1.298222349002925307e+07
1.298296141203809343e+07
1.298328702117893100e+07
1.298311691536712088e+07
1.298297206494608708e+07
1.298357030502587557e+07
1.298396426004537567e+07
1.298410477749194577e+07
1.298314785549507290e+07
1.298339915214864723e+07
1.298276682264301181e+07
1.298331576375245489e+07
1.298371399041508511e+07
1.298362989721065760e+07
1.298329848272236995e+07
1.298370251168657653e+07
1.298344189464480989e+07
1.298387798594683968e+07
1.298305281332737952e+07
1.298355843936703913e+07
1.298311589822324179e+07
1.298395946911614947e+07
1.298406270383030921e+07
1.298401280384290032e+07
1.298309096817456372e+07
1.298344197719795071e+07
1.298299541822785884e+07
1.298393216781266592e+07
1.298366503515191935e+07
1.298330409449211136e+07
1.298351127494446747e+07
1.298317501825915277e+07
1.298165744845894724e+07
1.298059564286358841e+07
1.298090392225520872e+07
1.298272509614214115e+07
1.298167889863760769e+07
1.298198621626345254e+07
1.298161809527797624e+07
1.298256960089788213e+07
1.298292107726552710e+07
1.298198537436880171e+07
1.298257639473612234e+07
1.298235770796536095e+07
1.298253055918835849e+07
1.298218924795099907e+07
1.298240817643276975e+07
1.298195122232267447e+07
1.298133562744087353e+07
1.297983160406735912e+07
1.297832353767925873e+07
1.298011229430071078e+07
1.298173226598968171e+07
1.298063154976045713e+07
1.298298142578559741e+07
1.298116202029132470e+07
1.298190708054396883e+07
1.298263249923370406e+07
1.298296885908118635e+07
1.298098344117066823e+07
1.298141166296475753e+07
1.298104625795180164e+07
1.298204346548613906e+07
1.298134729988684505e+07
1.298219499373555370e+07
1.298247383003337495e+07
1.298158787473094463e+07
1.297891703284119070e+07
1.298071319120979868e+07
1.298060292622966692e+07
1.298239759481102973e+07
1.297991081046315283e+07
1.298050183605090901e+07
1.298132343842200749e+07
1.298259158271666616e+07
1.298078317593025044e+07
1.298162480703650974e+07
1.298040264214072190e+07
1.298232421945785917e+07
1.298079217620351352e+07
1.298229580598420464e+07
1.298006473928036168e+07
1.298120699644389935e+07
1.297999116688141413e+07
1.298022178003843501e+07
1.298301762828671187e+07
1.298156230577364750e+07
1.298209091837839037e+07
1.298093853350070864e+07
1.298145095690227486e+07
1.298119792670286074e+07
1.298008354570210166e+07
1.297984458756345697e+07
1.298265397554044984e+07
1.298229758084643260e+07
1.298119407201651484e+07
1.298225514355601184e+07
1.298010041205878928e+07
1.297850263196420483e+07
1.298016450875011086e+07
1.298134835118407197e+07
1.298192686377572268e+07
1.298258537945527583e+07
1.298193809258937463e+07
1.298119496076713316e+07
1.298161870322000422e+07
1.298165493851264752e+07
1.297932254773460701e+07
1.297987889640548453e+07
1.298101837235005759e+07
1.297672204706190526e+07
1.298052363817943446e+07
1.298043096543579362e+07
1.297891761282377504e+07
1.297846995445048064e+07
1.298078908694534749e+07
1.297941281385567226e+07
1.297814784656392783e+07
1.297962060119952820e+07
1.297979128645191155e+07
1.298122116788129322e+07
1.297927755835683085e+07
1.298103874535796605e+07
1.298075455563376099e+07
1.298229315689819120e+07
1.297917448559650034e+07
1.298117123173658736e+07
1.297982803563943878e+07
1.297729172132189013e+07
1.297941127755252458e+07
1.298054635097603500e+07
1.298162973103290796e+07
1.297890235374848358e+07
1.298134409929806553e+07
1.298236344555979408e+07
1.298229074078122526e+07
1.298224891129334457e+07
1.298302411001442559e+07
1.298245536593374982e+07
1.298269219056111202e+07
1.298252187717569806e+07
1.298330464826270752e+07
1.298304529715134576e+07
1.298174454485081136e+07
1.298201139000801370e+07
1.298066881912348047e+07
1.298049074719506130e+07
1.298051466912364773e+07
1.298157990432887711e+07
1.298178918591556884e+07
1.298250179675265215e+07
1.298165121220264398e+07
1.297959923102264293e+07
1.298031709852215648e+07
1.298159740355610102e+07
1.298189433373194747e+07
1.298280891771051474e+07
1.298205197353176400e+07
1.298051999545887671e+07
1.298217903243337572e+07
1.298236149930187687e+07
1.298060048582724854e+07
1.298021892469991930e+07
1.298112825027806871e+07
1.297707011567708477e+07
1.298129218300433271e+07
1.298218877755818330e+07
1.298065653704175912e+07
1.298187985328537785e+07
1.297977532823858783e+07
1.298200601849317551e+07
1.297975249769950099e+07
1.298121813095096499e+07
1.297979789354558289e+07
1.297976843982759304e+07
1.298066349361539260e+07
1.298062336127141118e+07
1.297919674806860462e+07
1.297800790183127485e+07
1.297847085559250787e+07
1.298152024571947567e+07
1.298108227552049421e+07
1.298101284456882440e+07
1.298222406800334714e+07
1.298159880085025541e+07
1.298200523104707710e+07
1.298154893983658031e+07
1.298075393144131824e+07
1.298020364205288887e+07
1.297969266593276896e+07
1.297769282630522549e+07
1.297887681287903339e+07
1.297825808906621672e+07
1.297820781449805945e+07
1.297864609949477203e+07
1.297850138827470690e+07
1.297920693595743179e+07
1.297819854626832716e+07
1.297878349055569991e+07
1.297966371412067860e+07
1.297802031712381169e+07
1.298085599411950447e+07
1.297942866118945554e+07
1.297916226726758294e+07
1.297995273541660793e+07
1.297703163713815995e+07
1.297838759191581234e+07
1.297931828655285202e+07
1.297607847923612595e+07
1.297913702750436962e+07
1.297939537973546982e+07
1.297571419890492223e+07
1.297912734549222142e+07
1.297885471967029385e+07
1.297641584767046198e+07
1.297868303614752367e+07
1.297790120076537319e+07
1.297716486986963078e+07
1.297945300105159543e+07
1.297745624285886995e+07
1.297713085773047060e+07
1.298046875818019360e+07
1.297689271486462094e+07
1.297743881885023788e+07
1.297961474980275705e+07
1.297658821387604810e+07
1.297933206298139691e+07
1.297935747314149328e+07
1.297874042951362208e+07
1.297784457630170695e+07
1.297769088936446980e+07
1.297973343033154309e+07
1.297684476534444280e+07
1.297806239810876735e+07
1.297972519683613442e+07
1.297621802180519700e+07
1.297942120046634786e+07
1.297938742837243900e+07
1.297697450624528900e+07
1.297891166350669600e+07
1.297946601813489571e+07
1.297954352025610395e+07
1.297693383927269839e+07
1.297964703749098256e+07
1.297853200889364257e+07
1.297748433963433281e+07
1.297954437030032091e+07
1.297872887012387253e+07
1.297751714888193272e+07
1.297806071056514047e+07
1.297854238758189790e+07
1.297927668937065825e+07
1.297672437905901298e+07
1.297961180250518769e+07
1.297957743293576129e+07
1.297762190418197401e+07
1.298081604246250726e+07
1.298108079614966176e+07
1.297893395765214041e+07
1.298001124289290048e+07
1.298155216550570168e+07
1.298021630444329791e+07
1.298075264971555024e+07
1.297666376206240803e+07
1.298061960388742760e+07
1.297951223978519440e+07
1.298021873608944751e+07
1.297807321856146865e+07
1.297910801861854270e+07
1.298022682230136730e+07
1.297980127641164139e+07
1.297951695446605235e+07
1.297943386092462018e+07
1.297677920951831155e+07
1.297965539458787814e+07
1.297993983289326355e+07
1.297951643231729977e+07
1.297605316159097292e+07
1.298012583263094164e+07
1.297872659962722845e+07
1.297699717943500355e+07
1.297854268551693112e+07
1.297961353171820194e+07
1.297926854647086374e+07
1.297887271466549672e+07
1.297896640329126455e+07
1.297864344650148414e+07
1.297924032369482704e+07
1.298145367971267365e+07
1.298092554953521304e+07
1.297980087191228196e+07
1.298146427384995483e+07
1.298202991453685984e+07
1.298104421377395093e+07
1.298090192383166403e+07
1.298107341562303156e+07
1.297969386460002139e+07
1.297981772280540690e+07
1.298103739418406412e+07
1.298066041307582334e+07
1.298138076745128259e+07
1.298128919256052747e+07
1.298135224993800931e+07
1.298108807739733718e+07
1.298102667005175725e+07
1.297815334108394384e+07
1.298024238355391659e+07
1.297927202929853089e+07
1.297883529339070618e+07
1.298122975044575334e+07
1.298044098144802265e+07
1.298102529291250743e+07
1.298081625815266371e+07
1.298008631625318155e+07
1.297788067628960498e+07
1.297960452542806976e+07
1.297955757258629985e+07
1.298137202728148177e+07
1.298043240360517986e+07
1.298044185059703328e+07
1.298080209700403549e+07
1.297740128030930459e+07
1.298098978351323120e+07
1.298035214004308358e+07
1.298116036751678213e+07
1.298159087790406868e+07
1.298150205840250850e+07
1.298201957743736356e+07
1.298108518650480546e+07
1.298162290678642876e+07
1.298054442666447908e+07
1.298077970054681599e+07
1.298114090232402273e+07
1.298080834231666289e+07
1.298025086735346913e+07
1.297779833889567852e+07
1.298163159292311408e+07
1.297936825595013052e+07
1.298090413630356826e+07
1.298097566082529165e+07
1.298082131316515431e+07
1.298041735021066293e+07
1.298096647181759216e+07
1.297916416702762991e+07
1.298204082697728835e+07
1.298062183702690154e+07
1.297994929508318566e+07
1.298103332855739258e+07
1.298071436341482960e+07
1.297859764917240851e+07
1.297966565199398994e+07
1.298028989328017458e+07
1.297909530949018896e+07
1.298102237656299584e+07
1.298060485306002200e+07
1.298032128556821868e+07
1.298066542078853212e+07
1.298130327587859705e+07
1.297958478426201642e+07
1.297984075963165052e+07
1.298089269224840216e+07
1.298122821515643783e+07
1.297883435458515212e+07
1.297702430411191657e+07
1.297904221011565439e+07
1.297859276253804751e+07
1.297605281631701998e+07
1.297965925338783674e+07
1.297894445883163996e+07
1.297909567601985298e+07
1.297687687929600477e+07
1.297859440635210089e+07
1.297795363562976383e+07
1.297948347004033811e+07
1.298083731007823907e+07
1.298049483939712681e+07
1.298153727722103521e+07
1.298050019051265903e+07
1.297733665146707371e+07
1.297934182216155156e+07
1.298014131356793083e+07
1.297873354662638530e+07
1.298137960503805988e+07
1.297973135205822624e+07
1.298075373416062072e+07
1.298089883464858867e+07
1.297996352285236120e+07
1.297872479680271260e+07
1.297863475878292695e+07
1.297716349392451160e+07
1.297865540384571254e+07
1.297976810136659443e+07
1.298099019643680193e+07
1.297773194271805510e+07
1.298119266069784760e+07
1.297999309766295366e+07
1.298105752441205271e+07
1.298085283780797571e+07
1.298194764281423390e+07
1.298055590324573591e+07
1.297918033388594724e+07
1.297985733337625489e+07
1.297966199460846186e+07
1.297915319293459691e+07
1.297906665008768067e+07
1.297967731471462548e+07
1.297933223831957765e+07
1.297940030104700290e+07
1.297897977795793675e+07
1.298066431373973936e+07
1.297821232872004993e+07
1.297902237845326215e+07
1.298040095501160435e+07
1.298066438999926485e+07
1.298104426507518068e+07
1.298025907515089773e+07
1.297965221161820740e+07
1.297936261181866750e+07
1.297931656300274655e+07
1.298052456203217059e+07
1.297978748345412873e+07
1.298154441588414088e+07
1.298169893766691163e+07
1.298063395192992501e+07
1.297952592950128019e+07
1.298066330506118014e+07
1.297948993059448525e+07
1.297995561110153608e+07
1.297970438337217458e+07
1.298107692182438448e+07
1.298103623157737590e+07
1.298038440138091892e+07
1.298131113566826284e+07
1.298134941114907712e+07
1.297865576177047007e+07
1.297893451406430267e+07
1.297777239054889977e+07
1.297776856568530388e+07
1.297931499537622370e+07
1.297850876196576469e+07
1.298125818355777860e+07
1.297984794035284594e+07
1.298034491021052748e+07
1.297976436975074559e+07
1.297675187956992723e+07
1.297883596019664221e+07
1.297847181545374729e+07
1.297827116234998405e+07
1.298046919799362309e+07
1.297976484351724572e+07
1.298084983523107134e+07
1.298082109387141094e+07
1.298018252956635319e+07
1.297870157032522932e+07
1.298073913894639909e+07
1.297898260313704982e+07
1.297977022422201186e+07
1.298098125658465922e+07
1.298053103194176778e+07
1.298013797094357014e+07
1.298016043357710540e+07
1.297979607261564396e+07
1.298079548229075037e+07
1.297982513512859680e+07
1.297971438462138921e+07
1.298098769704397582e+07
1.297964370765258372e+07
1.297883047762889415e+07
1.298030403312293999e+07
1.298057066421580687e+07
1.297959559924937412e+07
1.298074700659161620e+07
1.298061167380397022e+07
1.297850476767054386e+07
1.298062926568358392e+07
1.297872950790185481e+07
1.297840828961379081e+07
1.297884436451048777e+07
1.297570234451690875e+07
1.297812436199602112e+07
1.297814563858081028e+07
1.297654614681873471e+07
1.297811842942341231e+07
1.297828873635283485e+07
1.297970672048309818e+07
1.297783991204141639e+07
1.297992712240712345e+07
1.297904670272770897e+07
1.298070577372683026e+07
1.297825277095659450e+07
1.297792203642097674e+07
1.297774492764203437e+07
1.297874912730079517e+07
1.297582208782125823e+07
1.297697251689393632e+07
1.297854479115141369e+07
1.297528798761804774e+07
1.297878414432826079e+07
1.297783505816235766e+07
1.297545760732989572e+07
1.297891639453491196e+07
1.297814432945871167e+07
1.297735137353588268e+07
1.297857536216115765e+07
1.297898125887900218e+07
1.297905189313126914e+07
1.297666246787997521e+07
1.298033799419620633e+07
1.297948013528577425e+07
1.297923597504714876e+07
1.297969928668040037e+07
1.297821291094511934e+07
1.297823166284300946e+07
1.297849079375552386e+07
1.297909291273717023e+07
1.297943387933744863e+07
1.297923025478257798e+07
1.298064969879016653e+07
1.297849298374434188e+07
1.298053370759752207e+07
1.298033352818372846e+07
1.298001494026772678e+07
1.298011033317581192e+07
1.297956041505701281e+07
1.297776597952196002e+07
1.297901765804098733e+07
1.297814495087643154e+07
1.297858493203194998e+07
1.297950418714063615e+07
1.297940540344953537e+07
1.297954414309098385e+07
1.298008683708897233e+07
1.297713689234445244e+07
1.297735994279498421e+07
1.297724880478609540e+07
1.297697892041622289e+07
1.297765869775398262e+07
1.297640090417416580e+07
1.297752366691868007e+07
1.297687476942823827e+07
1.297590505925404280e+07
1.297863451247489080e+07
1.297693228476905636e+07
1.297737069869286753e+07
1.297882357406662963e+07
1.297864415881540813e+07
1.297714686225036159e+07
1.297636113699167408e+07
1.297969625047296099e+07
1.297961896088369377e+07
1.297819118649211340e+07
1.297706864126222581e+07
1.297761829461522400e+07
1.297943738097058982e+07
1.297948507852445170e+07
1.298085623933009431e+07
1.298011177824071795e+07
1.297999252656502835e+07
1.297962929754329845e+07
1.297847062191108242e+07
1.297882594495456479e+07
1.297970535647103190e+07
1.298011406424739957e+07
1.298001021978874691e+07
1.297757350345760398e+07
1.297663426578167081e+07
1.297704007076698728e+07
1.297825164389031008e+07
1.297564539226182736e+07
1.297750782942718081e+07
1.297685248532717489e+07
1.297596500077192485e+07
1.297811486337748915e+07
1.297713991636820510e+07
1.297578393822046556e+07
1.297722764561476745e+07
1.297729237865055166e+07
1.297598814328526706e+07
1.297644647813900188e+07
1.297743588698802330e+07
1.297794955285180733e+07
1.297551358470512740e+07
1.297910968901950307e+07
1.297760111232936010e+07
1.297516352502305992e+07
1.297698028211537935e+07
1.297743902813090384e+07
1.297791018780711852e+07
1.297616586830243468e+07
1.297917257379017211e+07
1.297991235843243264e+07
1.298037031163758226e+07
1.297993467736836523e+07
1.297840554880293459e+07
1.298022149050265178e+07
1.297862133112674765e+07
1.298043527328873426e+07
1.297888288026153855e+07
1.297912702328709885e+07
1.297913740514202230e+07
1.297922007952057756e+07
1.298010460661573149e+07
1.297810734775826149e+07
1.297803568264859915e+07
1.297887971138623171e+07
1.297853883857373148e+07
1.297782966761314683e+07
1.297794192279203422e+07
1.297926401981511898e+07
1.297748408899074979e+07
1.297999846988166124e+07
1.297815531621956453e+07
1.297851129290331714e+07
1.297793526925541833e+07
1.297849782659933716e+07
1.297912757607312687e+07
1.297994466011938639e+07
1.297779370136191323e+07
1.297799300116998889e+07
1.297844660244965926e+07
1.297740581536372006e+07
1.297757991107599065e+07
1.297872300080200844e+07
1.297938828436448425e+07
1.297654543594124541e+07
1.297592010144988261e+07
1.297736163080254383e+07
1.297854796468053386e+07
1.297860597461758368e+07
1.297850337804586440e+07
1.297997380537256598e+07
1.297757294799146987e+07
1.297910580698617548e+07
1.297864253272008151e+07
1.297870345601807721e+07
1.297833296751270071e+07
1.298011817794188485e+07
1.298038203378024325e+07
1.297953965594008565e+07
1.298005738398046233e+07
1.297840572536009550e+07
1.297755655750487931e+07
1.297824683542528935e+07
1.297789323386445455e+07
1.297436587527644448e+07
1.297843157645720057e+07
1.297710649191978574e+07
1.297486620698246919e+07
1.297677734244982153e+07
1.297700680921517126e+07
1.297634293527925014e+07
1.297521334965496697e+07
