1.299108457341400348e+07
1.299005652046162263e+07
1.299072974775337614e+07
1.299268744719273411e+07
1.299540333479811996e+07
1.299242188502943702e+07
1.299055215345249325e+07
1.299098041549824923e+07
1.299285108798060939e+07
1.299482810063064843e+07
1.299394689013392292e+07
1.299083929174576513e+07
1.299005227762514912e+07
1.299208599157619476e+07
1.299370819944199175e+07
1.299422867030618340e+07
1.299207792647667043e+07
1.299001198474381864e+07
1.299100444748688675e+07
1.299358044028338417e+07
1.299477717647556774e+07
1.299310481175733916e+07
1.299226682615247555e+07
1.299491739808379486e+07
1.299684367400523275e+07
1.299851333258956857e+07
1.299710250252626836e+07
1.299735556986078061e+07
1.299326186336916126e+07
1.299347213839894719e+07
1.299531687460830063e+07
1.299317054402511381e+07
1.299120514064663649e+07
1.299128046372011304e+07
1.299501208105713129e+07
1.299640510638531297e+07
1.299179322807677463e+07
1.299173496455150284e+07
1.299728850695704669e+07
1.299643664023800939e+07
1.299376306649436615e+07
1.299191551702557877e+07
1.299535639491440356e+07
1.299514228650857322e+07
1.299360041149609722e+07
1.299243455107019097e+07
1.299605045362001657e+07
1.299656973127824627e+07
1.299619918900407292e+07
1.299242169364621118e+07
1.299243959974366240e+07
1.299562746988653764e+07
1.299431656088278815e+07
1.299128188866768591e+07
1.299058536984890513e+07
1.299397759216275066e+07
1.299612512327906862e+07
1.299171870154869184e+07
1.299086923027375527e+07
1.299579246447763778e+07
1.299369189202848636e+07
1.299022043042423949e+07
1.299103467100663856e+07
1.299572107107344270e+07
1.299249351111367717e+07
1.299043004445040785e+07
1.298978900316544250e+07
1.299123754060902260e+07
1.299371250475975499e+07
1.299228390999501199e+07
1.298996630014968105e+07
1.299011110763260908e+07
1.299293633627014421e+07
1.299537979846070521e+07
1.299137721017839201e+07
1.299080036796997860e+07
1.299590528699779510e+07
1.299609318746268749e+07
1.299409891155339405e+07
1.299130884789197147e+07
1.299232767170121893e+07
1.299367625088028423e+07
1.299293917264301516e+07
1.299055078420208022e+07
1.299068445418841764e+07
1.299348418060674332e+07
1.299477569777960517e+07
1.299074202315955237e+07
1.298995077207250707e+07
1.299277208105504327e+07
1.299462796085139364e+07
1.299129130964758061e+07
1.298944799122959934e+07
1.299055347522566281e+07
1.299331096180820651e+07
1.299260166435729153e+07
1.299002878483979218e+07
1.299146019844555110e+07
1.299358984225782566e+07
1.299122677228336409e+07
1.298947976472496614e+07
1.298928594647914916e+07
1.299071432154165395e+07
1.299516884793623351e+07
1.299220633740504086e+07
1.298920356576553732e+07
1.298956157941595651e+07
1.299138107248789631e+07
1.299303040713777393e+07
1.299155329127653502e+07
1.299082633489703946e+07
1.299314852751406468e+07
1.299503166345733032e+07
1.299327046669717506e+07
1.299058472263843566e+07
1.299171963035312109e+07
1.299412075969571434e+07
1.299281744080503844e+07
1.298993681901445985e+07
1.298917906085642241e+07
1.299031562709616125e+07
1.299239343309401162e+07
1.299269730977608077e+07
1.299085197099337354e+07
1.298862853211273253e+07
1.298870617571620643e+07
1.299089628932503238e+07
1.299196742011066526e+07
1.299404952633243799e+07
1.299088635630056821e+07
1.298873485754643008e+07
1.298906187911061198e+07
1.299017529697795771e+07
1.299253808227102272e+07
1.299343062973494455e+07
1.299004170817100815e+07
1.298891004467798211e+07
1.298884438296843879e+07
1.298994385078232735e+07
1.299249245970891416e+07
1.299288591359662823e+07
1.299067439282593317e+07
1.298909572265996598e+07
1.298848439595470577e+07
1.298920843888283521e+07
1.299137201890970953e+07
1.299305092089012824e+07
1.299151091852513701e+07
1.298971541438191570e+07
1.298891691561089642e+07
1.299001113241867907e+07
1.299332568319634348e+07
1.299356079092916660e+07
1.299023332269202732e+07
1.299000000854041800e+07
1.299260875777925365e+07
1.299339212251146324e+07
1.299336661357256025e+07
1.299030185504819825e+07
1.298958148601919971e+07
1.299212077471121214e+07
1.299556320970537513e+07
1.299065140534752049e+07
1.298931014053543471e+07
1.299043195793174766e+07
1.299239781622411683e+07
1.299312057603849471e+07
1.299071701853147708e+07
1.299049042575310357e+07
1.299240971960865334e+07
1.299349740621643700e+07
1.299111960498426296e+07
1.298928131209746934e+07
1.298916555301176012e+07
1.299090727279580943e+07
1.299275180676989257e+07
1.299256650482718088e+07
1.299064572849433310e+07
1.298870435048299469e+07
1.298880932786746323e+07
1.299029788859893382e+07
1.299166824279137328e+07
1.299460708599520475e+07
1.299105148613696173e+07
1.298911483683411218e+07
1.298922691397742927e+07
1.299006113673692569e+07
1.299294902625814453e+07
1.299408824223389104e+07
1.299074315173163451e+07
1.298952677790204063e+07
1.298873691846146993e+07
1.298959638744264096e+07
1.299229235537504219e+07
1.299305633433177136e+07
1.299181117363894917e+07
1.298996211688532121e+07
1.298878251020630822e+07
1.298918196168620326e+07
1.299102261376710795e+07
1.299284969955538586e+07
1.299215047592923231e+07
1.299016468238206767e+07
1.298902391799645312e+07
1.298982270813198388e+07
1.299233222810321301e+07
1.299325657813946716e+07
1.299185101041499712e+07
1.298980647762464732e+07
1.298891428488978930e+07
1.299004123089677840e+07
1.299292694573615119e+07
1.299254186852791533e+07
1.299126681440388598e+07
1.298932493606379069e+07
1.298843190337253362e+07
1.298982932791111618e+07
1.299150581162231788e+07
1.299302629463053867e+07
1.299279237642990053e+07
1.298949604019494914e+07
1.298887432211920433e+07
1.298962679527771659e+07
1.299089419967837632e+07
1.299395769246013276e+07
1.299249920039953664e+07
1.299034044682127796e+07
1.298917560776322894e+07
1.298877352725479566e+07
1.299020750032859296e+07
1.299242373715011775e+07
1.299307482659687474e+07
1.299165483197864145e+07
1.298969581843128987e+07
1.298917890797223523e+07
1.299015161159257032e+07
1.299304193123671226e+07
1.299306470172976330e+07
1.299049640407590382e+07
1.298981416697994061e+07
1.299052303656766750e+07
1.299311697254729085e+07
1.299556410217325948e+07
1.299155376793835871e+07
1.298992619317851029e+07
1.299173472122948430e+07
1.299419712908998691e+07
1.299306248559894413e+07
1.299117372816898860e+07
1.299067944004116021e+07
1.299299500412115827e+07
1.299434421105369739e+07
1.299169865735304356e+07
1.299167048007345758e+07
1.299466498668256029e+07
1.299409705148141086e+07
1.299141723033494875e+07
1.299121257939404808e+07
1.299384375851553492e+07
1.299579026646513306e+07
1.299289892954075336e+07
1.299062023485021293e+07
1.299162896553971991e+07
1.299464772730062157e+07
1.299359463986836001e+07
1.299129581718083657e+07
1.299072299640590139e+07
1.299228589301439561e+07
1.299507323209056631e+07
1.299346676497501694e+07
1.299136518789181300e+07
1.299353665888950787e+07
1.299600782060411014e+07
1.299292598510864191e+07
1.299199090878580697e+07
1.299495128508232534e+07
1.299501643635158613e+07
1.299226579478198849e+07
1.299085245568246208e+07
1.299178159400449879e+07
1.299424635036360100e+07
1.299485421964590438e+07
1.299221648344910890e+07
1.299122711217014678e+07
1.299220373110617511e+07
1.299467018245545961e+07
1.299641463464551233e+07
1.299215552660710923e+07
1.299162199911114573e+07
1.299434473061573319e+07
1.299680484144361503e+07
1.299319479979584180e+07
1.299187009116613120e+07
1.299168985860639252e+07
1.299332971936141141e+07
1.299695317072637938e+07
1.299313571681281738e+07
1.299122394002627023e+07
1.299202554506568052e+07
1.299514540789276175e+07
1.299543914689584635e+07
1.299301035523929074e+07
1.299287981943524815e+07
1.299629219929957762e+07
1.299674565872852132e+07
1.299404925439495593e+07
1.299366102480698004e+07
1.299673245486101508e+07
1.299608197359227948e+07
1.299389653103762120e+07
1.299234691012368724e+07
1.299303894744791649e+07
1.299795534743427485e+07
1.299509596580102667e+07
1.299215964717269130e+07
1.299341180205960199e+07
1.299811946687100828e+07
1.299347823584081419e+07
1.299180926531123184e+07
1.299412856557008624e+07
1.299599618501730636e+07
1.299249593734147586e+07
1.299093383735597692e+07
1.299109269525363483e+07
1.299310629171458073e+07
1.299451099118598551e+07
1.299339265000845864e+07
1.299125343145150132e+07
1.298998340770114213e+07
1.299082599330746755e+07
1.299239882164629921e+07
1.299404551782877743e+07
1.299474092655745521e+07
1.299159252166284621e+07
1.299049076902882941e+07
1.299015937928686664e+07
1.299081044295206852e+07
1.299398408204909042e+07
1.299435067447613366e+07
1.299264899244943820e+07
1.299109982537086494e+07
1.298969462727721035e+07
1.299050715751423873e+07
1.299245566740209423e+07
1.299371693429736048e+07
1.299431268764623813e+07
1.299142266990391910e+07
1.299015723699926026e+07
1.299094469676624611e+07
1.299300886836432293e+07
1.299446351573180594e+07
1.299371449040042236e+07
1.299124185492538475e+07
1.299029112157675251e+07
1.299126258179807290e+07
1.299316643242538162e+07
1.299433325722459517e+07
1.299295833846173249e+07
1.299075683298544958e+07
1.298998979721353948e+07
1.299072541235478595e+07
1.299232417216242850e+07
1.299423647790545411e+07
1.299445789047595859e+07
1.299148465236435831e+07
1.299032195889679901e+07
1.299098222492751107e+07
1.299226272975935973e+07
1.299568566814643145e+07
1.299458740243215114e+07
1.299134754286997765e+07
1.299064971545081399e+07
1.299076106062736548e+07
1.299267474186364934e+07
1.299623538706549630e+07
1.299255184547116421e+07
1.299086141108128987e+07
1.299040948293430731e+07
1.299124613858089596e+07
1.299370371675292961e+07
1.299510304076115042e+07
1.299258217465745099e+07
1.299078594622902200e+07
1.299018790100335330e+07
1.299104454622855783e+07
1.299332238166863099e+07
1.299498980059473403e+07
1.299289858488119952e+07
1.299114944779022224e+07
1.299054481111481786e+07
1.299162933248755336e+07
1.299471447555825859e+07
1.299530486562774330e+07
1.299162562199697085e+07
1.299166260733784921e+07
1.299658213413744606e+07
1.299504929520612024e+07
1.299162949051982164e+07
1.299250361929363757e+07
1.299716819087670371e+07
1.299422540613722056e+07
1.299235665447751246e+07
1.299125111782576889e+07
1.299217098080877960e+07
1.299520747862637229e+07
1.299430762523141131e+07
1.299122100331600197e+07
1.299087914128914848e+07
1.299307837837062031e+07
1.299564474727760628e+07
1.299357014944323711e+07
1.299216080335999653e+07
1.299592994464936107e+07
1.299734488089884445e+07
1.299441943278248236e+07
1.299257777395342849e+07
1.299557776772231609e+07
1.299589908011546731e+07
1.299399603290916793e+07
1.299205041118821315e+07
1.299211088057498075e+07
1.299463751513373852e+07
1.299753449742445536e+07
1.299259434169499390e+07
1.299184983964823373e+07
1.299525132520981133e+07
1.299562660125512071e+07
1.299179092040427402e+07
1.299070801555103809e+07
1.299191017949073948e+07
1.299413512464433536e+07
1.299402290237271599e+07
1.299168047776910290e+07
1.299211110539074615e+07
1.299403442404476553e+07
1.299534855867770500e+07
1.299328679541344009e+07
1.299074645026624203e+07
1.299058587355292402e+07
1.299213080155014992e+07
1.299385589101174846e+07
1.299524225224883668e+07
1.299234331520599127e+07
1.299039046086297929e+07
1.299084800846065767e+07
1.299262490648136288e+07
1.299436851994762942e+07
1.299538615449322574e+07
1.299141566759131104e+07
1.299054415501873940e+07
1.299240876203725301e+07
1.299459701781785116e+07
1.299434486222968809e+07
1.299218220893504098e+07
1.299241830700602569e+07
1.299463978453228623e+07
1.299500028996150009e+07
1.299236259583942406e+07
1.299229108551172912e+07
1.299406313953341916e+07
1.299661461048577353e+07
1.299435494390153699e+07
1.299156965421666764e+07
1.299182516734273918e+07
1.299490497333312966e+07
1.299470493249316700e+07
1.299171003387734480e+07
1.299167615894821472e+07
1.299340103267881274e+07
1.299498607690548524e+07
1.299357478135246038e+07
1.299143646762787737e+07
1.299156891373677738e+07
1.299527213789708726e+07
1.299606803221569583e+07
1.299300519182853214e+07
1.299153446688940562e+07
1.299143881339641847e+07
1.299365121394633502e+07
1.299462472391887940e+07
1.299233981239829585e+07
1.299051654973031580e+07
1.299077812357571907e+07
1.299287539561193250e+07
1.299436578112348914e+07
1.299376363399977237e+07
1.299157623534879088e+07
1.299012238434503600e+07
1.299054109680822864e+07
1.299254825975257158e+07
1.299383768616175465e+07
1.299460240281504579e+07
1.299203755552235618e+07
1.299036603439267911e+07
1.299003141676336341e+07
1.299048434246007539e+07
1.299246499584500119e+07
1.299488896741303243e+07
1.299329227115021646e+07
1.299211182099992037e+07
1.299021000064910203e+07
1.298980696815762110e+07
1.299105879859996028e+07
1.299243477188746445e+07
1.299448136376918480e+07
1.299359492479598150e+07
1.299120030178917572e+07
1.299025722745345533e+07
1.299002813466961868e+07
1.299100388212202676e+07
1.299329338536745310e+07
1.299411573380837776e+07
1.299328530058446340e+07
1.299141406959846988e+07
1.299017355910352804e+07
1.299061469042514265e+07
1.299227948434057087e+07
1.299374534598005563e+07
1.299441082829200104e+07
1.299228190388380736e+07
1.299047081544222683e+07
1.299017052362645604e+07
1.299085288875252940e+07
1.299262562290931307e+07
1.299521288303184137e+07
1.299356971345894970e+07
1.299194006800698675e+07
1.299037784307031892e+07
1.299016845108031482e+07
1.299206805846655555e+07
1.299433207054771855e+07
1.299404895791419782e+07
1.299295496812551096e+07
1.299061234351492859e+07
1.298999663952426985e+07
1.299070005405558087e+07
1.299195222266932018e+07
1.299449288068976067e+07
1.299406653137170151e+07
1.299233413726304658e+07
1.299087348040134273e+07
1.298984400954690017e+07
1.299034464196165651e+07
1.299195915433368459e+07
1.299350965639208443e+07
1.299428744061721489e+07
1.299261125423847698e+07
1.299098322625956126e+07
1.299003734668057226e+07
1.299009324577864259e+07
1.299114508374835551e+07
1.299321245644592494e+07
1.299391265125458129e+07
1.299318795819441229e+07
1.299159571191425435e+07
1.299013226681658812e+07
1.298995111456128396e+07
1.299058620518453605e+07
1.299190218140277267e+07
1.299410005124032497e+07
1.299338280609956942e+07
1.299260782791380212e+07
1.299084799755480140e+07
1.298980891186143085e+07
1.299023885054015368e+07
1.299098783888942935e+07
1.299288298780866340e+07
1.299432971080702543e+07
1.299350520288557932e+07
1.299251328331572935e+07
1.299053626612419449e+07
1.299003646049628779e+07
1.299046493769680709e+07
1.299146022072401457e+07
1.299366992157800496e+07
1.299395207435715012e+07
1.299374533895894326e+07
1.299187863713890128e+07
1.299035999875188805e+07
1.299014078437771834e+07
1.299061034678887762e+07
1.299206544183588400e+07
1.299380510837627761e+07
1.299390733291818760e+07
1.299329625126798078e+07
1.299122783503703959e+07
1.299021852789949067e+07
1.299022475599902682e+07
1.299121919640938565e+07
1.299283214945325628e+07
1.299422557025207393e+07
1.299375844199343584e+07
1.299220825482132658e+07
1.299061709088183381e+07
1.298998511505308934e+07
1.299066087798153237e+07
1.299218985100748017e+07
1.299361255812665634e+07
1.299469438397095166e+07
1.299270853476305120e+07
1.299124065087137371e+07
1.299013774478476122e+07
1.299016601388435625e+07
1.299186416508566216e+07
1.299336396775356680e+07
1.299461166268864274e+07
1.299369826885773987e+07
1.299125665186409652e+07
1.299038098017331772e+07
1.299015760712533630e+07
1.299119632733603008e+07
1.299370146185703389e+07
1.299417839616345055e+07
1.299399213555766642e+07
1.299162997723808698e+07
1.299014671365472861e+07
1.299047030772279389e+07
1.299181454950199649e+07
1.299372866798188910e+07
1.299508040956219099e+07
1.299302137658814713e+07
1.299131728314593062e+07
1.299025700059776381e+07
1.299050031483081914e+07
1.299207624361999705e+07
1.299434547897635773e+07
1.299401412177984975e+07
1.299239177504824474e+07
1.299080626092130691e+07
1.299023930378179811e+07
1.299157167270119861e+07
1.299342944419709034e+07
1.299416177002345584e+07
1.299374344828850403e+07
1.299116257214726321e+07
1.299026038965342380e+07
1.299034865625847317e+07
1.299111422120687924e+07
1.299391589797971025e+07
1.299438567737250030e+07
1.299280730019634776e+07
1.299139362955667451e+07
1.298981791148091108e+07
1.299027315964457020e+07
1.299170442864659429e+07
1.299302390218489617e+07
1.299530621673867293e+07
1.299262180935141817e+07
1.299099417624735646e+07
1.299016446708540991e+07
1.299009288787486777e+07
1.299172386855854094e+07
1.299362956730527990e+07
1.299414345106374845e+07
1.299323297436371446e+07
1.299090622833421640e+07
1.299024504988564178e+07
1.299085674476679228e+07
1.299252448243224435e+07
1.299424268981704488e+07
1.299418762312641554e+07
1.299216772321809083e+07
1.299054664514343068e+07
1.299028935019779019e+07
1.299107605390247889e+07
1.299310363525728881e+07
1.299497473471457325e+07
1.299293330322697014e+07
1.299142914730502293e+07
1.299024035300824791e+07
1.299056311145236716e+07
1.299337780785127170e+07
1.299425271725862101e+07
1.299353977540864609e+07
1.299178503279033303e+07
1.298989126511243731e+07
1.299023488089431822e+07
1.299141602252375521e+07
1.299294173010080494e+07
1.299545688393673860e+07
1.299261776094684377e+07
1.299113296001378819e+07
1.299013318675535172e+07
1.299004605826579593e+07
1.299178264519788884e+07
1.299366789396473765e+07
1.299413642300200835e+07
1.299305846538811736e+07
1.299077395266560093e+07
1.299023976009653322e+07
1.299093768182743527e+07
1.299260433525344357e+07
1.299436709724929370e+07
1.299378272217428498e+07
1.299162190887692943e+07
1.299025784278988652e+07
1.299028972218076885e+07
1.299124425333331339e+07
1.299346000500785373e+07
1.299495186746932007e+07
1.299271410604108870e+07
1.299121506210566871e+07
1.299038599336572737e+07
1.299125473154548928e+07
1.299475116534551233e+07
1.299451734026585147e+07
1.299208308057518117e+07
1.299082752132978849e+07
1.299066444180465117e+07
1.299227111567943357e+07
1.299585522055119462e+07
1.299384859473180026e+07
1.299190039478247799e+07
1.299062498857772164e+07
1.299054338765961677e+07
1.299300342508073896e+07
1.299539451380400732e+07
1.299372728372046351e+07
1.299228703770243190e+07
1.299048916725566797e+07
1.299100664464280568e+07
1.299360151263568923e+07
1.299522663707938418e+07
1.299329223286896572e+07
1.299142644236895628e+07
1.299209943084885366e+07
1.299410684945225343e+07
1.299489500525227189e+07
1.299284064761711098e+07
1.299067345065778866e+07
1.299045714532145113e+07
1.299186854097614996e+07
1.299351363641248643e+07
1.299532204951066338e+07
1.299292049206098542e+07
1.299073993356044218e+07
1.299048593954809196e+07
1.299133716746282205e+07
1.299314103727002069e+07
1.299645666529119574e+07
1.299258417371089384e+07
1.299085328487532772e+07
1.299063219598820992e+07
1.299121142623897828e+07
1.299420091746711358e+07
1.299542327130629681e+07
1.299293790062416717e+07
1.299156730277136713e+07
1.299018290378530696e+07
1.299090494085305929e+07
1.299332203068461828e+07
1.299471749024087563e+07
1.299361912625219487e+07
1.299155222041750327e+07
1.299111322985425219e+07
1.299226511859728396e+07
1.299537478971123695e+07
1.299573297898754291e+07
1.299239026533793472e+07
1.299222629023178481e+07
1.299592244001902454e+07
1.299575797422704659e+07
1.299236379635598697e+07
1.299295925238956511e+07
1.299730859035316482e+07
1.299308021297793090e+07
1.299114631260254793e+07
1.299295345024538971e+07
1.299577125786252134e+07
1.299333628029359318e+07
1.299157358173525147e+07
1.299212309373761527e+07
1.299434227424516529e+07
1.299543901554714330e+07
1.299236694300179929e+07
1.299150017769832164e+07
1.299298638374876231e+07
1.299640743103426322e+07
1.299442039357555099e+07
1.299162395821896382e+07
1.299231389662135206e+07
1.299717421108760871e+07
1.299449171427163295e+07
1.299173069126638770e+07
1.299478253937423974e+07
1.299849257425721176e+07
1.299405779458105750e+07
1.299189436968545057e+07
1.299505123358491063e+07
1.299667698710509948e+07
1.299175320372629352e+07
1.299163755699987710e+07
1.299453865645997599e+07
1.299629670723414980e+07
1.299318334753113054e+07
1.299272051736785658e+07
1.299599282125003822e+07
1.299722796658773161e+07
1.299721101533655636e+07
1.299333969880238548e+07
1.299348371600217931e+07
1.299556964386543632e+07
1.299595630911966786e+07
1.299222908904686011e+07
1.299256147143644094e+07
1.299596891693539359e+07
1.299788892760769092e+07
1.299246403399717063e+07
1.299308109794461168e+07
1.299775195449048653e+07
1.299764488354542479e+07
1.299253289116302691e+07
1.299377828525791690e+07
1.299743532515797950e+07
1.299407798732912168e+07
1.299186931970180199e+07
1.299304454886941239e+07
1.299637127660950832e+07
1.299710818397253007e+07
1.299371441048734076e+07
1.299478639530717395e+07
1.299911942137484998e+07
1.299895552175450884e+07
1.300009323366383091e+07
1.300093900914130546e+07
1.299932281342838518e+07
1.299862745111055672e+07
1.299957794256005809e+07
1.300081681357217394e+07
1.300022401444366015e+07
1.299871779480887391e+07
1.299992238698552921e+07
1.300031174454719760e+07
1.299952243892304227e+07
1.300046222053543665e+07
1.300043288557317294e+07
1.299878404267839901e+07
1.300106595446128771e+07
1.300145232621806860e+07
1.299960641526731849e+07
1.300065972556666099e+07
1.300115744856387749e+07
1.299945116272662207e+07
1.299676611552256905e+07
1.299430504828415997e+07
1.299861972069087066e+07
1.299975319931711070e+07
1.299980263392896019e+07
1.299800744118188322e+07
1.299561499657658860e+07
1.299839384263654985e+07
1.300052353201753460e+07
1.300072255531642586e+07
1.300136782157318108e+07
1.300148079524143040e+07
1.300016358322571218e+07
1.300138112956460379e+07
1.300211627761827968e+07
1.300056572130714729e+07
1.299738110667998157e+07
1.299684717012712173e+07
1.300057519972576015e+07
1.299987495938977972e+07
1.299711317892815731e+07
1.299860645947503299e+07
1.300094982153861225e+07
1.299710061546234787e+07
1.299960656264938414e+07
1.300043062186746672e+07
1.299918588495779596e+07
1.299697698075070046e+07
1.300054760448076203e+07
1.299956706602301821e+07
1.299740143759599142e+07
1.299891123940584064e+07
1.300025837510675192e+07
1.299711632019101456e+07
1.299692347132369690e+07
1.300053623889112286e+07
1.299999265806085616e+07
1.299679795501995087e+07
1.299699045417021215e+07
1.300080087786849216e+07
1.300144275383856893e+07
1.299923164841170795e+07
1.299660967713485658e+07
1.299984664206612855e+07
1.300211336464387551e+07
1.300000251494605094e+07
1.299646937189440802e+07
1.299799270319380984e+07
1.300140527232461236e+07
1.300041730764273740e+07
1.299808641848659702e+07
1.299742148909288272e+07
1.300084121233526617e+07
1.299860264046172611e+07
1.299667490447817370e+07
1.299940969129413553e+07
1.299870743487374485e+07
1.299672223371825181e+07
1.300022534112477489e+07
1.299905918533726409e+07
1.299785895267994888e+07
1.299926963689123094e+07
1.300011958586812019e+07
1.299776603652439639e+07
1.300014011486035213e+07
1.299809546376630291e+07
1.299820312982477993e+07
1.299960089832840115e+07
1.299820982621347718e+07
1.299828873779398948e+07
1.300043142610968463e+07
1.299780416338233836e+07
1.300003191347155720e+07
1.299920837077462673e+07
1.299793028797791526e+07
1.299943862823770568e+07
1.299847905816322379e+07
1.299769112061221711e+07
1.300092618848990835e+07
1.299793001471612416e+07
1.299960106684122235e+07
1.299993588166650012e+07
1.299866429925396480e+07
1.299858184234515578e+07
1.299965154101332836e+07
1.299752452314184606e+07
1.299973832565510273e+07
1.299942894146114215e+07
1.299853780288479291e+07
1.299941557163745165e+07
1.299993931580969132e+07
1.299820289041473344e+07
1.300022373715465516e+07
1.299856016566692479e+07
1.299937387856674753e+07
1.299913085591023602e+07
1.299919632104660571e+07
1.299949586931154318e+07
1.299928824708857015e+07
1.299898907467355952e+07
1.299967670258434117e+07
1.299883273327316903e+07
1.299975769368568249e+07
1.299888294557027705e+07
1.299959542432972789e+07
1.299942782760146633e+07
1.299954566290451959e+07
1.299872259709253162e+07
1.299991309410081245e+07
1.299923728963856399e+07
1.299932307940961421e+07
1.299922793443347327e+07
1.299947735622072965e+07
1.299921978184751421e+07
1.300006892253207602e+07
1.299866743378177471e+07
1.300028743247922510e+07
1.299989360121325403e+07
1.299911110641089268e+07
1.299946375306813978e+07
1.299971982322165370e+07
1.299910711011443287e+07
1.300030653091032989e+07
1.299894666646012850e+07
1.300016459233551472e+07
1.300025151055014320e+07
1.299902678635071404e+07
1.299942293646422029e+07
1.300000763514604792e+07
1.299909772792016342e+07
1.300050728440903500e+07
1.299906711705941521e+07
1.300028123328514025e+07
1.300103567143364064e+07
1.299910932248464599e+07
1.299899028521984816e+07
1.300081674087928981e+07
1.299922268293527886e+07
1.299991106545233168e+07
1.299980724548988417e+07
1.299944585615159385e+07
1.300053065378960781e+07
1.299962538377199695e+07
1.299913927194333822e+07
1.300058085762288049e+07
1.299937899527724832e+07
1.300032285037118383e+07
1.299941463086101785e+07
1.300016085065587051e+07
1.300102137394878268e+07
1.299897932314471900e+07
1.299933847844670713e+07
1.300059567847807892e+07
1.299914425327664986e+07
1.300014889064450562e+07
1.299977580908519588e+07
1.299949791405481286e+07
1.300095493152863719e+07
