1.298391623610641621e+07
1.298369216059795767e+07
1.298361317644108459e+07
1.298369463792663626e+07
1.298393305019165576e+07
1.298420106263019331e+07
1.298443009182441607e+07
1.298442705751065351e+07
1.298438011940888688e+07
1.298405939024261199e+07
1.298379397738322243e+07
1.298368314718389139e+07
1.298356573340845294e+07
1.298382503317196853e+07
1.298402409998345375e+07
1.298428097020317428e+07
1.298451523678642511e+07
1.298438840858613513e+07
1.298431934320685454e+07
1.298394837192982621e+07
1.298377225989641808e+07
1.298359469173040800e+07
1.298361785265933163e+07
1.298389376381895319e+07
1.298404648602710292e+07
1.298445859903670661e+07
1.298443369247389585e+07
1.298441564360051975e+07
1.298424442342919484e+07
1.298383724765007570e+07
1.298374490859918669e+07
1.298355756378993578e+07
1.298371115665034205e+07
1.298396243879467621e+07
1.298419038957252167e+07
1.298447548307830095e+07
1.298443042979867198e+07
1.298441001870487630e+07
1.298405509842502512e+07
1.298384287503946573e+07
1.298367069053603150e+07
1.298358922926463187e+07
1.298383173005007394e+07
1.298401389203491993e+07
1.298429720064575970e+07
1.298448753521970287e+07
1.298440854143111035e+07
1.298428262523892522e+07
1.298400575470557064e+07
1.298375281692534313e+07
1.298364619288738631e+07
1.298368658720344305e+07
1.298387830432068370e+07
1.298417646013416164e+07
1.298438207849427313e+07
1.298449494316766970e+07
1.298438332653998397e+07
1.298418936182527430e+07
1.298387280960236862e+07
1.298367277249407582e+07
1.298365577272967435e+07
1.298369412843783945e+07
1.298405137837202288e+07
1.298425019412341155e+07
1.298445426935848780e+07
1.298455126141637564e+07
1.298427166883341223e+07
1.298412857472397573e+07
1.298376342154868133e+07
1.298364712768894061e+07
1.298365255866257101e+07
1.298377564995147102e+07
1.298413525999675505e+07
1.298428548042819090e+07
1.298457577286648750e+07
1.298441830110557005e+07
1.298428336579077505e+07
1.298403981296738237e+07
1.298366861081979237e+07
1.298368902176162042e+07
1.298362065554097854e+07
1.298388673220042698e+07
1.298420460983137041e+07
1.298435620098112337e+07
1.298456612316634692e+07
1.298438131357783638e+07
1.298423121730690077e+07
1.298387262708250247e+07
1.298369229536749423e+07
1.298362911277517118e+07
1.298368674211383797e+07
1.298401310601117089e+07
1.298419788755734265e+07
1.298444455570570938e+07
1.298449150453446619e+07
1.298427925327520072e+07
1.298409277592548914e+07
1.298379382540648617e+07
1.298363664218072966e+07
1.298366693214723468e+07
1.298381431486220658e+07
1.298407705604120344e+07
1.298434278936508112e+07
1.298444223147928156e+07
1.298442713634588383e+07
1.298421508951205388e+07
1.298395198249778710e+07
1.298370589749707095e+07
1.298360334189591557e+07
1.298370409027384594e+07
1.298386840629500709e+07
1.298421982366445474e+07
1.298436836019774154e+07
1.298447020575309917e+07
1.298441318821536191e+07
1.298405106046298519e+07
1.298390163197964430e+07
1.298360145863187313e+07
1.298359938087437674e+07
1.298378389087873884e+07
1.298395464338629507e+07
1.298434882632528618e+07
1.298441699324144050e+07
1.298452134536149539e+07
1.298426111102196574e+07
1.298402819834587164e+07
1.298379243546906114e+07
1.298353774375596829e+07
1.298369930922630057e+07
1.298376546871174127e+07
1.298410617024958506e+07
1.298440521724463254e+07
1.298440931211546622e+07
1.298450418352648243e+07
1.298417465057962015e+07
1.298397134917211719e+07
1.298369915714865923e+07
1.298359855984714627e+07
1.298371124281954765e+07
1.298388142307611555e+07
1.298424217692513578e+07
1.298437998710319586e+07
1.298450715593842976e+07
1.298439162936390378e+07
1.298409090008175001e+07
1.298389252291579172e+07
1.298363581539125182e+07
1.298363491906296462e+07
1.298379401566735655e+07
1.298401805739265122e+07
1.298431984731292166e+07
1.298448528126661479e+07
1.298444362941758148e+07
1.298431412334709428e+07
1.298403010679681599e+07
1.298377245024015941e+07
1.298365709205461293e+07
1.298366215952904709e+07
1.298388720690700039e+07
1.298412251550735533e+07
1.298441132083488628e+07
1.298446726842876151e+07
1.298443719190414622e+07
1.298424675603202172e+07
1.298386999601125531e+07
1.298376713254964910e+07
1.298358530684636533e+07
1.298371112009876408e+07
1.298400549278562889e+07
1.298416829886488244e+07
1.298452880451017618e+07
1.298446310546679981e+07
1.298441217764609866e+07
1.298410068457348831e+07
1.298382458863977902e+07
1.298367798113832809e+07
1.298355935323165916e+07
1.298384077615529113e+07
1.298399783646968938e+07
1.298433056020861305e+07
1.298451974500275031e+07
1.298439235582682677e+07
1.298437449700752273e+07
1.298395004173862562e+07
1.298377693329380453e+07
1.298362133456883579e+07
1.298362710967826657e+07
1.298389348785032332e+07
1.298409426275785826e+07
1.298440169175479002e+07
1.298445320501023531e+07
1.298443275093913078e+07
1.298420602976091392e+07
1.298390497850396112e+07
1.298374692205116153e+07
1.298359458830193616e+07
1.298374376666168869e+07
1.298397524806551076e+07
1.298420192050814070e+07
1.298446417695295438e+07
1.298447337441932596e+07
1.298432175287511386e+07
1.298410899654914066e+07
1.298381492141326703e+07
1.298365347275374830e+07
1.298368439885423891e+07
1.298380746087872237e+07
1.298411571185705066e+07
1.298433982958699949e+07
1.298450937415268086e+07
1.298444946146570705e+07
1.298426805623166449e+07
1.298401322692460008e+07
1.298370097817108221e+07
1.298368534400648251e+07
1.298366367864850350e+07
1.298391371307918616e+07
1.298424088673054427e+07
1.298434571409786493e+07
1.298460252990538999e+07
1.298436175687474385e+07
1.298420419024425931e+07
1.298390266763423942e+07
1.298365103498280980e+07
1.298366231191835180e+07
1.298368318203285336e+07
1.298403787618208490e+07
1.298423949401163310e+07
1.298449631190796383e+07
1.298454768196566217e+07
1.298429793847114220e+07
1.298419180652332120e+07
1.298375420740828104e+07
1.298367769439875707e+07
1.298366413236460090e+07
1.298376796958699450e+07
1.298415881975227408e+07
1.298431688168676570e+07
1.298453609466189705e+07
1.298446337498804554e+07
1.298429813747894391e+07
1.298401951089453325e+07
1.298375089003025740e+07
1.298369709600546770e+07
1.298368091346218623e+07
1.298394229157331772e+07
1.298419649175167084e+07
1.298438459369798936e+07
1.298455023037072085e+07
1.298439839214634895e+07
1.298418613553821854e+07
1.298393697196061723e+07
1.298369575614296645e+07
1.298366961177742295e+07
1.298380609751049615e+07
1.298400292854379676e+07
1.298433941302320361e+07
1.298446679081521556e+07
1.298450399943192117e+07
1.298434563297853433e+07
1.298406950361439772e+07
1.298383093626853824e+07
1.298362563999093324e+07
1.298371521904306300e+07
1.298383417818936519e+07
1.298413905010904744e+07
1.298442429166032560e+07
1.298443512340639904e+07
1.298454530603007972e+07
1.298417557311300561e+07
1.298398221114647016e+07
1.298374961493325047e+07
1.298358470664727502e+07
1.298378302527547069e+07
1.298389588569047302e+07
1.298426463954634592e+07
1.298443125717046484e+07
1.298452406276547723e+07
1.298443398708287254e+07
1.298410805833351053e+07
1.298396161127330549e+07
1.298361373308584839e+07
1.298366972833016887e+07
1.298378571497207694e+07
1.298397027431322634e+07
1.298439538484830596e+07
1.298442680386525206e+07
1.298453231186742336e+07
1.298432646458927915e+07
1.298404954445481859e+07
1.298381836194687150e+07
1.298362446852024458e+07
1.298370336907796375e+07
1.298383780761088803e+07
1.298415503253551014e+07
1.298438208374469727e+07
1.298447271171107329e+07
1.298449382241698168e+07
1.298420375044403970e+07
1.298397909596104920e+07
1.298375398548224568e+07
1.298363446880621649e+07
1.298375960911774449e+07
1.298396984345923923e+07
1.298421793933407776e+07
1.298449254762375727e+07
1.298448275193303078e+07
1.298439569184268266e+07
1.298416185112596303e+07
1.298385916554853320e+07
1.298371535617886856e+07
1.298364562761236727e+07
1.298383327572848834e+07
1.298406664411491342e+07
1.298434128504187055e+07
1.298452837140563689e+07
1.298444505649659783e+07
1.298439530125461891e+07
1.298397730292939208e+07
1.298380931495850533e+07
1.298367145116939396e+07
1.298363459603784792e+07
1.298397756405307166e+07
1.298412114958608709e+07
1.298446576973549835e+07
1.298453675113662891e+07
1.298445468824645877e+07
1.298427144054633565e+07
1.298390859530872852e+07
1.298379451554418355e+07
1.298358947659062780e+07
1.298376309302610531e+07
1.298398041726535931e+07
1.298418006796078384e+07
1.298454855295207724e+07
1.298442639186471701e+07
1.298443175962570496e+07
1.298413006223692000e+07
1.298383633820030279e+07
1.298370956337197870e+07
1.298361507805059664e+07
1.298382995255327038e+07
1.298405117252154090e+07
1.298433966399342753e+07
1.298450216811675765e+07
1.298446427981632017e+07
1.298433530661929399e+07
1.298399185334292799e+07
1.298380700281357393e+07
1.298365502201385051e+07
1.298369258141792938e+07
1.298393494481276534e+07
1.298417062763466686e+07
1.298440399883768335e+07
1.298453890021007136e+07
1.298438345841633901e+07
1.298420465868785977e+07
1.298393543129988015e+07
1.298368885490060039e+07
1.298369510472228564e+07
1.298376428828898445e+07
1.298403228340699151e+07
1.298430259920642525e+07
1.298448150650323555e+07
1.298454058948473074e+07
1.298434120337850973e+07
1.298417246391933411e+07
1.298379266531342268e+07
1.298369026345300488e+07
1.298368618137678877e+07
1.298377819652716629e+07
1.298420771842458285e+07
1.298431665387522615e+07
1.298458640707778372e+07
1.298451867970615067e+07
1.298428095100610144e+07
1.298406914078227244e+07
1.298371348683240823e+07
1.298369200866469927e+07
1.298366695117209852e+07
1.298392957587897778e+07
1.298421984934136458e+07
1.298439037406806648e+07
1.298462276683838852e+07
1.298436151850791834e+07
1.298427392437776551e+07
1.298392533961501904e+07
1.298369437478270940e+07
1.298370058405333012e+07
1.298370220629619993e+07
1.298402983584289439e+07
1.298427048088838160e+07
1.298445995892351307e+07
1.298452330238443241e+07
1.298436087637298368e+07
1.298414071723003499e+07
1.298381446559796296e+07
1.298370203678893112e+07
1.298365902555817738e+07
1.298382952240533940e+07
1.298412872806913033e+07
1.298433200521578267e+07
1.298451118680085428e+07
1.298448889367372915e+07
1.298423999472145177e+07
1.298401059924350120e+07
1.298376373528290167e+07
1.298362846565335244e+07
1.298376882172656059e+07
1.298393050615947321e+07
1.298424272116053663e+07
1.298446229219387099e+07
1.298449416136963852e+07
1.298443561451975070e+07
1.298413492560664006e+07
1.298392314474573918e+07
1.298366373030212522e+07
1.298366602786478214e+07
1.298381117783495970e+07
1.298399674374869280e+07
1.298440075196420588e+07
1.298441626777443103e+07
1.298455317198457010e+07
1.298433854651617073e+07
1.298401395329301804e+07
1.298385103888178430e+07
1.298357859425186366e+07
1.298370241107475758e+07
1.298384969240862690e+07
1.298413168501682021e+07
1.298443743498666957e+07
1.298449224036762491e+07
1.298454549692143127e+07
1.298417925826619565e+07
1.298402218699231185e+07
1.298371684882504493e+07
1.298360430730659701e+07
1.298378816934938543e+07
1.298389104792060517e+07
1.298428668005905114e+07
1.298445542763745040e+07
1.298449771094183810e+07
1.298443359081576765e+07
1.298413417484394647e+07
1.298390883680409007e+07
1.298367472573594376e+07
1.298367890659958497e+07
1.298379461167202331e+07
1.298405075460165367e+07
1.298433958099300042e+07
1.298446301040197909e+07
1.298451496373776719e+07
1.298433314520206489e+07
1.298404601164524443e+07
1.298382945107489452e+07
1.298366412647253275e+07
1.298368795567234047e+07
1.298393407807748578e+07
1.298413666556466930e+07
1.298444119684861973e+07
1.298454303689715266e+07
1.298442219293875620e+07
1.298426898874673247e+07
1.298391937831945717e+07
1.298374659040061198e+07
1.298364629171364009e+07
1.298375007677778043e+07
1.298402159272156842e+07
1.298423935694142804e+07
1.298455369053724222e+07
1.298446193278528750e+07
1.298445770282340050e+07
1.298414481102116965e+07
1.298382247485329770e+07
1.298375485677933693e+07
1.298359590538283437e+07
1.298386406058748998e+07
1.298408690123113431e+07
1.298433041988128982e+07
1.298458533335283771e+07
1.298447264915716276e+07
1.298440108538927697e+07
1.298400213117167912e+07
1.298383201601617411e+07
1.298364256006456167e+07
1.298365650285761245e+07
1.298395615278561600e+07
1.298410646777963266e+07
1.298449181531396694e+07
1.298453036296114698e+07
1.298444013970897347e+07
1.298428791782973893e+07
1.298391552106210589e+07
1.298376412370438315e+07
1.298365442679801770e+07
1.298376411332189478e+07
1.298401048623101227e+07
1.298427272597887367e+07
1.298449269576144405e+07
1.298449448910027742e+07
1.298440811387771368e+07
1.298412330053823814e+07
1.298386735697359033e+07
1.298372135893006064e+07
1.298368312839965336e+07
1.298385467398511060e+07
1.298413794908750057e+07
1.298433453409357928e+07
1.298455113942480460e+07
1.298449166278668866e+07
1.298427036328760348e+07
1.298406991731039993e+07
1.298374056322349794e+07
1.298368369272852503e+07
1.298373201786885597e+07
1.298391837476000749e+07
1.298426960946560837e+07
1.298442599567684904e+07
1.298460566134953685e+07
1.298440149562096037e+07
1.298425733543954790e+07
1.298392332788420841e+07
1.298367400598694757e+07
1.298373191450580023e+07
1.298370627057042532e+07
1.298409520604873449e+07
1.298432074548071623e+07
1.298447569345416129e+07
1.298462510507692210e+07
1.298433357474048063e+07
1.298419260825348273e+07
1.298382338262321427e+07
1.298370486471729353e+07
1.298369178699910082e+07
1.298381185201968811e+07
1.298418113394707255e+07
1.298431461749539524e+07
1.298461206534912437e+07
1.298449607434744760e+07
1.298431391737146676e+07
1.298410622557540424e+07
1.298374621016770415e+07
1.298372255806062743e+07
1.298372468752335012e+07
1.298394132095178962e+07
1.298425937448456325e+07
1.298444284537913650e+07
1.298456625338807888e+07
1.298443940219784155e+07
1.298424076614695787e+07
1.298393065479886718e+07
1.298374839663256705e+07
1.298370491806990281e+07
1.298380816150845401e+07
1.298407784714576975e+07
1.298433891487731785e+07
1.298448198739897646e+07
1.298456254337284714e+07
1.298435818872432597e+07
1.298409262041053735e+07
1.298390173013935797e+07
1.298366936669435725e+07
1.298376049164341576e+07
1.298392987864930555e+07
1.298416098633357137e+07
1.298450070436765812e+07
1.298452250400503539e+07
1.298455540315404721e+07
1.298427338680142350e+07
1.298404529857383110e+07
1.298379058645411022e+07
1.298365171964166872e+07
1.298384033416187949e+07
1.298394187438646145e+07
1.298435970600502752e+07
1.298450998029768653e+07
1.298454095315698162e+07
1.298453534719488211e+07
1.298411368338362686e+07
1.298397511865823157e+07
1.298369661264872923e+07
1.298369778595230542e+07
1.298388835231755674e+07
1.298406840005809441e+07
1.298444192301219516e+07
1.298449652080253884e+07
1.298460684760046937e+07
1.298434665827221237e+07
1.298409321518329903e+07
1.298389129831017740e+07
1.298364061468073539e+07
1.298379269262230210e+07
1.298390394745618664e+07
1.298418458820352145e+07
1.298450254780623503e+07
1.298452178144778125e+07
1.298452905804993398e+07
1.298426978524038009e+07
1.298401196017519385e+07
1.298377329389048368e+07
1.298369816978537105e+07
1.298379589372843876e+07
1.298401863310900703e+07
1.298431983846536838e+07
1.298450490453082323e+07
1.298454267466354929e+07
1.298444954528182745e+07
1.298415210283026844e+07
1.298389379485296085e+07
1.298375854350612871e+07
1.298369144072650187e+07
1.298391718372892402e+07
1.298415525946169347e+07
1.298438377390494198e+07
1.298462395503700711e+07
1.298448019266763330e+07
1.298438500866899267e+07
1.298405374905167893e+07
1.298382094384799898e+07
1.298372275690647960e+07
1.298371755594712310e+07
1.298401228696839884e+07
1.298419065725994669e+07
1.298454087567815743e+07
1.298456612148136087e+07
1.298447662272508070e+07
1.298434234315120243e+07
1.298389247809985280e+07
1.298381714849973470e+07
1.298365213936667331e+07
1.298377542031553574e+07
1.298410714416465163e+07
1.298426837659416907e+07
1.298460639536876604e+07
1.298453703973923810e+07
1.298448217867377587e+07
1.298415063646778651e+07
1.298388455749582499e+07
1.298376482384753786e+07
1.298365473330352828e+07
1.298393768922583573e+07
1.298411577336193994e+07
1.298439488982910477e+07
1.298461343103421107e+07
1.298447889011012018e+07
1.298439947854745202e+07
1.298406407433713041e+07
1.298383981724721380e+07
1.298373557093642466e+07
1.298377450075253844e+07
1.298399704727949388e+07
1.298426969550751895e+07
1.298450253406643495e+07
1.298457737192553282e+07
1.298448990420308895e+07
1.298425943773347139e+07
1.298396061394719593e+07
1.298377941135407612e+07
1.298373608169238269e+07
1.298383423254549317e+07
1.298414447639092430e+07
1.298437788562301174e+07
1.298455024776927568e+07
1.298462948150243983e+07
1.298434792843345366e+07
1.298417623671859130e+07
1.298386245384767279e+07
1.298370517370742373e+07
1.298378868517445773e+07
1.298389743386562541e+07
1.298427158350078948e+07
1.298444395194472559e+07
1.298463688775350153e+07
1.298453020733028837e+07
1.298430775317353755e+07
1.298410210449088179e+07
1.298372748479945958e+07
1.298376423224539682e+07
1.298375286704121716e+07
1.298398640500878543e+07
1.298438027482717298e+07
1.298445025954209268e+07
1.298469339378956147e+07
1.298446959136426263e+07
1.298427899925980903e+07
1.298397053115583025e+07
1.298373619163920544e+07
1.298375392645259388e+07
1.298379905512854084e+07
1.298415767244354077e+07
1.298435768661385216e+07
1.298457396273736097e+07
1.298463509987004101e+07
1.298435403707579710e+07
1.298420957745983638e+07
1.298385681454843096e+07
1.298373507339245081e+07
1.298377549967680126e+07
1.298391032111541368e+07
1.298422515706156567e+07
1.298445582965694368e+07
1.298458248313242383e+07
1.298453012146123871e+07
1.298433359689369239e+07
1.298405322316586785e+07
1.298381899458519742e+07
1.298373799004590511e+07
1.298381286491258815e+07
1.298403286378425732e+07
1.298433584931874461e+07
1.298451833541608788e+07
1.298459230475281365e+07
1.298450972936900333e+07
1.298416957303490490e+07
1.298399121359232627e+07
1.298374885287490115e+07
1.298371683694899455e+07
1.298394853213678673e+07
1.298409967223869450e+07
1.298448944795718603e+07
1.298457608003205247e+07
1.298459607528645732e+07
1.298440141746688448e+07
1.298409411470612697e+07
1.298390264782173187e+07
1.298366268026334979e+07
1.298381592130745202e+07
1.298394765660110675e+07
1.298423261320507899e+07
1.298457243626159616e+07
1.298450985249665938e+07
1.298462224070494436e+07
1.298426520703580044e+07
1.298402970844436996e+07
1.298382383607563749e+07
1.298367290199331939e+07
1.298386565250655450e+07
1.298401974895538762e+07
1.298438065307995304e+07
1.298454347543008439e+07
1.298460935464826971e+07
1.298451367688403651e+07
1.298416232205508277e+07
1.298400303719476983e+07
1.298371862455482781e+07
1.298375187528355420e+07
1.298393433676762879e+07
1.298413693438467011e+07
1.298448459797191806e+07
1.298458505236670747e+07
1.298455780024556443e+07
1.298438858961872570e+07
1.298410238663586788e+07
1.298385634652792849e+07
1.298375294566504471e+07
1.298379648667683080e+07
1.298400735988417082e+07
1.298428481908729486e+07
1.298451660028303415e+07
1.298458096947014891e+07
1.298450304026448540e+07
1.298429110427753069e+07
1.298395932967395335e+07
1.298382751235427335e+07
1.298372343949337676e+07
1.298383110923023894e+07
1.298415703338862211e+07
1.298431008472918347e+07
1.298463404892269708e+07
1.298456873894295096e+07
1.298443418126204982e+07
1.298419034395598061e+07
1.298384806169483066e+07
1.298377016859475709e+07
1.298369118787007406e+07
1.298395054891020805e+07
1.298418960239438713e+07
1.298444433112568781e+07
1.298466477539651282e+07
1.298446755275369436e+07
1.298444375718193501e+07
1.298400824806907587e+07
1.298381820634378493e+07
1.298374639084777422e+07
1.298371056090891361e+07
1.298406300222785026e+07
1.298423912996610440e+07
1.298452374497445673e+07
1.298459534327450953e+07
1.298448864273286425e+07
1.298429442191646807e+07
1.298393794840722904e+07
1.298382464290847071e+07
1.298367184661971591e+07
1.298383696347595379e+07
1.298410793489728123e+07
1.298430106834492274e+07
1.298459745625074208e+07
1.298453729702386633e+07
1.298440626920247637e+07
1.298416305456759594e+07
1.298387008389719948e+07
1.298374200842803158e+07
1.298376113321547024e+07
1.298392183952453919e+07
1.298420935309320688e+07
1.298445081257366762e+07
1.298457174769969098e+07
1.298451450529580750e+07
1.298430586588520743e+07
1.298404091912399419e+07
1.298379218251890317e+07
1.298375029019559734e+07
1.298380744751209579e+07
1.298403663146340847e+07
1.298436396868632175e+07
1.298446243359126709e+07
1.298466531536452658e+07
1.298444041298814863e+07
1.298422366688173451e+07
1.298399936007422209e+07
1.298371580113448761e+07
1.298379401021789387e+07
1.298385507394211926e+07
1.298416099611212313e+07
1.298444014161456563e+07
1.298458702529923804e+07
1.298466169479509071e+07
1.298435720437666774e+07
1.298423596050015278e+07
1.298383455228204839e+07
1.298373786965281516e+07
1.298382017248102836e+07
1.298389452126414701e+07
1.298434607826057822e+07
1.298446858952298574e+07
1.298465407229922526e+07
1.298459810967788287e+07
1.298433478084102646e+07
1.298412001332880184e+07
1.298380838856263459e+07
1.298380052512233146e+07
1.298381102486827783e+07
1.298406920728661865e+07
1.298435773578419909e+07
1.298449426255194284e+07
1.298468120889618807e+07
1.298445988597319648e+07
1.298427279062282667e+07
1.298400113431550004e+07
1.298376978596928716e+07
1.298378655891828425e+07
1.298389671099587530e+07
1.298414636056662910e+07
1.298444572269800119e+07
1.298457835558612645e+07
1.298458362951317057e+07
1.298441825529086031e+07
1.298413859652229026e+07
1.298388847079940327e+07
1.298374424033169635e+07
1.298379367020436749e+07
1.298397138446776569e+07
1.298425077208426781e+07
1.298452166971551999e+07
1.298454586192538776e+07
1.298458810373925790e+07
1.298425925065972097e+07
1.298401830189047940e+07
1.298384739572999999e+07
1.298367333123589121e+07
1.298390161768935993e+07
1.298404624021366611e+07
1.298435742476233840e+07
1.298458106487726979e+07
1.298455567040984519e+07
1.298450648144546524e+07
1.298414442759113014e+07
1.298398679025735892e+07
1.298370039314789325e+07
1.298372218109302409e+07
1.298391693618959934e+07
1.298406551106460206e+07
1.298452229268647544e+07
1.298452417260867916e+07
1.298459583829387650e+07
1.298441573127271608e+07
1.298406545539330505e+07
1.298390834146617912e+07
1.298367781446277909e+07
1.298379769720228203e+07
1.298396537902352773e+07
1.298425025921537168e+07
1.298451970508408174e+07
1.298455127737740241e+07
1.298458564691822976e+07
1.298424701638984494e+07
1.298405098471432924e+07
1.298382449910423718e+07
1.298371013552308641e+07
1.298388330317748338e+07
1.298405759754867665e+07
1.298434899546427466e+07
1.298457425532300398e+07
1.298456638644203730e+07
1.298446170319824852e+07
1.298421620096056908e+07
1.298393130888061225e+07
1.298378085806301795e+07
1.298376481800008006e+07
1.298392086839045584e+07
1.298419795476740785e+07
1.298444340282655135e+07
1.298461450333136320e+07
1.298454364992832951e+07
1.298442522730663791e+07
1.298406507883016579e+07
1.298385721255254932e+07
1.298377049888799340e+07
1.298373948141022772e+07
1.298408965229550935e+07
1.298426021716464683e+07
1.298454440664217062e+07
1.298466812518442795e+07
1.298448668259625323e+07
1.298435030033625290e+07
1.298396077349032648e+07
1.298383610788642801e+07
1.298371445957413316e+07
1.298384149043280259e+07
1.298413781902639009e+07
1.298430400021767803e+07
1.298467521758436412e+07
1.298454304778567888e+07
1.298450990291644447e+07
1.298424025749549083e+07
1.298389183861885406e+07
1.298383293352865614e+07
1.298370146097318456e+07
1.298394401224742644e+07
1.298419488676809147e+07
1.298443300841610879e+07
1.298464531044859625e+07
1.298454712742602453e+07
1.298444214447291195e+07
1.298406622559078783e+07
1.298389528113601916e+07
1.298374795659199730e+07
1.298378073854043707e+07
1.298406213734045066e+07
1.298425575105747767e+07
1.298453108613082580e+07
1.298462087428883463e+07
1.298447394330446608e+07
1.298428961269075796e+07
1.298400873582135327e+07
1.298379775320927612e+07
1.298378433274847642e+07
1.298388864737034030e+07
1.298413168082048185e+07
1.298441805877576023e+07
1.298456056837700307e+07
1.298459905881669186e+07
1.298441333673402667e+07
1.298419031741298735e+07
1.298388772436804138e+07
1.298375796227432601e+07
1.298380287027315050e+07
1.298391159138471819e+07
1.298430793922680803e+07
1.298444996785253845e+07
1.298464656461282633e+07
1.298461118693702668e+07
1.298429966728114709e+07
1.298413500800560974e+07
1.298377518084619939e+07
1.298374689869660325e+07
1.298381413984697312e+07
1.298401352627626248e+07
1.298437771002114378e+07
1.298450117359076440e+07
1.298470478094702959e+07
1.298444437723052129e+07
1.298429681093089096e+07
1.298399652638320252e+07
1.298372165638393164e+07
1.298380351993955858e+07
1.298379836260425858e+07
1.298414816347760148e+07
1.298441764023631066e+07
1.298453829709867947e+07
1.298464786421457864e+07
1.298439924488978088e+07
1.298421089362534881e+07
1.298387107551112212e+07
1.298376129790017381e+07
1.298375451750744507e+07
1.298390712141558342e+07
1.298424972326452285e+07
1.298441174618625082e+07
1.298461959071240388e+07
