1.299822969275264628e+07
1.299455649903022684e+07
1.299510499252509326e+07
1.299850638608241081e+07
1.299764260699254088e+07
1.299486490947647579e+07
1.299663216142995283e+07
1.299865010395223834e+07
1.299495832906704023e+07
1.299738150330292434e+07
1.299816676204367541e+07
1.299661081936073303e+07
1.299555090796780773e+07
1.299858942830763757e+07
1.299600915679102391e+07
1.299481801467922144e+07
1.299794054601122811e+07
1.299650250037247501e+07
1.299456533050522767e+07
1.299780417662906647e+07
1.299736371937381104e+07
1.299550077445170842e+07
1.299696834833784401e+07
1.299786141312638111e+07
1.299584825371753238e+07
1.299801946461424977e+07
1.299594970338427089e+07
1.299567304008655250e+07
1.299783647634968162e+07
1.299587414275395125e+07
1.299567849972431734e+07
1.299823967568462901e+07
1.299568517568379082e+07
1.299758185947239026e+07
1.299715309190430678e+07
1.299520341172798164e+07
1.299686510448944941e+07
1.299710544640450925e+07
1.299476070202766918e+07
1.299739561090383306e+07
1.299792390873708017e+07
1.299553908911140263e+07
1.299659440220898576e+07
1.299894381827610545e+07
1.299529310861782357e+07
1.299756133133780584e+07
1.299813957287240215e+07
1.299616317192161642e+07
1.299595639235023782e+07
1.299782769144668989e+07
1.299509594777966477e+07
1.299628961080999486e+07
1.299838057916563191e+07
1.299571050085559487e+07
1.299580276374589838e+07
1.299959142724916525e+07
1.299606600613637269e+07
1.299630302472690865e+07
1.299797422510524839e+07
1.299873220107940771e+07
1.299470173499357700e+07
1.299419858815183863e+07
1.299683439218520746e+07
1.299948049072015285e+07
1.299722786684434675e+07
1.299395184434419870e+07
1.299599000689399056e+07
1.299885506742741168e+07
1.299854505683523975e+07
1.299522042928423360e+07
1.299513124566275626e+07
1.299911588920487091e+07
1.299871178965924308e+07
1.299562996832977049e+07
1.299691212217257358e+07
1.300070552333392948e+07
1.299756373555347696e+07
1.299551576348695345e+07
1.299768389768721722e+07
1.300071356375343539e+07
1.299805239258049801e+07
1.299448466568951309e+07
1.299668461339939386e+07
1.299829075901529379e+07
1.299698627887743898e+07
1.299345328939452954e+07
1.299384696034922451e+07
1.299809472005908377e+07
1.299846664139104635e+07
1.299393631481098011e+07
1.299501813627091609e+07
1.300052102431980520e+07
1.299921468051222712e+07
1.300210670327327400e+07
1.300079206245530397e+07
1.299912598607948609e+07
1.300041267077175342e+07
1.299869662618462183e+07
1.299869302789835073e+07
1.299947876617393643e+07
1.299953135378993303e+07
1.299581596162405424e+07
1.299358932281070203e+07
1.299603611941470020e+07
1.299732097183629498e+07
1.300028295093761198e+07
1.300043401275895908e+07
1.299934359516905434e+07
1.299895183959086239e+07
1.300012391032902524e+07
1.299886795474338904e+07
1.299825004269402288e+07
1.299886672972970828e+07
1.299978184110395052e+07
1.299978782030873001e+07
1.299894210382197425e+07
1.299863114732360654e+07
1.300102871604444832e+07
1.299962307907723263e+07
1.300029932125802152e+07
1.300001038626150601e+07
1.299807487871428579e+07
1.299949076197313890e+07
1.300030199379656278e+07
1.299850698473630287e+07
1.299823115045808442e+07
1.300041470239498280e+07
1.299990340239070915e+07
1.299813540731726028e+07
1.299842086798876710e+07
1.299819573382297531e+07
1.299548007452136464e+07
1.299411181588753872e+07
1.299627272961175442e+07
1.300025624327722751e+07
1.300052292854955047e+07
1.299869333525637724e+07
1.299817684421271458e+07
1.299362032205308601e+07
1.299441059240076505e+07
1.299994462844924070e+07
1.299793177905243449e+07
1.299969418396707810e+07
1.299537819604488648e+07
1.299503104421141930e+07
1.299917608879912458e+07
1.299857958509178646e+07
1.299852123838751577e+07
1.299468273652168177e+07
1.299489951329459436e+07
1.299807057383867539e+07
1.299992607764697261e+07
1.299878561906803027e+07
1.299544725603365526e+07
1.299253546375378966e+07
1.299602107187445834e+07
1.299910205813246593e+07
1.299382043668147363e+07
1.299251831974818185e+07
1.299490699495251849e+07
1.299775122228961624e+07
1.299537356826038286e+07
1.299375030347982422e+07
1.299685728190043755e+07
1.299849802924832888e+07
1.300004207313149236e+07
1.300098554414591193e+07
1.299921689840950817e+07
1.299869460746741667e+07
1.299410226784653403e+07
1.299426624393550120e+07
1.299809719295284711e+07
1.299600374853593484e+07
1.299281140317289904e+07
1.299325350224754401e+07
1.299800812339464575e+07
1.299751961288715340e+07
1.299382719035381265e+07
1.299378715059274435e+07
1.299826167215849832e+07
1.300026648327332176e+07
1.299789284677975439e+07
1.299561476869586296e+07
1.299607739473313466e+07
1.299981662540270388e+07
1.299801088492523134e+07
1.299727180006941967e+07
1.299808647113844380e+07
1.299986642110532150e+07
1.299613655005594157e+07
1.299694753672323376e+07
1.299844704212835990e+07
1.299718258551911637e+07
1.299568318603873812e+07
1.299951271651010588e+07
1.299593444794866815e+07
1.299579152281998657e+07
1.299889416807482950e+07
1.299912335657807253e+07
1.299529968031689525e+07
1.299894429969302751e+07
1.300109848878554627e+07
1.300047780540671200e+07
1.299662827731809765e+07
1.299532417783699371e+07
1.299940245157413185e+07
1.299816379646466300e+07
1.299968982684311271e+07
1.299493403573516384e+07
1.299583555586142279e+07
1.300080025827685185e+07
1.299935308281120658e+07
1.299594167360993661e+07
1.299669444256974198e+07
1.299953079734311812e+07
1.299605331574886851e+07
1.299883382555561140e+07
1.299815070568964630e+07
1.299760674334943853e+07
1.299833376821242832e+07
1.299920477362076752e+07
1.299645478020680323e+07
1.299809108854928426e+07
1.299911055913318135e+07
1.299921418528967164e+07
1.299617502749565616e+07
1.299740925219658762e+07
1.299967012664920278e+07
1.300080623476115800e+07
1.300136932797080278e+07
1.300005389128293470e+07
1.300054223241378739e+07
1.300135274681044929e+07
1.299982851199952513e+07
1.299934143380996957e+07
1.300028018857803382e+07
1.300157476566363871e+07
1.300053440251938626e+07
1.299947370689137466e+07
1.300063208402752504e+07
1.300082400788443536e+07
1.300221237943046354e+07
1.300160933011401072e+07
1.300303360100990534e+07
1.300512740755106695e+07
1.300223405162437074e+07
1.300155983743945323e+07
1.300503972373140790e+07
1.300527938303609565e+07
1.300337073449068703e+07
1.300122746356272884e+07
1.300515369003881514e+07
1.300140885835396126e+07
1.299989471307004057e+07
1.300340726990438811e+07
1.300460752167707123e+07
1.300062919023680501e+07
1.300184740354222991e+07
1.300614129239423387e+07
1.300277593491012976e+07
1.300127262976056896e+07
1.300228395750460029e+07
1.300452582671456784e+07
1.300170732602443732e+07
1.300237810867309570e+07
1.300543999050915986e+07
1.300224874473060854e+07
1.300454539408627525e+07
1.300273632036993094e+07
1.299966645031769946e+07
1.300178869132135436e+07
1.300330366273517534e+07
1.300295762832243182e+07
1.300138181372892112e+07
1.300098420300716162e+07
1.300198932996251620e+07
1.300118998746127635e+07
1.300231283652016893e+07
1.300292599552777782e+07
1.300334887615740299e+07
1.300378134236739390e+07
1.300425167386471108e+07
1.300517632667412050e+07
1.300427166259208135e+07
1.300177847836357728e+07
1.300349677835797332e+07
1.300510797066487931e+07
1.300214098921048269e+07
1.300526111688294262e+07
1.300277640433887765e+07
1.300081923096274957e+07
1.300559186914065108e+07
1.300511016889742389e+07
1.300236172261399217e+07
1.300421948631876335e+07
1.300509085557103530e+07
1.300085678739788942e+07
1.300467765459621139e+07
1.300551580119312182e+07
1.300297891851546057e+07
1.300185295950473100e+07
1.300402124392373115e+07
1.300159209099160694e+07
1.300386558842937835e+07
1.300545345369668119e+07
1.300265878997631930e+07
1.300453702172861621e+07
1.300811497949535213e+07
1.300366138116512634e+07
1.300268084666080214e+07
1.300636865105419606e+07
1.300549103477542475e+07
1.300105404778413847e+07
1.300343398829648644e+07
1.300515944586245716e+07
1.300592450284413248e+07
1.300654090005114302e+07
1.300330161237961054e+07
1.300330204681968689e+07
1.300534325479708984e+07
1.300479420432639681e+07
1.300249691006047465e+07
1.300388014184848033e+07
1.300633406592153572e+07
1.300347981247455440e+07
1.300521912152804248e+07
1.300592542435790785e+07
1.300264561150491610e+07
1.300376137541871890e+07
1.300604586073414609e+07
1.300432561109620892e+07
1.300098913652244210e+07
1.300385120444270596e+07
1.300650255422564037e+07
1.300325737054752000e+07
1.300362325292896666e+07
1.300707889929665625e+07
1.300400010851149820e+07
1.300604896500704624e+07
1.300620306781715527e+07
1.300306986745248549e+07
1.300513581357514858e+07
1.300402681215447374e+07
1.300270517306389846e+07
1.300297751815216430e+07
1.300571127541295253e+07
1.300541801357780211e+07
1.300478061388223246e+07
1.300452570256311446e+07
1.300303568306175061e+07
1.300280737439170294e+07
1.300390541877997667e+07
1.300574984043337591e+07
1.300482016007628292e+07
1.300261163297477178e+07
1.300630961856803298e+07
1.300661266619002447e+07
1.300263203663185239e+07
1.300553565321394056e+07
1.300887504980669543e+07
1.300521781722557358e+07
1.300584641621427424e+07
1.300835783124379069e+07
1.300695215229991823e+07
1.300692081625148095e+07
1.301010910197176598e+07
1.300875145335849561e+07
1.300445809144468606e+07
1.300551340771615319e+07
1.300668407771005668e+07
1.300472175937680155e+07
1.300581550381273031e+07
1.300467369093169272e+07
1.300422633541881479e+07
1.300593663611993939e+07
1.300515901237141341e+07
1.300415611879136972e+07
1.300549595417994261e+07
1.300586360240732133e+07
1.300469034674073011e+07
1.300419890637568012e+07
1.300644889591269009e+07
1.300536379607301950e+07
1.300393492941688746e+07
1.300381762643752247e+07
1.299921796779994480e+07
1.300080786697122455e+07
1.300592618852329254e+07
1.300439295503308065e+07
1.300423088824202865e+07
1.300428612918676622e+07
1.300005050915201195e+07
1.300163634289231710e+07
1.300518104856570438e+07
1.300560641530798189e+07
1.300190317771902494e+07
1.299986036761334538e+07
1.300373427627098002e+07
1.300440695920269191e+07
1.300186552005616762e+07
1.300123727655656822e+07
1.300410218112209626e+07
1.300274376619487628e+07
1.300107351494405419e+07
1.300323897826438397e+07
1.300248457000864111e+07
1.300013533065126278e+07
1.300395232664614357e+07
1.300506168477192894e+07
1.300079483078517765e+07
1.299932517281769961e+07
1.300450963957128301e+07
1.300406685263448767e+07
1.300374388723472320e+07
1.300180791377057508e+07
1.300048591419265606e+07
1.300249850354146957e+07
1.300440415499978699e+07
1.300527504855397344e+07
1.300214152311019599e+07
1.299965876587774232e+07
1.300250498849091493e+07
1.300420055079292133e+07
1.300269418280158564e+07
1.300131687361019105e+07
1.300277091686089896e+07
1.300386863930468634e+07
1.300089104762444273e+07
1.300229946831242554e+07
1.300200830044147559e+07
1.300040028708481975e+07
1.300343268077437766e+07
1.300428661806341447e+07
1.300060128915961832e+07
1.300302990472623147e+07
1.300425933839966170e+07
1.300418986285879835e+07
1.300036914026809298e+07
1.300282897625643201e+07
1.300665766455751844e+07
1.300658755306414142e+07
1.300328642376537807e+07
1.300002096252638102e+07
1.300220973481606506e+07
1.300281645559143275e+07
1.300474998067319766e+07
1.300040602892740630e+07
1.299999620942656510e+07
1.300350325595117547e+07
1.300446610842605308e+07
1.300623636846819147e+07
1.300632709347430803e+07
1.300501728628263623e+07
1.300809567584920861e+07
1.300613865011283942e+07
1.300631740262567997e+07
1.300568139882990904e+07
1.300710892901604250e+07
1.300527820251960494e+07
1.300663639739360288e+07
1.300647891150861420e+07
1.300555213062693179e+07
1.300492320012361929e+07
1.300666694048344344e+07
1.300624194412983395e+07
1.300577854435514286e+07
1.300530049308411777e+07
1.300554470668546297e+07
1.300665685173748061e+07
1.300671334852211364e+07
1.300503419272798672e+07
1.300824429970605485e+07
1.300744854256412573e+07
1.300633646623747237e+07
1.300849039891499281e+07
1.300736363882384636e+07
1.300848185964798741e+07
1.300667551430314593e+07
1.300712737281202152e+07
1.300856009364629164e+07
1.300946871021148004e+07
1.300624755990006588e+07
1.300801640783262625e+07
1.300987178883009031e+07
1.300710031515669636e+07
1.301038664677226730e+07
1.301348326292380132e+07
1.300984234488774464e+07
1.300831627172940597e+07
1.300823641918929666e+07
1.300794370578606799e+07
1.300774319606404006e+07
1.300763442307036184e+07
1.300700948139552400e+07
1.300778759698484093e+07
1.300771333630304970e+07
1.300653313594459929e+07
1.300572544821081497e+07
1.300606447308782302e+07
1.300074626329019479e+07
1.300055487446131371e+07
1.300544761543864943e+07
1.300291855740921944e+07
1.299944992638530396e+07
1.299967634602672048e+07
1.300339159903836995e+07
1.300375237193467282e+07
1.300066942298782803e+07
1.300127143600905128e+07
1.300547745819620416e+07
1.300417940782054514e+07
1.300325048218178749e+07
1.300022570296312496e+07
1.300127919137814268e+07
1.300259197251126915e+07
1.300049580082543567e+07
1.299905120820003748e+07
1.299960977429236658e+07
1.300358539821685851e+07
1.300262333978233673e+07
1.299918544143223204e+07
1.299893415980941616e+07
1.300267509794914536e+07
1.300336378382354416e+07
1.300015760747586377e+07
1.299899382628170401e+07
1.300066725708033144e+07
1.300295220802950859e+07
1.300163481172154099e+07
1.300011155353550613e+07
1.300361567139364034e+07
1.300477910355016030e+07
1.300652535376158170e+07
1.300695471235435829e+07
1.300757142085920833e+07
1.300729321022637002e+07
1.300642053121739812e+07
1.300554421949685551e+07
1.300654015004931763e+07
1.300820314344906062e+07
1.300789540870197304e+07
1.300939378060046770e+07
1.301209551463150978e+07
1.300839806956881098e+07
1.300928366240535490e+07
1.301234202037891187e+07
1.301045206635598652e+07
1.300914320052348636e+07
1.301317975169365481e+07
1.300998693600623123e+07
1.300980644654096477e+07
1.301308491999967583e+07
1.301024992143774778e+07
1.301329478763655014e+07
1.301117190590861067e+07
1.301064457362429053e+07
1.301365420643357001e+07
1.301061454745073244e+07
1.301328432168190554e+07
1.301130116908457689e+07
1.301180998339470662e+07
1.301302819483463094e+07
1.300921753306485899e+07
1.301221576809380017e+07
1.301217500054857321e+07
1.301063367123453319e+07
1.301316715748392232e+07
1.300924486475850083e+07
1.301077425875533186e+07
1.301027048984372616e+07
1.300876977060632035e+07
1.301306209499701113e+07
1.301094127941116877e+07
1.300875620877871290e+07
1.301271286268898845e+07
1.301220079171114042e+07
1.300924966616148874e+07
1.301150570854373649e+07
1.301210479343500920e+07
1.300901739093324542e+07
1.301299465958397463e+07
1.301148023190613650e+07
1.300969515358000062e+07
1.301197697154577635e+07
1.300791674015613273e+07
1.301014483786273561e+07
1.301279983071305044e+07
1.300954351244481280e+07
1.300896689196397550e+07
1.301110281334361620e+07
1.300865258889035508e+07
1.300821762936758250e+07
1.301107336947427690e+07
1.300831000668136962e+07
1.300768967467650585e+07
1.300962746461013705e+07
1.300822967413302325e+07
1.300852495388206467e+07
1.301090837365676649e+07
1.300762771839577891e+07
1.300694150797622465e+07
1.301175422749268264e+07
1.300834612224804051e+07
1.300778909958187491e+07
1.300739639854032919e+07
1.300735920376007631e+07
1.300882706346985325e+07
1.300754064147697017e+07
1.300587811298904195e+07
1.301052211763246916e+07
1.300801392124173231e+07
1.300847007221983373e+07
1.301139505906870402e+07
1.300627672476585582e+07
1.300822801989976689e+07
1.301191647227974981e+07
1.300736498169413023e+07
1.300588906623974070e+07
1.300856623246728443e+07
1.301052475365153886e+07
1.300667979263794236e+07
1.300864903805000335e+07
1.301186502027172036e+07
1.300868864492840692e+07
1.300873378590800241e+07
1.301113392818215117e+07
1.301077936281942204e+07
1.300955556025665998e+07
1.301226178001137823e+07
1.301282479485259205e+07
1.300767785639427602e+07
1.300932944500757940e+07
1.301124150765140541e+07
1.301134833860537037e+07
1.300919788222134672e+07
1.301251173739496432e+07
1.301260291987813823e+07
1.301036925152096711e+07
1.301216566859951429e+07
1.301281328750882670e+07
1.301022037557155639e+07
1.301184657194150612e+07
1.301224072376287356e+07
1.300902496571064554e+07
1.301129553761008568e+07
1.300846488498070277e+07
1.301162819839865714e+07
1.301494148188156448e+07
1.301208682927416451e+07
1.301232056321921572e+07
1.301593570588378981e+07
1.301159704584136792e+07
1.301363520925280266e+07
1.301691597302605771e+07
1.301216459094585106e+07
1.301307803785516508e+07
1.301441197432983667e+07
1.301180796783258952e+07
1.301435397058545612e+07
1.301528677874533087e+07
1.301280888722184300e+07
1.301488011291658506e+07
1.301279115542145073e+07
1.301302542970609665e+07
1.301691664236981422e+07
1.301351208398160152e+07
1.301257542219743133e+07
1.301377503615956567e+07
1.301610554820585437e+07
1.301351878546614572e+07
1.301403834124520607e+07
1.301759341863688082e+07
1.301376716871386394e+07
1.301544114872107096e+07
1.301874887131823227e+07
1.301468296628759988e+07
1.301394945505101420e+07
1.301720375472873449e+07
1.301414123975915834e+07
1.301355634895967878e+07
1.301666201115623675e+07
1.301339124185923487e+07
1.301258129378202185e+07
1.301694060950544849e+07
1.301377184652489796e+07
1.301168774643898010e+07
1.301622384710650146e+07
1.301288885600270703e+07
1.301133549742455967e+07
1.301510070736388862e+07
1.301597182922820933e+07
1.301276738785867020e+07
1.301112913286375813e+07
1.301451416342641413e+07
1.301174014497376047e+07
1.301252453517492488e+07
1.301645212351241894e+07
1.301319668530456722e+07
1.301362525556085259e+07
1.301606915339313261e+07
1.301139567057139426e+07
1.301374599927773140e+07
1.301685704130078480e+07
1.301292663033672981e+07
1.301412028046817333e+07
1.301651876755369455e+07
1.301256905344432779e+07
1.301261631055641919e+07
1.301413350939930044e+07
1.301142901487772167e+07
1.301221335343805514e+07
1.301554145551955514e+07
1.301159765879156627e+07
1.301080398442093842e+07
1.301519715241324157e+07
1.301183840882964432e+07
1.300989252346863225e+07
1.301411902777682059e+07
1.301106935583513975e+07
1.301101538029941544e+07
1.301427983722236566e+07
1.301146932576675899e+07
1.301093271602156572e+07
1.301574977528298832e+07
1.301191862556622364e+07
1.301006668884203397e+07
1.301561553972441517e+07
1.301255549839925580e+07
1.301001296071878634e+07
1.301208505399759486e+07
1.301456164483796060e+07
1.301116872578457557e+07
1.301225767241903953e+07
1.301590098583746515e+07
1.301209886576255970e+07
1.301423746972557716e+07
1.301304518624912202e+07
1.301163187407587469e+07
1.301581682702618279e+07
1.301266121088303253e+07
1.301492262566538714e+07
1.301428465425211750e+07
1.301216825679971464e+07
1.301516307859019190e+07
1.301094521523536183e+07
1.301159880510462448e+07
1.301382769527162984e+07
1.300954901625335962e+07
1.301113104876878299e+07
1.301231927606480010e+07
1.300773129938929714e+07
1.301212948576190323e+07
1.301380412060352042e+07
1.300986584039377421e+07
1.301312151662472263e+07
1.301494735938987695e+07
1.301005078219331615e+07
1.301392636982596479e+07
1.301258515587832965e+07
1.301164674710613489e+07
1.301556767019377276e+07
1.301182614840288088e+07
1.301226713739270531e+07
1.301693050350612961e+07
1.301368256203434616e+07
1.301204628607401811e+07
1.301529187521352991e+07
1.301430642651473917e+07
1.301341746575016715e+07
1.301598241000116989e+07
1.301494777252418175e+07
1.301511964001411013e+07
1.301570351160212047e+07
1.301296826009105891e+07
1.301708633598390594e+07
1.301537712002486177e+07
1.301321780992349423e+07
1.301717142992683314e+07
1.301427673566561565e+07
1.301222781410094164e+07
1.301709610160833038e+07
1.301378016938827187e+07
1.301628924894915707e+07
1.301493407063875347e+07
1.301449934619544446e+07
1.301822431859080121e+07
1.301393687188730948e+07
1.301384389520272613e+07
1.301876752174479887e+07
1.301591387937518582e+07
1.301387442695588246e+07
1.301697784577530064e+07
1.301603864713270776e+07
1.301467455195596442e+07
1.301657373190713860e+07
1.301739622191230766e+07
1.301623261149933189e+07
1.301925920354274288e+07
1.301648070064748824e+07
1.302008878993335925e+07
1.301725429796877503e+07
1.301936205020429380e+07
1.301903027326268703e+07
1.301804617338374257e+07
1.301952657949948870e+07
1.301654565421750396e+07
1.301986034081215411e+07
1.301797280302046239e+07
1.301638379151473381e+07
1.301976736754954606e+07
1.301645548940596730e+07
1.301962952097622119e+07
1.301680027130952291e+07
1.301610146259470470e+07
1.301970196661616303e+07
1.301638504825448617e+07
1.301595077677573077e+07
1.302063659283053689e+07
1.301824944982958771e+07
1.301551489481810480e+07
1.301842716095824353e+07
1.301872885469660163e+07
1.301641796985516697e+07
1.301882127643580176e+07
1.301886101395873167e+07
1.301836270448287204e+07
1.302055893089781329e+07
1.301829300135788694e+07
1.302150937555420771e+07
1.301854951764442772e+07
1.302118311307639256e+07
1.301938272002442926e+07
1.301989003102073446e+07
1.302012248476906307e+07
1.301751140896767750e+07
1.302110983083333075e+07
1.301931285419291258e+07
1.301724523568085022e+07
1.302069202721676417e+07
1.301832218768755533e+07
1.302025018908395991e+07
1.301795652409371920e+07
1.301482295103414729e+07
1.301840452151796594e+07
1.301689319797772542e+07
1.301547701558778249e+07
1.301486938501712680e+07
1.301462584581413679e+07
1.301435735657172091e+07
1.301390147484149970e+07
1.301345178285346553e+07
1.301395656897312030e+07
1.301407853927319683e+07
1.301301127814676799e+07
1.301410158707007580e+07
1.301542006445253827e+07
1.301412010920918360e+07
1.301384092288485356e+07
1.301530750362226926e+07
1.301338750694644824e+07
1.301495755152898841e+07
1.301327220034065656e+07
1.301206561769650877e+07
1.301249342168397270e+07
1.300878767563163303e+07
1.300652141375070438e+07
1.301110295995530114e+07
1.301172518634958565e+07
1.301226864932454377e+07
1.301159550092861056e+07
1.300790053997056000e+07
1.300755654157656804e+07
1.301256215977673046e+07
1.301157544090902433e+07
1.300909390122781880e+07
1.300887281598766707e+07
1.301384758169579320e+07
1.301075816381171346e+07
1.301039751311055012e+07
1.301172839923375659e+07
1.301124541543187201e+07
1.300867886246016994e+07
1.301291241461204179e+07
1.301128696835582890e+07
1.300907144888392463e+07
1.301072621486946195e+07
1.301127093863309734e+07
1.300850208013812639e+07
1.301075008107905276e+07
1.301182421800431982e+07
1.301037561194279417e+07
1.300844305703580938e+07
1.301357774781834707e+07
1.301237361049709283e+07
1.301046558436721936e+07
1.301122316041271202e+07
1.301355733502889052e+07
1.300959949316857941e+07
1.301212342089170404e+07
1.301286234140855819e+07
1.301296955598640814e+07
1.300957239885997027e+07
1.300996612241988815e+07
1.301179084157237224e+07
1.301536221627856977e+07
1.301342891313961521e+07
1.301003606125508994e+07
1.300927793993281573e+07
1.301446107253052481e+07
1.301445076385573484e+07
1.301333974116440676e+07
1.301065409540362097e+07
1.301321289773453586e+07
1.301486274208619073e+07
1.301409122731364518e+07
1.301147163180244900e+07
1.301425601892418787e+07
1.301513846950263903e+07
1.301339334307109751e+07
1.301210788499495387e+07
1.301748826726718992e+07
1.301510139104888029e+07
1.301394421584017947e+07
1.301524837796783634e+07
1.301530687941708229e+07
1.301276106377448887e+07
1.301722308171604574e+07
1.301589537285297737e+07
1.301331646380010620e+07
1.301420969186377898e+07
1.301591897448422201e+07
1.301391885686568543e+07
1.301453687652587332e+07
1.301514409610439837e+07
1.301387223961149715e+07
1.301388279654430225e+07
1.301732958415788598e+07
1.301426104553674906e+07
1.301446407305387780e+07
1.301599983502391912e+07
1.301593664185231738e+07
1.301252989907333627e+07
1.301584095208159275e+07
1.301614608738468401e+07
1.301878059719788097e+07
1.301792922915184684e+07
1.301509733018964529e+07
1.301267396083002537e+07
1.301613263778642006e+07
1.301766400404838100e+07
1.301682283874945529e+07
1.301469393034004048e+07
1.301510622413435951e+07
1.301737897394244373e+07
1.301620471510938555e+07
1.301440221503270231e+07
1.301849526341227069e+07
1.301626819268907234e+07
1.301584456833392009e+07
1.301727513938756660e+07
1.301585256934626214e+07
1.301487216212752461e+07
1.301899283562381752e+07
1.301771009949353896e+07
1.301514690126384422e+07
1.301654837361218221e+07
1.301663365200188942e+07
1.301523285437246971e+07
1.301829197819429822e+07
1.301572647233869322e+07
1.301664562759307586e+07
1.301779855025748350e+07
1.301527899637001194e+07
1.301450681867576391e+07
1.301936351420815848e+07
1.301878303296364844e+07
1.301628768973453902e+07
1.301301712286593392e+07
1.301509198273860477e+07
1.301615802720378898e+07
1.301623613691007532e+07
1.301309223686327785e+07
1.301248161165275984e+07
1.301481250322790071e+07
1.301843141917294450e+07
1.301375406750497222e+07
1.301231572896410711e+07
1.301610547262958065e+07
1.301829501184207760e+07
1.301983827030367404e+07
1.301860692508429475e+07
1.301513224591086060e+07
1.301195614777740836e+07
1.301405634174964204e+07
1.301804191463708691e+07
1.301303330310501345e+07
1.301160513981343247e+07
1.301292458629526943e+07
1.301608508706755564e+07
1.301596814544906467e+07
1.301370391204758920e+07
