1.297965143842425570e+07
1.297965143842425570e+07
1.297965143842425570e+07
1.297965143842425570e+07
1.297965143842425570e+07
1.297965143842425570e+07
1.297965143842425570e+07
1.297965143842425570e+07
1.297965143842425570e+07
1.297965143842425570e+07
1.297965143842425570e+07
1.297965143842425570e+07
1.297965143842425570e+07
1.297965143842425570e+07
1.297965143842425570e+07
1.297965143842425570e+07
1.297965143842425570e+07
1.297965143842425570e+07
1.297965143842425570e+07
1.297965143842425570e+07
