1.301588038646200299e+07
1.301588353088088706e+07
1.301588246239808761e+07
1.301588299365166575e+07
1.301588304953984357e+07
1.301587772941394337e+07
1.301587761369385943e+07
1.301587779599502496e+07
1.301587739778989181e+07
1.301587894904140383e+07
1.301588149929734319e+07
1.301588133161566406e+07
1.301588214580036514e+07
1.301588426159693301e+07
1.301588139329278283e+07
1.301588107166682370e+07
1.301588131695591286e+07
1.301587684836214408e+07
1.301587809237715602e+07
1.301587762350164726e+07
1.301587539032562450e+07
1.301587956003187969e+07
1.301588181760205701e+07
1.301588219116770662e+07
1.301588346980787814e+07
1.301588418694627844e+07
1.301588066797905788e+07
1.301587919998333976e+07
1.301587852286348306e+07
1.301587635200745799e+07
1.301587649030087143e+07
1.301587938877810724e+07
1.301587999314628728e+07
1.301588222717066668e+07
1.301588548846669868e+07
1.301588188630665466e+07
1.301588249800141528e+07
1.301588167372932844e+07
1.301587585462152027e+07
1.301587810168625414e+07
1.301587741495162994e+07
1.301587622672047839e+07
1.301588034696520306e+07
1.301588138503491879e+07
1.301588248427806608e+07
1.301588380041581579e+07
1.301588461671220325e+07
1.301588174815677479e+07
1.301587954483289458e+07
1.301587929367640242e+07
1.301587541515195742e+07
1.301587619375849701e+07
1.301587933091145940e+07
1.301587833016890101e+07
1.301588193892242759e+07
1.301588518526759930e+07
1.301588189194949530e+07
1.301588373907288536e+07
1.301588220474746451e+07
1.301587758317465894e+07
1.301587868856568635e+07
1.301587816126173176e+07
1.301587696106601320e+07
1.301587964839069359e+07
1.301588151691622660e+07
1.301588174135025218e+07
1.301588170173011906e+07
1.301588403591513820e+07
1.301588010712153651e+07
1.301587975404365733e+07
1.301587970476055145e+07
1.301587372087709233e+07
1.301587629021595791e+07
1.301587743661337532e+07
1.301587622393755801e+07
1.301588049636318535e+07
1.301588295604161359e+07
1.301588165057659149e+07
1.301588272444867156e+07
1.301588172091492265e+07
1.301587738860148191e+07
1.301587686232889071e+07
1.301587688749757223e+07
1.301587605260491744e+07
1.301587735154404677e+07
1.301588004615613818e+07
1.301587918262495100e+07
1.301588013101223670e+07
1.301588360326072760e+07
1.301587915516245738e+07
1.301587920500178449e+07
1.301587961457184516e+07
1.301587420233368687e+07
1.301587675374481268e+07
1.301587720670513809e+07
1.301587655329236947e+07
1.301588043103195913e+07
1.301588170101780631e+07
1.301588195557540841e+07
1.301588224486117437e+07
1.301588233982021362e+07
1.301587966943629645e+07
1.301587637606409565e+07
1.301587704820740409e+07
1.301587478208065219e+07
1.301587629063342325e+07
1.301588098814566061e+07
1.301587941236636601e+07
1.301588229009167664e+07
1.301588537228617817e+07
1.301588134146869183e+07
1.301588293955098279e+07
1.301588219544770196e+07
1.301587783195100911e+07
1.301588053294575401e+07
1.301588003183898516e+07
1.301588045174082182e+07
1.301588389852011576e+07
1.301588480279076844e+07
1.301588627831860259e+07
1.301588614460651949e+07
1.301588838847243227e+07
1.301588446305085905e+07
1.301588170757438242e+07
1.301588293173291907e+07
1.301587826066873223e+07
1.301587885624926724e+07
1.301588371663692035e+07
1.301588297594173811e+07
1.301588757741218433e+07
1.301588959117697924e+07
1.301588657771861926e+07
1.301588725178149715e+07
1.301588440602661110e+07
1.301588096871111169e+07
1.301588246239476465e+07
1.301588189188654907e+07
1.301588222298489138e+07
1.301588398432439193e+07
1.301588650269757770e+07
1.301588666040237807e+07
1.301588662308082916e+07
1.301589002199244685e+07
1.301588492077059299e+07
1.301588343975746445e+07
1.301588381885025837e+07
1.301587813094918430e+07
1.301588023788005300e+07
1.301588356397228874e+07
1.301588212852147408e+07
1.301588688524604961e+07
1.301588874815487862e+07
1.301588726973679662e+07
1.301588826109742001e+07
1.301588747242358886e+07
1.301588365324317291e+07
1.301588264804747701e+07
1.301588428593434766e+07
1.301588467717207782e+07
1.301588652619084343e+07
1.301589110518185049e+07
1.301589044565083086e+07
1.301589156914271973e+07
1.301589418207872845e+07
1.301588822542442568e+07
1.301588854287243634e+07
1.301588826725312322e+07
1.301588320888052136e+07
1.301588593989880756e+07
1.301588694002946466e+07
1.301588680831280351e+07
1.301588980140914582e+07
1.301589240159792081e+07
1.301589258211701363e+07
1.301589352823596634e+07
1.301589477308150567e+07
1.301589097231139988e+07
1.301588887383086048e+07
1.301589078947235085e+07
1.301588748577934876e+07
1.301588938466186449e+07
1.301589311764031835e+07
1.301589221410586312e+07
1.301589574391750619e+07
1.301589763292980380e+07
1.301589365918881819e+07
1.301589549954407848e+07
1.301589274344703369e+07
1.301588923674020730e+07
1.301589240885184519e+07
1.301589226333554648e+07
1.301589302450480498e+07
1.301589471356352232e+07
1.301589708009797148e+07
1.301589718390515633e+07
1.301589711243083701e+07
1.301589961225466989e+07
1.301589501793179661e+07
1.301589347151701897e+07
1.301589457090773620e+07
1.301588973586941883e+07
1.301589251076601632e+07
1.301589596933786757e+07
1.301589615239710547e+07
1.301590014866849966e+07
1.301590146189581230e+07
1.301589828261499107e+07
1.301589945740042441e+07
1.301589651198831201e+07
1.301589348484182358e+07
1.301589430406279117e+07
1.301589611175843142e+07
1.301589714389271662e+07
1.301589829787882976e+07
1.301590309740325250e+07
1.301590234427667595e+07
1.301590141608693823e+07
1.301590432458317652e+07
1.301589938618823886e+07
1.301589958788215183e+07
1.301590065966227651e+07
1.301589674148807302e+07
1.301589983467397839e+07
1.301590184932493418e+07
1.301590136331173778e+07
1.301590574265969731e+07
1.301590791636417247e+07
1.301590608422372490e+07
1.301590638882560469e+07
1.301590493492045440e+07
1.301590133697519079e+07
1.301590166555969790e+07
1.301590218241691217e+07
1.301590255541745760e+07
1.301590393284040689e+07
1.301590886425865628e+07
1.301590963198245130e+07
1.301591069908091798e+07
1.301591317513523623e+07
1.301590863752645627e+07
1.301590886631056853e+07
1.301590840683863685e+07
1.301590508988224901e+07
1.301590629020113684e+07
1.301590691483175568e+07
1.301590681607894041e+07
1.301590832157936133e+07
1.301591189091774449e+07
1.301591012345539778e+07
1.301590958982978202e+07
1.301591006510367058e+07
1.301590516962477006e+07
1.301590539174574614e+07
1.301590630888076499e+07
1.301590458379930444e+07
1.301590741527527384e+07
1.301591128302025609e+07
1.301591238876880519e+07
1.301591375803674757e+07
1.301591523939491063e+07
1.301591111436222307e+07
1.301591081683830917e+07
1.301590884745520540e+07
1.301590616868824698e+07
1.301590692333660461e+07
1.301590902516677417e+07
1.301590853294299915e+07
1.301590934554126114e+07
1.301591432765211165e+07
1.301591207872367650e+07
1.301591362669824809e+07
1.301591440237907879e+07
1.301590857439693995e+07
1.301590912715931050e+07
1.301590888504552282e+07
1.301590563902787864e+07
1.301590980166671425e+07
1.301591195120360889e+07
1.301591304847672023e+07
1.301591558176632971e+07
1.301591731062565744e+07
1.301591573846424185e+07
1.301591498508450389e+07
1.301591431690418161e+07
1.301591085517744347e+07
1.301591116999336332e+07
1.301591286880755052e+07
1.301591338855008967e+07
1.301591506407459639e+07
1.301591870912586525e+07
1.301591649780035019e+07
1.301591652275455371e+07
1.301591664329261892e+07
1.301591165545918420e+07
1.301591205887885764e+07
1.301591262343793362e+07
1.301590902076369524e+07
1.301591205995189212e+07
1.301591478158251569e+07
1.301591485738006607e+07
1.301591649605497159e+07
1.301591895812295564e+07
1.301591612611832470e+07
1.301591513235584833e+07
1.301591411441790313e+07
1.301591015351337567e+07
1.301590855301768892e+07
1.301590972260059230e+07
1.301590988193269446e+07
1.301591223518452980e+07
1.301591682282541879e+07
1.301591531076692604e+07
1.301591645520475507e+07
1.301591619043092057e+07
1.301591285607476532e+07
1.301591211817828380e+07
1.301591261713081971e+07
1.301591152567386441e+07
1.301591163277539983e+07
1.301591444649419188e+07
1.301591593931068853e+07
1.301591695167791843e+07
1.301592025475332886e+07
1.301591809527956136e+07
1.301591831859060563e+07
1.301591886150298081e+07
1.301591278531225771e+07
1.301591324629711546e+07
1.301591318981347419e+07
1.301591196523758210e+07
1.301591551875778101e+07
1.301591836272685975e+07
1.301591803116233461e+07
1.301591874207445979e+07
1.301591927862272784e+07
1.301591705522512086e+07
1.301591370963009633e+07
1.301591442632789724e+07
1.301591227041966096e+07
1.301591210174531676e+07
1.301591604238938540e+07
1.301591495762875490e+07
1.301591716317744739e+07
1.301592231344761699e+07
1.301591894055332989e+07
1.301592014935012162e+07
1.301591980289544910e+07
1.301591499856553972e+07
1.301591714392913133e+07
1.301591714413097128e+07
1.301591639258304797e+07
1.301591869101074710e+07
1.301592081413551979e+07
1.301592208411885239e+07
1.301592227736718021e+07
1.301592498899482377e+07
1.301592277275668643e+07
1.301592017994510382e+07
1.301592108396809921e+07
1.301591670157117769e+07
1.301591489955003001e+07
1.301591845844544657e+07
1.301591766005437076e+07
1.301592071259853430e+07
1.301592616948263161e+07
1.301592346255362779e+07
1.301592448351604864e+07
1.301592293694548123e+07
1.301591823690479249e+07
1.301591844906828366e+07
1.301591904866158962e+07
1.301591872183635086e+07
1.301592011249649152e+07
1.301592253270702250e+07
1.301592336493578181e+07
1.301592339680624940e+07
1.301592691314783506e+07
1.301592312389133126e+07
1.301592044603972882e+07
1.301592163546656258e+07
1.301591542517206445e+07
1.301591537026996538e+07
1.301591819209134951e+07
1.301591624385088868e+07
1.301591968168711849e+07
1.301592352780309133e+07
1.301592138376731053e+07
1.301592150151428580e+07
1.301592075874807686e+07
1.301591712370933034e+07
1.301591660018697567e+07
1.301591739373428747e+07
1.301591714975844137e+07
1.301591767117290571e+07
1.301592170568839833e+07
1.301592054452286847e+07
1.301592213061445951e+07
1.301592489772244915e+07
1.301591982594228536e+07
1.301592056942489743e+07
1.301592034496480972e+07
1.301591497425550036e+07
1.301591545108627900e+07
1.301591560136496089e+07
1.301591528737465478e+07
1.301591847714717500e+07
1.301592099536178820e+07
1.301592138528756984e+07
1.301592122617308237e+07
1.301592146602805518e+07
1.301591796347333677e+07
1.301591545080636255e+07
1.301591603284324147e+07
1.301591298609666899e+07
1.301591361762910523e+07
1.301591828804632276e+07
1.301591719178313203e+07
1.301591987659002841e+07
1.301592280175220966e+07
1.301591739675468206e+07
1.301591935231553204e+07
1.301591799435880035e+07
1.301591388220096752e+07
1.301591523793881014e+07
1.301591312168129720e+07
1.301591401789065823e+07
1.301591332923893631e+07
1.301591630318286084e+07
1.301591742450119928e+07
1.301591656613730825e+07
1.301591958367210813e+07
1.301591662375810370e+07
1.301591382593207248e+07
1.301591560098442994e+07
1.301591120435415208e+07
1.301591128228979558e+07
1.301591672095740959e+07
1.301591476555309817e+07
1.301591816044426523e+07
1.301592181048141047e+07
1.301591848923235945e+07
1.301591977539129741e+07
1.301591824679154530e+07
1.301591471909621730e+07
1.301591520619962737e+07
1.301591448207603768e+07
1.301591529506878927e+07
1.301591528272873349e+07
1.301591815401826054e+07
1.301591922960498743e+07
1.301591882957475632e+07
1.301592223241595551e+07
1.301591875783925317e+07
1.301591778116209805e+07
1.301591830940497108e+07
1.301591360823585466e+07
1.301591481216318719e+07
1.301591657421224564e+07
1.301591627712981217e+07
1.301591919074432179e+07
1.301592267102474533e+07
1.301592148140872456e+07
1.301592275346788950e+07
1.301592211583344825e+07
1.301591934309572354e+07
1.301591822072138824e+07
1.301591825964269415e+07
1.301591836200573668e+07
1.301591825583383627e+07
1.301592370907893963e+07
1.301592381793914549e+07
1.301592381333876215e+07
1.301592677066981606e+07
1.301592223660772108e+07
1.301592136149561405e+07
1.301592205926349759e+07
1.301591899941398762e+07
1.301592012497221865e+07
1.301592110676869191e+07
1.301592054522235692e+07
1.301592362461964972e+07
1.301592702798917517e+07
1.301592762573392503e+07
1.301592804535211623e+07
1.301592989554845728e+07
1.301592547609239258e+07
1.301592310083140060e+07
1.301592410092002712e+07
1.301592048156273365e+07
1.301592146624098718e+07
1.301592750590431131e+07
1.301592700270506740e+07
1.301592877926704660e+07
1.301593170173533820e+07
1.301592685914727859e+07
1.301592754446751066e+07
1.301592798649898544e+07
1.301592503802086972e+07
1.301592492787013575e+07
1.301592570607473142e+07
1.301592527951102331e+07
1.301592723266199045e+07
1.301593084002940916e+07
1.301593190159341320e+07
1.301593237442911416e+07
1.301593431912054680e+07
1.301593089852830768e+07
1.301592860711506382e+07
1.301592886966325715e+07
1.301592555724413693e+07
1.301592714484533481e+07
1.301593155415131338e+07
1.301593089283222705e+07
1.301593441376946121e+07
1.301593613011126406e+07
1.301593326899700612e+07
1.301593234334410727e+07
1.301593125243929029e+07
1.301592909029237553e+07
1.301592883499560878e+07
1.301592950681183301e+07
1.301593144654123299e+07
1.301593147181705199e+07
1.301593653828322701e+07
1.301593653084355779e+07
1.301593686554897204e+07
1.301593871019878611e+07
1.301593473515959643e+07
1.301593442310889997e+07
1.301593468056879193e+07
1.301593217910150811e+07
1.301593374637052044e+07
1.301593657024407201e+07
1.301593621130521409e+07
1.301593921969819441e+07
1.301594334201240912e+07
1.301594184610722773e+07
1.301594035178519599e+07
1.301593905178985745e+07
1.301593600583443791e+07
1.301593424680957384e+07
1.301593525467843562e+07
1.301593492700857297e+07
1.301593566955760866e+07
1.301594039865653962e+07
1.301594072201413475e+07
1.301594094374219887e+07
1.301594262348502316e+07
1.301593881069689244e+07
1.301593879614596255e+07
1.301593881813986599e+07
1.301593617940013111e+07
1.301593746162019111e+07
1.301593886772446893e+07
1.301594002135463990e+07
1.301594052518501133e+07
1.301594547642921284e+07
1.301594504149775207e+07
1.301594378699566610e+07
1.301594556145974621e+07
1.301594130059111305e+07
1.301594054421291873e+07
1.301594083766835183e+07
1.301593919242274016e+07
1.301594052537385747e+07
1.301594481440946274e+07
1.301594555674033798e+07
1.301594639878398553e+07
1.301594898907009512e+07
1.301594660588395223e+07
1.301594471903642640e+07
1.301594544174322672e+07
1.301594313944585249e+07
1.301594206697428413e+07
1.301594495924660750e+07
1.301594559267375804e+07
1.301594657066531479e+07
1.301595142529330589e+07
1.301595006482809037e+07
1.301595093008016050e+07
1.301595347397220880e+07
1.301594793779751286e+07
1.301594654956587404e+07
1.301594659229504131e+07
1.301594465630330704e+07
1.301594606143295951e+07
1.301594980121835321e+07
1.301595105980396457e+07
1.301595226115161926e+07
1.301595447714881785e+07
1.301595295437519811e+07
1.301594911679854244e+07
1.301594980473427102e+07
1.301594616813662462e+07
1.301594328536817618e+07
1.301594679187933356e+07
1.301594526637324877e+07
1.301594631549500488e+07
1.301595201595892198e+07
1.301594995976554602e+07
1.301595127005839162e+07
1.301595305094838701e+07
1.301594971808615327e+07
1.301594930251318589e+07
1.301594897370976955e+07
1.301594786146222241e+07
1.301594908455895446e+07
1.301595045506499521e+07
1.301595117647731863e+07
1.301595257001759857e+07
1.301595581931883469e+07
1.301595412906647846e+07
1.301595217472912930e+07
1.301595196577770077e+07
1.301594714315615594e+07
1.301594573013888486e+07
1.301594847365204431e+07
1.301594785622129217e+07
1.301594979548264295e+07
1.301595477538358979e+07
1.301595319563464820e+07
1.301595446877880953e+07
1.301595396812574752e+07
1.301594988524639793e+07
1.301594866614688560e+07
1.301594898641865700e+07
1.301594712582257576e+07
1.301594695890704729e+07
1.301594874536840245e+07
1.301594854719074629e+07
1.301594954739787988e+07
1.301595453747832403e+07
1.301595217428298108e+07
1.301595167146613635e+07
1.301595195321628638e+07
1.301594557059784606e+07
1.301594410090046003e+07
1.301594459819731861e+07
1.301594408727041073e+07
1.301594670329789259e+07
1.301594925633639842e+07
1.301594899856707081e+07
1.301594815509863943e+07
1.301594919616360404e+07
1.301594733030669019e+07
1.301594363457505777e+07
1.301594471849753521e+07
1.301594381843422167e+07
1.301594188128537126e+07
1.301594485113792494e+07
1.301594363135562465e+07
1.301594490048525669e+07
1.301595026769715175e+07
1.301594556806755811e+07
1.301594603738381341e+07
1.301594590136747807e+07
1.301594064237049036e+07
1.301593999777335860e+07
1.301593895676759630e+07
1.301593901834420674e+07
1.301593902977587655e+07
1.301594129067928344e+07
1.301594395933742449e+07
1.301594290964761749e+07
1.301594745916138589e+07
1.301594648049107008e+07
1.301594301420288719e+07
1.301594346680980362e+07
1.301593941175827384e+07
1.301593721962023713e+07
1.301594287321114726e+07
1.301594104772219621e+07
1.301594299983740039e+07
1.301594740759273432e+07
1.301594521298446506e+07
1.301594647038341500e+07
1.301594562256708369e+07
1.301594194604811072e+07
1.301594167202649266e+07
1.301593959937458672e+07
1.301594003676740825e+07
1.301593921896436624e+07
1.301594230025062524e+07
1.301594454516397603e+07
1.301594418245726079e+07
1.301594863862446137e+07
1.301594682671286725e+07
1.301594472889602371e+07
1.301594596653518453e+07
1.301594117927270569e+07
1.301594048432644643e+07
1.301594373277200945e+07
1.301594260571745411e+07
1.301594563334477134e+07
1.301595004090158269e+07
1.301594832145804167e+07
1.301594806364554353e+07
1.301594848038939945e+07
1.301594619428859651e+07
1.301594470100910030e+07
1.301594452348918840e+07
1.301594444487806037e+07
1.301594273329324275e+07
1.301594776608054154e+07
1.301594830627635680e+07
1.301594794329903461e+07
1.301595351536796242e+07
1.301595012813901529e+07
1.301594847434159927e+07
1.301594926704017259e+07
1.301594451719525829e+07
1.301594353080800734e+07
1.301594425853755325e+07
1.301594363488825597e+07
1.301594446482481621e+07
1.301594805426506139e+07
1.301594976628905721e+07
1.301594942497245595e+07
1.301595162842361256e+07
1.301594893222188763e+07
1.301594475495769270e+07
1.301594638993786275e+07
1.301594389423931390e+07
1.301594299608414248e+07
1.301594865857804008e+07
1.301594778882714361e+07
1.301594948598169349e+07
1.301595434562380984e+07
1.301594970407455228e+07
1.301594990984397382e+07
1.301594887371121347e+07
1.301594516500259563e+07
1.301594434863249771e+07
1.301594356167014875e+07
1.301594539496280067e+07
1.301594516477139853e+07
1.301594910758880153e+07
1.301595081310762838e+07
1.301594992046040297e+07
1.301595375845039263e+07
1.301595100908962265e+07
1.301594672121700644e+07
1.301594814267670922e+07
1.301594388286972791e+07
1.301594265164554305e+07
1.301594786112464592e+07
1.301594735587997921e+07
1.301595096696579829e+07
1.301595499802324548e+07
1.301595170861905068e+07
1.301595367739011161e+07
1.301595213601713628e+07
1.301594975053846836e+07
1.301594919002044015e+07
1.301594845299957506e+07
1.301594950799994729e+07
1.301594713942158408e+07
1.301595165504595451e+07
1.301595301718478836e+07
1.301595194911532663e+07
1.301595693201328628e+07
1.301595427640526369e+07
1.301595094252330996e+07
1.301595219427184202e+07
1.301594703148007952e+07
1.301594559835938737e+07
1.301594979353612848e+07
1.301595042539002933e+07
1.301595286781163327e+07
1.301595691047220863e+07
1.301595734242610820e+07
1.301595671312637813e+07
1.301595651547660679e+07
1.301595371940436028e+07
1.301595171611675248e+07
1.301595078678289615e+07
1.301595093259341829e+07
1.301595027440699935e+07
1.301595464644337259e+07
1.301595471451614052e+07
1.301595517297580838e+07
1.301595998996840417e+07
1.301595565817321837e+07
1.301595497674201801e+07
1.301595545135889016e+07
1.301595257727433927e+07
1.301595211297839135e+07
1.301595362552095391e+07
1.301595371132433973e+07
1.301595495704874210e+07
1.301595993249968812e+07
1.301596052538786270e+07
1.301596043501280621e+07
1.301596086916444451e+07
1.301595745123351552e+07
1.301595431207279302e+07
1.301595626743097790e+07
1.301595455905169994e+07
1.301595420571282692e+07
1.301596063409996592e+07
1.301596078808580711e+07
1.301596227068328485e+07
1.301596607904300839e+07
1.301596337250015698e+07
1.301596193295018747e+07
1.301596230867531151e+07
1.301596066441673785e+07
1.301595910876176693e+07
1.301595951672369428e+07
1.301596028394593671e+07
1.301596010632065311e+07
1.301596598349693418e+07
1.301596671638424881e+07
1.301596574773941189e+07
1.301596887649052031e+07
1.301596464102613367e+07
1.301596129778579064e+07
1.301596133679931797e+07
1.301595880834303983e+07
1.301596053312106058e+07
1.301596508349250257e+07
1.301596542335555144e+07
1.301596803053690493e+07
1.301597125229506381e+07
1.301596939572999626e+07
1.301596865981609933e+07
1.301596668778391741e+07
1.301596431108270772e+07
1.301596177391297743e+07
1.301596349400616437e+07
1.301596321168145351e+07
1.301596267113381997e+07
1.301596721882603876e+07
1.301596669807229750e+07
1.301596550709686242e+07
1.301596807905896008e+07
1.301596433985901810e+07
1.301596325106354617e+07
1.301596399665085785e+07
1.301596273257446848e+07
1.301596349655602127e+07
1.301596604465310648e+07
1.301596632952424325e+07
1.301596833740930632e+07
1.301597294183717482e+07
1.301597202660365589e+07
1.301597142892634310e+07
1.301597163118314743e+07
1.301596868011175469e+07
1.301596472625466809e+07
1.301596663820345141e+07
1.301596722507661395e+07
1.301596831160237081e+07
1.301597359293220937e+07
1.301597226433825679e+07
1.301597227732738294e+07
1.301597406560870819e+07
1.301597160872968659e+07
1.301597003270612471e+07
1.301596932386259735e+07
1.301596771706571057e+07
1.301596621606853604e+07
1.301596769879455119e+07
1.301596845895975642e+07
1.301596927526473068e+07
1.301597407566250674e+07
1.301597303886393644e+07
1.301597196829304099e+07
1.301597229748472385e+07
1.301596948449450545e+07
1.301596690128909983e+07
1.301596861028744467e+07
1.301596810345258005e+07
1.301596742725675181e+07
1.301597092820048518e+07
1.301597106761315465e+07
1.301597169877280295e+07
1.301597410130327009e+07
1.301597230648365617e+07
1.301596947498793155e+07
1.301596919187999330e+07
1.301596816624722071e+07
1.301596554137522914e+07
1.301596837937774509e+07
1.301596708848232217e+07
1.301596750762649067e+07
1.301597248864972591e+07
1.301597187233652174e+07
1.301597245900208317e+07
1.301597475402254425e+07
1.301597157306555100e+07
1.301597059037190489e+07
1.301597115499079973e+07
1.301596923560005054e+07
1.301596904410045408e+07
1.301597198531900719e+07
1.301597223968373612e+07
1.301597381627535820e+07
1.301597654359714873e+07
1.301597708516852185e+07
1.301597365778331831e+07
1.301597534864250012e+07
1.301597236392346397e+07
1.301596832782152109e+07
1.301597145257241838e+07
1.301597105706111155e+07
1.301597123889619112e+07
1.301597759102401882e+07
1.301597416568057798e+07
1.301597648085829616e+07
1.301597787871191092e+07
1.301597389187905192e+07
1.301597257313031144e+07
1.301597148899159208e+07
1.301597091410411708e+07
1.301597004162679426e+07
1.301597287046975270e+07
1.301597436128415912e+07
1.301597386826674454e+07
1.301597900912613980e+07
1.301597880557917804e+07
1.301597679621129483e+07
1.301597865054538846e+07
1.301597334439714812e+07
1.301597078681270219e+07
1.301597323716584221e+07
1.301597212183399126e+07
1.301597278534676507e+07
1.301597706206287071e+07
1.301597665392730944e+07
1.301597852916687541e+07
1.301597826938376948e+07
1.301597469554584846e+07
1.301597164227849990e+07
1.301597208079069294e+07
1.301597281628409773e+07
1.301597082239426114e+07
1.301597377034868114e+07
1.301597492592175305e+07
1.301597449912630022e+07
1.301597987126904912e+07
1.301597692569861561e+07
1.301597492283095233e+07
1.301597585769739375e+07
1.301597140204323269e+07
1.301596960483831726e+07
1.301596989015043713e+07
1.301596960372527316e+07
1.301596989007537998e+07
1.301597380108340271e+07
1.301597495612850226e+07
1.301597592451623641e+07
1.301597824714898132e+07
1.301597724093884975e+07
1.301597379676201381e+07
1.301597552132711932e+07
1.301597518423736840e+07
1.301597264923086576e+07
1.301597630067593977e+07
1.301597550027266517e+07
1.301597518546039984e+07
1.301598079943064228e+07
1.301597733792230673e+07
1.301597869467489421e+07
1.301597988153096661e+07
1.301597695515440218e+07
1.301597601316091791e+07
1.301597543043157458e+07
1.301597592682153732e+07
1.301597503114933148e+07
1.301597800081287697e+07
1.301598164185557701e+07
1.301598141366458125e+07
1.301598537162247673e+07
1.301598355716186762e+07
1.301597863592264242e+07
1.301598045274868235e+07
1.301597655825475231e+07
1.301597408250943944e+07
1.301597982810991444e+07
1.301597835123110749e+07
1.301597997278575040e+07
1.301598504566793703e+07
1.301598231248775497e+07
1.301598188889700361e+07
1.301598129641212523e+07
1.301597914201453328e+07
1.301597721437242627e+07
1.301597708974549361e+07
1.301597814510054886e+07
1.301597523347283341e+07
1.301597822945269197e+07
1.301598033479775861e+07
1.301597951572375745e+07
1.301598527939582802e+07
1.301598379326385073e+07
1.301597979517434910e+07
1.301598154942905717e+07
1.301597743688225560e+07
1.301597614554461092e+07
1.301598003848642670e+07
