1.297965143842425570e+07
1.298026078705070540e+07
1.297996187634096667e+07
1.297978134102362394e+07
1.297891931977547705e+07
1.297919224239161611e+07
1.297974202171497978e+07
1.297999265014909208e+07
1.298003660154544003e+07
1.297897317602696083e+07
1.297900966183359735e+07
1.297927509539088979e+07
1.298009524617093429e+07
1.298009736258411407e+07
1.297900281364709511e+07
1.297899922956929915e+07
1.297913182906794548e+07
1.298017693809450231e+07
1.298007153472136520e+07
1.297923464592442289e+07
1.297902475985657983e+07
1.297906991946060769e+07
1.298016600470834598e+07
1.298010711073840782e+07
1.297977707583906129e+07
1.297931341654759645e+07
1.297890009691210650e+07
1.297973721430056542e+07
1.297991060591277480e+07
1.298018593861314282e+07
1.297964175227436423e+07
1.297883346087704413e+07
1.297922702429592423e+07
1.297955941529823840e+07
1.298024296386804245e+07
1.297963560544870608e+07
1.297890652163153328e+07
1.297893680994525738e+07
1.297956878795304336e+07
1.298022178132473305e+07
1.297955544172414020e+07
1.297914742633561417e+07
1.297877019337010197e+07
1.297961371970298514e+07
1.298015445050941780e+07
1.297970589397254586e+07
1.297948308847934008e+07
1.297880884016238339e+07
1.297949798466696031e+07
1.297991783954731934e+07
1.298015261985009536e+07
1.298006999390710331e+07
1.297903382472652011e+07
1.297915010830193199e+07
1.297940147061334737e+07
1.298014844672086090e+07
1.298034342934364825e+07
1.297932005132751539e+07
1.297904409669136256e+07
1.297896215928469039e+07
1.297992364231321961e+07
1.298018116378407553e+07
1.297941262676463276e+07
1.297909648912581429e+07
1.297872211043269560e+07
1.297978958560412563e+07
1.297986963146417588e+07
1.297952573881223425e+07
1.297902609937245585e+07
1.297883063505082577e+07
1.297969801806765236e+07
1.297979368209394626e+07
1.297988191316680610e+07
1.297906122062260471e+07
1.297888306181332096e+07
1.297940343489705026e+07
1.297988126048455760e+07
1.298018514465406351e+07
1.297920661365586333e+07
1.297893180914700776e+07
1.297907143418442272e+07
1.297992389900592901e+07
1.298025284592756443e+07
1.297933553626351990e+07
1.297902938166366890e+07
1.297881284642149694e+07
1.297981704347074591e+07
1.298002378097949363e+07
1.297938329868530110e+07
1.297902905006467924e+07
1.297873309337859787e+07
1.297976397372910380e+07
1.297980301740111969e+07
1.297958282751004957e+07
1.297894020359200798e+07
1.297888661475168914e+07
1.297961693882169202e+07
1.297979783280764520e+07
1.297990893363531493e+07
1.297896897965337895e+07
1.297887257191407308e+07
1.297925221692548320e+07
1.297990658455392905e+07
1.297991814764316566e+07
1.297881569213749655e+07
1.297893334231562540e+07
1.297919652565673925e+07
1.298011903068148531e+07
1.297985876608100161e+07
1.297894713599772193e+07
1.297887699263256788e+07
1.297918237028864957e+07
1.298011681927608699e+07
1.297969949398595840e+07
1.297913804748955742e+07
1.297871094278424233e+07
1.297928272344871797e+07
1.297993691515567712e+07
1.297956010071392730e+07
1.297933167320714332e+07
1.297862470717809722e+07
1.297944098267393559e+07
1.297975590382764302e+07
1.297978026165660843e+07
1.297937644734428823e+07
1.297861556183516979e+07
1.297932939564685524e+07
1.297957676926965453e+07
1.297991495422886871e+07
1.297913099093347229e+07
1.297877133373558149e+07
1.297914087975721061e+07
1.297980211402610503e+07
1.298001587384170853e+07
1.297897471696478315e+07
1.297885838834149949e+07
1.297900042692949809e+07
1.297998201236290485e+07
1.297987655668562651e+07
1.297890722352282330e+07
1.297882853783420101e+07
1.297912419995106570e+07
1.298004484038351662e+07
1.297958527193783224e+07
1.297905445462787151e+07
1.297864341196460277e+07
1.297938743051718920e+07
1.297992710284224525e+07
1.297944578188431635e+07
1.297916005953674763e+07
1.297858240622171760e+07
1.297955278495876119e+07
1.297969719716229290e+07
1.297956315466930345e+07
1.297897073354970291e+07
1.297873447041417658e+07
1.297948095167085715e+07
1.297970335524771176e+07
1.297974993358951807e+07
1.297878224271979183e+07
1.297889684961461090e+07
1.297928990206307173e+07
1.297987303616224788e+07
1.297969641783255339e+07
1.297864924913500249e+07
1.297901461619550548e+07
1.297935077821110003e+07
1.298005271470317803e+07
1.297934718713533506e+07
1.297876657857365161e+07
1.297884413201363012e+07
1.297968011291197687e+07
1.298001383823188953e+07
1.297908761800636165e+07
1.297885713234693184e+07
1.297882239738782123e+07
1.297988322878506035e+07
1.297980121117572114e+07
1.297905003573654033e+07
1.297873783886363171e+07
1.297907055961254798e+07
1.297989713885449618e+07
1.297946347057327256e+07
1.297917322916888818e+07
1.297854879072505422e+07
1.297947241129477508e+07
1.297974065513414703e+07
1.297950142548551597e+07
1.297900969560277835e+07
1.297867269377025403e+07
1.297953519067197293e+07
1.297966157146211900e+07
1.297961413492091000e+07
1.297872661650879122e+07
1.297892059395513684e+07
1.297940402611932345e+07
1.297977597133974917e+07
1.297957145645032078e+07
1.297858188544927910e+07
1.297910422116232850e+07
1.297940771009210683e+07
1.297995736789779551e+07
1.297918814895803854e+07
1.297873095263180323e+07
1.297896283482321911e+07
1.297977725519482419e+07
1.297994018191681057e+07
1.297891696567525901e+07
1.297883696444667876e+07
1.297901397990446165e+07
1.297997719059127942e+07
1.297967918583560362e+07
1.297886055886529572e+07
1.297872779819704965e+07
1.297938796221351437e+07
1.297998967904859036e+07
1.297925905273150466e+07
1.297896076491642930e+07
1.297866446904499270e+07
1.297971745311711915e+07
1.297973424438648857e+07
1.297915648811707273e+07
1.297871322256725654e+07
1.297899193713496253e+07
1.297977498712149821e+07
1.297944272954570316e+07
1.297917097985635884e+07
1.297852010947428085e+07
1.297944020832794160e+07
1.297960822242212854e+07
1.297947104876449704e+07
1.297883772384290956e+07
1.297879004799153842e+07
1.297949004760551266e+07
1.297961356376238354e+07
1.297946641401305981e+07
1.297854386709642038e+07
1.297914882077701576e+07
1.297943561441480555e+07
1.297977007290790603e+07
1.297911794096357375e+07
1.297863297010566853e+07
1.297913708424879052e+07
1.297966858368691429e+07
1.297975891537520103e+07
1.297870797196251154e+07
1.297890196175956354e+07
1.297918725010397471e+07
1.297991466898843646e+07
1.297941754596569948e+07
1.297865851620832458e+07
1.297885693259505928e+07
1.297961520812816545e+07
1.297990559134344012e+07
1.297893592565409280e+07
1.297880249226781726e+07
1.297893211275968701e+07
1.297990129403544776e+07
1.297965352568269521e+07
1.297882874149969034e+07
1.297868652061453462e+07
1.297933130200429447e+07
1.297993664326538704e+07
1.297920725998293795e+07
1.297891237486996315e+07
1.297864197293421626e+07
1.297969088939280063e+07
1.297968254296415299e+07
1.297909063348962180e+07
1.297865391611709446e+07
1.297901778761250898e+07
1.297976772206790373e+07
1.297938733594172634e+07
1.297910267524448782e+07
1.297851086899657920e+07
1.297946020187220722e+07
1.297959460796323232e+07
1.297941274946647696e+07
1.297876976986475475e+07
1.297880185075545497e+07
1.297947816586833261e+07
1.297956028328434378e+07
1.297938453509766422e+07
1.297848774828089029e+07
1.297915023016072623e+07
1.297941950557385758e+07
1.297970552229312994e+07
1.297895875101166032e+07
1.297864227343594469e+07
1.297913813332189247e+07
1.297963542588638701e+07
1.297959291784801707e+07
1.297856981070416793e+07
1.297891154354397766e+07
1.297922675007503666e+07
1.297986230711319111e+07
1.297917039433037303e+07
1.297865178271065094e+07
1.297887831017485633e+07
1.297966107244948298e+07
1.297977446639052592e+07
1.297877476839129254e+07
1.297879287091819383e+07
1.297906510050896183e+07
1.297990500501394831e+07
1.297938279478728585e+07
1.297872897377184965e+07
1.297866320810340345e+07
1.297954979744813032e+07
1.297980967334979959e+07
1.297894156641885825e+07
1.297873347860169224e+07
1.297887173907556012e+07
1.297982368095437810e+07
1.297944815851238184e+07
1.297889466532721557e+07
1.297852641633814946e+07
1.297940366225353815e+07
1.297973492995015904e+07
1.297912935033804178e+07
1.297876494590189680e+07
1.297873254710489139e+07
1.297966898313222453e+07
1.297946435585751943e+07
1.297910657587637939e+07
1.297846820845474489e+07
1.297925277112193033e+07
1.297957831248582527e+07
1.297935201121860556e+07
1.297884013952365704e+07
1.297865679918986000e+07
1.297946330685628206e+07
1.297949640174072795e+07
1.297930211315713450e+07
1.297847098018521257e+07
1.297910501338555850e+07
1.297941810947530344e+07
1.297956662428997457e+07
1.297893300038748793e+07
1.297862361654148065e+07
1.297922647845489345e+07
1.297955190806593932e+07
1.297945784252829291e+07
1.297849054043285921e+07
1.297897422353497706e+07
1.297929642811680958e+07
1.297975502150002494e+07
1.297895438375962526e+07
1.297864296076747961e+07
1.297902156817553565e+07
1.297964890495195426e+07
1.297954771945033967e+07
1.297854256730841845e+07
1.297885919299943559e+07
1.297926258192550391e+07
1.297985489574727230e+07
1.297898911704184674e+07
1.297866641342121735e+07
1.297886211402836628e+07
1.297971450856579095e+07
1.297955474812965281e+07
1.297862934498152137e+07
1.297873002018886432e+07
1.297929701058862917e+07
1.297985390228360333e+07
1.297900704995919950e+07
1.297873675651915185e+07
1.297880455584554374e+07
1.297973779617782496e+07
1.297947053196217492e+07
1.297873472858866490e+07
1.297861776609925181e+07
1.297936751622724533e+07
1.297978490749845468e+07
1.297897013948229514e+07
1.297873660008024424e+07
1.297880008471695334e+07
1.297975658687996119e+07
1.297939785978505947e+07
1.297885681675236858e+07
1.297850264886441082e+07
1.297938399624910019e+07
1.297966864131823182e+07
1.297904493089521676e+07
1.297866734693964757e+07
1.297883932279994711e+07
1.297971290564629808e+07
1.297931844444102980e+07
1.297896095304839686e+07
1.297846030876507424e+07
1.297941218310444430e+07
1.297955533784809895e+07
1.297918175742452219e+07
1.297863178451482579e+07
1.297890002516824566e+07
1.297959314194704592e+07
1.297933829782767966e+07
1.297899897899092175e+07
1.297848784046554193e+07
1.297935913104345649e+07
1.297945467269374616e+07
1.297930565636724792e+07
1.297853747683209553e+07
1.297898447565744631e+07
1.297942621499462239e+07
1.297946723854118213e+07
1.297899526440368779e+07
1.297854367474193312e+07
1.297926789374828711e+07
1.297946476552155055e+07
1.297939462565907463e+07
1.297848694613137841e+07
1.297896527761630900e+07
1.297929780774819106e+07
1.297960712065075152e+07
1.297887225254969113e+07
1.297862455685814098e+07
1.297913688120725565e+07
1.297957024731745198e+07
1.297938553551408835e+07
1.297845641661771759e+07
1.297894740937352926e+07
1.297934150056711957e+07
1.297970524411052652e+07
1.297879451812184043e+07
1.297870235648280196e+07
1.297902496541554295e+07
1.297966816805017553e+07
1.297927988626569137e+07
1.297851035057431832e+07
1.297882826185185649e+07
1.297941140394998528e+07
1.297964545004002191e+07
1.297866718210386857e+07
1.297874535387813486e+07
1.297905245091991499e+07
1.297980864187259227e+07
1.297917129382849298e+07
1.297862679443779029e+07
1.297874223899369314e+07
1.297958700345122814e+07
1.297962578806303814e+07
1.297868612586346269e+07
1.297868985167275555e+07
1.297913677965564653e+07
1.297983638216753677e+07
1.297904198985818960e+07
1.297869521616316959e+07
1.297872496956914663e+07
1.297966690383761190e+07
1.297947012575193122e+07
1.297873573192794621e+07
1.297860942605267093e+07
1.297931241631443053e+07
1.297976722189382836e+07
1.297897571239491552e+07
1.297874164979007468e+07
1.297879716132777743e+07
1.297973938519857638e+07
1.297936946676243097e+07
1.297884115600755252e+07
1.297850498216652125e+07
1.297939292048163898e+07
1.297963308277412690e+07
1.297899158504470252e+07
1.297861796293896064e+07
1.297888712211604789e+07
1.297969702285905741e+07
1.297920000942637585e+07
1.297884585146048665e+07
1.297850977950023860e+07
1.297949381103554927e+07
1.297946852476511151e+07
1.297907055359035544e+07
1.297852938103274070e+07
1.297910435150762647e+07
1.297960374663928524e+07
1.297925281324458681e+07
1.297885970340143703e+07
1.297862231438723207e+07
1.297948590058763139e+07
1.297941362823426351e+07
1.297915667059850693e+07
1.297844531517072022e+07
1.297915488973926753e+07
1.297944416653287411e+07
1.297933467966408096e+07
1.297868158044182695e+07
1.297875112868006341e+07
1.297940907759943232e+07
1.297938605280493200e+07
1.297905921573317423e+07
1.297844928932245076e+07
1.297921903141873889e+07
1.297939119199307822e+07
1.297936539680247568e+07
1.297854842299640551e+07
1.297895268022460863e+07
1.297933698407574929e+07
1.297954879088364728e+07
1.297899747643977217e+07
1.297858712063422613e+07
1.297919382179761492e+07
1.297950117911194824e+07
1.297940524095866643e+07
1.297847196552447788e+07
1.297896634720484540e+07
1.297930847129486129e+07
1.297965478310231678e+07
1.297878315964871831e+07
1.297868135879410245e+07
1.297908687080343254e+07
1.297959553455766849e+07
1.297923346604311839e+07
1.297847424926910922e+07
1.297892973152036592e+07
1.297939656215860136e+07
1.297959949275939725e+07
1.297862585758806765e+07
1.297879618626492657e+07
1.297911722451844998e+07
1.297979010508274846e+07
1.297909592619372346e+07
1.297862998004822060e+07
1.297888445311719365e+07
1.297962901385934278e+07
1.297956396480335109e+07
1.297859668128288351e+07
1.297877225142379105e+07
1.297925582581649348e+07
1.297981860873297788e+07
1.297890156039990857e+07
1.297868425915130414e+07
1.297884395069433749e+07
1.297969300383219495e+07
1.297933518376797438e+07
1.297861708391202614e+07
1.297865853409158625e+07
1.297938517524411716e+07
1.297965914998028055e+07
1.297876262221631594e+07
1.297866488231339492e+07
1.297897528168999776e+07
1.297979258655287884e+07
1.297913837256270647e+07
1.297869433533988893e+07
1.297867286312802508e+07
1.297962587893588282e+07
1.297953924634062313e+07
1.297877321980666183e+07
1.297861783734945022e+07
1.297923997423378937e+07
1.297978304143136181e+07
1.297903294733572192e+07
1.297877360240472667e+07
1.297875205238061026e+07
1.297970596839405224e+07
1.297937977822723985e+07
1.297886135005984828e+07
1.297851034634911641e+07
1.297936237186299637e+07
1.297960667655603029e+07
1.297896686044955999e+07
1.297860053989396617e+07
1.297892536783661507e+07
1.297968536138888076e+07
1.297915204775876179e+07
1.297880691163867153e+07
1.297853690947622620e+07
1.297950514390672743e+07
1.297938120419945009e+07
1.297898332463673688e+07
1.297846004673807323e+07
1.297916032937668636e+07
1.297954438646785356e+07
1.297913460793864541e+07
1.297869196105247363e+07
1.297874519208004326e+07
1.297957880138816684e+07
1.297929853159012273e+07
1.297896451893021911e+07
1.297848137040608004e+07
1.297939436105061695e+07
1.297945067535049468e+07
1.297921967017117888e+07
1.297855937332829274e+07
1.297905248425888270e+07
1.297951822696183808e+07
1.297936087917328067e+07
1.297891163575121760e+07
1.297860544902151264e+07
1.297939448959547840e+07
1.297942235413272306e+07
1.297923325934408978e+07
1.297845175808542036e+07
1.297911382586222887e+07
1.297938020410397463e+07
1.297940003245204501e+07
1.297862644881768525e+07
1.297876144535959885e+07
1.297929494314725511e+07
1.297938833155423962e+07
1.297898625052557886e+07
1.297844278795083426e+07
1.297913677415301464e+07
1.297932507482349873e+07
1.297930052754653059e+07
1.297841764881270006e+07
1.297891169417486154e+07
1.297923859554421157e+07
1.297946638968568668e+07
1.297868304356359690e+07
1.297863774718783051e+07
1.297911975668105111e+07
1.297944556718451343e+07
1.297906014892889187e+07
1.297840627608616091e+07
1.297898693747552857e+07
1.297930935510399938e+07
1.297938097817917727e+07
1.297844211799002439e+07
1.297880252128865011e+07
1.297915009036494792e+07
1.297954881410345063e+07
1.297874322419287637e+07
1.297859173950191215e+07
1.297899224482173286e+07
1.297949609607546777e+07
1.297912053132268786e+07
1.297841118951557390e+07
1.297886512785853446e+07
1.297930779884433188e+07
1.297944461904104799e+07
1.297847392964468338e+07
1.297872432570253871e+07
1.297909360542734712e+07
1.297960767526433989e+07
1.297878104122963920e+07
1.297857252137112245e+07
1.297888649428329803e+07
1.297953901082945615e+07
1.297915259250614420e+07
1.297843846872127801e+07
1.297876163865259476e+07
1.297931940486458689e+07
1.297948001813947223e+07
1.297850977744757012e+07
1.297867358749079145e+07
1.297907081220045686e+07
1.297964487075075507e+07
1.297880099631334469e+07
1.297858091159909964e+07
1.297881665303484350e+07
1.297957222154601850e+07
1.297916832126637734e+07
1.297848603920786455e+07
1.297868203690643795e+07
1.297934478323546425e+07
1.297950285938798077e+07
1.297855510235557891e+07
1.297862820011765137e+07
1.297906506990864500e+07
1.297966335225762613e+07
1.297881518177915178e+07
1.297859538849772140e+07
1.297876590521000698e+07
1.297959081450584717e+07
1.297917558383354917e+07
1.297853841932589747e+07
1.297861354517813772e+07
1.297936673404554836e+07
1.297948345217191800e+07
1.297858852723088302e+07
1.297858026951716654e+07
1.297909047152820043e+07
1.297963413974880427e+07
1.297875075745844655e+07
1.297859480655897409e+07
1.297877657241227478e+07
1.297963685120084323e+07
1.297907443152109720e+07
1.297856021181866154e+07
1.297862768844985962e+07
1.297949721987757646e+07
1.297936296491320245e+07
1.297858616259630956e+07
1.297856699210138060e+07
1.297918728896591626e+07
1.297959095743119530e+07
1.297872983302724361e+07
1.297859882419182546e+07
1.297886393917699158e+07
1.297966909132452309e+07
1.297901774823746644e+07
1.297860005571800470e+07
1.297860341578593291e+07
1.297952127410707437e+07
1.297929580453915522e+07
1.297862284359684400e+07
1.297851803312243521e+07
1.297922520199356787e+07
1.297955813931232132e+07
1.297873741775138676e+07
1.297856314611298591e+07
1.297889825387479551e+07
1.297965252825046517e+07
1.297897173418679275e+07
1.297863507266637124e+07
1.297858334373339638e+07
1.297953216649998166e+07
1.297924611954734847e+07
1.297867296706541069e+07
1.297846778133731522e+07
1.297926939370397478e+07
1.297950774696933664e+07
1.297875787063835002e+07
1.297851517318873107e+07
1.297896553356263041e+07
1.297961822894434072e+07
1.297889688781098090e+07
1.297861917595986836e+07
1.297862170701215230e+07
1.297956274111308344e+07
1.297913634884318896e+07
1.297866601961106621e+07
1.297845927361126244e+07
1.297939046077733487e+07
1.297934690340987779e+07
1.297872993555327132e+07
1.297844321313136071e+07
1.297907610698113218e+07
1.297952056456667371e+07
1.297882851624262892e+07
1.297855305658130907e+07
1.297874495994921960e+07
1.297957160123642348e+07
1.297901706377045065e+07
1.297864303588494286e+07
1.297846752135090530e+07
1.297943213223067485e+07
1.297921409033462964e+07
1.297873562106256932e+07
1.297837624189792201e+07
1.297916936809669994e+07
1.297944646132778004e+07
1.297882959363797493e+07
1.297847584459251724e+07
1.297887194299575686e+07
1.297954423570105806e+07
1.297894495095521398e+07
1.297862754921576381e+07
1.297854966997261532e+07
1.297951141384365596e+07
1.297913860096526705e+07
1.297872346133501828e+07
1.297840356189270876e+07
1.297934036143945344e+07
1.297931150405718945e+07
1.297881473634883575e+07
1.297839554941864498e+07
1.297902140743374638e+07
1.297946307127965428e+07
1.297890258906984702e+07
1.297855087384780683e+07
1.297868692183148302e+07
1.297950333348119259e+07
1.297905248013243079e+07
1.297869015434414521e+07
1.297841753262491524e+07
1.297936955458752252e+07
1.297920286085791886e+07
1.297882476796415076e+07
1.297834098372136615e+07
1.297911221245867386e+07
1.297939132370003127e+07
1.297892102435028367e+07
1.297845585667440854e+07
1.297883408525771648e+07
1.297946426995296404e+07
1.297898973747107200e+07
1.297864488259512000e+07
1.297850552002300508e+07
1.297942882105472498e+07
1.297911700850858167e+07
1.297875181478084624e+07
1.297834153044932336e+07
1.297926455184478313e+07
1.297922559671677649e+07
1.297885579284928553e+07
1.297832333696009405e+07
1.297897507949478738e+07
1.297935770289864950e+07
1.297892762514943257e+07
1.297848120610721968e+07
1.297869811504267715e+07
1.297940854195213690e+07
1.297901262710391544e+07
1.297866433221888915e+07
1.297842665949779376e+07
1.297935161321154423e+07
1.297914586987126060e+07
1.297883311661346816e+07
1.297834394445300661e+07
1.297921134434736334e+07
1.297927375651434250e+07
1.297892166256684996e+07
1.297836274222493358e+07
1.297892693975776620e+07
1.297936662245074473e+07
1.297896907727656886e+07
1.297853488596160337e+07
1.297862877221791446e+07
1.297938947935194336e+07
1.297904895107333735e+07
1.297869935988982022e+07
1.297838503851233050e+07
1.297930256125637144e+07
1.297915322702500038e+07
1.297886972304844111e+07
1.297832269510345347e+07
1.297913872551133111e+07
1.297931475488159433e+07
1.297898560648696311e+07
1.297839261700402386e+07
1.297888770990148373e+07
1.297937649637452513e+07
1.297900359734957106e+07
1.297857312898935936e+07
1.297858912559429370e+07
1.297937579942075536e+07
1.297906356579151005e+07
1.297871974790057540e+07
1.297836468771741726e+07
1.297928090483482927e+07
1.297915091526403278e+07
1.297887334758228809e+07
1.297830837300408632e+07
1.297909703448488191e+07
1.297930322189170122e+07
1.297898049490654282e+07
1.297838959947677515e+07
1.297886489295841753e+07
1.297936686529987119e+07
1.297899569836676493e+07
1.297857979382379167e+07
1.297856695720875822e+07
1.297936796815945767e+07
1.297907099073101394e+07
1.297872668234392814e+07
1.297835202047258988e+07
1.297926052705071308e+07
1.297914948433090188e+07
1.297887950563283265e+07
1.297829513402144238e+07
1.297905496728831716e+07
1.297930054809951037e+07
1.297899441912477463e+07
1.297841286603386514e+07
1.297885066710185632e+07
1.297937903046184778e+07
1.297900279581562243e+07
1.297858341920211539e+07
1.297856020611393079e+07
1.297936179020231031e+07
1.297906835436037369e+07
1.297872162132140622e+07
1.297834755971049517e+07
1.297925991819389164e+07
1.297913649007517844e+07
1.297886420425258204e+07
1.297829929699957184e+07
1.297907886673892103e+07
1.297929376345231757e+07
1.297897420723303780e+07
1.297838817068761028e+07
1.297885155701602250e+07
1.297935670727020502e+07
1.297897887403029390e+07
1.297855801813049614e+07
1.297856175586619042e+07
1.297934917315291241e+07
1.297904080671420507e+07
1.297869218460696936e+07
1.297834629413762689e+07
1.297926143726889417e+07
1.297911602369771898e+07
1.297883728647523746e+07
1.297830308700802177e+07
1.297912263701275550e+07
1.297927702845446765e+07
1.297893630154938623e+07
1.297834866329156794e+07
1.297887230580750294e+07
1.297933614769401588e+07
1.297894291842992231e+07
1.297851210041034967e+07
1.297861598469458893e+07
1.297936622109119594e+07
1.297901185544336215e+07
1.297865397692708671e+07
1.297839187414558977e+07
1.297933279472594522e+07
1.297912313322904706e+07
1.297881376770558022e+07
1.297833212200483307e+07
1.297919699775219895e+07
1.297923749272168614e+07
1.297888141325094923e+07
1.297832127343847230e+07
1.297892994126747735e+07
1.297932934657968394e+07
1.297889784102196805e+07
1.297845040962352417e+07
1.297870412415205874e+07
1.297938413574407063e+07
1.297896810965910926e+07
1.297861365909175016e+07
1.297848787593327649e+07
1.297940128369048610e+07
1.297908405079616979e+07
1.297872375802287832e+07
1.297833510977087170e+07
1.297926020611804910e+07
1.297915674171288311e+07
1.297878808727116883e+07
1.297829866708384268e+07
1.297904504009006731e+07
1.297931802293656766e+07
1.297886486583537981e+07
1.297840257908343151e+07
1.297886103238921054e+07
1.297943380173636973e+07
1.297890945037777536e+07
1.297855574553796835e+07
1.297859318570147082e+07
1.297942270725078695e+07
1.297899949901987985e+07
1.297863857446464337e+07
1.297839601326385140e+07
1.297936294712441415e+07
1.297912087263584882e+07
1.297874302727107145e+07
1.297835079784720950e+07
1.297922210526744649e+07
1.297929513790700026e+07
1.297880611475396901e+07
1.297834756315574795e+07
1.297896560701991990e+07
1.297939639174733125e+07
1.297881479001395218e+07
1.297846731090515293e+07
1.297875236470292695e+07
1.297945851654681563e+07
1.297891337176191434e+07
1.297858987936466001e+07
1.297852760458122380e+07
1.297946635887452215e+07
1.297906980779952556e+07
1.297867187926604785e+07
1.297838690387084708e+07
1.297932174191821739e+07
1.297917393131848052e+07
1.297869949125610292e+07
1.297834196122096665e+07
1.297911730889334902e+07
1.297937774586503021e+07
1.297877566649778374e+07
1.297843391828869842e+07
1.297890909761814028e+07
1.297948686794705130e+07
1.297881902290422097e+07
1.297853164522871748e+07
1.297863478912093304e+07
1.297947109092073888e+07
1.297893954845182039e+07
1.297858049154631421e+07
1.297844416630694829e+07
1.297942111907080747e+07
1.297911113755691983e+07
1.297865723906102590e+07
1.297839437911217473e+07
1.297927948504889756e+07
1.297931129756974243e+07
1.297869751704140566e+07
1.297837550552752987e+07
1.297900355043376796e+07
1.297941658597985841e+07
1.297870688528774492e+07
1.297845523513611406e+07
1.297880296309676766e+07
1.297949072737577744e+07
1.297882763125572726e+07
1.297854412383432686e+07
1.297857973809938692e+07
1.297949193725140579e+07
1.297900980972607620e+07
1.297857730819244869e+07
1.297842192973634787e+07
1.297935574185976945e+07
1.297914487607987784e+07
1.297858227893476188e+07
