1.297965143842425570e+07
1.297982536511742696e+07
1.297951256964114122e+07
1.297952165700453334e+07
1.297986596070997231e+07
1.297935550401590765e+07
1.297959256807094999e+07
1.297980544236406311e+07
1.297944912015939876e+07
1.297967873361738585e+07
1.297975920640854165e+07
1.297954905811350420e+07
1.297952676663977839e+07
1.297986235067342408e+07
1.297942770907272026e+07
1.297948559459573776e+07
1.297985473066796549e+07
1.297938768729106337e+07
1.297963167782259546e+07
1.297976934620220959e+07
1.297954223886757903e+07
1.297958723054684512e+07
1.297982185639290139e+07
1.297953835537729412e+07
1.297944373529915512e+07
1.297985979242742807e+07
1.297938716785685718e+07
1.297952364747823030e+07
1.297983153821090236e+07
1.297948499499786459e+07
1.297961455506411567e+07
1.297976336738784797e+07
1.297959508633547463e+07
1.297947278252477571e+07
1.297985607383644767e+07
1.297947137601465359e+07
1.297942624527299590e+07
1.297986246598754451e+07
1.297943036962181143e+07
1.297958517868128046e+07
1.297978974290588312e+07
1.297959159978536889e+07
1.297953613970443606e+07
1.297979869422040880e+07
1.297958452611364797e+07
1.297939326994464733e+07
1.297986575994047336e+07
1.297944721511784382e+07
1.297948889095676504e+07
1.297985545215362869e+07
1.297953352003124170e+07
1.297956478198411129e+07
1.297975474017330259e+07
1.297964684124496579e+07
1.297943703272011876e+07
1.297984059824900329e+07
1.297952410785486177e+07
1.297938653297936916e+07
1.297986188955932856e+07
1.297948415676207095e+07
1.297954575100805238e+07
1.297979747203254886e+07
1.297963978337707929e+07
1.297949755503402092e+07
1.297977789810727909e+07
1.297963708494610526e+07
1.297936148250771314e+07
1.297986415394643694e+07
1.297951077115516365e+07
1.297946153731474280e+07
1.297985805992343836e+07
1.297959115654794872e+07
1.297953656099662185e+07
1.297975460926750675e+07
1.297971978404614143e+07
1.297941058790898696e+07
1.297981406103351153e+07
1.297959514538577944e+07
1.297936623611443117e+07
1.297987057868678868e+07
1.297957180416079424e+07
1.297953823348162696e+07
1.297981206915595196e+07
1.297972610423481837e+07
1.297947911768729612e+07
1.297975411058618687e+07
1.297971310244016536e+07
1.297935696728708595e+07
1.297985248444327340e+07
1.297959584126662090e+07
1.297945048130674101e+07
1.297985593665429391e+07
1.297967749975576811e+07
1.297953303382404521e+07
1.297973491716507636e+07
1.297978835947597958e+07
1.297938845181700774e+07
1.297977068677741475e+07
1.297966849325473420e+07
1.297936139623678848e+07
1.297985783050196804e+07
1.297964249096525647e+07
1.297952291885373369e+07
1.297977642141402699e+07
1.297976471781089902e+07
1.297944570039578527e+07
1.297969407347977534e+07
1.297976437304815091e+07
1.297933718496991321e+07
1.297980109401164763e+07
1.297964507695542090e+07
1.297942780566672236e+07
1.297980417200523615e+07
1.297970835845193639e+07
1.297950752361191064e+07
1.297968292985393293e+07
1.297981642186682671e+07
1.297935538223717175e+07
1.297969506924171932e+07
1.297970760055476986e+07
1.297934495500510372e+07
1.297981581381454319e+07
1.297967598013818637e+07
1.297950173755142838e+07
1.297971831786669977e+07
1.297979265205399133e+07
1.297944119798704237e+07
1.297964060705677606e+07
1.297980780706754327e+07
1.297933522583536990e+07
1.297975123911883868e+07
1.297970025507786125e+07
1.297943465280484408e+07
1.297977882556315511e+07
1.297976525544592366e+07
1.297952854184464924e+07
1.297964840967820212e+07
1.297985190944371931e+07
1.297936422382811271e+07
1.297964842553456686e+07
1.297977520580915362e+07
1.297937223094206117e+07
1.297978307396831177e+07
1.297972507876117900e+07
1.297951725684773736e+07
1.297968980871961638e+07
1.297983942985401303e+07
1.297947047196796909e+07
1.297959946657146141e+07
1.297986448141433112e+07
1.297935671327090263e+07
1.297970143128409609e+07
1.297975829374515265e+07
1.297946061759786122e+07
1.297974629654367268e+07
1.297979412920162827e+07
1.297955085757864825e+07
1.297960272088463418e+07
1.297987271186007187e+07
1.297938346250266954e+07
1.297959251794735529e+07
1.297982850919245556e+07
1.297939103292507306e+07
1.297973069533774443e+07
1.297975024932537600e+07
1.297952854162050597e+07
1.297964087139846571e+07
1.297985330717627704e+07
1.297948862239347585e+07
1.297953562340280972e+07
1.297987151600418612e+07
1.297936121918839589e+07
1.297964271525032446e+07
1.297979383909938484e+07
1.297947946838442236e+07
1.297970257155329920e+07
1.297979594658586755e+07
1.297956996467285231e+07
1.297955366798873991e+07
1.297988940261225961e+07
1.297942418871728890e+07
1.297954722075183876e+07
1.297987285155255720e+07
1.297943227584987879e+07
1.297969512529442646e+07
1.297978437342425063e+07
1.297956913259683549e+07
1.297960626826625690e+07
1.297986507664423622e+07
1.297952923416782729e+07
1.297948638622109592e+07
1.297988394633214176e+07
1.297939274845902808e+07
1.297959228734130785e+07
1.297983078195514716e+07
1.297951870181556605e+07
1.297964933191530965e+07
1.297979755313794315e+07
1.297960386798403412e+07
1.297949476182507537e+07
1.297988802515835688e+07
1.297945891090985574e+07
1.297948770685144328e+07
1.297988367317245528e+07
1.297945835646653362e+07
1.297963347295616753e+07
1.297979265156099014e+07
1.297960308330202289e+07
1.297955438908255659e+07
1.297984676066577621e+07
1.297956573197166435e+07
1.297942475885930657e+07
1.297988369340804964e+07
1.297944219482154027e+07
1.297954159361158311e+07
1.297985678087090887e+07
1.297955873235559650e+07
1.297958967030092329e+07
1.297978120715572126e+07
1.297964592981801741e+07
1.297944847759404406e+07
1.297987211253790557e+07
1.297950114749878272e+07
1.297943115873767622e+07
1.297987704983637482e+07
1.297948939566863887e+07
1.297958446614981256e+07
1.297979688231455907e+07
1.297964935156904534e+07
1.297951142257910222e+07
1.297981481568598747e+07
1.297960530780274607e+07
1.297938408739168756e+07
1.297987741619333252e+07
1.297948856008915044e+07
1.297950447168445401e+07
1.297986451937244274e+07
1.297959293524364196e+07
1.297955510814653337e+07
1.297976362296545692e+07
1.297969047837628610e+07
1.297942315728633106e+07
1.297984655969324894e+07
1.297955230523355678e+07
1.297939780113100633e+07
1.297987405757160299e+07
1.297953674586570077e+07
1.297955334669173695e+07
1.297979783866412565e+07
1.297969237336847745e+07
1.297948369560964033e+07
1.297978228673695400e+07
1.297966338459610194e+07
1.297936337466496602e+07
1.297986866998522542e+07
1.297954538061875477e+07
1.297947735697816126e+07
1.297985793774740584e+07
1.297963690378978290e+07
1.297953526656872965e+07
1.297975423277434520e+07
1.297974751380765066e+07
1.297940715876602381e+07
1.297981739110392705e+07
1.297961397849018127e+07
1.297937723950415850e+07
1.297987418445604853e+07
1.297960545628922619e+07
1.297954729980211891e+07
1.297980450930282660e+07
1.297974167845305242e+07
1.297947131077674218e+07
1.297975638036985509e+07
1.297972879077729955e+07
1.297935950394305401e+07
1.297985638801811449e+07
1.297961553504085727e+07
1.297946292617385648e+07
1.297985274280039594e+07
1.297969331400434859e+07
1.297953741527055763e+07
1.297973667559844069e+07
1.297980061445203424e+07
1.297939302588567324e+07
1.297977029548069090e+07
1.297966855969877541e+07
1.297935887814129330e+07
1.297985608608186059e+07
1.297964258561273664e+07
1.297952550898459554e+07
1.297978011363748088e+07
1.297977018465054408e+07
1.297945628216620348e+07
1.297970543772791885e+07
1.297977335399319790e+07
1.297934801439298503e+07
1.297981561420836486e+07
1.297965890617194213e+07
1.297944465456380323e+07
1.297982676031316444e+07
1.297972898540393449e+07
1.297953668313727714e+07
1.297971237582783401e+07
1.297984145655850321e+07
1.297938705979454145e+07
1.297972867218242213e+07
1.297973196228674799e+07
1.297937154447035305e+07
1.297984481115912087e+07
1.297969861401616409e+07
1.297952838286891207e+07
1.297975764380018413e+07
1.297982000118858367e+07
1.297947694881202281e+07
1.297967718690958805e+07
1.297983101723379269e+07
1.297935952298047580e+07
1.297977939214610122e+07
1.297971742136707902e+07
1.297944902657927200e+07
1.297980983900018409e+07
1.297977126501767151e+07
1.297954891930987313e+07
1.297968784662165307e+07
1.297987358484867774e+07
1.297939968784773163e+07
1.297968576379059814e+07
1.297979953549099900e+07
1.297939593325264007e+07
1.297981824955079332e+07
1.297974408204186708e+07
1.297953887650548667e+07
1.297972973622085899e+07
1.297985295447698794e+07
1.297949633414871246e+07
1.297963379302106239e+07
1.297987734854909591e+07
1.297936963219710253e+07
1.297973043466895446e+07
1.297977459253734723e+07
1.297947238708148338e+07
1.297978023763683997e+07
1.297979943371777609e+07
1.297956387777801231e+07
1.297964274342619441e+07
1.297989146200196818e+07
1.297941493110530451e+07
1.297962379995849915e+07
1.297984143455599807e+07
1.297940204964621738e+07
1.297976200394910388e+07
1.297976420646972768e+07
1.297954209809220210e+07
1.297968615677278489e+07
1.297987087253375165e+07
1.297951843138978630e+07
1.297957632755439728e+07
1.297989075055753812e+07
1.297937651719913073e+07
1.297966984861457907e+07
1.297980968137723021e+07
1.297948402619100921e+07
1.297974189999485575e+07
1.297980551757548749e+07
1.297958105399364047e+07
1.297959217582842149e+07
1.297989542342396267e+07
1.297943699019647762e+07
1.297957036745433696e+07
1.297987328963869996e+07
1.297941854070902430e+07
1.297972331567437947e+07
1.297978562225699052e+07
1.297955268520062603e+07
1.297965190584285185e+07
1.297986631167266518e+07
1.297954584412487410e+07
1.297953179319800623e+07
1.297989766604886949e+07
1.297938904694633372e+07
1.297961254675008357e+07
1.297983333485320769e+07
1.297949458558906429e+07
1.297969982875074446e+07
1.297980058763907105e+07
1.297959922032965533e+07
1.297955306381786615e+07
1.297989733094931953e+07
1.297946359379614145e+07
1.297951999963214621e+07
1.297988912672109529e+07
1.297942800176474638e+07
1.297966983461534977e+07
1.297980667308844626e+07
1.297957471659733728e+07
1.297962119915373996e+07
1.297985174595774151e+07
1.297957395786980167e+07
1.297948474628099054e+07
1.297990080658720993e+07
1.297942710223543271e+07
1.297956330082197115e+07
1.297987045569460280e+07
1.297951559187771939e+07
1.297965817903659120e+07
1.297979092503923737e+07
1.297961900608571991e+07
1.297951904356219806e+07
1.297988516382070817e+07
1.297949611600681953e+07
1.297946340107087977e+07
1.297989097505320422e+07
1.297944822625150718e+07
1.297962289541985281e+07
1.297982607895042561e+07
1.297961052092829347e+07
1.297959928528106026e+07
1.297983695520755462e+07
1.297961475824897364e+07
1.297944199110719003e+07
1.297989474899382144e+07
1.297946314023178816e+07
1.297951564681130834e+07
1.297987537062753737e+07
1.297953041846615449e+07
1.297960078686756827e+07
1.297977369895180315e+07
1.297964352995857224e+07
1.297947817278331332e+07
1.297985865446347557e+07
1.297953456256947853e+07
1.297941413532079756e+07
1.297988072598105669e+07
1.297947579816860892e+07
1.297956943872937374e+07
1.297982524502322823e+07
1.297963194734337926e+07
1.297954759282623231e+07
1.297979928063778765e+07
1.297964444087859243e+07
1.297939789922161400e+07
1.297987937070883065e+07
1.297950486666968651e+07
1.297947206033377163e+07
1.297988470514906012e+07
1.297957174154298007e+07
1.297957834064568765e+07
1.297978241416583955e+07
1.297970198121663742e+07
1.297946352938237973e+07
1.297984108186179399e+07
1.297959566109690629e+07
1.297939097496036440e+07
1.297988944054451026e+07
1.297954029609240778e+07
1.297955145297853276e+07
1.297984419069030136e+07
1.297967485865207575e+07
1.297952540022294596e+07
1.297978816425976530e+07
1.297971197224427573e+07
1.297939266019061953e+07
1.297987127995176800e+07
1.297956207614368387e+07
1.297944341435026750e+07
1.297988271128384210e+07
1.297961413153026253e+07
1.297956236984843761e+07
1.297978010865650326e+07
1.297975732585058548e+07
1.297944274261424877e+07
1.297980000230183639e+07
1.297965274423112720e+07
1.297936675868717767e+07
1.297988186350889318e+07
1.297959432890434563e+07
1.297953244923740067e+07
1.297984545723227784e+07
1.297972362919007801e+07
1.297951664816409163e+07
1.297975840202161856e+07
1.297976434081453457e+07
1.297938244006393850e+07
1.297984573216331750e+07
1.297962128218116611e+07
1.297942877384046279e+07
1.297987699468518794e+07
1.297966399462504312e+07
1.297955503670633212e+07
1.297976640089319646e+07
1.297979142040510848e+07
1.297942637137985229e+07
1.297975846523801610e+07
1.297970219584099576e+07
1.297935402521823533e+07
1.297986292784398422e+07
1.297963015017058887e+07
1.297950349428258836e+07
1.297982093930529989e+07
1.297974301853965595e+07
1.297950676494026743e+07
1.297972096242661029e+07
1.297980034335733764e+07
1.297937247219339013e+07
1.297980006941562705e+07
1.297966404450015537e+07
1.297940568431777693e+07
1.297985658143591508e+07
1.297968790165517665e+07
1.297954544171358272e+07
1.297975204580367729e+07
1.297981222662613727e+07
1.297942422882967442e+07
1.297971209892509319e+07
1.297974922407341562e+07
1.297934733610818349e+07
1.297982664547350630e+07
1.297966018432596698e+07
1.297947894496033899e+07
1.297979802692549303e+07
1.297976240777334385e+07
1.297951436875744350e+07
1.297969374308416620e+07
1.297983573203885555e+07
1.297936732573330589e+07
1.297974865493943915e+07
1.297971034932611324e+07
1.297939639615088142e+07
1.297984305680984631e+07
1.297972192294139415e+07
1.297954755295188911e+07
1.297973938272719458e+07
1.297984419807158224e+07
1.297944822947099246e+07
1.297968645933126099e+07
1.297981748273190856e+07
1.297936641613364220e+07
1.297980743000957742e+07
1.297971313071185909e+07
1.297948643035407551e+07
1.297979103429575451e+07
1.297980422666550241e+07
1.297954238185167126e+07
1.297967448683849163e+07
1.297987469506411999e+07
1.297938032433605380e+07
1.297971424612450227e+07
1.297977593327918462e+07
1.297941828399317339e+07
1.297982904763673991e+07
1.297975675885952823e+07
1.297955778844224848e+07
1.297970889932368323e+07
1.297987008762522601e+07
1.297946990336546861e+07
1.297964661041053571e+07
1.297986418021957576e+07
1.297937864808895439e+07
1.297976931450126879e+07
1.297975969632427394e+07
1.297949979589384608e+07
1.297978158334247768e+07
1.297983528217872418e+07
1.297956694268631376e+07
1.297964911896361597e+07
1.297990319978175871e+07
1.297940105154458806e+07
1.297967543037716299e+07
1.297983357721650042e+07
1.297944417816721648e+07
1.297980015205365606e+07
1.297978447875220329e+07
1.297957539610674605e+07
1.297968554005440883e+07
1.297989686850510351e+07
1.297950493313472159e+07
1.297961483147224039e+07
1.297990875717018545e+07
1.297940145854971558e+07
1.297973113667998835e+07
1.297981625152090564e+07
1.297953125827141851e+07
1.297975438146617077e+07
1.297984954028490558e+07
1.297959493485889025e+07
1.297961184686280414e+07
1.297992155022876896e+07
1.297943141553170048e+07
1.297962344156236015e+07
1.297987953515208140e+07
1.297946256298800930e+07
1.297976126312552020e+07
1.297981239707947336e+07
1.297959775974929892e+07
1.297966193973046541e+07
1.297991244335370138e+07
1.297953691999048926e+07
1.297956300566915795e+07
1.297991791176898777e+07
1.297941351190123893e+07
1.297967718701185100e+07
1.297984241735017858e+07
1.297954296442187950e+07
1.297971683465555310e+07
1.297984172100796364e+07
1.297961393876810558e+07
1.297956606648762897e+07
1.297992464453901164e+07
1.297946397281968966e+07
1.297957583788597956e+07
1.297990836333485134e+07
1.297947998713037372e+07
1.297971910584487207e+07
1.297982244600682519e+07
1.297961682064185292e+07
1.297962976169026084e+07
1.297991191304508038e+07
1.297957821082579531e+07
1.297952539155655913e+07
1.297993360186245479e+07
1.297944876228842139e+07
1.297963963727715984e+07
1.297987845620111376e+07
1.297957503602847829e+07
1.297968623609879427e+07
1.297984065292718634e+07
1.297964671165585890e+07
1.297952964172958583e+07
1.297992581841305271e+07
1.297949979992262088e+07
1.297952899869600683e+07
1.297992628700092249e+07
1.297950345856899209e+07
1.297967956494177133e+07
1.297984349427117407e+07
1.297965734197375923e+07
1.297961165894905478e+07
1.297989793913818337e+07
1.297961735761007853e+07
1.297948726398072578e+07
1.297993981980044022e+07
1.297949250333216600e+07
1.297959949918241613e+07
1.297991506801463850e+07
1.297960432509795576e+07
1.297966062425980531e+07
1.297984218005000614e+07
1.297969346150648035e+07
1.297952045890755579e+07
1.297992656303000264e+07
1.297955198313830979e+07
1.297949307587553747e+07
1.297993864072390459e+07
1.297953132931371592e+07
1.297964951022657752e+07
1.297985570442798734e+07
1.297968598236954212e+07
1.297959483633152582e+07
1.297987294431103766e+07
1.297965289604932256e+07
1.297945926128172129e+07
1.297993399241161533e+07
1.297952511931983195e+07
1.297956249244449101e+07
1.297992599242698215e+07
1.297961402879484557e+07
1.297963590190471150e+07
1.297983018769152462e+07
1.297972148667600565e+07
1.297951269801193848e+07
1.297990925892768428e+07
1.297959272616949305e+07
1.297946285510591790e+07
1.297993529651697911e+07
1.297955144370871410e+07
1.297962188732930087e+07
1.297988090352309495e+07
1.297970803109171055e+07
1.297959987000100687e+07
1.297986653692743182e+07
1.297971011704196036e+07
1.297945942414992303e+07
1.297994186590057798e+07
1.297956519718510844e+07
1.297952599227792583e+07
1.297993114513460360e+07
1.297962584041302092e+07
1.297962587940304726e+07
1.297983076257776655e+07
1.297975606844078563e+07
1.297951581881234050e+07
1.297988957190476730e+07
1.297964487521093898e+07
1.297944563057458401e+07
1.297993880572861247e+07
1.297959042522313260e+07
1.297960095824304596e+07
1.297989358821211010e+07
1.297971487540328503e+07
1.297958199557586201e+07
1.297982942019382864e+07
1.297974432138453983e+07
1.297944449651818536e+07
1.297992407368246280e+07
1.297960432672588527e+07
1.297949237091653980e+07
1.297993249002673849e+07
1.297964144980098493e+07
1.297961856046670489e+07
1.297983116222717799e+07
1.297978007726330124e+07
1.297951334035542607e+07
1.297985776360405236e+07
1.297969022192957439e+07
1.297941988195742480e+07
1.297993343602664024e+07
1.297961471407436766e+07
1.297957392937181517e+07
1.297989884328215197e+07
1.297972664004237764e+07
1.297958025136637501e+07
1.297981363259138353e+07
1.297978386521436647e+07
1.297944498266726732e+07
1.297988994494971633e+07
1.297962915027735010e+07
1.297945051069814153e+07
1.297991044842084870e+07
1.297964659820849635e+07
1.297959681750069559e+07
1.297982845349605940e+07
1.297978337567233481e+07
1.297949710963257030e+07
1.297981177840722539e+07
1.297971939694181643e+07
1.297939215896580555e+07
1.297990411125944741e+07
1.297962349224950001e+07
1.297952972075854056e+07
1.297988819386586547e+07
1.297972127027671970e+07
1.297956846538963541e+07
1.297978683728999272e+07
1.297980796278534457e+07
1.297943596574866958e+07
1.297985395871369168e+07
1.297967340615606122e+07
1.297942772548126802e+07
1.297991141985089332e+07
1.297967218117666990e+07
1.297959100167179666e+07
1.297983619589675218e+07
1.297980722999029793e+07
1.297950725229694135e+07
1.297979088591186143e+07
1.297977789930516481e+07
1.297940511614442430e+07
1.297989761738114990e+07
1.297966678860743158e+07
1.297951258133793250e+07
1.297989676720782556e+07
1.297974928920294531e+07
1.297959015272824280e+07
1.297978866075764410e+07
1.297985090060339682e+07
1.297944629392129555e+07
1.297982537309722044e+07
1.297972718693462946e+07
1.297942021555237100e+07
1.297991274734344706e+07
1.297969644616962038e+07
1.297958351518800482e+07
1.297984509530844539e+07
1.297981730035269260e+07
1.297952221913159452e+07
1.297977003114694543e+07
1.297982075255793333e+07
1.297940708064670488e+07
1.297987111018286832e+07
1.297969677018572018e+07
1.297948887052421831e+07
1.297989346788148209e+07
1.297975520966493711e+07
1.297959099861756526e+07
1.297977693485291302e+07
1.297986810218437016e+07
1.297945451010796055e+07
1.297978493802355416e+07
1.297976923357988149e+07
1.297940946988594532e+07
1.297989915406865627e+07
1.297971041997760721e+07
1.297956530113249272e+07
1.297984052520888485e+07
1.297981984313662723e+07
1.297953667610562965e+07
1.297974794701849855e+07
1.297985679974380881e+07
1.297941126307294890e+07
1.297983565578929521e+07
1.297973148739596084e+07
1.297947335301625542e+07
1.297988796892033145e+07
1.297977100924809836e+07
1.297959791803246364e+07
1.297977644400850870e+07
1.297987717695596814e+07
1.297945957911982387e+07
1.297974904064139910e+07
1.297980603387650661e+07
1.297940191521910205e+07
1.297986668001930229e+07
1.297972432672442496e+07
1.297953384125044942e+07
1.297983123959374055e+07
1.297981377846764959e+07
1.297955021678830683e+07
1.297972775466419756e+07
1.297987353835749254e+07
1.297940383405691572e+07
1.297978644349075295e+07
1.297975308872168139e+07
1.297944298694942705e+07
1.297988394111741334e+07
1.297976351142680645e+07
1.297959393037050404e+07
1.297977883658545278e+07
1.297987264064501226e+07
1.297948803147670068e+07
1.297972406993609481e+07
1.297984328364112228e+07
1.297939557431477495e+07
1.297983474386875890e+07
1.297973271338692866e+07
1.297950545025205985e+07
1.297982538869570009e+07
1.297980696830050461e+07
1.297956030083582550e+07
1.297970975415849499e+07
1.297988155303104781e+07
1.297939906277125515e+07
1.297973466019096412e+07
1.297977526267414168e+07
1.297941426150575466e+07
1.297985095246910304e+07
1.297974647574133240e+07
1.297956415930171497e+07
1.297975570976883732e+07
1.297986084420008771e+07
1.297949415904227830e+07
1.297968073372763954e+07
1.297985910691546090e+07
1.297938105336097069e+07
1.297979107431792840e+07
1.297974480340636522e+07
1.297948097737381607e+07
1.297981754106245190e+07
1.297980126342701912e+07
1.297957326220625453e+07
1.297970288378744386e+07
1.297988664327244461e+07
1.297941678457412682e+07
1.297970218438252620e+07
1.297981272773164324e+07
1.297941012074531615e+07
1.297983464380748942e+07
1.297975922046409361e+07
1.297955633083770238e+07
1.297977034096697532e+07
1.297986905093556829e+07
1.297952806902991608e+07
1.297967302570942789e+07
1.297989602324115857e+07
1.297939288229380921e+07
1.297975608120616525e+07
1.297978657765052654e+07
1.297948136621326208e+07
1.297982831271465495e+07
1.297980784272566065e+07
1.297958947782845609e+07
1.297969783104338497e+07
1.297990347477386333e+07
1.297944684175070003e+07
1.297967394936933368e+07
1.297986231864491664e+07
1.297941067685985379e+07
1.297980611821735837e+07
1.297976846500700712e+07
1.297954144364644215e+07
1.297975827228704281e+07
1.297986460383416153e+07
1.297955215476983041e+07
1.297964793605607748e+07
1.297990046325443313e+07
1.297939139802366123e+07
1.297971063213236444e+07
1.297980994583655149e+07
1.297946632839745469e+07
1.297981370061689243e+07
1.297979817822685838e+07
1.297958921512593701e+07
1.297967960771056637e+07
1.297989920754183456e+07
1.297946777637458220e+07
1.297963540540059470e+07
1.297988599918385036e+07
1.297940764306330867e+07
1.297976904864962213e+07
1.297979419350305200e+07
1.297954175406158157e+07
1.297976385695151798e+07
1.297986729517353885e+07
1.297958087682906352e+07
1.297963990043412521e+07
1.297991571592137776e+07
1.297941427511093765e+07
1.297967707859247550e+07
1.297985077501512133e+07
1.297947069995623641e+07
1.297980461188186333e+07
1.297981499891602993e+07
1.297960558343099989e+07
1.297969578550978191e+07
1.297992269944660924e+07
1.297951814164318517e+07
1.297962407740994729e+07
1.297992300840924121e+07
1.297942025363148563e+07
1.297974274890425988e+07
1.297982754942076281e+07
1.297954543515530042e+07
1.297977088089878298e+07
1.297987424077136628e+07
1.297961595073568262e+07
1.297963300230273977e+07
1.297994095621698163e+07
1.297945480542982183e+07
1.297964764359008707e+07
1.297990377245084010e+07
1.297948659257259220e+07
1.297978612202408537e+07
1.297982947541292198e+07
1.297961251519370452e+07
1.297969073970532790e+07
1.297992984614846110e+07
1.297956250336616486e+07
1.297959813382161409e+07
1.297994461284877732e+07
1.297944259465068579e+07
1.297970970918565616e+07
1.297986818102196977e+07
1.297956430029894412e+07
1.297976366788228415e+07
1.297987340538466908e+07
1.297964243561739661e+07
1.297961533547415771e+07
1.297995047036051936e+07
1.297949061477970332e+07
1.297961378095437959e+07
1.297993036085400730e+07
1.297948619221070595e+07
1.297975946613723971e+07
1.297983629341769964e+07
1.297961802457233332e+07
1.297968530603161454e+07
1.297991960023028590e+07
1.297959506426582485e+07
1.297957091074852459e+07
1.297994873716739938e+07
1.297945703937078267e+07
1.297966985786724649e+07
1.297989819865330309e+07
1.297956599126164429e+07
1.297975112691431679e+07
1.297986280432627350e+07
1.297966406355572306e+07
1.297960882267308980e+07
1.297995929361696355e+07
1.297953017830665782e+07
1.297958002580641583e+07
1.297995328313250095e+07
1.297949521436756104e+07
1.297973001688179746e+07
1.297986551384198666e+07
1.297964097568608075e+07
1.297968846967201494e+07
1.297992352458986081e+07
1.297964831489124894e+07
1.297956371316921152e+07
1.297997365455786884e+07
1.297950279261574335e+07
1.297964466954495013e+07
1.297994506501760520e+07
1.297959091361824982e+07
1.297974541825679317e+07
1.297987442720185220e+07
1.297970231525549293e+07
1.297961475976356864e+07
1.297996904645884782e+07
1.297958401846785098e+07
1.297955171286484599e+07
