1.301760183343749866e+07
1.301588038646200299e+07
1.301414314579494298e+07
1.301239530671393871e+07
1.301063971293575317e+07
1.300887811626890488e+07
1.300711168655474298e+07
1.300534124994244799e+07
1.300356741611175798e+07
1.300179064864989929e+07
1.300001131101649068e+07
1.299822969275264628e+07
1.299644603026809171e+07
1.299466051841194741e+07
1.299287332005328126e+07
1.299108457341400348e+07
1.298929439625141211e+07
1.298750289057594910e+07
1.298571014463767782e+07
1.298391623610641621e+07
