1.297965143842425570e+07
1.297995161480296403e+07
1.298230506423773430e+07
1.297929540919554979e+07
1.297895984164251946e+07
1.297699451557056233e+07
1.297725210294687003e+07
1.297996873068357818e+07
1.297914527234179713e+07
1.297993735269796476e+07
1.297673554819831252e+07
1.297717469274648093e+07
1.298094674784379266e+07
1.297869608657914773e+07
1.297920201779916137e+07
1.297935798624271527e+07
1.297811453450942412e+07
1.298131478697802313e+07
1.297722650576128438e+07
1.297680359342273884e+07
1.298100678234105930e+07
1.297721443737967312e+07
1.297765423839366436e+07
1.298157444772825763e+07
1.297807905144580640e+07
1.297979154535107687e+07
1.297944483116363175e+07
1.297877887186926045e+07
1.298011209119554982e+07
1.297900282254883833e+07
1.298015822196497023e+07
1.297728543577428162e+07
1.297600505067442544e+07
1.297735736013623513e+07
1.297806659498394839e+07
1.297902428426590376e+07
1.297921790163685009e+07
1.297794792562897317e+07
1.297648272549971752e+07
1.297683796334678307e+07
1.297810809267180413e+07
1.297924893926304765e+07
1.297872561548877507e+07
1.297756083500678651e+07
1.297702835498792678e+07
1.297798536369762197e+07
1.297925795620285161e+07
1.297879740353577211e+07
1.297737197887307964e+07
1.297970152523700520e+07
1.297882836631533504e+07
1.298070980960154906e+07
1.297785825213448144e+07
1.298155797998632863e+07
1.297884610017229989e+07
1.298018999177331850e+07
1.297867870697437972e+07
1.297999234609357268e+07
1.297920116866004094e+07
1.298005455787205510e+07
1.297792133699728921e+07
1.298111414251596294e+07
1.297890525975571573e+07
1.298038862284985557e+07
1.298023858872502297e+07
1.297820559806539118e+07
1.297705292996932566e+07
1.298032167777263373e+07
1.297819077477692068e+07
1.297863194865819998e+07
1.298038914001450688e+07
1.297869275191856176e+07
1.297804494879519008e+07
1.298041613591288216e+07
1.297772654166449979e+07
1.297911993631092831e+07
1.298024387319101579e+07
1.297785212700201385e+07
1.297966219731050916e+07
1.297948265952382796e+07
1.298002097949272022e+07
1.297996835024957359e+07
1.297925879421790317e+07
1.298001172570978291e+07
1.297672496266404726e+07
1.297749413339944556e+07
1.298064326090514101e+07
1.297715758810970187e+07
1.297882954837641492e+07
1.297924051245945878e+07
1.297674765256412886e+07
1.298059639950476214e+07
1.297812588711889647e+07
1.297942899621288106e+07
1.297869636520121060e+07
1.297764162210777774e+07
1.297850843938495778e+07
1.298134630056791194e+07
1.297974348633293994e+07
1.297939125307719409e+07
1.298091100061420724e+07
1.297789360460498556e+07
1.297916599724981934e+07
1.297911507427617908e+07
1.297667176157521643e+07
1.297681641913346015e+07
1.297785474676249363e+07
1.297895870922592096e+07
1.297917436084450595e+07
1.297818468727679923e+07
1.298062126473817229e+07
1.297826277414148487e+07
1.297955084479623102e+07
1.297913892733633332e+07
1.297762718787115254e+07
1.297905860950912721e+07
1.297934041548147053e+07
1.297852461866649799e+07
1.298036036930211633e+07
1.297719179789662175e+07
1.298050172644945793e+07
1.297958189349384233e+07
1.297976581676963530e+07
1.297930070958726853e+07
1.297795043994141743e+07
1.298154045129784569e+07
1.297877258121301048e+07
1.297767966027716175e+07
1.298124271699843369e+07
1.297756611476902477e+07
1.297698261104626954e+07
1.298082515678752586e+07
1.297854368647639826e+07
1.297972575591026619e+07
1.297963174248761311e+07
1.297796447997288033e+07
1.297615789067951776e+07
1.297789485385558940e+07
1.298008293616590090e+07
1.297819503954090923e+07
1.297739711204362288e+07
1.297857997829234414e+07
1.298116089642983675e+07
1.297953584337373264e+07
1.297958396267805248e+07
1.297808648899077810e+07
1.298049361017014459e+07
1.297911626315042004e+07
1.297790268083406612e+07
1.298143435779001564e+07
1.297727307843542099e+07
1.297660602641906030e+07
1.297863395402739011e+07
1.298011042900068499e+07
1.297911341924902052e+07
1.297732336063764989e+07
1.297728121274281852e+07
1.298137392511507496e+07
1.297974564901637845e+07
1.297963205515582487e+07
1.297703254102860019e+07
1.298123513375552557e+07
1.297728858736789413e+07
1.297922187108378671e+07
1.298074320344557799e+07
1.297834858468173631e+07
1.297972456730096787e+07
1.297886630793401413e+07
1.297851840466569178e+07
1.298069540454465896e+07
1.297696831421072222e+07
1.297762412560377270e+07
1.298078434304304048e+07
1.297940452729475684e+07
1.298021748512527347e+07
1.298043708526091091e+07
1.297910813903846405e+07
1.297801412032267079e+07
1.297931750991203263e+07
1.298076880672854558e+07
1.297803629915999807e+07
1.298093652388257720e+07
1.297895415752436966e+07
1.298299366428961605e+07
1.298048579001394287e+07
1.297999266540654749e+07
1.297822636802822910e+07
1.297810605523320474e+07
1.298229353326039203e+07
1.298122788845634088e+07
1.297878774653649703e+07
1.298032601709614880e+07
1.298004202012309060e+07
1.297906649710000120e+07
1.298052215631468035e+07
1.298011730543307774e+07
1.297936090030099638e+07
1.298081297071546689e+07
1.297914714548522793e+07
1.297988799998071976e+07
1.297945172533725016e+07
1.297846338066050969e+07
1.298126456309393048e+07
1.297814416413546540e+07
1.297806598665437475e+07
1.298146968243258074e+07
1.297846737734647095e+07
1.297986982987380400e+07
1.297999596178653277e+07
1.297855661396279186e+07
1.298165946548547596e+07
1.297899147173957340e+07
1.298173700860244967e+07
1.298044418930575997e+07
1.298020475875845924e+07
1.298094071889224835e+07
1.297940915212378837e+07
1.297985916410487890e+07
1.298097292475940101e+07
1.297959007813334279e+07
1.298126474491460249e+07
1.298289481920688972e+07
1.298161704755157977e+07
1.298168800396560505e+07
1.298159070032108761e+07
1.298093596344799921e+07
1.298164610302780941e+07
1.298301161572988704e+07
1.298157467367631942e+07
1.298011692819743603e+07
1.298145827776264958e+07
1.298346591851661913e+07
1.298032837741794437e+07
1.297998998327660374e+07
1.298146150634132139e+07
1.297924404583930783e+07
1.298075142368199117e+07
1.298264095227307826e+07
1.297896366882743686e+07
1.298229667093582265e+07
1.298115562324563414e+07
1.297975418822010234e+07
1.298191641582187079e+07
1.298010339820689522e+07
1.297962515996761993e+07
1.297830683918903209e+07
1.298080677571221814e+07
1.297909501397942193e+07
1.297684953932739235e+07
1.298012222564449906e+07
1.297918421551088244e+07
1.297860447474784404e+07
1.298150760451732762e+07
1.297830032894777693e+07
1.297894682537341863e+07
1.298224674186479859e+07
1.297964727272005007e+07
1.298002282255113125e+07
1.297852939068092220e+07
1.297999617086369544e+07
1.298010978775212169e+07
1.297861630662097409e+07
1.298219224893176742e+07
1.297969244845360890e+07
1.298074916915933788e+07
1.298263651966788992e+07
1.298353049022188410e+07
1.298334097680392861e+07
1.298261657189773582e+07
1.298010269790586084e+07
1.298047312200944871e+07
1.298249437669815868e+07
1.297891523861001246e+07
1.298062486675898731e+07
1.297901580502128974e+07
1.297949300168933161e+07
1.298120312853665091e+07
1.297885855672407895e+07
1.297956564373146556e+07
1.298018632272994891e+07
1.297886718379268050e+07
1.298148453721153177e+07
1.297754196381258778e+07
1.297839562433237582e+07
1.298097484047861025e+07
1.297931772910549305e+07
1.298044783021843061e+07
1.298077146944229864e+07
1.297923867495131306e+07
1.298126780997881480e+07
1.297860280357229151e+07
1.298086528150936216e+07
1.297882270458059572e+07
1.297908398672030121e+07
1.298016395897852629e+07
1.297798661609061435e+07
1.297726029509843886e+07
1.298016739267444611e+07
1.298055252865430713e+07
1.298052823900954239e+07
1.298081250691870227e+07
1.298027459526336007e+07
1.298107683152857982e+07
1.298264402886395529e+07
1.298051522838917375e+07
1.298102974144031294e+07
1.297919160899764672e+07
1.298217909192018583e+07
1.297924266726867296e+07
1.297707017050234415e+07
1.298012442663081922e+07
1.297923215756687894e+07
1.297997510786265880e+07
1.298107103367626108e+07
1.297924434415427782e+07
1.298081715575115941e+07
1.297957240902167559e+07
1.297714611045240052e+07
1.298049491409981064e+07
1.297887867984325439e+07
1.297761603160948679e+07
1.298211714963669144e+07
1.297845618057324924e+07
1.297928226648174971e+07
1.298203022447331250e+07
1.297907884980059788e+07
1.298077350639481097e+07
1.298029495668253861e+07
1.297895676822708175e+07
1.298221833883607015e+07
1.297853157090558112e+07
1.297980050487367995e+07
1.298208160600666329e+07
1.297852643156620301e+07
1.298008417927121744e+07
1.298070867651824281e+07
1.297994496013031155e+07
1.298085148302369751e+07
1.297982463733310439e+07
1.298074696767249517e+07
1.298056710930212401e+07
1.298031693686212599e+07
1.298091637676404230e+07
1.297917019346354902e+07
1.298099736663921922e+07
1.298180082102628611e+07
1.297830519646259397e+07
1.297919944127516262e+07
1.298121130601343885e+07
1.298033038431305997e+07
1.298146999630282447e+07
1.297953352648098953e+07
1.298286496206401289e+07
1.297922964232743345e+07
1.297715837509886548e+07
1.297998401143966429e+07
1.298163246166716143e+07
1.298274272631825320e+07
1.297999631807041541e+07
1.298066632619210891e+07
1.297929679894532450e+07
1.298159594397881255e+07
1.297945391464020871e+07
1.298046188426076248e+07
1.297945763610479794e+07
1.297906528310830519e+07
1.298121377416962758e+07
1.297822147713323124e+07
1.297882746427709423e+07
1.298149039500333369e+07
1.298050740529335104e+07
1.298106309458462894e+07
1.297762713905745931e+07
1.297827211051083729e+07
1.298256961810812913e+07
1.297923637065161765e+07
1.298059419840638340e+07
1.298078874125272036e+07
1.297981856334387138e+07
1.298185020078753494e+07
1.297858494028315693e+07
1.297955156835871935e+07
1.298090218595509790e+07
1.298304912726355344e+07
1.298156712862756290e+07
1.298070223743640259e+07
1.298182726424198039e+07
1.298253973363826051e+07
1.298345769786772877e+07
1.298413535383864492e+07
1.298366154241308756e+07
1.298326993395129219e+07
1.298457670348619111e+07
1.298351700615988858e+07
1.298277275045893155e+07
1.298340434952041507e+07
1.298307576052593067e+07
1.298194029298982210e+07
1.298205724828465842e+07
1.298294081686264835e+07
1.298331633199303411e+07
1.298302856450634822e+07
1.298397042092292570e+07
1.298465215941427834e+07
1.298399902223732695e+07
1.298301160438079573e+07
1.298366054990069941e+07
1.298337973569291830e+07
1.298250426194501854e+07
1.298198507386499643e+07
1.298105850834935531e+07
1.298148966309960932e+07
1.298274880816595629e+07
1.298159642554239929e+07
1.298087986378491111e+07
1.298175974826669134e+07
1.298255335715447553e+07
1.298319130535771325e+07
1.298451158797270991e+07
1.298224567921445705e+07
1.298096605015908554e+07
1.298093818445503898e+07
1.298283543602900393e+07
1.298287613328087702e+07
1.298024716122777946e+07
1.298233838838552125e+07
1.298336330871560611e+07
1.298044994161073491e+07
1.298094056090936810e+07
1.298279447723619081e+07
1.297978807949477620e+07
1.298188412545550615e+07
1.298231387823066674e+07
1.298049980667459033e+07
1.298157757304209098e+07
1.298297012203657813e+07
1.298337529018851928e+07
1.298478678970599361e+07
1.298390057820899226e+07
1.298265794949877635e+07
1.298340360827254131e+07
1.298295061210012995e+07
1.298214723224272393e+07
1.298199015540224500e+07
1.298160086836278625e+07
1.298203265026038326e+07
1.298201297020677291e+07
1.298237936479234509e+07
1.298266630175605603e+07
1.298224618119321205e+07
1.298382384350997768e+07
1.298471312538065575e+07
1.298383800262405723e+07
1.298343201756732166e+07
1.298249375550608151e+07
1.298232593764396012e+07
1.298248374402808025e+07
1.298153918640045449e+07
1.298186563024146669e+07
1.298135519438458607e+07
1.298028252601291798e+07
1.298285459673580527e+07
1.297995122569621168e+07
1.298311678428234346e+07
1.298323687416736595e+07
1.298056423353182711e+07
1.298169310675770417e+07
1.298434321455265768e+07
1.298387314453715086e+07
1.298253920202569291e+07
1.298308436981900595e+07
1.298272990367645957e+07
1.298164674144998379e+07
1.298236663877081126e+07
1.298336104712498933e+07
1.298236691830497049e+07
1.298184258165520057e+07
1.298200854780302383e+07
1.298242151544081420e+07
1.298225564515528828e+07
1.298381372519488260e+07
1.298471501267898269e+07
1.298335425534369610e+07
1.298260807171125710e+07
1.298207337382504344e+07
1.298113866135855950e+07
1.298180015810692869e+07
1.298337704757722653e+07
1.298214801713033207e+07
1.298099661145473644e+07
1.298175813689540699e+07
1.298240532304947078e+07
1.298344301148994640e+07
1.298421115743966773e+07
1.298264988915487938e+07
1.298095908803746104e+07
1.298114859338072874e+07
1.298377961083500832e+07
1.298278221631622873e+07
1.298033015215533972e+07
1.298308907684615999e+07
1.298100286916764826e+07
1.298020607718191296e+07
1.297901490485164896e+07
1.298075729634041339e+07
1.298065159990968555e+07
1.297931665128294937e+07
1.297911283228209615e+07
1.298075947833479010e+07
1.298068653511927277e+07
1.297919170983777568e+07
1.297863687327749468e+07
1.297940664934356883e+07
1.298123205453461036e+07
1.297927954075184278e+07
1.297931439482348599e+07
1.298071559848181717e+07
1.298073700894291140e+07
1.297913003034238517e+07
1.297849497914090753e+07
1.298035619700838253e+07
1.298096524891244061e+07
1.298081061907036416e+07
1.298020327012403682e+07
1.297821175109476410e+07
1.297814979606344178e+07
1.297770100311346538e+07
1.297963513766398653e+07
1.298078463577860780e+07
1.298061800024364702e+07
1.297999582620027661e+07
1.298158786404926516e+07
1.298351906603730842e+07
1.298181777382507361e+07
1.298049067336409539e+07
1.298278750177622773e+07
1.298212159143857658e+07
1.298139358518688008e+07
1.298197367151725851e+07
1.298192426995029673e+07
1.298290553413981572e+07
1.298362366309884191e+07
1.298217304410454817e+07
1.298149070627469569e+07
1.298218904127510637e+07
1.298287401141899824e+07
1.298065188713662885e+07
1.298184185452665947e+07
1.298314990267428569e+07
1.298041776218373142e+07
1.298176575642605871e+07
1.298270955086438730e+07
1.298047150856523588e+07
1.298204391126913205e+07
1.298324899346593954e+07
1.298058934101441130e+07
1.298266482396754436e+07
1.298309885460628755e+07
1.298182957674683072e+07
1.298117509857919067e+07
1.298350029309647530e+07
1.298311052278632857e+07
1.298128364159003645e+07
1.298171988557146490e+07
1.298443848581167869e+07
1.298350335983629338e+07
1.298401516233271733e+07
1.298452274530228786e+07
1.298119620039283670e+07
1.298117731895098463e+07
1.298369162489899620e+07
1.298456183221584931e+07
1.298388872300788201e+07
1.298312217152795568e+07
1.298073487925594486e+07
1.298330048554152809e+07
1.298329482384857722e+07
1.298080088040650263e+07
1.298171572080813907e+07
1.298309729662600905e+07
1.298052319173299707e+07
1.298188448474833742e+07
1.298214101928038150e+07
1.298108324383145198e+07
1.298209570906138793e+07
1.298368773407398537e+07
1.298037781920456700e+07
1.298200699017062597e+07
1.298175206882306561e+07
1.298168088628403470e+07
1.298300912660663575e+07
1.298115262011292204e+07
1.298160158065824397e+07
1.297993710967274196e+07
1.298142851573220268e+07
1.298077746408477798e+07
1.298350666899410449e+07
1.298194651586119272e+07
1.298039149416485056e+07
1.298343883778851293e+07
1.298121247349347919e+07
1.298130812681905925e+07
1.298325246379422210e+07
1.298045545321965218e+07
1.298216455014707521e+07
1.298408068213748932e+07
1.298497994545316696e+07
1.298416108861052245e+07
1.298141326706925407e+07
1.298214605085109547e+07
1.298475590181428194e+07
1.298366375090076961e+07
1.298424860978625715e+07
1.298483877289829217e+07
1.298263337910859473e+07
1.298075443672528677e+07
1.298045018109472096e+07
1.298198052219147794e+07
1.298222767709684558e+07
1.298037499991537258e+07
1.298285096009602025e+07
1.298019707678368501e+07
1.298402405647866428e+07
1.298080700919877738e+07
1.298132331823010929e+07
1.297978807310078107e+07
1.297962221554470807e+07
1.298247093148148246e+07
1.297868725604888797e+07
1.298213468910665624e+07
1.298252988277860358e+07
1.298091277629490010e+07
1.298181454770627618e+07
1.298019605696083605e+07
1.298096435882561281e+07
1.298103697506749444e+07
1.297807070450947061e+07
1.298090532584006526e+07
1.298105937255649269e+07
1.297886493324379623e+07
1.298296555663518980e+07
1.297889533880172297e+07
1.298093136002196185e+07
1.298109389880160615e+07
1.297933778035960346e+07
1.298273146668882668e+07
1.297973704598622397e+07
1.297935130622101761e+07
1.298309074414179102e+07
1.298006513439543359e+07
1.298157359038666822e+07
1.298144933242483437e+07
1.298015715333176218e+07
1.298351551599147357e+07
1.298192584762369096e+07
1.298105874918231554e+07
1.298361698628889211e+07
1.298186113046346977e+07
1.298064195926267281e+07
1.298167746782014519e+07
1.298064881505423971e+07
1.298326617633946612e+07
1.297954424294237047e+07
1.297949952163223736e+07
1.298328931186598167e+07
1.297884968123094551e+07
1.298170783607867919e+07
1.298235666898868047e+07
1.298087350994759984e+07
1.298179435452885367e+07
1.298051307970762625e+07
1.298126819318450615e+07
1.298251064841108955e+07
1.298085626111931726e+07
1.298211049677781016e+07
1.298241468906608038e+07
1.298189162613764219e+07
1.298191219632476941e+07
1.298476565579673462e+07
1.298210770691041835e+07
1.298138807690675929e+07
1.298388156635166705e+07
1.297955421391995437e+07
1.297895628544510156e+07
1.298300788459243625e+07
1.297944846217236482e+07
1.298347414643841796e+07
1.298084851771137677e+07
1.297964536550205015e+07
1.298229692228157818e+07
1.298034636296422593e+07
1.298107804263659380e+07
1.298218359632692114e+07
1.298091428826891817e+07
1.298156508372763731e+07
1.298092006100157462e+07
1.297944132356720790e+07
1.298333780643062480e+07
1.298026854860998876e+07
1.298052659768007509e+07
1.298159770175690204e+07
1.297845526775186136e+07
1.298105225648073666e+07
1.298208185122073628e+07
1.298089780168827996e+07
1.298274502755063400e+07
1.298144019697322883e+07
1.298078133338299394e+07
1.298153478525598720e+07
1.297869425003567711e+07
1.298086688886822760e+07
1.298351099989304133e+07
1.298145241267218441e+07
1.298182523244215921e+07
1.298034046224149130e+07
1.298068306713094376e+07
1.298212134303130023e+07
1.297887544955006987e+07
1.298221542078418098e+07
1.298025988181807287e+07
1.297988636120135523e+07
1.298367905040568672e+07
1.297962390393301472e+07
1.297980903160645626e+07
1.298246758457059599e+07
1.298105243466356024e+07
1.298283993998721242e+07
1.297921223675239272e+07
1.297963490465106629e+07
1.298346246950667165e+07
1.298005643289008923e+07
1.298146849423899688e+07
1.298344143216255121e+07
1.297973771669886075e+07
1.298322339053830877e+07
1.297948340933582373e+07
1.297981440456166491e+07
1.298366694015535899e+07
1.298013959871920757e+07
1.298143218708914891e+07
1.298338785201021656e+07
1.298317637738905102e+07
1.298156839789378457e+07
1.298286425844692253e+07
1.298388328224184364e+07
1.298245000650116615e+07
1.298231628244290501e+07
1.298011689501484670e+07
1.298200546453015879e+07
1.298084809109277464e+07
1.297990427084928751e+07
1.298067721808231436e+07
1.298388785045946762e+07
1.298170573678550869e+07
1.298187420256320387e+07
1.298030126425051875e+07
1.298244102598566376e+07
1.298321741040563025e+07
1.297975004285148345e+07
1.298080963538000546e+07
1.298302092045259289e+07
1.298211164776276611e+07
1.298151088657382689e+07
1.297866689867565408e+07
1.297996724112504534e+07
1.298340160111670941e+07
1.298100745908049494e+07
1.298232591720861197e+07
1.298137620211168006e+07
1.297981687561155483e+07
1.297855597578131407e+07
1.297997810073120706e+07
1.298089934724943526e+07
1.298260681143130362e+07
1.298079474007934332e+07
1.298390648815862648e+07
1.297984293062647991e+07
1.297986986840922013e+07
1.298355854440144263e+07
1.297985031651092879e+07
1.298083782735724561e+07
1.298387626855795085e+07
1.298076524742607027e+07
1.298252001136091165e+07
1.298201170372577757e+07
1.298299077037758566e+07
1.298074778823264316e+07
1.297979679986643791e+07
1.298281649654619396e+07
1.298163831267178059e+07
1.298289328446012177e+07
1.297972552561735548e+07
1.298038871782239340e+07
1.298205769708334655e+07
1.298178408628735505e+07
1.298049120036946423e+07
1.297958034570049867e+07
1.297928947387959249e+07
1.297893761640543491e+07
1.298100453782849014e+07
1.298247810059882328e+07
1.298136309000632912e+07
1.298110553913283907e+07
1.298014377617982961e+07
1.297964779410417378e+07
1.298155228945418634e+07
1.298194025953355432e+07
1.298148013980702125e+07
1.298268532111212984e+07
1.298102665943008475e+07
1.298007396562126465e+07
1.298224695333429053e+07
1.298094526242571324e+07
1.298319905785755068e+07
1.298228026968454756e+07
1.298287618105177395e+07
1.298389265754484013e+07
1.298362155567657202e+07
1.298185211134457961e+07
1.298286085062226281e+07
1.298451705356760696e+07
1.298120497229649127e+07
1.298455929074296914e+07
1.298321141111990809e+07
1.298259827888294309e+07
1.298383161847592890e+07
1.298608067886072025e+07
1.298496746543199569e+07
1.298494197505343705e+07
1.298592191678326204e+07
1.298260498928473517e+07
1.298266022995996475e+07
1.298409953222311474e+07
1.298558618553947471e+07
1.298418774935016595e+07
1.298294369658272713e+07
1.298261190900744498e+07
1.298336354564156756e+07
1.298530970416193083e+07
1.298485185858481377e+07
1.298508729798626713e+07
1.298426600614958443e+07
1.298240226775741950e+07
1.298360893306819722e+07
1.298575300884781219e+07
1.298475129390352406e+07
1.298349914840916917e+07
1.298293344109691493e+07
1.298308712468531169e+07
1.298434847191952728e+07
1.298508522398086824e+07
1.298510153033649363e+07
1.298167070873446949e+07
1.298298640788932145e+07
1.298265004408261739e+07
1.298166338486450166e+07
1.298375297900475748e+07
1.298226539382482506e+07
1.298332466583154351e+07
1.298154697120189853e+07
1.298345829506423324e+07
1.298156089790675230e+07
1.298039262530075014e+07
1.298395015373399854e+07
1.298052972721841745e+07
1.298032890748245269e+07
1.298433718418572284e+07
1.297974145461244695e+07
1.298193949424396828e+07
1.298237351133031584e+07
1.298090960676938668e+07
1.298460567898385786e+07
1.298444483685591072e+07
1.298162613464140519e+07
1.298030313375724293e+07
1.298119877008141577e+07
1.298274284434624016e+07
1.298065921804788150e+07
1.298167343358505517e+07
1.298225509646965005e+07
1.297957545015119389e+07
1.298041098548077047e+07
1.298367967657677829e+07
1.298074556552381814e+07
1.298107062847959250e+07
1.298518113028919697e+07
1.298438201639708877e+07
1.298117790919889137e+07
1.298257033548915386e+07
1.298221142857601121e+07
1.298102260608017445e+07
1.298008316484837234e+07
1.298017914648879692e+07
1.298068279876811989e+07
1.298140214658700489e+07
1.298260825469382480e+07
1.298234213880303688e+07
1.298198460050119460e+07
1.298193670276063494e+07
1.298132477942496911e+07
1.298109009332433157e+07
1.298034228865120932e+07
1.298059428559280559e+07
1.298040502516423166e+07
1.297999106370646507e+07
1.297911346077004261e+07
1.297950482034791820e+07
1.297936456560287811e+07
1.297895717697644234e+07
1.297920020812102221e+07
1.297958118489394523e+07
1.297925432242144458e+07
1.297901939296711795e+07
1.297915169485690258e+07
1.297959503422437422e+07
1.297933917529817671e+07
1.297892028829658218e+07
1.297883487848702073e+07
1.297905191110943630e+07
1.297936043516679108e+07
1.297913371939821914e+07
1.297876436741024628e+07
1.297866083352793567e+07
1.297886679472666793e+07
1.297914333078044653e+07
1.297937509531599656e+07
1.297906139652225748e+07
1.297889534864724241e+07
1.297902974544658139e+07
1.297953527616529725e+07
1.297971190954476409e+07
1.297927046859453432e+07
1.297916357186965272e+07
1.297952211273353733e+07
1.297995987223117054e+07
1.297959976733349636e+07
1.297916631361478195e+07
1.297921588594019786e+07
1.297969893707703985e+07
1.297985220455823652e+07
1.297951507857281715e+07
1.297918105940889381e+07
1.297942668774580024e+07
1.297999831999705918e+07
1.298007428911865875e+07
1.298009296376113407e+07
1.297975132604328543e+07
1.298018954785986617e+07
1.298065463408656046e+07
1.298075458903224394e+07
1.298045216392566822e+07
1.298019836841229163e+07
1.298045500313613564e+07
1.298045842998765223e+07
1.297999804023534246e+07
1.297961096942888945e+07
1.298004949090919830e+07
1.298048098648548312e+07
1.298047446592852473e+07
1.298012100686466508e+07
1.298007339592558332e+07
1.298066850817316025e+07
1.298096964466582797e+07
1.298098132903293148e+07
1.298075347259200923e+07
1.298091289391593821e+07
1.298129021453334019e+07
1.298150207754908502e+07
1.298121365422368050e+07
1.298125536581559107e+07
1.298144242852160707e+07
1.298183883649734221e+07
1.298185209695954993e+07
1.298139711642468721e+07
1.298189372335914150e+07
1.298191816267828271e+07
1.298158144755188189e+07
1.298114014625466056e+07
1.298075195934268273e+07
1.298100540477759950e+07
1.298132337239189819e+07
1.298138116758068278e+07
1.298097013008797541e+07
1.298117871071953513e+07
1.298152368719675951e+07
1.298192539168950357e+07
1.298141506488463841e+07
1.298135630741657130e+07
1.298182526724417135e+07
1.298231354257141054e+07
1.298204983500538953e+07
1.298149382001119666e+07
1.298170900378404930e+07
1.298194461541422829e+07
1.298253313347299583e+07
1.298202917006958835e+07
1.298182273132117093e+07
1.298161965895253234e+07
1.298223415372514352e+07
1.298242493222711980e+07
1.298206641086236387e+07
