1.297965143842425570e+07
1.297963343357074633e+07
1.297963154306400381e+07
1.297962698180165142e+07
1.297967517439225689e+07
1.297964123109156080e+07
1.297964445195659436e+07
1.297964424067499116e+07
1.297963211854231358e+07
1.297965315969200246e+07
1.297965579921825789e+07
1.297965436000638083e+07
1.297964306641684845e+07
1.297963303747663461e+07
1.297964291909114271e+07
1.297964748846031353e+07
1.297965310228056833e+07
1.297967814625390805e+07
1.297963452877323888e+07
1.297963351477107592e+07
1.297963545177490450e+07
1.297964970236422867e+07
1.297966857244025171e+07
1.297966111655462347e+07
1.297966014820257947e+07
1.297961291174541786e+07
1.297963729845815338e+07
1.297964127232216857e+07
1.297965327664112858e+07
1.297969000108133629e+07
1.297964897153026983e+07
1.297964374577889964e+07
1.297963618857038394e+07
1.297965132432133704e+07
1.297966031492353790e+07
1.297966017196393013e+07
1.297966037162154540e+07
1.297965067251455970e+07
1.297963645175391622e+07
1.297965858116568066e+07
1.297965503491065092e+07
1.297965353906120546e+07
1.297966067626325786e+07
1.297963140610936470e+07
1.297964142190227099e+07
1.297964382640417293e+07
1.297968800363748521e+07
1.297966253334209137e+07
1.297965322996426933e+07
1.297965015202125721e+07
1.297961545699767210e+07
1.297966501617025398e+07
1.297967045547678508e+07
1.297967612925778702e+07
1.297967138874150068e+07
1.297964866437991709e+07
1.297964189632635750e+07
1.297964200422245637e+07
1.297967901024037786e+07
1.297967962423591316e+07
1.297966455441282690e+07
1.297965582526095025e+07
1.297965140453629196e+07
1.297964566460283101e+07
1.297966705176023766e+07
1.297967168884602189e+07
1.297967696250127442e+07
1.297965704697763920e+07
1.297965997054880857e+07
1.297965965463477187e+07
1.297965561372675747e+07
1.297969992774734832e+07
1.297965035075542517e+07
1.297965546159949526e+07
1.297965620292542502e+07
1.297965967804977857e+07
1.297968374737420306e+07
1.297968006397909485e+07
1.297967547380181961e+07
1.297964551306192204e+07
1.297965994813875668e+07
1.297966699457213283e+07
1.297967479982574657e+07
1.297969799130479619e+07
1.297967911244131625e+07
1.297965178342744336e+07
1.297964696528596431e+07
1.297965460403333418e+07
1.297968051536661945e+07
1.297968704424961098e+07
1.297968219034378417e+07
1.297967335302786157e+07
1.297963030125103518e+07
1.297966169872798026e+07
1.297965809396460839e+07
1.297966492078675330e+07
1.297968523450895026e+07
1.297964936239619367e+07
1.297965343473928981e+07
1.297965419446141645e+07
1.297968943958965689e+07
1.297967338790918887e+07
1.297966824098143540e+07
1.297966758401156403e+07
1.297964181590391137e+07
1.297967792676060088e+07
1.297968519082589261e+07
1.297968461745887436e+07
1.297968016811534204e+07
1.297966578627631627e+07
1.297965497871215455e+07
1.297966180511102639e+07
1.297968025943474472e+07
1.297971250949506089e+07
1.297968179145011120e+07
1.297967469842715748e+07
1.297967257759368420e+07
1.297965520314306952e+07
1.297969862139140069e+07
1.297970033842974156e+07
1.297971162351437844e+07
1.297968748176129535e+07
1.297968168263715133e+07
1.297967979612805508e+07
1.297967554202753864e+07
1.297972441827080958e+07
1.297968504271325096e+07
1.297968744782293029e+07
1.297968088565972261e+07
1.297967627204615995e+07
1.297969287304812670e+07
1.297969644726056606e+07
1.297969860914671235e+07
1.297968577268761955e+07
1.297967903304755874e+07
1.297969114957594126e+07
1.297969362943368591e+07
1.297969853177773207e+07
1.297972098066198826e+07
1.297967651890385523e+07
1.297967710805403627e+07
1.297968254010573961e+07
1.297970910283411480e+07
1.297971768719566800e+07
1.297970774367802963e+07
1.297970414284654334e+07
1.297965583748666197e+07
1.297968791785036586e+07
1.297969207867293246e+07
1.297970694271260314e+07
1.297973625970104337e+07
1.297969966721687093e+07
1.297969323731821030e+07
1.297968622178297117e+07
1.297971223061896488e+07
1.297971773316883668e+07
1.297971817606121302e+07
1.297971953254789300e+07
1.297970741214464046e+07
1.297969959425692074e+07
1.297972066971177049e+07
1.297972060369995423e+07
1.297972032034542039e+07
1.297972380491022393e+07
1.297970485256653838e+07
1.297971697912775725e+07
1.297971763439567573e+07
1.297976319837076962e+07
1.297972688610886596e+07
1.297972008600495756e+07
1.297972015802668221e+07
1.297969255482537299e+07
1.297974169927390292e+07
1.297974520063751377e+07
1.297975051890532486e+07
1.297973365567369759e+07
1.297972059074752219e+07
1.297971897349070013e+07
1.297972490925760567e+07
1.297976167876919173e+07
1.297976062759128772e+07
1.297974362035577931e+07
1.297974037317215092e+07
1.297973626192659140e+07
1.297973911783528700e+07
1.297975897511197068e+07
1.297976251023101993e+07
1.297976724227314629e+07
1.297974002872717008e+07
1.297974821704616956e+07
1.297974908161920309e+07
1.297974482413978875e+07
1.297979058861853741e+07
1.297974304709773138e+07
1.297974858384313621e+07
1.297974823879908584e+07
1.297975868115482852e+07
1.297977064072983526e+07
1.297976414538578317e+07
1.297976078353560343e+07
1.297972816766640544e+07
1.297975069172739238e+07
1.297975931321888231e+07
1.297976809129908681e+07
1.297978807497275248e+07
1.297977118373660184e+07
1.297974427204901353e+07
1.297974086514470913e+07
1.297975369292689487e+07
1.297978151688342541e+07
1.297978087622331828e+07
1.297977477103144303e+07
1.297976717135233432e+07
1.297972539817800559e+07
1.297975623405465670e+07
1.297975912463420257e+07
1.297976612213906273e+07
1.297977918824079260e+07
1.297974728752905317e+07
1.297974615372325480e+07
1.297974024694952369e+07
1.297978327161405794e+07
1.297975541494068876e+07
1.297975579127288610e+07
1.297975718462387845e+07
1.297973608182942495e+07
1.297976535487495922e+07
1.297977444724378735e+07
1.297977030670430511e+07
1.297976095474584401e+07
1.297974751713231020e+07
1.297974459959542006e+07
1.297975406791163050e+07
1.297976861836173758e+07
1.297980165532302670e+07
1.297976365333606303e+07
1.297975190870641172e+07
1.297975151943419687e+07
1.297974053452835977e+07
1.297978028608351760e+07
1.297977990681271255e+07
1.297978624266670085e+07
1.297975515154041164e+07
1.297975805461369827e+07
1.297975966581646539e+07
1.297976316590030119e+07
1.297980992613276280e+07
1.297976892197342031e+07
1.297976796723956801e+07
1.297976488629502617e+07
1.297976554744154215e+07
1.297977875103009306e+07
1.297977909880855307e+07
1.297978133894428983e+07
1.297977125516825728e+07
1.297976421935373917e+07
1.297977743769211508e+07
1.297978145285056345e+07
1.297978281276005507e+07
1.297980022119370848e+07
1.297976070993578061e+07
1.297976565734669380e+07
1.297977075717305765e+07
1.297980559426977299e+07
1.297980369936672971e+07
1.297979448038166575e+07
1.297979184681117535e+07
1.297974521252991445e+07
1.297978782709374838e+07
1.297979225444091111e+07
1.297980347207533568e+07
1.297981835244466551e+07
1.297978217843697965e+07
1.297977161343144067e+07
1.297976706939627975e+07
1.297979566279915161e+07
1.297979881653924286e+07
1.297979739839656278e+07
1.297979795764285699e+07
1.297978705474818684e+07
1.297977510618194938e+07
1.297980035454080440e+07
1.297979568687829748e+07
1.297979712995321490e+07
1.297979169020275213e+07
1.297977930195069686e+07
1.297978841991073452e+07
1.297978711106567830e+07
1.297983396301885881e+07
1.297979246012082696e+07
1.297978931409443729e+07
1.297978904527280480e+07
1.297977324318165332e+07
1.297981916132894345e+07
1.297981884781550057e+07
1.297981830491212942e+07
1.297979543270305358e+07
1.297979022262285091e+07
1.297978860442695580e+07
1.297979660675129481e+07
1.297983195302002691e+07
1.297982731512971781e+07
1.297980427591905184e+07
1.297979716094244458e+07
1.297979403041347675e+07
1.297980356018081121e+07
1.297982188654904626e+07
1.297982423526367918e+07
1.297982513071657717e+07
1.297978972408613004e+07
1.297981073348473385e+07
1.297980826127370633e+07
1.297980934737944975e+07
1.297984827066844143e+07
1.297980034591635503e+07
1.297980678360002115e+07
1.297980589218698815e+07
1.297982520484006777e+07
1.297982827095666528e+07
1.297982096224077605e+07
1.297982001567626186e+07
1.297978774062094651e+07
1.297981694711670652e+07
1.297982831382972933e+07
1.297983296611739695e+07
1.297984207253624126e+07
1.297982247135918029e+07
1.297979972458453104e+07
1.297980015753745846e+07
1.297981286198470928e+07
1.297984411207967438e+07
1.297983056062170677e+07
1.297982569296102598e+07
1.297982044901961833e+07
1.297978568587629125e+07
1.297982471773143113e+07
1.297982965186283179e+07
1.297984134543175064e+07
1.297984575198326446e+07
1.297982112590735406e+07
1.297982239341935329e+07
1.297981636810497940e+07
1.297986187236791477e+07
1.297983189525622502e+07
1.297983099657375179e+07
1.297983591624110192e+07
1.297982298085882328e+07
1.297985221497919410e+07
1.297985753768487088e+07
1.297985604164944589e+07
1.297984388575504720e+07
1.297983415301290341e+07
1.297983684214440361e+07
1.297984495544662140e+07
1.297985691225482896e+07
1.297988834372338653e+07
1.297984506474603713e+07
1.297983622976371646e+07
1.297983512300577573e+07
1.297983644486531615e+07
1.297987025382696465e+07
1.297986673201487586e+07
1.297986994980963692e+07
1.297983009204935655e+07
1.297984127156718448e+07
1.297984239801955596e+07
1.297984876546882093e+07
1.297989474159028567e+07
1.297985607155396417e+07
1.297985295038460381e+07
1.297984740194532089e+07
1.297985481630820222e+07
1.297986577527171373e+07
1.297986961933156289e+07
1.297987275743404217e+07
1.297986303498069569e+07
1.297985562121205591e+07
1.297987398834442906e+07
1.297987306784974225e+07
1.297987067374693975e+07
1.297988185308244266e+07
1.297984829454542324e+07
1.297985667170454189e+07
1.297986105657340772e+07
1.297989908018568903e+07
1.297988696140799858e+07
1.297988113660443574e+07
1.297987594276834652e+07
1.297983648882842809e+07
1.297987975205937214e+07
1.297988510303563438e+07
1.297990006876869686e+07
1.297990604070315324e+07
1.297987614149157144e+07
1.297986871942458488e+07
1.297986270190000162e+07
1.297989302364009805e+07
1.297989570921258442e+07
1.297988817178278044e+07
1.297988451984836720e+07
1.297987426086850464e+07
1.297986487892526016e+07
1.297989008333616145e+07
1.297988728228589892e+07
1.297989107679894939e+07
1.297987931160493381e+07
1.297987099542811699e+07
1.297987512034670450e+07
1.297987311772762612e+07
1.297991816538373753e+07
1.297986994904678501e+07
1.297986902728892490e+07
1.297986968126833811e+07
1.297985995639066398e+07
1.297989953765098378e+07
1.297989438066695631e+07
1.297989354221135937e+07
1.297986542084329948e+07
1.297986858267978393e+07
1.297987087573878467e+07
1.297987893099408224e+07
1.297990783306558058e+07
1.297989740635010973e+07
1.297987282424616441e+07
1.297986497027170844e+07
1.297986395113117434e+07
1.297987749414409138e+07
1.297989279092300870e+07
1.297989713303632848e+07
1.297989363212528080e+07
1.297986004805357195e+07
1.297988553343269229e+07
1.297988514853426069e+07
1.297988465019596927e+07
1.297991661743806675e+07
1.297987131213608943e+07
1.297988130008646473e+07
1.297987658435840532e+07
1.297990313956427760e+07
1.297989815541652963e+07
1.297989401647108234e+07
1.297989418018775620e+07
1.297986180096771941e+07
1.297989506664767303e+07
1.297990766702323966e+07
1.297991072965190187e+07
1.297991585241752490e+07
1.297989802174883336e+07
1.297987964626521617e+07
1.297987926499815099e+07
1.297989429850118794e+07
1.297993044977923110e+07
1.297991253490211628e+07
1.297990488611434214e+07
1.297989812500326522e+07
1.297986198338714056e+07
1.297990128621381149e+07
1.297990419665161148e+07
1.297991482687189430e+07
1.297991113750148006e+07
1.297989295035383105e+07
1.297989355360010080e+07
1.297988647599586286e+07
1.297993517393075116e+07
1.297990232888424397e+07
1.297990459199202992e+07
1.297990386204738356e+07
1.297988839280336164e+07
1.297991398520938493e+07
1.297991858163139410e+07
1.297991348403194360e+07
1.297990352759765834e+07
1.297989276248495281e+07
1.297989792502276972e+07
1.297990450966952927e+07
1.297991332726673782e+07
1.297993978107235022e+07
1.297989628352205642e+07
1.297989333526631631e+07
1.297989209297476150e+07
1.297989788031401858e+07
1.297992691878858581e+07
1.297992118724696897e+07
1.297991921620797366e+07
1.297987648624939285e+07
1.297989222109212354e+07
1.297989160599202104e+07
1.297990165966155753e+07
1.297994236219513975e+07
1.297990552043563686e+07
1.297989901288062334e+07
1.297989108492349088e+07
1.297989998522197641e+07
1.297990944128276408e+07
1.297991193662688695e+07
1.297991461806082726e+07
1.297990506374891661e+07
1.297989425892669894e+07
1.297991269183835201e+07
1.297991347921101749e+07
1.297990849913414381e+07
1.297992066255383752e+07
1.297989157416014932e+07
1.297989820605187677e+07
1.297990484944922850e+07
1.297994442132729664e+07
1.297992629476079158e+07
1.297991397268595360e+07
1.297990973342726007e+07
1.297987123017862998e+07
1.297991922946969233e+07
1.297992624811171368e+07
1.297993392394185252e+07
1.297993864734619856e+07
1.297990905958386138e+07
1.297990165092128888e+07
1.297990090955586918e+07
1.297993513852983527e+07
1.297993799328312092e+07
1.297992915346414596e+07
1.297992759277020395e+07
1.297992178902543522e+07
1.297991210903233849e+07
1.297993524201863632e+07
1.297993712990449555e+07
1.297994038401632942e+07
1.297992376821260154e+07
1.297992095897554234e+07
1.297992516153309494e+07
1.297992537922685593e+07
1.297997164173913933e+07
1.297991914340955764e+07
1.297992148664016649e+07
1.297992229134305567e+07
1.297991772509293072e+07
1.297994746724053286e+07
1.297994276140567288e+07
1.297993832681250945e+07
1.297990770821560547e+07
1.297991335175025649e+07
1.297991590465119481e+07
1.297992796539516747e+07
1.297995641467665881e+07
1.297994235629738122e+07
1.297991498089004122e+07
1.297990532661881857e+07
1.297990973881332576e+07
1.297992544320211932e+07
1.297993780126244202e+07
1.297994009155278280e+07
1.297994120566811226e+07
1.297990015040916763e+07
1.297992764041830599e+07
1.297992665018763952e+07
1.297992913694223017e+07
1.297995982011026144e+07
1.297991644529472478e+07
1.297992095137657598e+07
1.297991931795223244e+07
1.297994817103622481e+07
1.297994075325190835e+07
1.297993522525277548e+07
1.297993745381764136e+07
1.297990757244360447e+07
1.297993803377324156e+07
1.297994534897504561e+07
1.297994733154502884e+07
1.297994996986903623e+07
1.297993285840558633e+07
1.297991716238464415e+07
1.297992424238877743e+07
1.297993955141868256e+07
1.297997382337259501e+07
1.297995199531263299e+07
1.297994244641222060e+07
1.297993449175259657e+07
1.297990625462041982e+07
1.297994652308113500e+07
1.297994730329447985e+07
1.297995721270826831e+07
1.297994526556805894e+07
1.297992712798182666e+07
1.297992544703891873e+07
1.297991860422244482e+07
1.297996672170137987e+07
1.297993294709826447e+07
1.297993537315361388e+07
1.297993503117878363e+07
1.297992719698118605e+07
1.297995001069951989e+07
1.297994996799302287e+07
1.297994891557823494e+07
1.297993748476287536e+07
1.297992932042753138e+07
1.297993634217599779e+07
1.297994145482383668e+07
1.297995235449041985e+07
1.297998029898309708e+07
1.297993448909880593e+07
1.297992883900942840e+07
1.297993322276830301e+07
1.297995121576125361e+07
1.297997525199446455e+07
1.297996988169343583e+07
1.297997066539647430e+07
1.297992216297324188e+07
1.297994951691787317e+07
1.297995318404197134e+07
1.297996237348867580e+07
1.298000007648809440e+07
1.297996044127512351e+07
1.297995485707940534e+07
1.297994769067718275e+07
1.297996414484407753e+07
1.297997349218625762e+07
1.297997635877600312e+07
1.297997766813493893e+07
1.297996469101730548e+07
1.297995150314966775e+07
1.297997488118591160e+07
1.297997454844689369e+07
1.297997168151884899e+07
1.297997870243323781e+07
1.297995130186408386e+07
1.297995876278694533e+07
1.297996155078400299e+07
1.298000161935369670e+07
1.297997509088973701e+07
1.297996193694788776e+07
1.297996054004494846e+07
1.297992830693328381e+07
1.297997621855508536e+07
1.297997790208645351e+07
1.297998582016040385e+07
1.297997716488881595e+07
1.297995575242668018e+07
1.297995076131859981e+07
1.297995248275301419e+07
1.297998750739054941e+07
1.297999012757093832e+07
1.297997791880616732e+07
1.297997260093107633e+07
1.297996354126332700e+07
1.297995604019818269e+07
1.297997986465550587e+07
1.297998320010691136e+07
1.297998887415724061e+07
1.297996930943236686e+07
1.297997018257137388e+07
1.297997182559717633e+07
1.297996986115722917e+07
1.298001578658862598e+07
1.297996553231806122e+07
1.297996910307005979e+07
1.297997232460662536e+07
1.297997537261431478e+07
1.298000031498364732e+07
1.297999458648325503e+07
1.297998980722971074e+07
1.297995394297431409e+07
1.297996972559670545e+07
1.297997715300817974e+07
1.297999101901071519e+07
1.298001833329550363e+07
1.298000447706907243e+07
1.297997895820045657e+07
1.297997045609490015e+07
1.297997717665295117e+07
1.297999964444197901e+07
1.298000609260178357e+07
1.298000316721627302e+07
1.297999866697956808e+07
1.297995585029156134e+07
1.297998506930044480e+07
1.297998438980016112e+07
1.297999162821700796e+07
1.298001830718632415e+07
1.297998046275960468e+07
1.297998194672214054e+07
1.297997892751816846e+07
1.298001503174230643e+07
1.297999892688827962e+07
1.297999531169936806e+07
1.297999817241878062e+07
1.297997512802964449e+07
1.298000787134467810e+07
1.298001190193470381e+07
1.298000800141938590e+07
1.298000666746616364e+07
1.297999370060959458e+07
1.297998273188597709e+07
1.297998767358420230e+07
1.298000323611541465e+07
1.298003927372656390e+07
1.298001171101642027e+07
1.298000371057259664e+07
1.297999368317499757e+07
1.297996946234571189e+07
1.298001179753817245e+07
1.298001409284559079e+07
1.298002576055478491e+07
1.298000227800096944e+07
1.297999341160645895e+07
1.297999305308802426e+07
1.297999282080428302e+07
1.298003999173427746e+07
1.298000205300026014e+07
1.298000409850334376e+07
1.298000433186823688e+07
1.297999676054251567e+07
1.298001534232378565e+07
1.298001670354074426e+07
1.298001779461646639e+07
1.298000606074205600e+07
1.297999960947298631e+07
1.298001088959524222e+07
1.298001558173006587e+07
1.298002119546131790e+07
1.298004276806037128e+07
1.298000181200865470e+07
1.298000141583696753e+07
1.298000359618271515e+07
1.298002980785365403e+07
1.298004208784160018e+07
1.298003192167681269e+07
1.298003005015924387e+07
1.297998324699060805e+07
1.298001425252460130e+07
1.298001975571143068e+07
1.298003094320721179e+07
1.298006255262856372e+07
1.298002097945484705e+07
1.298001176017117873e+07
1.298000660879194364e+07
1.298002558753002994e+07
1.298003258810646273e+07
1.298003446547660604e+07
1.298003517998001538e+07
1.298002352854433656e+07
1.298001532302474044e+07
1.298003219983756170e+07
1.298003331386908330e+07
1.298003284749654867e+07
1.298003736657775380e+07
1.298001573280581273e+07
1.298003106545404159e+07
1.298003248741742782e+07
1.298007905860766582e+07
1.298004376409947686e+07
1.298003592851243913e+07
1.298003453853380494e+07
1.298000645987705514e+07
1.298005548641921952e+07
1.298005921674251556e+07
1.298006369295659475e+07
1.298004912466942891e+07
1.298003170144042931e+07
1.298002701305001602e+07
1.298003229610655829e+07
1.298006911925577000e+07
1.298006549636640772e+07
1.298005020082790218e+07
1.298004709517676570e+07
1.298004039553361572e+07
1.298003697459061816e+07
1.298005920560739934e+07
1.298006194248707406e+07
1.298006381010660529e+07
1.298003674492922798e+07
1.298004378697362728e+07
1.298004662697346695e+07
1.298004072325341403e+07
1.298008479111425020e+07
1.298003448890367337e+07
1.298004078738288395e+07
1.298004362185498513e+07
1.298005350462876447e+07
1.298007552217249386e+07
1.298006885871028714e+07
1.298006657280063815e+07
1.298003383592302538e+07
1.298005274534466304e+07
1.298006053028005362e+07
1.298007298416232504e+07
1.298009459125298820e+07
1.298007686147723906e+07
1.298005008258904703e+07
1.298005022781456448e+07
1.298005962745717168e+07
1.298008443687705137e+07
1.298008790260849148e+07
1.298008459838398360e+07
1.298007873654314503e+07
1.298003711277883314e+07
1.298007227419992723e+07
1.298007243257597275e+07
1.298007904788299091e+07
1.298009828466634080e+07
1.298006143552038074e+07
1.298006494524565712e+07
1.298006076197549514e+07
1.298009796854648553e+07
1.298007715141393244e+07
1.298007469324553572e+07
1.298007569469644316e+07
1.298005180917908624e+07
1.298008246147041582e+07
1.298009279413193278e+07
1.298009241591982916e+07
1.298008642351432890e+07
1.298007055348784849e+07
1.298006350529333390e+07
1.298007244830446877e+07
1.298008504411339946e+07
1.298011417706260644e+07
1.298007900141584501e+07
1.298006863583558798e+07
1.298006329891175777e+07
1.298004922857010178e+07
1.298008948640579171e+07
1.298009458877064660e+07
1.298010130690184422e+07
1.298007393197025917e+07
1.298006976498967782e+07
1.298006844410740584e+07
1.298006693329218030e+07
1.298011425007086061e+07
1.298007459993070923e+07
1.298007918433077633e+07
1.298007307046835124e+07
1.298006967162291519e+07
1.298008526867962442e+07
1.298008748286527768e+07
1.298008656688057818e+07
1.298007552706558630e+07
1.298006652531260811e+07
1.298007959369829670e+07
1.298008742394986749e+07
1.298009032233468071e+07
1.298011067391023226e+07
1.298006510109644383e+07
1.298006703453173488e+07
1.298006985245098360e+07
1.298009736508215964e+07
1.298010127580610104e+07
1.298009364250782691e+07
1.298009097932037339e+07
1.298004440312893130e+07
1.298008120325546339e+07
1.298008590292954631e+07
1.298009549614665471e+07
1.298011816640164889e+07
1.298008222237714566e+07
1.298007168953877315e+07
1.298006434884104319e+07
1.298008481117523834e+07
1.298008932772237062e+07
1.298008921320331469e+07
1.298009063504157774e+07
1.298008199846830964e+07
1.298007026941839047e+07
1.298009005944531225e+07
1.298008888645038195e+07
1.298008510991001315e+07
1.298008513363047689e+07
1.298006666938887537e+07
1.298007962568046339e+07
1.298008258528880030e+07
1.298012803658803552e+07
1.298009200253548473e+07
1.298008912757357210e+07
1.298008949778624810e+07
1.298006151422459260e+07
1.298010761195989139e+07
1.298010690917744115e+07
1.298010929344844446e+07
1.298009096545165963e+07
1.298007748504770547e+07
1.298007231933640316e+07
1.298007775583656877e+07
1.298011411839263886e+07
1.298011117759245075e+07
1.298009301095387340e+07
1.298008972334709391e+07
1.298008520641436614e+07
1.298008177835841849e+07
1.298010141176559404e+07
1.298010556791660562e+07
1.298011306198132411e+07
1.298008558419775032e+07
1.298009607832806744e+07
1.298009624265498295e+07
1.298009466083565168e+07
1.298013734663909860e+07
1.298008901560609788e+07
1.298009610431587324e+07
1.298009448376128636e+07
1.298010844391122274e+07
1.298012368206201866e+07
1.298011785942815058e+07
1.298011634364639223e+07
1.298008479807700776e+07
1.298010755416721292e+07
1.298011596405806020e+07
1.298012041626220383e+07
1.298014034898453020e+07
1.298012410980013385e+07
1.298009867335860431e+07
1.298009820503835566e+07
1.298011042514980026e+07
1.298013678073289990e+07
1.298013478894107975e+07
1.298013701739083976e+07
1.298013131658874080e+07
1.298009118886985444e+07
1.298012875969301723e+07
1.298012886665607803e+07
1.298013769404577650e+07
1.298015525127697363e+07
1.298012238166301511e+07
1.298012335053328983e+07
1.298012060597069003e+07
1.298016252539114095e+07
1.298013744444263354e+07
1.298013908211525902e+07
1.298013926352688670e+07
1.298011444681359828e+07
1.298014361316527054e+07
1.298014821001740545e+07
1.298014464793720283e+07
1.298013731706666015e+07
1.298012277431393228e+07
1.298011611247772165e+07
1.298012428867103159e+07
1.298013922261173651e+07
1.298017053811091557e+07
1.298013379501773976e+07
1.298012287719837017e+07
1.298012068994055688e+07
1.298010753433412686e+07
1.298014930716788769e+07
1.298015156679537334e+07
1.298016035066383705e+07
1.298012680474723503e+07
1.298012961062025651e+07
1.298012955083634146e+07
1.298013264620408975e+07
1.298018058312895522e+07
1.298013792826898582e+07
1.298013654861384071e+07
1.298013025492196158e+07
1.298012967668017745e+07
1.298014427710862271e+07
1.298014685712936521e+07
1.298014927781947330e+07
1.298013557400444895e+07
1.298012760741195828e+07
1.298013960281711258e+07
1.298014460898655467e+07
1.298014919777695835e+07
1.298016802381462231e+07
1.298012900155287236e+07
1.298013364569609798e+07
1.298013735092807189e+07
1.298016870855461620e+07
1.298017065622989275e+07
1.298016234502636082e+07
1.298015746640068851e+07
1.298011025239240378e+07
1.298014579108699225e+07
1.298014987528988905e+07
1.298016061230585724e+07
1.298017981222822145e+07
1.298014402609817311e+07
1.298013627635110915e+07
1.298013226008809730e+07
1.298015961649142765e+07
1.298016527838228643e+07
1.298016534318322316e+07
1.298016617429810762e+07
1.298015523246432468e+07
1.298013954635670595e+07
1.298016239291469008e+07
1.298015922336987965e+07
1.298016043776358850e+07
1.298015992597378418e+07
1.298014325794106163e+07
1.298015001267539896e+07
1.298014744121840969e+07
1.298019681776467524e+07
1.298015813624905981e+07
1.298015623044362664e+07
1.298015721123731323e+07
1.298013825459720567e+07
1.298018185589421727e+07
1.298018754507953674e+07
1.298019121427892335e+07
1.298017008340269327e+07
1.298016025140913762e+07
1.298016408991998993e+07
1.298017014867811464e+07
