1.297965143842425570e+07
1.297965701836120337e+07
1.297964662174169719e+07
1.297964322712007351e+07
1.297966715826688893e+07
1.297964636590011977e+07
1.297964807237716764e+07
1.297965447816562094e+07
1.297965290539859608e+07
1.297964196579973586e+07
1.297965883030776680e+07
1.297965984726802073e+07
1.297964075809448771e+07
1.297965188574391045e+07
1.297965536402535066e+07
1.297964929587060399e+07
1.297964649188270047e+07
1.297966593331064656e+07
1.297964357887334935e+07
1.297964536146466061e+07
1.297965705111297406e+07
1.297965381030370295e+07
1.297964565457826853e+07
1.297965498343916796e+07
1.297965995620677061e+07
1.297963554632949084e+07
1.297965692701678164e+07
1.297965596379153617e+07
1.297964922686189972e+07
1.297964832233892567e+07
1.297966025697850995e+07
1.297964564009126462e+07
1.297964263769052364e+07
1.297966359708998166e+07
1.297965134149077348e+07
1.297964672875937074e+07
1.297965239212049358e+07
1.297965679701443389e+07
1.297963883581525646e+07
1.297965884081272222e+07
1.297965869355046377e+07
1.297964544325422309e+07
1.297964720340768807e+07
1.297965778392063826e+07
1.297964965297901072e+07
1.297964332301742584e+07
1.297966704017265141e+07
1.297964601467791758e+07
1.297964605744679272e+07
1.297965305914939754e+07
1.297965686929782480e+07
1.297964322143576294e+07
1.297965594205807522e+07
1.297966083494696394e+07
1.297963845208750665e+07
1.297965182981383242e+07
1.297965687094496563e+07
1.297965181400271878e+07
1.297964542689917050e+07
1.297966267635591328e+07
1.297964532925230451e+07
1.297964361273369752e+07
1.297965828095630370e+07
1.297965678333510272e+07
1.297964464298504032e+07
1.297965173977256753e+07
1.297965969252170995e+07
1.297963748198248446e+07
1.297965681731463782e+07
1.297965757882447913e+07
1.297965013683361188e+07
1.297964376061163843e+07
1.297965983968562260e+07
1.297964893279490620e+07
1.297964227031128667e+07
1.297966488412461989e+07
1.297965066105697118e+07
1.297964553119001538e+07
1.297964999868959747e+07
1.297965912307424471e+07
1.297964172169645876e+07
1.297965643400154077e+07
1.297965983708784543e+07
1.297964371686789021e+07
1.297964584337300994e+07
1.297965874880807288e+07
1.297965296138020046e+07
1.297964330387195572e+07
1.297966371584275365e+07
1.297964676406703889e+07
1.297964488576397300e+07
1.297965282542853802e+07
1.297966109909482673e+07
1.297964299638388865e+07
1.297965235011898726e+07
1.297966069053394906e+07
1.297963874685434997e+07
1.297965262598914653e+07
1.297965764678046480e+07
1.297965387765196338e+07
1.297964195105901174e+07
1.297966068952498958e+07
1.297964827564450726e+07
1.297964310041476972e+07
1.297965996047236584e+07
1.297965667799770087e+07
1.297964399591550231e+07
1.297964853537739255e+07
1.297966045058070496e+07
1.297964138707806729e+07
1.297965536409597658e+07
1.297965826170855947e+07
1.297964967396642081e+07
1.297964073088935018e+07
1.297966037264584191e+07
1.297965266404654272e+07
1.297964263969804533e+07
1.297966277789766714e+07
1.297965023299277946e+07
1.297964523645371944e+07
1.297964847783463262e+07
1.297966328209056333e+07
1.297964274089699611e+07
1.297965313034206815e+07
1.297965979840822890e+07
1.297964277659152076e+07
1.297964693440094031e+07
1.297965895899304375e+07
1.297965594335588627e+07
1.297964152312213928e+07
1.297966010746380687e+07
1.297964884029215388e+07
1.297964473032703809e+07
1.297965382325595990e+07
1.297966245431448333e+07
1.297964254437872954e+07
1.297964864578494243e+07
1.297966046411675587e+07
1.297964235149220750e+07
1.297965241438283585e+07
1.297965746861273237e+07
1.297965474894988537e+07
1.297963796134184860e+07
1.297966048858381063e+07
1.297965180122083426e+07
1.297964357700641826e+07
1.297965949044470116e+07
1.297965526785600372e+07
1.297964432122553885e+07
1.297964596045855246e+07
1.297966327436916530e+07
1.297964404723767564e+07
1.297965278563283011e+07
1.297965788863487914e+07
1.297964857443203963e+07
1.297964106208900362e+07
1.297966045927292667e+07
1.297965618625755236e+07
1.297964230433383025e+07
1.297965840469886735e+07
1.297965110714618303e+07
1.297964585185485706e+07
1.297964827534029260e+07
1.297966617316093668e+07
1.297964246019801125e+07
1.297964947786096483e+07
1.297965903520215116e+07
1.297964489567676187e+07
1.297964803642985784e+07
1.297965803356721997e+07
1.297965791896734200e+07
1.297963796659281664e+07
1.297965858151298761e+07
1.297965166731548123e+07
1.297964551510323584e+07
1.297965437708753534e+07
1.297966086939971335e+07
1.297964296855567954e+07
1.297964541107692197e+07
1.297966159298983589e+07
1.297964649514274299e+07
1.297965086689888500e+07
1.297965634024625458e+07
1.297965434182343446e+07
1.297963670383596420e+07
1.297966070286294259e+07
1.297965529251099192e+07
1.297964418917156383e+07
1.297965580105158873e+07
1.297965474747599289e+07
1.297964573887792043e+07
1.297964462554300204e+07
1.297966676055783592e+07
1.297964449259016104e+07
1.297964978459520638e+07
1.297965670827296004e+07
1.297964908641187847e+07
1.297964314643680118e+07
1.297965936605700105e+07
1.297965892053376138e+07
1.297964020694155619e+07
1.297965516373147443e+07
1.297965304109311663e+07
1.297964735766115785e+07
1.297964889139418863e+07
1.297966558899624087e+07
1.297964257230232097e+07
1.297964619103800133e+07
1.297965880730595253e+07
1.297964945144706406e+07
1.297964780534917302e+07
1.297965612199983560e+07
1.297965854212016799e+07
1.297963533366586827e+07
1.297965873226548731e+07
1.297965459959232621e+07
1.297964681853386946e+07
1.297965234604890086e+07
1.297965895207087323e+07
1.297964470090232976e+07
1.297964326421663165e+07
1.297966436045495234e+07
1.297964838467419334e+07
1.297964873029227182e+07
1.297965451840599999e+07
1.297965401068983600e+07
1.297963875488177687e+07
1.297966000131190568e+07
1.297965821276049502e+07
1.297964370680773444e+07
1.297965127359069325e+07
1.297965561030515097e+07
1.297964806134684198e+07
1.297964460447674803e+07
1.297966779701401480e+07
1.297964419198720530e+07
1.297964701462182775e+07
1.297965548562963493e+07
1.297965258617823571e+07
1.297964442633715086e+07
1.297965703643920645e+07
1.297966037914764322e+07
1.297963730931725167e+07
1.297965453717037663e+07
1.297965516897358745e+07
1.297964937936821021e+07
1.297964838522842526e+07
1.297966281801318377e+07
1.297964396724457294e+07
1.297964375926145539e+07
1.297966009478110448e+07
1.297965306597604789e+07
1.297964655452146381e+07
1.297965349239141867e+07
1.297965825137244724e+07
1.297963617027972639e+07
1.297965873306714557e+07
1.297965707451980188e+07
1.297964766911509074e+07
1.297964787329137325e+07
1.297965849093358405e+07
1.297964753219001926e+07
1.297964250661403313e+07
1.297966657515804097e+07
1.297964814824619889e+07
1.297964679424594715e+07
1.297965247989672422e+07
1.297965582023459859e+07
1.297964151043027826e+07
1.297965794133194350e+07
1.297966008106815442e+07
1.297964175547156297e+07
1.297964911684987694e+07
1.297965701647308655e+07
1.297965091604107991e+07
1.297964482403921522e+07
1.297966536138057709e+07
1.297964477838435024e+07
1.297964495175675675e+07
1.297965527349465527e+07
1.297965720459114760e+07
1.297964422099396028e+07
1.297965385975397192e+07
1.297966056433942169e+07
1.297963651976856776e+07
1.297965510591867566e+07
1.297965683325290307e+07
1.297965127441946790e+07
1.297964524778161570e+07
1.297966073979370669e+07
1.297964665009446070e+07
1.297964255501189269e+07
1.297966226771714538e+07
1.297965373546979390e+07
1.297964529928487539e+07
1.297965060090608150e+07
1.297965865512914769e+07
1.297963957241559401e+07
1.297965745348088630e+07
1.297965867613369413e+07
1.297964716154306196e+07
1.297964408579015173e+07
1.297965915753937885e+07
1.297965097395271808e+07
1.297964272686474957e+07
1.297966555159469508e+07
1.297964776185315475e+07
1.297964551473530568e+07
1.297965098110308126e+07
1.297965997209108993e+07
1.297964269987193309e+07
1.297965477827911265e+07
1.297966064054646157e+07
1.297964003075750358e+07
1.297964958188643120e+07
1.297965796330804937e+07
1.297965371742727235e+07
1.297964340592746437e+07
1.297966187401386164e+07
1.297964673611882329e+07
1.297964387903370894e+07
1.297965642126751877e+07
1.297965950867378153e+07
1.297964345055201650e+07
1.297965030819739774e+07
1.297966032325964421e+07
1.297963925701236352e+07
1.297965494085012935e+07
1.297965766528747045e+07
1.297965218004370667e+07
1.297964083382694796e+07
1.297966039589216746e+07
1.297965014386025257e+07
1.297964254825947806e+07
1.297966277962544002e+07
1.297965271825942770e+07
1.297964477917966992e+07
1.297964806361791119e+07
1.297966126953024045e+07
1.297964242913104035e+07
1.297965489812289178e+07
1.297965916352555156e+07
1.297964568436542340e+07
1.297964346220701747e+07
1.297965973606801406e+07
1.297965447672329471e+07
1.297964253968294896e+07
1.297966165770075284e+07
1.297964858447053097e+07
1.297964512020978890e+07
1.297965075160310045e+07
1.297966369119652733e+07
1.297964245307402313e+07
1.297965104902946763e+07
1.297966021546354890e+07
1.297964114947512932e+07
1.297965050669051893e+07
1.297965794799018838e+07
1.297965576841279864e+07
1.297963977141064964e+07
1.297966000484312885e+07
1.297964967701600119e+07
1.297964390258136950e+07
1.297965759459272400e+07
1.297965870624878444e+07
1.297964325577428192e+07
1.297964696509319171e+07
1.297966124618529715e+07
1.297964333848344907e+07
1.297965337811186723e+07
1.297965751848006807e+07
1.297965171181652509e+07
1.297963851789055578e+07
1.297966076830792427e+07
1.297965386030645110e+07
1.297964300791047700e+07
1.297965988186524436e+07
1.297965221598629095e+07
1.297964524400950223e+07
1.297964657142645866e+07
1.297966521119274013e+07
1.297964320479704626e+07
1.297965162188850529e+07
1.297965860108916461e+07
1.297964538776530139e+07
1.297964501763791591e+07
1.297965933496123739e+07
1.297965742398165539e+07
1.297964056000385620e+07
1.297965812425406836e+07
1.297965064015077055e+07
1.297964570635212958e+07
1.297965158687476814e+07
1.297966418856844492e+07
1.297964224785265140e+07
1.297964740990098566e+07
1.297965998202152923e+07
1.297964526615460403e+07
1.297965029154653661e+07
1.297965697927709669e+07
1.297965655395225808e+07
1.297963631016524509e+07
1.297965995346470922e+07
1.297965304058049433e+07
1.297964476654273272e+07
1.297965640988785587e+07
1.297965704204089940e+07
1.297964425083971582e+07
1.297964452243806608e+07
1.297966412407876924e+07
1.297964572983548976e+07
1.297965094686985202e+07
1.297965649287324958e+07
1.297965094753533602e+07
1.297963964546392672e+07
1.297966049857072160e+07
1.297965722393961810e+07
1.297964260068533197e+07
1.297965534693914093e+07
1.297965312043925747e+07
1.297964668061394989e+07
1.297964646916198730e+07
1.297966735010098107e+07
1.297964294506235421e+07
1.297964829075217433e+07
1.297965762947756052e+07
1.297964818388974294e+07
1.297964624159052409e+07
1.297965774687095731e+07
1.297965923069216497e+07
1.297963722188708931e+07
1.297965696018895879e+07
1.297965322313212417e+07
1.297964707107491419e+07
1.297965167285173014e+07
1.297966203690708242e+07
1.297964314114682563e+07
1.297964444963437691e+07
1.297966122094280645e+07
1.297964927235937491e+07
1.297964884825448878e+07
1.297965513551228680e+07
1.297965619678851403e+07
1.297963596469039284e+07
1.297966005882462673e+07
1.297965616483625025e+07
1.297964548009260930e+07
1.297965225961854123e+07
1.297965651724602096e+07
1.297964634438852780e+07
1.297964340131661110e+07
1.297966711199389026e+07
1.297964588184037805e+07
1.297964834163423814e+07
1.297965489187860675e+07
1.297965206463605911e+07
1.297964208010536991e+07
1.297965892244032212e+07
1.297965964440205134e+07
1.297964051135066710e+07
1.297965250948672928e+07
1.297965484433064610e+07
1.297964882286296412e+07
1.297964688673441485e+07
1.297966588959171064e+07
1.297964325726943836e+07
1.297964543281688914e+07
1.297965738950533047e+07
1.297965285674595088e+07
1.297964600323484279e+07
1.297965517956465855e+07
1.297965965905679390e+07
1.297963534641202539e+07
1.297965728117738478e+07
1.297965564990569279e+07
1.297964865673779324e+07
1.297964907545855455e+07
1.297965998598444834e+07
1.297964535009567440e+07
1.297964265284761228e+07
1.297966377462462150e+07
1.297965065525907651e+07
1.297964705387651175e+07
1.297965277848900296e+07
1.297965620374343172e+07
1.297963868475180119e+07
1.297965907795528322e+07
1.297965858301411942e+07
1.297964497793976031e+07
1.297964797401157953e+07
1.297965731422281265e+07
1.297964925689998455e+07
1.297964348204847239e+07
1.297966724050172791e+07
1.297964554264951684e+07
1.297964617253752425e+07
1.297965352224062569e+07
1.297965595390771143e+07
1.297964336475006863e+07
1.297965614900740422e+07
1.297966075010653585e+07
1.297963808336109295e+07
1.297965235897102021e+07
1.297965649655804038e+07
1.297965125868321024e+07
1.297964595524531975e+07
1.297966273839553632e+07
1.297964496001587063e+07
1.297964355223552324e+07
1.297965865896158665e+07
1.297965598362848163e+07
1.297964495806442387e+07
1.297965206576722860e+07
1.297965940673784539e+07
1.297963707576585561e+07
1.297965721383783594e+07
1.297965746484258585e+07
1.297964956216229312e+07
1.297964453074237891e+07
1.297965956558621302e+07
1.297964857527509890e+07
1.297964221335574239e+07
1.297966527586702630e+07
1.297965007524868473e+07
1.297964571800895408e+07
1.297965046366167255e+07
1.297965843283782713e+07
1.297964156254434027e+07
1.297965673785569705e+07
1.297965989470836893e+07
1.297964320849966072e+07
1.297964645704160444e+07
1.297965838280472532e+07
1.297965249783561192e+07
1.297964353030239604e+07
1.297966410638978519e+07
1.297964627535728924e+07
1.297964482339528017e+07
1.297965331604918838e+07
1.297966029486234300e+07
1.297964316137468256e+07
1.297965263777564280e+07
1.297966069000944681e+07
1.297963815177353472e+07
1.297965311226370558e+07
1.297965746019883081e+07
1.297965329267966375e+07
1.297964253925358690e+07
1.297966071846740879e+07
1.297964786140377447e+07
1.297964288371654600e+07
1.297966045219103433e+07
1.297965603301695362e+07
1.297964417701330781e+07
1.297964890458513983e+07
1.297966008149486408e+07
1.297964080932020582e+07
1.297965571279247105e+07
1.297965823883786984e+07
1.297964897491995618e+07
1.297964123193904944e+07
1.297966002556539886e+07
1.297965216562986746e+07
1.297964245038101450e+07
1.297966329552712105e+07
1.297964954944346845e+07
1.297964511012756266e+07
1.297964884611102194e+07
1.297966250821452588e+07
1.297964251754794084e+07
1.297965334192057513e+07
1.297965988229857758e+07
1.297964200268062390e+07
1.297964733827293664e+07
1.297965865660075471e+07
1.297965536415551603e+07
1.297964172719364986e+07
1.297966041981493123e+07
1.297964823552151583e+07
1.297964436864771694e+07
1.297965425336701982e+07
1.297966175551779941e+07
1.297964254703420214e+07
1.297964885090044513e+07
1.297966036607693322e+07
1.297964149033082649e+07
1.297965282961401530e+07
1.297965741638379358e+07
1.297965408820062131e+07
1.297963836933154240e+07
1.297966040891117230e+07
1.297965132057574205e+07
1.297964317736840062e+07
1.297966012797251903e+07
1.297965461702740751e+07
1.297964425547165796e+07
1.297964625604639761e+07
1.297966280311409011e+07
1.297964352134673297e+07
1.297965313132658601e+07
1.297965808150254749e+07
1.297964779985377379e+07
1.297964138399501704e+07
1.297966023449261487e+07
1.297965572086880729e+07
1.297964215808592923e+07
1.297965902979952283e+07
1.297965043370970711e+07
1.297964554142691568e+07
1.297964867356900871e+07
1.297966561155969650e+07
1.297964228161175549e+07
1.297964969216451421e+07
1.297965922666357644e+07
1.297964393018968590e+07
1.297964843519721180e+07
1.297965793839009106e+07
1.297965737839822471e+07
1.297963815346214734e+07
1.297965883435899578e+07
1.297965112257510051e+07
1.297964501286994480e+07
1.297965498041563854e+07
1.297966034421747178e+07
1.297964286321158707e+07
1.297964559537287056e+07
1.297966147460264713e+07
1.297964564478617162e+07
1.297965128984262049e+07
1.297965650437815487e+07
1.297965366264307685e+07
1.297963689082156122e+07
1.297966066661983170e+07
1.297965488970941491e+07
1.297964376443207823e+07
1.297965660644691624e+07
1.297965410889307037e+07
1.297964548479938693e+07
1.297964489268548787e+07
1.297966641093949601e+07
1.297964404814850539e+07
1.297965006643068604e+07
1.297965704411264881e+07
1.297964814960820042e+07
1.297964339495600946e+07
1.297965930772874132e+07
1.297965854254935123e+07
1.297964010618901998e+07
1.297965574319694191e+07
1.297965242320322804e+07
1.297964686934845895e+07
1.297964936365251243e+07
1.297966527882852219e+07
1.297964234924959391e+07
1.297964633015077189e+07
1.297965902373218536e+07
1.297964841811787896e+07
1.297964822543631494e+07
1.297965623606933840e+07
1.297965805650187843e+07
1.297963534858945385e+07
1.297965895758380182e+07
1.297965417732986808e+07
1.297964623376980051e+07
1.297965313844020665e+07
1.297965848417015746e+07
1.297964445857082307e+07
1.297964338697245158e+07
1.297966429360494763e+07
1.297964767000434734e+07
1.297964910286128335e+07
1.297965486975738406e+07
1.297965326048325002e+07
1.297963873312540166e+07
1.297966003807647713e+07
1.297965790954004973e+07
1.297964327449565008e+07
1.297965204387336411e+07
1.297965495730335638e+07
1.297964760525447316e+07
1.297964484038702212e+07
1.297966767884732597e+07
1.297964373786339723e+07
1.297964714258274436e+07
1.297965586387261190e+07
1.297965149258156866e+07
1.297964464813924022e+07
1.297965709499371424e+07
1.297966005279903114e+07
1.297963706210761517e+07
1.297965495607366972e+07
1.297965461581860855e+07
1.297964871032823436e+07
1.297964894434647262e+07
1.297966258626377955e+07
1.297964359422471188e+07
1.297964372098253109e+07
1.297966026460467465e+07
1.297965208744061179e+07
1.297964688977019303e+07
1.297965372642301582e+07
1.297965770478988066e+07
1.297963587852931395e+07
1.297965893444911949e+07
1.297965676348644495e+07
1.297964697708411887e+07
1.297964864457537979e+07
1.297965791677948087e+07
1.297964705924439058e+07
1.297964246164561249e+07
1.297966660821091384e+07
1.297964743257610127e+07
1.297964692055680230e+07
1.297965283393688314e+07
1.297965483221878298e+07
1.297964137691337056e+07
1.297965801520805992e+07
1.297965985265554860e+07
1.297964122594020516e+07
1.297964967255879194e+07
1.297965638039089181e+07
1.297965026063551567e+07
1.297964504600449651e+07
1.297966539036688395e+07
1.297964420983469486e+07
1.297964483125991561e+07
1.297965558642908186e+07
1.297965608590743691e+07
1.297964437998342328e+07
1.297965397751146927e+07
1.297966023726825230e+07
1.297963596781619079e+07
1.297965542126886360e+07
1.297965640386346914e+07
1.297965049222042225e+07
1.297964586322991922e+07
1.297966044869543985e+07
1.297964613608138263e+07
1.297964232584661804e+07
1.297966248816754110e+07
1.297965286359590665e+07
1.297964545863114111e+07
1.297965088735579140e+07
1.297965797121230140e+07
1.297963910035715438e+07
1.297965766894948110e+07
1.297965850560362637e+07
1.297964644576871581e+07
1.297964471825563535e+07
1.297965859653228708e+07
1.297965038714745082e+07
1.297964263356849737e+07
1.297966582640312426e+07
1.297964703947059996e+07
1.297964542843774706e+07
1.297965135382943600e+07
1.297965894023829326e+07
1.297964259161078185e+07
1.297965491511804238e+07
1.297966053386023827e+07
1.297963933016256616e+07
1.297965000593249314e+07
1.297965748329031281e+07
1.297965299139232747e+07
1.297964373116103001e+07
1.297966195834353939e+07
1.297964611629710533e+07
1.297964357080258429e+07
1.297965677825074457e+07
1.297965858054561354e+07
1.297964355164508708e+07
1.297965051137711480e+07
1.297965999982191622e+07
1.297963849919279106e+07
1.297965529299777001e+07
1.297965747816478088e+07
1.297965141427418776e+07
1.297964141593414359e+07
1.297966009341065772e+07
1.297964959959872067e+07
1.297964222843621112e+07
1.297966323373548500e+07
1.297965194036009908e+07
1.297964476150167920e+07
1.297964839495243877e+07
1.297966051557897963e+07
1.297964198061182909e+07
1.297965515374732204e+07
1.297965919042666815e+07
1.297964489491673186e+07
1.297964389414865710e+07
1.297965928750925139e+07
1.297965385904545523e+07
1.297964250846128725e+07
1.297966209642016329e+07
1.297964784705803357e+07
1.297964482043671422e+07
1.297965113633860648e+07
1.297966281350641511e+07
1.297964236075891368e+07
1.297965121756157652e+07
1.297966019760999642e+07
1.297964021372725256e+07
1.297965091050526313e+07
1.297965769773198105e+07
1.297965505621610768e+07
1.297964014195517823e+07
1.297966005660946667e+07
1.297964907355624065e+07
1.297964343659345061e+07
1.297965809810598008e+07
1.297965795695337094e+07
1.297964322049815953e+07
1.297964718449262343e+07
1.297966086799609847e+07
1.297964252881028689e+07
1.297965374846651219e+07
1.297965755116098188e+07
1.297965092309818231e+07
1.297963888592302613e+07
1.297966050449625775e+07
1.297965333144662902e+07
1.297964266516266949e+07
1.297966055867157876e+07
1.297965145678965002e+07
1.297964501803488284e+07
1.297964690010029078e+07
1.297966453487542272e+07
1.297964282906888984e+07
1.297965185943163559e+07
1.297965878407998942e+07
1.297964441508558393e+07
1.297964533385097608e+07
1.297965906134437397e+07
1.297965682844095863e+07
1.297964057777342759e+07
1.297965853162596375e+07
1.297964991581792571e+07
1.297964518952204846e+07
1.297965201793316752e+07
1.297966354549883492e+07
1.297964207966129482e+07
1.297964753923693113e+07
1.297965995747888647e+07
1.297964418232005462e+07
1.297965068034591526e+07
1.297965693169789761e+07
1.297965585097598843e+07
1.297963648536556959e+07
1.297965992653043382e+07
1.297965246135696024e+07
1.297964415379281715e+07
1.297965708548744395e+07
1.297965632656569779e+07
1.297964400232188031e+07
1.297964466931044124e+07
1.297966371299633943e+07
1.297964497740092315e+07
1.297965124407817423e+07
1.297965668531839177e+07
1.297965003341030702e+07
1.297963976894814707e+07
1.297966031136069074e+07
1.297965673183443025e+07
1.297964224544354342e+07
1.297965603470980935e+07
1.297965233121534623e+07
1.297964620511592738e+07
1.297964675254252180e+07
1.297966687275575288e+07
1.297964254561486840e+07
1.297964840484651364e+07
1.297965786018312536e+07
1.297964700757669099e+07
1.297964652447022311e+07
1.297965764997029491e+07
1.297965868188600987e+07
1.297963715551621653e+07
1.297965725808049180e+07
1.297965257282220945e+07
1.297964638946434669e+07
1.297965224698033556e+07
1.297966154053201713e+07
1.297964283836570196e+07
1.297964448470799439e+07
1.297966117378807813e+07
1.297964824235055968e+07
1.297964921755236015e+07
1.297965529837221280e+07
1.297965547973583825e+07
1.297963590956359915e+07
1.297966009885938838e+07
1.297965574250936881e+07
1.297964487943331711e+07
1.297965310926967859e+07
1.297965584152222052e+07
1.297964596011502109e+07
1.297964353044166975e+07
1.297966689976956509e+07
1.297964525555874594e+07
1.297964855975423194e+07
1.297965524738317914e+07
1.297965100403670780e+07
1.297964215011303686e+07
1.297965889742400311e+07
1.297965928259456344e+07
1.297964017146235518e+07
1.297965310301684961e+07
1.297965413535363041e+07
1.297964818530362844e+07
1.297964725463464484e+07
1.297966568296743929e+07
1.297964282380291820e+07
1.297964543315144069e+07
1.297965764335370809e+07
1.297965165942285582e+07
1.297964629736562632e+07
1.297965526550569944e+07
1.297965916572395153e+07
1.297963505554074794e+07
1.297965753095865436e+07
1.297965515013169311e+07
1.297964789263135567e+07
1.297964981558744237e+07
1.297965952166764066e+07
1.297964492015307583e+07
1.297964257979231328e+07
1.297966379790518247e+07
1.297964976485968009e+07
1.297964731526769325e+07
1.297965308343246952e+07
1.297965537741085142e+07
1.297963842995212972e+07
1.297965918069247343e+07
1.297965830099948496e+07
1.297964436116633937e+07
1.297964872835048661e+07
1.297965663358689472e+07
1.297964869063282385e+07
1.297964357145218365e+07
1.297966728522786871e+07
1.297964491314944811e+07
1.297964619725832343e+07
1.297965390969667956e+07
1.297965478052816354e+07
1.297964343371330760e+07
1.297965623409830034e+07
1.297966048744230531e+07
1.297963758054184914e+07
1.297965279951259866e+07
1.297965591614944860e+07
1.297965049220379069e+07
1.297964643883636221e+07
1.297966261982262693e+07
1.297964442941136844e+07
1.297964337217776664e+07
1.297965892109485157e+07
1.297965492583625950e+07
1.297964519508055598e+07
1.297965228914013319e+07
1.297965890344781429e+07
1.297963652844871208e+07
1.297965749288736098e+07
1.297965717562603951e+07
1.297964878351152316e+07
1.297964529170791619e+07
1.297965908396781236e+07
1.297964804575466737e+07
1.297964204884867556e+07
1.297966552623219229e+07
1.297964927926789410e+07
1.297964579779713601e+07
1.297965084945788607e+07
1.297965748470552452e+07
1.297964128668221459e+07
1.297965692074306868e+07
1.297965978709677421e+07
1.297964252357394062e+07
1.297964702635541186e+07
1.297965780413431115e+07
1.297965182913593389e+07
1.297964367201950587e+07
1.297966435329514183e+07
1.297964559909522720e+07
1.297964462872879021e+07
1.297965371503612958e+07
1.297965920720169321e+07
1.297964323751907237e+07
1.297965281486133672e+07
1.297966050582311302e+07
1.297963739610256627e+07
1.297965352360333875e+07
1.297965710582713783e+07
1.297965250141262263e+07
1.297964311218490452e+07
1.297966058201588131e+07
1.297964728145702742e+07
1.297964254422090016e+07
1.297966084582845680e+07
1.297965516397556663e+07
1.297964428719612584e+07
