1.297965143842425570e+07
1.297965637941218354e+07
1.297964271870845184e+07
1.297964491963226162e+07
1.297967558036970347e+07
1.297965122997788340e+07
1.297964970277067274e+07
1.297966066022831947e+07
1.297964164495437220e+07
1.297964321296954527e+07
1.297966643081945181e+07
1.297966297935262695e+07
1.297964666544502228e+07
1.297965893304475024e+07
1.297965154921906069e+07
1.297964114229577966e+07
1.297965909518893063e+07
1.297966995458388142e+07
1.297964327980868518e+07
1.297965523206070252e+07
1.297966311349939927e+07
1.297963947284872271e+07
1.297965944326687045e+07
1.297966607184655219e+07
1.297965307803149521e+07
1.297964486146938615e+07
1.297966346812319383e+07
1.297965234110193886e+07
1.297964869146692008e+07
1.297968101556933299e+07
1.297965835050072894e+07
1.297964963238568977e+07
1.297966181800873578e+07
1.297965525813264586e+07
1.297965053434397094e+07
1.297967219746665098e+07
1.297967238829252496e+07
1.297964818816791847e+07
1.297965653140599653e+07
1.297965922782524303e+07
1.297964584786339104e+07
1.297965813083138689e+07
1.297967509909924120e+07
1.297964522120904177e+07
1.297965068885030784e+07
1.297966403624759987e+07
1.297964859940790758e+07
1.297965640566197969e+07
1.297966686568238214e+07
1.297965820252939127e+07
1.297963961631340347e+07
1.297966562072346173e+07
1.297965664306210913e+07
1.297964670939346589e+07
1.297967532968581282e+07
1.297965764830135368e+07
1.297964379051293805e+07
1.297965395500836521e+07
1.297966095602070354e+07
1.297965033312790841e+07
1.297966684081625007e+07
1.297967081324795447e+07
1.297964608669158630e+07
1.297964968664583378e+07
1.297966483481536992e+07
1.297965330376844294e+07
1.297965814901639149e+07
1.297968014719406702e+07
1.297965118646624498e+07
1.297965133500465751e+07
1.297966563733249716e+07
1.297965981084353477e+07
1.297965645413468964e+07
1.297967031603919156e+07
1.297966737281444110e+07
1.297964207544135675e+07
1.297967046269639395e+07
1.297966674565199204e+07
1.297965379262182303e+07
1.297967350305078551e+07
1.297966571206585690e+07
1.297964900609395653e+07
1.297965699093466625e+07
1.297967518926495872e+07
1.297965982895717397e+07
1.297966573103800043e+07
1.297967341241768189e+07
1.297964910256730765e+07
1.297964742299893498e+07
1.297967161687361635e+07
1.297966303166256472e+07
1.297966004114434682e+07
1.297967903187691048e+07
1.297965474641170166e+07
1.297964798491260037e+07
1.297966253717130050e+07
1.297966862210196815e+07
1.297965323652598076e+07
1.297966630580764078e+07
1.297967065174975619e+07
1.297963980361143127e+07
1.297966618014686182e+07
1.297966857962500490e+07
1.297965447487138957e+07
1.297966206750776991e+07
1.297966654857745022e+07
1.297965136604730412e+07
1.297965354508432373e+07
1.297967878594205342e+07
1.297966362363736704e+07
1.297965948106182367e+07
1.297967039927896671e+07
1.297965440122394823e+07
1.297964677816297300e+07
1.297967620021359436e+07
1.297967209160461277e+07
1.297965856857691705e+07
1.297967263305594213e+07
1.297966017852311023e+07
1.297964922777148336e+07
1.297966194779672660e+07
1.297967955622704886e+07
1.297965325843651034e+07
1.297966601586860232e+07
1.297967435207794420e+07
1.297964456794684008e+07
1.297966449116720259e+07
1.297967374674905092e+07
1.297966365980769880e+07
1.297966001561137475e+07
1.297967297497988306e+07
1.297965886024837382e+07
1.297965404381212033e+07
1.297968211667447910e+07
1.297967034487396665e+07
1.297965799500560202e+07
1.297966964057178050e+07
1.297966436351265758e+07
1.297965297548283264e+07
1.297968095288394392e+07
1.297967787843876705e+07
1.297965878419879638e+07
1.297966477088366821e+07
1.297966540507684834e+07
1.297965396998982131e+07
1.297966045843023062e+07
1.297968674218107387e+07
1.297965512025948800e+07
1.297965871846833266e+07
1.297966892792529054e+07
1.297964783924483694e+07
1.297965759377523884e+07
1.297967293638236262e+07
1.297966728543320484e+07
1.297965106612224132e+07
1.297966833136923984e+07
1.297965897363970242e+07
1.297964862075099908e+07
1.297967330695889331e+07
1.297966750988737494e+07
1.297964568174951151e+07
1.297965680357269570e+07
1.297966450137190707e+07
1.297965031625814177e+07
1.297966950979631394e+07
1.297967382263628207e+07
1.297965425578401797e+07
1.297965027944300324e+07
1.297966628952164203e+07
1.297965427212485485e+07
1.297965609311015904e+07
1.297968670678882487e+07
1.297965619460330904e+07
1.297965306078334711e+07
1.297966508600809798e+07
1.297965594823270664e+07
1.297965527055316232e+07
1.297967206502991356e+07
1.297967178730578907e+07
1.297964665138580464e+07
1.297966506881740317e+07
1.297966479033216089e+07
1.297965229407469369e+07
1.297967038805683702e+07
1.297967357568498142e+07
1.297965009475712851e+07
1.297965847527746297e+07
1.297967167783657275e+07
1.297965732961932942e+07
1.297966675150309689e+07
1.297967461319250613e+07
1.297965915259679221e+07
1.297964743774974160e+07
1.297967380754195899e+07
1.297966422627802379e+07
1.297965817511535995e+07
1.297968518732599542e+07
1.297965900511636212e+07
1.297965021685014106e+07
1.297966307347618788e+07
1.297966839058148116e+07
1.297965892509740032e+07
1.297967447900002263e+07
1.297967920516161993e+07
1.297964741484641843e+07
1.297966341993455961e+07
1.297967306300515495e+07
1.297965903328067809e+07
1.297966845760300756e+07
1.297967740447647311e+07
1.297965377223559655e+07
1.297965537988909334e+07
1.297967401437365450e+07
1.297966643385876715e+07
1.297966377213003486e+07
1.297967490075398982e+07
1.297966557677550241e+07
1.297964660574620031e+07
1.297968029646277428e+07
1.297967366687674262e+07
1.297966149055934139e+07
1.297968100194537267e+07
1.297966653620664030e+07
1.297965389195778221e+07
1.297966297218710184e+07
1.297968199731541052e+07
1.297966228249144368e+07
1.297967154685188644e+07
1.297967951140036806e+07
1.297964888358782977e+07
1.297966133454912715e+07
1.297967652679041214e+07
1.297966694723254815e+07
1.297966652045017295e+07
1.297967920892312750e+07
1.297965765043559484e+07
1.297965398371532001e+07
1.297967551530566812e+07
1.297967226692908444e+07
1.297965678589788266e+07
1.297967107025437057e+07
1.297966895692118816e+07
1.297964537596622668e+07
1.297967628288954496e+07
1.297967349620200880e+07
1.297965823765669763e+07
1.297966486429272406e+07
1.297966454598380253e+07
1.297965143611819111e+07
1.297965644423662685e+07
1.297968411263644323e+07
1.297965987418701127e+07
1.297966165967958234e+07
1.297967223455902748e+07
1.297964833443433605e+07
1.297965316230682656e+07
1.297967456087307632e+07
1.297966910902534984e+07
1.297965845110023580e+07
1.297967353361064754e+07
1.297966103497911431e+07
1.297965133640663140e+07
1.297967089063139819e+07
1.297967723731419817e+07
1.297965329466755688e+07
1.297966541148797423e+07
1.297967171860529855e+07
1.297964863761970028e+07
1.297967248718645424e+07
1.297967552268057503e+07
1.297966047999354824e+07
1.297965565206751786e+07
1.297966857206324115e+07
1.297965717437824607e+07
1.297965586402606592e+07
1.297968802385539189e+07
1.297966335566843487e+07
1.297965729074427299e+07
1.297966868092606775e+07
1.297965716758024879e+07
1.297965548260548525e+07
1.297967826720874943e+07
1.297967617186641693e+07
1.297965461827749759e+07
1.297966536075940914e+07
1.297966532158242352e+07
1.297965326434773207e+07
1.297966764744141512e+07
1.297968175732000731e+07
1.297965330831420608e+07
1.297966207996645942e+07
1.297967339942717925e+07
1.297965358962057345e+07
1.297966752745125815e+07
1.297967545477643237e+07
1.297966457771212980e+07
1.297964983341755718e+07
1.297967157650924288e+07
1.297966328704100102e+07
1.297965498966025934e+07
1.297968561089273728e+07
1.297966555697663687e+07
1.297965301254464500e+07
1.297966490671699308e+07
1.297966687200520188e+07
1.297965792052982748e+07
1.297967748418225721e+07
1.297968131905474886e+07
1.297965610867832974e+07
1.297966174427770637e+07
1.297967227889027633e+07
1.297966043622810394e+07
1.297966835389184393e+07
1.297968917315526679e+07
1.297966014986362122e+07
1.297966186844512075e+07
1.297967442911971547e+07
1.297966432941430807e+07
1.297966557451485656e+07
1.297967904222433828e+07
1.297967283826664649e+07
1.297964998878932372e+07
1.297967991196026653e+07
1.297967509820821323e+07
1.297966323045414314e+07
1.297968527374590375e+07
1.297967400727920793e+07
1.297965547790774889e+07
1.297966405146927014e+07
1.297967871700963378e+07
1.297966530909291655e+07
1.297967727717101015e+07
1.297968283882778697e+07
1.297965878526677378e+07
1.297965844314402901e+07
1.297967983010277338e+07
1.297967095475911722e+07
1.297967114475133829e+07
1.297969175817461684e+07
1.297966623847212829e+07
1.297966075980383717e+07
1.297967783204092085e+07
1.297967917635497265e+07
1.297966797909373604e+07
1.297968312138300948e+07
1.297968575462347642e+07
1.297965513758159429e+07
1.297968343914677203e+07
1.297968368612628058e+07
1.297966816269485839e+07
1.297967970978051797e+07
1.297967960194881074e+07
1.297966246861918457e+07
1.297966690061473101e+07
1.297969100166399963e+07
1.297967513187650405e+07
1.297967557619677670e+07
1.297968501130662300e+07
1.297966566010511108e+07
1.297965787396584824e+07
1.297968729082274809e+07
1.297968055347018503e+07
1.297967175716407411e+07
1.297968848655560054e+07
1.297967340486677736e+07
1.297966375950780325e+07
1.297967794996427558e+07
1.297969269331528619e+07
1.297967259919151291e+07
1.297968544917859696e+07
1.297969154946895875e+07
1.297966136074766703e+07
1.297968434400469437e+07
1.297969184468583576e+07
1.297968060671676509e+07
1.297968193015841395e+07
1.297969172075892985e+07
1.297967657968521118e+07
1.297967240626995265e+07
1.297969847166026570e+07
1.297968340485143848e+07
1.297967339079135656e+07
1.297968510225116834e+07
1.297967618074522354e+07
1.297966652828958631e+07
1.297969649127485976e+07
1.297969320703527331e+07
1.297967503462333605e+07
1.297968432723210379e+07
1.297968011798891984e+07
1.297966710820794851e+07
1.297967722088698857e+07
1.297970025067275576e+07
1.297967076970339939e+07
1.297967670579209179e+07
1.297968686180971935e+07
1.297966166524408944e+07
1.297967601270608045e+07
1.297968719290695153e+07
1.297968020345168188e+07
1.297966776850113645e+07
1.297968539656372182e+07
1.297967346065380797e+07
1.297966605663428642e+07
1.297969387122973055e+07
1.297968631020074338e+07
1.297966843054338545e+07
1.297968163328434899e+07
1.297968427179453336e+07
1.297967020645189472e+07
1.297969488903431967e+07
1.297969576770535111e+07
1.297967660690713115e+07
1.297967792787079141e+07
1.297968869941958599e+07
1.297967611466440186e+07
1.297968052068139426e+07
1.297970953541541100e+07
1.297967666214932874e+07
1.297967537695362419e+07
1.297968943887113407e+07
1.297967474554598890e+07
1.297967966543010250e+07
1.297969715376619808e+07
1.297969405372638628e+07
1.297967136833236925e+07
1.297969056258137152e+07
1.297968465396841057e+07
1.297967311327154189e+07
1.297969514843760990e+07
1.297969365151284076e+07
1.297966981592570245e+07
1.297967976750216819e+07
1.297969221762168035e+07
1.297967776189933904e+07
1.297969351871402748e+07
1.297969871969744749e+07
1.297968026310566999e+07
1.297966991018735804e+07
1.297969246893005446e+07
1.297968229138264060e+07
1.297968008978259750e+07
1.297970859507935122e+07
1.297967960048957914e+07
1.297967327679650486e+07
1.297968553132097237e+07
1.297968528540391475e+07
1.297967903179531172e+07
1.297969662837965600e+07
1.297969945030319877e+07
1.297966876348717138e+07
1.297968589076106995e+07
1.297969022847522609e+07
1.297967816325241327e+07
1.297969168615764938e+07
1.297969781563155912e+07
1.297967448053605109e+07
1.297967951490427367e+07
1.297969559550381638e+07
1.297968533404464275e+07
1.297968787771283276e+07
1.297969677313429862e+07
1.297968349399691448e+07
1.297966844034403563e+07
1.297969862349509262e+07
1.297969148988968879e+07
1.297968148351609334e+07
1.297970363075437956e+07
1.297968481572185829e+07
1.297967311278652400e+07
1.297968344857944921e+07
1.297969694264298864e+07
1.297968073844111711e+07
1.297969347668045387e+07
1.297970131879543886e+07
1.297966947701837681e+07
1.297968214615712501e+07
1.297969541613532975e+07
1.297968437917215750e+07
1.297968778072610684e+07
1.297970068231352419e+07
1.297967778392193094e+07
1.297967665005172789e+07
1.297969534686714225e+07
1.297968854148190282e+07
1.297967650759615190e+07
1.297968910699161887e+07
1.297968339966051653e+07
1.297966287395120412e+07
1.297969608234429918e+07
1.297969233900347538e+07
1.297967759815583192e+07
1.297969074795811251e+07
1.297968264102437161e+07
1.297966953256191686e+07
1.297967611124133319e+07
1.297970048106326163e+07
1.297967758955957182e+07
1.297968198959616199e+07
1.297969293832359277e+07
1.297966682037121803e+07
1.297967414373174310e+07
1.297969323211060278e+07
1.297968639480683766e+07
1.297967904857678339e+07
1.297969313751448132e+07
1.297967760154196806e+07
1.297967079941858537e+07
1.297969158728862554e+07
1.297969398004234023e+07
1.297967355288401246e+07
1.297968609691406786e+07
1.297969056674893387e+07
1.297966613849542104e+07
1.297969396460473165e+07
1.297969465918693319e+07
1.297968114562832192e+07
1.297968291433447599e+07
1.297968948999252170e+07
1.297967561346568540e+07
1.297967833763139136e+07
1.297971016472698934e+07
1.297968463330150023e+07
1.297968117911196873e+07
1.297969273203206249e+07
1.297967385002259538e+07
1.297967441120591201e+07
1.297969708622151241e+07
1.297969376011406444e+07
1.297967560038960539e+07
1.297968760388034023e+07
1.297968241324845329e+07
1.297967110047047026e+07
1.297968775290891714e+07
1.297969862081598118e+07
1.297967263591515273e+07
1.297968493951021135e+07
1.297969358833108284e+07
1.297967219264311157e+07
1.297969068432627432e+07
1.297969740310386196e+07
1.297968486640576273e+07
1.297967415834138729e+07
1.297969323541750759e+07
1.297968200070261024e+07
1.297967813771864586e+07
1.297970938151614927e+07
1.297968551690394618e+07
1.297967296240479499e+07
1.297968444047355093e+07
1.297968064975349419e+07
1.297967478352309391e+07
1.297969662595517747e+07
1.297969781764232181e+07
1.297967349264351465e+07
1.297968170489112101e+07
1.297968795405581407e+07
1.297967568874632753e+07
1.297968738520209491e+07
1.297970496982184611e+07
1.297967518312602676e+07
1.297968016176761128e+07
1.297969219238371216e+07
1.297967648369100876e+07
1.297968167310466617e+07
1.297969260474880226e+07
1.297968688204165921e+07
1.297966411581065506e+07
1.297969205640267953e+07
1.297968373811039515e+07
1.297967290567451157e+07
1.297969957141961716e+07
1.297968541215042584e+07
1.297966906368408911e+07
1.297967770663722977e+07
1.297968727368558384e+07
1.297967538898307644e+07
1.297968953747869655e+07
1.297969564647784270e+07
1.297967009653683007e+07
1.297967114413999952e+07
1.297968807490421645e+07
1.297967596075740643e+07
1.297967929532187246e+07
1.297970151073944010e+07
1.297967255971540324e+07
1.297967064657597616e+07
1.297968573818535544e+07
1.297968160636048764e+07
1.297967386374216713e+07
1.297968822493024915e+07
1.297968806930095330e+07
1.297966123806267977e+07
1.297968890670917928e+07
1.297968429733227566e+07
1.297966958495851234e+07
1.297968637621309794e+07
1.297968111816038191e+07
1.297966262426015735e+07
1.297966992870199680e+07
1.297968996786492504e+07
1.297967466691795550e+07
1.297968049957801402e+07
1.297969010848205723e+07
1.297966789255940728e+07
1.297966410179504938e+07
1.297968978416096978e+07
1.297968208921630122e+07
1.297967745449344814e+07
1.297969440772162564e+07
1.297967388140864111e+07
1.297966669983798824e+07
1.297968071235123836e+07
1.297969021719558164e+07
1.297967248123684898e+07
1.297968624531413428e+07
1.297969231981751136e+07
1.297966072739943489e+07
1.297968624560982175e+07
1.297969084078212641e+07
1.297967588139480911e+07
1.297968260204853490e+07
1.297968751431162842e+07
1.297967000820817612e+07
1.297966923044629954e+07
1.297969454833360389e+07
1.297967981308586150e+07
1.297967409742329270e+07
1.297968444927864894e+07
1.297967057533027790e+07
1.297966117493005283e+07
1.297969064849104732e+07
1.297968598732372001e+07
1.297967216397233121e+07
1.297968568782231025e+07
1.297967482147332281e+07
1.297966265030735172e+07
1.297967388609084301e+07
1.297969426093046367e+07
1.297966857035067864e+07
1.297967807152687758e+07
1.297968559596903622e+07
1.297965642584991641e+07
1.297967395185372606e+07
1.297968418279817514e+07
1.297967386964869685e+07
1.297966757341002673e+07
1.297968135420210660e+07
1.297966699527876824e+07
1.297966002785046585e+07
1.297968840863632225e+07
1.297967769043673016e+07
1.297966366297819465e+07
1.297967374615113623e+07
1.297966908863309398e+07
1.297965639075460844e+07
1.297968308154485188e+07
1.297968215730324574e+07
1.297966163315865770e+07
1.297966568670765869e+07
1.297966837347268127e+07
1.297965576622754894e+07
1.297966415637931228e+07
1.297969284436731599e+07
1.297966106473078206e+07
1.297966119123309478e+07
1.297966953269553185e+07
1.297965074108142965e+07
1.297965765000060573e+07
1.297967217496420443e+07
1.297966646079318970e+07
1.297964953257286362e+07
1.297966794349331781e+07
1.297966041648959368e+07
1.297964946630766056e+07
1.297967569314840809e+07
1.297967227232278883e+07
1.297965166773160174e+07
1.297966159920305014e+07
1.297967080406859331e+07
1.297965706969779730e+07
1.297967493754267320e+07
1.297967887914022245e+07
1.297965853588025831e+07
1.297965135972824693e+07
1.297967193238116987e+07
1.297966041619264334e+07
1.297966101702738181e+07
1.297968918832340278e+07
1.297965973867159896e+07
1.297965589065720327e+07
1.297966807952608727e+07
1.297966179228258692e+07
1.297965925722358376e+07
1.297967618023824878e+07
1.297967888430373743e+07
1.297964901353073493e+07
1.297966683627989516e+07
1.297966604635658115e+07
1.297965300207177736e+07
1.297967016250037216e+07
1.297967467691847682e+07
1.297964929497626610e+07
1.297965731439556554e+07
1.297967213050615229e+07
1.297965947832024656e+07
1.297966446863819845e+07
1.297967476061622612e+07
1.297965949508690275e+07
1.297964589380561002e+07
1.297967320712113008e+07
1.297966684422356635e+07
1.297965876685406826e+07
1.297968469381416589e+07
1.297966242110444419e+07
1.297965227252063714e+07
1.297966346745351702e+07
1.297967091523911618e+07
1.297965898780192435e+07
1.297967471273024939e+07
1.297968159599219821e+07
1.297964859693055972e+07
1.297966458080758154e+07
1.297967444772401638e+07
1.297966221051008627e+07
1.297967038669730537e+07
1.297968019421265647e+07
1.297965795656515285e+07
1.297965877841287293e+07
1.297967935300060548e+07
1.297967173354235664e+07
1.297966540756376274e+07
1.297967577369052358e+07
1.297966772287577391e+07
1.297964777045830712e+07
1.297968021072103828e+07
1.297967490549578145e+07
1.297966231389338896e+07
1.297967855994546227e+07
1.297966561072435603e+07
1.297965264759812318e+07
1.297966211748364195e+07
1.297968535467044450e+07
1.297966497522871941e+07
1.297967141857784428e+07
1.297968066145009361e+07
1.297965247608250380e+07
1.297966182311347872e+07
1.297967946897401474e+07
1.297966975052947924e+07
1.297966807816037349e+07
1.297968276184123009e+07
1.297966125071395189e+07
1.297965543773029558e+07
1.297967622288174555e+07
1.297967515584543720e+07
1.297965868694897182e+07
1.297967233543330431e+07
1.297967151235210523e+07
1.297964742670649663e+07
1.297967763074406423e+07
1.297967836902185716e+07
1.297966342795038223e+07
1.297966995513564162e+07
1.297967110069860704e+07
1.297965606295204721e+07
1.297965989198380895e+07
1.297968850086316094e+07
1.297966470671264455e+07
1.297966535408161208e+07
1.297967574348548427e+07
1.297965434045742638e+07
1.297965886169714294e+07
1.297967996835588105e+07
1.297967595798113570e+07
1.297966265663270094e+07
1.297967595241682045e+07
1.297966558235580102e+07
1.297965575178220309e+07
1.297967440106808394e+07
1.297968273332844861e+07
1.297965823778132349e+07
1.297967142897618376e+07
1.297967815623776056e+07
1.297965651300231740e+07
1.297967930193299800e+07
1.297968284986342862e+07
1.297966813326353021e+07
1.297966184943544492e+07
1.297967543147424608e+07
1.297966498588487506e+07
1.297966140359471180e+07
1.297969267446913384e+07
1.297966955599916913e+07
1.297966349348281510e+07
1.297967446718420461e+07
1.297966471592451073e+07
1.297966170344026387e+07
1.297968437320559472e+07
1.297968560958201066e+07
1.297966437493706681e+07
1.297967538252463751e+07
1.297967527915920317e+07
1.297966390679536574e+07
1.297967920353800245e+07
1.297969453193386272e+07
1.297966544804036804e+07
1.297967403154223040e+07
1.297968592439869605e+07
1.297966744324249215e+07
1.297967876637962088e+07
1.297968823659861460e+07
1.297967933940060064e+07
1.297966307790792920e+07
1.297968764461399429e+07
1.297967761809388548e+07
1.297967087498605438e+07
1.297970059970465489e+07
1.297968181633698195e+07
1.297966788630181924e+07
1.297967967504237592e+07
1.297968439643013291e+07
1.297967525345682725e+07
1.297969315218780749e+07
1.297969513238845766e+07
1.297966911663939245e+07
1.297967452678966522e+07
1.297968481110475026e+07
1.297967274613473006e+07
1.297967976577213407e+07
1.297970085457599349e+07
1.297967018963325024e+07
1.297967248219318874e+07
1.297968507183113322e+07
1.297967701504071802e+07
1.297967638166623935e+07
1.297968972254376486e+07
1.297968770264005102e+07
1.297966239358308353e+07
1.297969244287424721e+07
1.297968698545845225e+07
1.297967449021326937e+07
1.297969602445511892e+07
1.297968683393392712e+07
1.297966993497083150e+07
1.297967907563341409e+07
1.297969701144638658e+07
1.297968332096528448e+07
1.297969263896408118e+07
1.297969958200249262e+07
1.297967392986071110e+07
1.297967169238447025e+07
1.297969343076021969e+07
1.297968456787401997e+07
1.297968185520595871e+07
1.297970084352572076e+07
1.297967531701668166e+07
1.297967149993683025e+07
1.297968658769214712e+07
1.297968936819958687e+07
1.297967629135733470e+07
1.297969033867521957e+07
1.297969137174340151e+07
1.297966029488210380e+07
1.297968800551404245e+07
1.297968846254822798e+07
1.297967440001850016e+07
1.297968531914921850e+07
1.297968571972803026e+07
1.297966917934016511e+07
1.297967431889285706e+07
1.297969877294363640e+07
1.297968252133820951e+07
1.297968177111517452e+07
1.297969207372429967e+07
1.297967291973361932e+07
1.297966610927915759e+07
1.297969500985690393e+07
1.297968964832704142e+07
1.297967851907248795e+07
1.297969368648824282e+07
1.297967854656820931e+07
1.297966864460626058e+07
1.297968310328219086e+07
1.297969725286471657e+07
1.297967496476259828e+07
1.297968832473808527e+07
1.297969495091243647e+07
1.297966345954694413e+07
1.297968688640585169e+07
1.297969465058475360e+07
1.297968191860204376e+07
1.297968086347481981e+07
1.297968957082897238e+07
1.297967219732033461e+07
1.297966911731422320e+07
1.297969812425434031e+07
1.297968476044586673e+07
1.297967535096704401e+07
1.297968623047182336e+07
1.297967672437784821e+07
1.297966601410659216e+07
1.297969527353432402e+07
1.297969345127766021e+07
1.297967700185908191e+07
1.297968634500078298e+07
1.297968349141495302e+07
1.297967035538752750e+07
1.297968002752839401e+07
1.297970508692128211e+07
1.297967630395526811e+07
1.297968330900764093e+07
1.297969176308652759e+07
1.297966673133051954e+07
1.297968002077028714e+07
1.297969345258211717e+07
1.297968528516864032e+07
1.297967393714659847e+07
1.297969228539115004e+07
1.297968247455865331e+07
1.297967492579496652e+07
1.297970225681546703e+07
1.297969307507757097e+07
1.297967508827891201e+07
1.297968626423457451e+07
1.297968966382177733e+07
1.297967617477144487e+07
1.297970046416009031e+07
1.297970060566354543e+07
1.297968094679580815e+07
1.297968029534286447e+07
1.297969288808234222e+07
1.297968005470316857e+07
1.297968499217359163e+07
1.297971428744245879e+07
1.297968225798103027e+07
1.297968129379054531e+07
1.297969277221709304e+07
1.297967921189050935e+07
1.297968213404779695e+07
1.297969865110079385e+07
1.297969757389467023e+07
1.297967676337714680e+07
1.297969590509763733e+07
1.297969039069750160e+07
1.297967834975644387e+07
1.297969992161201872e+07
1.297969912460188940e+07
1.297967513114962913e+07
1.297968488846084662e+07
1.297969501504518650e+07
1.297968016470145620e+07
1.297969356148512289e+07
1.297970019146078452e+07
1.297968243900290877e+07
1.297967477235977352e+07
1.297969675554743037e+07
1.297968752190911956e+07
1.297968487445357442e+07
1.297971317313159630e+07
1.297968485575918108e+07
1.297967784338395298e+07
1.297969035019847378e+07
1.297968944336699694e+07
1.297968361135535501e+07
1.297969960923161171e+07
1.297970490252557956e+07
1.297967500661434419e+07
1.297969331635604985e+07
1.297969458643064275e+07
1.297968116267561354e+07
1.297969544904513657e+07
1.297970216819483042e+07
1.297967740259043314e+07
1.297968251103626750e+07
1.297969922071633115e+07
1.297968739517969079e+07
1.297968931829598173e+07
1.297969837260633707e+07
1.297968593205598928e+07
1.297966866428546049e+07
1.297970067461745255e+07
1.297969448185200989e+07
1.297968586642671004e+07
1.297970738708193228e+07
1.297968833395131119e+07
1.297967683600860089e+07
1.297968904128293507e+07
1.297970434951101243e+07
1.297968905147428438e+07
1.297970255789862946e+07
1.297971028872741759e+07
1.297967941906257346e+07
1.297969325967815332e+07
1.297970638819064572e+07
1.297969615559840761e+07
1.297969937277281284e+07
1.297971184247789346e+07
1.297969048359690420e+07
1.297968748395454697e+07
1.297970895038295165e+07
