1.299466051841194741e+07
1.299374876874954998e+07
1.299705869944557734e+07
1.299891422335184738e+07
1.299725489127425849e+07
1.299412149106889032e+07
1.299639554682588764e+07
1.299898150073182955e+07
1.299630459273989499e+07
1.299486531449578516e+07
1.299712597208049148e+07
1.299814321016979963e+07
1.299446383526042290e+07
1.299725674746133760e+07
1.299804885592165776e+07
1.299643366905697808e+07
1.299438352265063301e+07
1.299789476416436769e+07
1.299694562434682809e+07
1.299452236768344790e+07
1.299586289667472988e+07
1.299799173774995469e+07
1.299515921906792186e+07
1.299399161775089055e+07
1.299754000869216211e+07
1.299747291850698739e+07
1.299429153007828072e+07
1.299416298751859181e+07
1.299800657912014984e+07
1.299926222071181424e+07
1.299743029408827238e+07
1.299363587137238495e+07
1.299482452612862736e+07
1.299836111457796209e+07
1.299827482374067977e+07
1.299591058484063856e+07
1.299390023717720807e+07
1.299759952406528220e+07
1.299784365189744160e+07
1.299564472765775584e+07
1.299351019075994380e+07
1.299714458768630400e+07
1.299679161478724144e+07
1.299433619322993234e+07
1.299459214312875085e+07
1.299667912826353684e+07
1.299371980390276760e+07
1.299443283051920496e+07
1.299718707758678868e+07
1.299481497274733894e+07
1.299355031132749468e+07
1.299734908058828674e+07
1.299657985055644624e+07
1.299461314173089340e+07
1.299604466343448870e+07
1.299770271060806327e+07
1.299413328130010702e+07
1.299694745406796411e+07
1.299719730432884209e+07
1.299477375881113857e+07
1.299489304974029399e+07
1.299667760964281484e+07
1.299399929830578528e+07
1.299538769646433555e+07
1.299713070038668811e+07
1.299444379278819822e+07
1.299497640264676325e+07
1.299878404478910565e+07
1.299489869741063379e+07
1.299500664696099609e+07
1.299679807565310784e+07
1.299780129914141819e+07
1.299410598021787778e+07
1.299264600035873801e+07
1.299556526004103757e+07
1.299688514509845152e+07
1.299766634429734573e+07
1.299565207579237781e+07
1.299320803197874688e+07
1.299131087489381805e+07
1.299347159827619046e+07
1.299464579637111165e+07
1.299187691445253231e+07
1.299183968890784495e+07
1.299389926758377068e+07
1.299259512135276943e+07
1.299057766012480296e+07
1.299285935941869393e+07
1.299450678285356238e+07
1.299686539414386638e+07
1.299750362708014622e+07
1.299635732821823843e+07
1.299538836201923713e+07
1.299668541741900891e+07
1.299443826390213706e+07
1.299498189416679181e+07
1.299651184640476108e+07
1.299563985224958323e+07
1.299553964643381536e+07
1.299550534226274863e+07
1.299573109538322873e+07
1.299451369732240029e+07
1.299526622066778876e+07
1.299538811908680387e+07
1.299534852980559319e+07
1.299389021350511909e+07
1.299394903277897649e+07
1.299580235242625326e+07
1.299611158966729417e+07
1.299377791829185002e+07
1.299398681883366592e+07
1.299740440178656951e+07
1.299510916609666124e+07
1.299845199677869119e+07
1.300050442223351076e+07
1.299693540256111510e+07
1.299618115103031136e+07
1.299868764803376794e+07
1.299788985164241493e+07
1.299557098694497906e+07
1.299643399443949759e+07
1.300068294266576320e+07
1.299892083919725567e+07
1.299537800197405741e+07
1.299761482548252307e+07
1.300114778654003330e+07
1.299899694233316742e+07
1.299854350732955150e+07
1.300318074229970574e+07
1.299888743425670080e+07
1.299765418500392325e+07
1.300133019969554432e+07
1.299983556774856523e+07
1.299784593564683758e+07
1.300108710830762982e+07
1.300067100558486767e+07
1.299802247584443353e+07
1.300031314762352593e+07
1.299918922685291618e+07
1.299731947063454427e+07
1.299721934053028747e+07
1.299684103765254281e+07
1.299671266170288064e+07
1.299576256671303511e+07
1.299705525096820481e+07
1.299654020617527328e+07
1.299520062086891942e+07
1.299521255796020851e+07
1.299656993579800986e+07
1.299704141201839596e+07
1.299615114807108417e+07
1.299672259157240577e+07
1.299670532269442268e+07
1.299666197241594642e+07
1.299555299437832832e+07
1.299565780161841027e+07
1.299653569820068218e+07
1.299716018236025423e+07
1.299603890893271938e+07
1.299702512138460763e+07
1.299576963805780187e+07
1.299581394877196662e+07
1.299708480268667452e+07
1.299481929864020832e+07
1.299739633473867737e+07
1.299522974480473250e+07
1.299751289335912280e+07
1.299726460341692157e+07
1.299584084596569836e+07
1.299792305757546052e+07
1.299583033719310723e+07
1.299496762528989837e+07
1.299647150123721734e+07
1.299579644228916988e+07
1.299482063683512248e+07
1.299449506510430202e+07
1.299567941130595654e+07
1.299581556296856888e+07
1.299677415671799146e+07
1.299604469613172673e+07
1.299822587048586644e+07
1.299665096019662172e+07
1.299623735882119648e+07
1.299499130247304030e+07
1.299778785627380200e+07
1.299761916250224411e+07
1.299500887197077461e+07
1.299537868513060734e+07
1.299915187812454253e+07
1.299526617911592498e+07
1.299294874345782772e+07
1.299674334096857905e+07
1.299490753292363323e+07
1.299306364863312617e+07
1.299384186724287644e+07
1.299904448562820815e+07
1.299550665502584353e+07
1.299342942519007623e+07
1.299422028419991024e+07
1.299625357749418914e+07
1.299293182386046648e+07
1.299227262693724222e+07
1.299646092850954831e+07
1.299185353935410827e+07
1.299377369633828849e+07
1.299562142262669094e+07
1.299295421657443792e+07
1.299190583850218542e+07
1.299517058132616803e+07
1.299467440713074058e+07
1.299108667736054771e+07
1.299388085097378492e+07
1.299199656273506396e+07
1.299118623458811827e+07
1.299381451584676281e+07
1.299296323868379556e+07
1.299295340682857111e+07
1.299242403000069596e+07
1.299050919672617130e+07
1.299322258967538550e+07
1.299356554865457118e+07
1.299381396740855649e+07
1.299444508000985160e+07
1.299310337802970968e+07
1.299220641068781726e+07
1.299343843760757148e+07
1.299266468483678810e+07
1.299365220333036967e+07
1.299626143866231292e+07
1.299375540282459743e+07
1.299243368745179102e+07
1.299457482546442747e+07
1.299419884193870425e+07
1.299307335864695162e+07
1.298933734277812205e+07
1.299197899977665953e+07
1.299301560951218009e+07
1.299018382463247143e+07
1.299138203047842160e+07
1.299398454976505041e+07
1.298977562166667357e+07
1.299117824289577641e+07
1.299491699610516615e+07
1.299128640240848437e+07
1.299174410749822855e+07
1.299173518075498194e+07
1.298828420240082219e+07
1.299122361947583966e+07
1.299179920578294992e+07
1.299050826767523028e+07
1.299054387805541791e+07
1.298959482290273905e+07
1.298874247715441696e+07
1.298831166917107999e+07
1.298785472150711529e+07
1.298871314509880915e+07
1.298780055524328537e+07
1.298681691676967219e+07
1.298816255599465221e+07
1.298791199806259945e+07
1.298659713913826272e+07
1.298894792973757535e+07
1.298732299171181023e+07
1.298589175112088025e+07
1.298733665407232195e+07
1.298785515585885569e+07
1.298645124241617694e+07
1.298610283361604996e+07
1.298694945164512098e+07
1.298816288760282286e+07
1.298813895112935267e+07
1.298698545358121768e+07
1.298718744066526368e+07
1.298721366118836589e+07
1.298693572314672172e+07
1.298856731984753348e+07
1.298664016814574786e+07
1.298865429480667040e+07
1.298922950894302130e+07
1.298826846845644526e+07
1.298722027243582718e+07
1.298719646776958369e+07
1.298689083556633629e+07
1.298818465065758489e+07
1.298700172422995232e+07
1.298681136311010458e+07
1.298756498533392139e+07
1.298714167465915903e+07
1.298618564323860221e+07
1.298424674073140323e+07
1.298150817174884677e+07
1.298415408032046072e+07
1.298678718653040566e+07
1.298783116674273089e+07
1.298564532823463343e+07
1.298557786280653253e+07
1.298072750543596968e+07
1.298136853765851632e+07
1.298620105682667904e+07
1.298589971333259903e+07
1.298671384683228284e+07
1.298824277285739221e+07
1.298725661712794006e+07
1.298670167562117986e+07
1.298780372306043655e+07
1.298789368103750236e+07
1.298624289105884545e+07
1.298691730503938347e+07
1.298803825481541827e+07
1.298755504304123670e+07
1.298788057428483292e+07
1.298969251345956698e+07
1.298938633615801483e+07
1.298692073437054455e+07
1.298641110250867903e+07
1.298778130816958472e+07
1.298618915902672149e+07
1.298765159443341754e+07
1.298831034792227671e+07
1.298725706226304546e+07
1.298916072615664825e+07
1.298817998285730183e+07
1.298822963411492482e+07
1.298676799279146828e+07
1.298856849374932796e+07
1.298705248213320598e+07
1.298736218677647784e+07
1.298730907086086832e+07
1.298709808193897270e+07
1.298832250864586979e+07
1.298892167505428009e+07
1.299069759724759310e+07
1.299031964395903982e+07
1.298999562476819381e+07
1.299030412011192366e+07
1.299010259940274805e+07
1.298694859061512910e+07
1.298922815590929799e+07
1.298612079330063611e+07
1.298932938725326769e+07
1.298648766201844066e+07
1.298797554600543156e+07
1.298851308630538918e+07
1.298701487754023448e+07
1.298801608288846724e+07
1.298898975541571714e+07
1.298774188301113248e+07
1.298813124361554161e+07
1.298949553895543329e+07
1.298931173108448274e+07
1.298682034874523059e+07
1.298933715532816574e+07
1.299347383934204467e+07
1.299027483427769132e+07
1.299109502558497153e+07
1.299047701183279231e+07
1.298984570660045557e+07
1.299021234926768579e+07
1.298670136121737026e+07
1.299022503643830866e+07
1.299349590020562336e+07
1.299159706844523549e+07
1.299466908499925211e+07
1.299223799648687616e+07
1.298773103840887174e+07
1.299110043634159118e+07
1.299133790984661691e+07
1.298935262864043750e+07
1.299219860841820017e+07
1.298958289253305830e+07
1.298881397194005549e+07
1.298901209219252691e+07
1.299143004834418744e+07
1.299163977868388593e+07
1.299164407582725771e+07
1.298954489188787714e+07
1.298802535771489330e+07
1.299093079471758753e+07
1.299108960718721896e+07
1.298810360340401158e+07
1.299140836048310623e+07
1.299212995106955804e+07
1.298933816517271288e+07
1.299098221091239341e+07
1.299069738383430988e+07
1.298929409472055547e+07
1.299338462750371918e+07
1.299297113915777765e+07
1.299035933465490676e+07
1.299293549061175063e+07
1.299045075156790204e+07
1.298750058337267116e+07
1.299209437945078127e+07
1.299228596770748869e+07
1.299032567458508164e+07
1.298972605189915188e+07
1.299317312375839800e+07
1.299320740469387919e+07
1.299027487587545998e+07
1.299205243907814473e+07
1.299501347358582355e+07
1.299035559916297160e+07
1.299001126572933607e+07
1.299437501639149152e+07
1.299107147779398598e+07
1.298997592801021412e+07
1.299184092526136339e+07
1.299201982905781083e+07
1.299149327697199211e+07
1.298683803754030727e+07
1.298967148931524158e+07
1.298852230368671753e+07
1.298812850149948895e+07
1.298976830817945302e+07
1.298856464934875444e+07
1.298797343680659682e+07
1.298936869798755459e+07
1.298950322299542092e+07
1.298900395525494590e+07
1.299023057896948047e+07
1.298957133142220788e+07
1.299158901842486113e+07
1.299313687226859294e+07
1.299078575883673877e+07
1.298941545477019250e+07
1.299349735127318837e+07
1.299049135604081675e+07
1.298884878569066711e+07
1.299319148302667588e+07
1.298763937142809294e+07
1.299248172953966260e+07
1.299363890469882637e+07
1.299149721420803666e+07
1.299517081949048862e+07
1.299253090004977770e+07
1.299409620152842626e+07
1.299416599260864221e+07
1.299116810110363923e+07
1.299491318110054731e+07
1.299355381498499215e+07
1.299387724803054892e+07
1.299579930027272552e+07
1.299302598679657653e+07
1.299618612816106342e+07
1.299238943643239141e+07
1.299326693438405357e+07
1.299386953927915171e+07
1.299245772343324684e+07
1.299436899588713609e+07
1.299234680502786301e+07
1.299635149562848918e+07
1.299365839741540328e+07
1.299595383650304005e+07
1.299443227168968134e+07
1.299456106193631515e+07
1.299590250445134565e+07
1.299266468969894014e+07
1.299650005753438361e+07
1.299224252496125363e+07
1.299614448300241493e+07
1.299267717331472412e+07
1.299584637738577649e+07
1.299458020149696060e+07
1.299462112112379074e+07
1.299601218841647170e+07
1.299361102184608579e+07
1.299630590543800220e+07
1.299341161249258928e+07
1.299564880382026359e+07
1.299329951847448386e+07
1.299498944269485027e+07
1.299318012839824334e+07
1.299319168730662391e+07
1.299487030521891825e+07
1.299213065806718357e+07
1.299605567265959457e+07
1.299276928665018454e+07
1.299499806805612706e+07
1.299410770167039335e+07
1.299245092714363523e+07
1.299595440581543371e+07
1.299251377949505672e+07
1.299433838724584319e+07
1.299373749516556226e+07
1.299111986026072502e+07
1.299473456856365129e+07
1.299114036192839034e+07
1.299408502452532388e+07
1.299479261294594221e+07
1.299002359345379844e+07
1.299333276634496823e+07
1.299162579688420519e+07
1.299168886529996060e+07
1.299441240326808766e+07
1.299188703553165123e+07
1.299300238156310655e+07
1.299264095656093769e+07
1.298922944913234003e+07
1.299255493843780644e+07
1.299260597466873378e+07
1.298993546924313344e+07
1.299118856673001312e+07
1.298971631381942146e+07
1.298899258595917001e+07
1.298728570345558040e+07
1.298949000513214804e+07
1.298837621977223083e+07
1.298977095323559083e+07
1.298684884472062252e+07
1.298935483602029271e+07
1.298827829189519770e+07
1.298754914699245244e+07
1.298575279556678981e+07
1.298776042103108577e+07
1.298721772785048373e+07
1.298644257261233404e+07
1.298700323268652894e+07
1.298649472701709531e+07
1.298732488941545971e+07
1.298751202173807472e+07
1.298718271348767914e+07
1.298806034858976305e+07
1.298872284821941517e+07
1.299139754682740755e+07
1.298932225764137693e+07
1.298895629065725580e+07
1.298539570139707439e+07
1.298791999706286006e+07
1.298885217926623486e+07
1.298625439119235799e+07
1.298564761670433171e+07
1.298834419722303562e+07
1.298649050508690067e+07
1.298526277485163882e+07
1.298590577700960264e+07
1.298558609396667965e+07
1.298528829674069956e+07
1.298654848330601864e+07
1.298701073909907602e+07
1.298620872046279535e+07
1.298687117008272000e+07
1.298324783506069332e+07
1.298475204744049348e+07
1.298431075275984593e+07
1.298348480982282385e+07
1.298509630832541175e+07
1.298327261740729399e+07
1.298623445003953017e+07
1.298844034882025234e+07
1.298797084711554646e+07
1.298550969552194886e+07
1.298570620785210095e+07
1.298878217234694958e+07
1.298576549494975805e+07
1.298490601593801565e+07
1.298855852126173116e+07
1.298714723140812665e+07
1.298450480405881256e+07
1.298616595988863707e+07
1.298661962110633962e+07
1.298419137832210772e+07
1.298287628129285574e+07
1.298581167798420228e+07
1.298528157385267131e+07
1.298207742703594081e+07
1.298311698412289470e+07
1.298568292372207157e+07
1.298367490595209226e+07
1.298339858639855497e+07
1.298608684584366903e+07
1.298451136832203344e+07
1.298544094401794858e+07
1.298462280973600969e+07
1.298286628435387276e+07
1.298693205727059580e+07
1.298480803280478157e+07
1.298244686166054383e+07
1.298663992838370427e+07
1.298579704809892364e+07
1.298290182876888663e+07
1.298480851836803928e+07
1.298656286832476594e+07
1.298285538670407794e+07
1.298591628513922356e+07
1.298598723864514939e+07
1.298480261875644140e+07
1.298617618572807312e+07
1.298171955041302741e+07
1.298640846641745046e+07
1.298472407331352867e+07
1.298226295334264077e+07
1.298447057454366423e+07
1.298528534360149875e+07
1.298045604068113118e+07
1.298382443615209870e+07
1.298330481934215315e+07
1.298383545730183087e+07
1.298587142243292555e+07
1.298295803246457502e+07
1.298546483653990366e+07
1.298428211739146337e+07
1.298173555476521887e+07
1.298594994931903109e+07
1.298430020685910434e+07
1.298376527990227565e+07
1.298660586308208294e+07
1.298255883672230691e+07
1.298460796832994372e+07
1.298328086060470156e+07
1.298030798983773030e+07
1.298405430827127025e+07
1.298417508534325287e+07
1.298033929382796213e+07
1.298219824834343791e+07
1.297979509335857071e+07
1.298030917386419140e+07
1.298173856532596983e+07
1.297978742128817737e+07
1.298139631132434867e+07
1.297970360742525198e+07
1.297813874906323850e+07
1.297725246187794022e+07
1.297441205619550683e+07
1.297669596415495127e+07
1.298051942049413361e+07
1.297880852250516601e+07
1.297676777626305632e+07
1.297552567941381782e+07
1.297328516910712607e+07
1.297523547211065888e+07
1.297566103176078014e+07
1.297306556188659370e+07
1.297257303516509943e+07
1.297497990839781798e+07
1.297693629979677126e+07
1.297333478713739291e+07
1.297292642600057647e+07
1.297627699813127331e+07
1.297698129520699009e+07
1.297297609329112805e+07
1.297222479585907981e+07
1.297498735601638444e+07
1.297725529430156946e+07
1.297351897227373347e+07
1.297218792727534473e+07
1.297575423381036893e+07
1.297770411345558241e+07
1.297365416937176138e+07
1.297271657967103831e+07
1.297833491047327034e+07
1.297728676623593830e+07
1.298049106012091413e+07
1.297886685472685844e+07
1.297647384925023839e+07
1.297430338951236755e+07
1.297843354014529288e+07
1.297798956556748971e+07
1.297592342022513412e+07
1.297664729846066982e+07
1.297952751332745329e+07
1.297741488842038438e+07
1.297616967352353223e+07
1.297810155292946100e+07
1.297923251794590615e+07
1.297665654797867127e+07
1.297717150561580248e+07
1.297860301317101903e+07
1.297955245286528952e+07
1.297743907682770118e+07
1.297676182524836622e+07
1.297849153779328428e+07
1.298037206548591331e+07
1.298020752342635393e+07
1.297599536237900332e+07
1.297602046979391389e+07
1.298151453064730577e+07
1.298067035993298702e+07
1.297773416581252962e+07
1.297644089530268125e+07
1.298137023678764701e+07
1.298028766118387319e+07
1.297761718878367171e+07
1.297905212057853676e+07
1.298001650798404217e+07
1.297715053782109171e+07
1.298016387638834305e+07
1.298077127715255506e+07
1.297974917123629712e+07
1.297664845882612467e+07
1.297973580907849967e+07
1.297964276581054367e+07
1.298129902698414400e+07
1.297810645222265087e+07
1.297651022844766453e+07
1.297931442247457244e+07
1.298250230064348504e+07
1.298329915787560679e+07
1.298090899726964906e+07
1.297820115025838837e+07
1.297785242756671272e+07
1.298087019232043251e+07
1.298123062654641271e+07
1.298201283188134059e+07
1.297711163193085045e+07
1.297773407270763069e+07
1.298291532424749434e+07
1.298032519364329800e+07
1.297885496433980763e+07
1.297755569268733449e+07
1.298101713819261827e+07
1.298159980123717152e+07
1.298315235265866853e+07
1.298433800675749592e+07
1.298351817556228302e+07
1.298085456941198744e+07
1.297838874666439742e+07
1.297890226366242208e+07
1.298243392776972614e+07
1.298165583927302435e+07
1.298319504894108512e+07
1.297874832964896411e+07
1.297774714826858044e+07
1.298198091629756615e+07
1.298184903926394321e+07
1.298398400057152286e+07
1.298404817797627114e+07
1.298077810360742360e+07
1.298076561698758230e+07
1.297752748564146087e+07
1.298065359007053636e+07
1.298094124674940668e+07
1.297905976486257091e+07
1.297934768883090094e+07
1.298177073462851532e+07
1.297974146902030520e+07
1.297831406160826422e+07
1.298155908583911881e+07
1.298252672787526995e+07
1.297807614596368745e+07
1.297936585710573010e+07
1.298249461526563764e+07
1.298256959453479573e+07
1.297747356963027641e+07
1.297787956988321058e+07
1.298204773620204069e+07
1.298271161619373970e+07
1.297930101051809452e+07
1.297792319645007700e+07
1.298140621892354265e+07
1.298289162791765667e+07
1.297844245321979187e+07
1.297825950025341474e+07
1.298153894184991904e+07
1.298222938045460545e+07
1.297715105844363384e+07
1.297815759965069406e+07
1.298150603251314908e+07
1.298254082196913101e+07
1.297730356984975375e+07
1.297667781676604412e+07
1.298072514210619219e+07
1.298052146573062614e+07
1.298184354812187329e+07
1.298305659385758825e+07
1.297959345667978749e+07
1.297700363667128980e+07
1.297850140353648178e+07
1.298057537699970230e+07
1.298287467911571451e+07
1.298372581541511044e+07
1.298160079400179535e+07
1.298220765567041747e+07
1.297849767419075966e+07
1.297641116294050589e+07
1.297935808238947392e+07
1.298081852248716168e+07
1.297775538324769773e+07
1.297850906199519895e+07
1.298205048081595823e+07
1.297950806228238158e+07
1.297718894483913668e+07
1.297993669908687100e+07
1.298172094492023811e+07
1.297814275849455409e+07
1.297738201461363956e+07
1.298135179365724511e+07
1.298232105610902049e+07
1.297812775962964445e+07
1.297786799518718198e+07
1.298273723294344172e+07
1.298131038345846720e+07
1.297757984434781037e+07
1.297705921845934168e+07
1.297916013565478846e+07
1.298130778370183706e+07
1.298015427155962586e+07
1.297862596893193200e+07
1.298213155535628274e+07
1.298331316273215227e+07
1.298515352728739567e+07
1.298562779393828847e+07
1.298353757777788863e+07
1.297959751120718010e+07
1.297989316458533332e+07
1.298220366565558687e+07
1.298323690841865540e+07
1.297907223225265741e+07
1.297860098990818299e+07
1.298088841400401853e+07
1.298203619939952157e+07
1.297783045343218371e+07
1.297861492964185216e+07
1.298158896454782970e+07
1.298334987577632628e+07
1.297771224298369139e+07
1.297772242998446710e+07
1.298278064394170046e+07
1.298297358372630551e+07
1.297861835509675927e+07
1.297835703161435015e+07
1.298222989622336626e+07
1.298149027386057377e+07
1.297809242196537927e+07
1.297839467274847627e+07
1.298181750551758707e+07
1.298276700166604482e+07
1.298107079597907886e+07
1.297819029403834231e+07
1.297949602146369219e+07
1.298071360141467303e+07
1.297903080591042340e+07
1.297690419475205056e+07
1.297780384422948584e+07
1.298095257342101634e+07
1.298092318257764727e+07
1.297736475561758317e+07
1.297868762183859758e+07
1.298260759944814444e+07
1.298040617123282701e+07
1.297746233637033217e+07
1.297929493927932531e+07
1.298265627697616071e+07
1.297962338905800879e+07
1.297727315621738508e+07
1.297727929701524600e+07
1.297891897805375978e+07
1.298090710209351219e+07
1.297941161853317730e+07
1.297739781348480284e+07
1.297780322366969287e+07
1.298005001148377173e+07
1.298287629301205650e+07
1.297867304270889796e+07
1.297763307615767419e+07
1.298035462598713301e+07
1.298398822209770977e+07
1.297882105340270326e+07
1.297815422243974358e+07
1.298051979067113064e+07
1.298261536248679459e+07
1.298031452470088564e+07
1.297902793100251444e+07
1.298048538256288879e+07
1.298294834816968627e+07
1.298159639124492742e+07
1.297943370772857592e+07
1.298179201441153698e+07
1.298401590875609778e+07
1.298535657894115523e+07
1.298556353755723685e+07
1.298652481222386844e+07
1.298514236404994503e+07
1.298277315750991367e+07
1.297975946083110385e+07
1.298245671373829432e+07
1.298429094209872931e+07
1.298481550051068515e+07
1.298568603054013476e+07
1.298498556642495096e+07
1.298246405068099685e+07
1.297922439703816175e+07
1.298263744251731038e+07
1.298469864035356790e+07
1.298589707944518514e+07
1.298576237451058812e+07
1.298415359612033144e+07
1.298192986921661906e+07
1.298063710765219107e+07
1.298453632053811848e+07
1.298667863790764287e+07
1.298618267801956274e+07
1.298412526292831078e+07
1.298052256105891615e+07
1.298383228075283021e+07
1.298501875604273379e+07
1.298472528291059658e+07
1.298121640967886150e+07
1.298439349167835712e+07
1.298377103681144491e+07
1.298109847433755361e+07
1.298240253425072506e+07
1.298549633399921283e+07
1.298298026449981146e+07
1.298043105843814462e+07
1.298348279771093279e+07
1.298563887407927588e+07
1.298395419289214909e+07
1.298023243677136488e+07
1.298092966299971938e+07
1.298490856395784765e+07
1.298576602122403495e+07
1.298338183821500465e+07
1.297997126213044114e+07
1.298351721933655255e+07
1.298463270366537943e+07
1.298270638601634651e+07
1.298040471360116079e+07
1.298417927187998034e+07
1.298131367031596228e+07
1.298076331685814448e+07
1.298333411409345455e+07
1.298247997188869119e+07
1.298001473616028391e+07
1.298332288882110082e+07
1.298452143697668239e+07
1.298136335215437971e+07
1.298174591681050137e+07
1.298506317175639607e+07
1.298279941294952109e+07
1.298238902064524591e+07
1.298334236788581125e+07
1.298412165954745188e+07
1.298061389348316193e+07
1.298335677463215217e+07
1.298264333228072710e+07
1.297998320546026714e+07
1.298162923436983302e+07
1.298345240413735434e+07
1.298004926300630718e+07
1.298197655507683568e+07
1.298383858091349527e+07
1.298148677922186069e+07
1.298055229171952419e+07
1.298431622750073485e+07
1.298369104977029376e+07
1.298114250642886013e+07
1.298291252318833582e+07
1.298591099773202464e+07
1.298298274626946636e+07
1.298031973835874349e+07
1.298265265234381147e+07
1.298527248702572472e+07
1.298407094941396452e+07
1.297994138082842901e+07
1.298085018581855670e+07
1.298457849336895160e+07
1.298466955335851759e+07
1.298084238747801445e+07
1.298111110986620560e+07
1.298504273014331982e+07
1.298465210208999738e+07
1.298126290028886124e+07
1.298284500115601346e+07
1.298606292287237011e+07
1.298540659158560075e+07
1.298123017239118926e+07
1.298154726078825444e+07
1.298553888930190541e+07
1.298611482592882402e+07
1.298283017494534329e+07
1.298121464348232187e+07
1.298484193153416552e+07
1.298549081695535034e+07
1.298119569498192333e+07
1.298074972867294960e+07
1.298427521057428792e+07
1.298655497694913112e+07
1.298305658074913546e+07
1.298115096235796623e+07
1.298453958915742487e+07
1.298612470952117629e+07
1.298843621294273250e+07
1.298822109763777070e+07
1.298781301845381595e+07
1.298733873493490368e+07
1.298846981128477305e+07
1.298763062958912365e+07
1.298587049923694506e+07
1.298414196709325723e+07
1.298086870646031573e+07
1.298202537732897140e+07
1.298441908236116916e+07
1.298249863308109343e+07
1.297966834407056123e+07
1.297943771878461353e+07
1.298182408444708586e+07
1.298348892043881118e+07
1.298064321036159806e+07
1.297935036871387251e+07
1.297926762488061935e+07
1.298141746458027884e+07
