1.297965143842425570e+07
1.297878556351251341e+07
1.297842247508979030e+07
1.297836563449002616e+07
1.297884674159883149e+07
1.297952795223084837e+07
1.298019232399269752e+07
1.297921035509103164e+07
1.297829135814760812e+07
1.297778295744924434e+07
1.297884964713710919e+07
1.298011989838841371e+07
1.297939557076006755e+07
1.297830168512168713e+07
1.297793488106491044e+07
1.297849750294332579e+07
1.298064074294674397e+07
1.298113067769226059e+07
1.298018418149439432e+07
1.297867561299028993e+07
1.297746415645066276e+07
1.297901162590060197e+07
1.297997716518808901e+07
1.297886586280995980e+07
1.297814814294946752e+07
1.297823364408474974e+07
1.297849396967864595e+07
1.297961537162291072e+07
1.298075803076105937e+07
1.297924550887469389e+07
1.297826376199418120e+07
1.297832162894587964e+07
1.297933152890716121e+07
1.298003235402269848e+07
1.297924442004759051e+07
1.297872221795980446e+07
1.297812304019834287e+07
1.297810109558876790e+07
1.297957451898913831e+07
1.298119371614030190e+07
1.297967212235627323e+07
1.297818013952872530e+07
1.297824333733171411e+07
1.297946138331204467e+07
1.297981432884658687e+07
1.298001112129078992e+07
1.297852613702926226e+07
1.297845879329170473e+07
1.297857135986297764e+07
1.297920960910994560e+07
1.298007816719242185e+07
1.297951586553247273e+07
1.297807002720867842e+07
1.297872706220792606e+07
1.298051994252294116e+07
1.297795927921610512e+07
1.297693154084124416e+07
1.297873183136392012e+07
1.297632161601628363e+07
1.297902913225864433e+07
1.297694764603519812e+07
1.297795880787203833e+07
1.297511084707367048e+07
1.297491833797389455e+07
1.297659282244663499e+07
1.297763695253581181e+07
1.297680987231334299e+07
1.297548878925001249e+07
1.297462992008723691e+07
1.297738084112283401e+07
1.297849246203125454e+07
1.297960885564274900e+07
1.297798123112812638e+07
1.297814207542415336e+07
1.297982399094971828e+07
1.297942586205911450e+07
1.297829258006174304e+07
1.297854893930179998e+07
1.298094097187953256e+07
1.297812557622914016e+07
1.297776131370492466e+07
1.298027193665204756e+07
1.297960293530423380e+07
1.297705487777479365e+07
1.297446140809062682e+07
1.297621705941252410e+07
1.297833364782325737e+07
1.297599352810455114e+07
1.297609316326011717e+07
1.297726822567694075e+07
1.297795512135595828e+07
1.297831042117392085e+07
1.297735783614206687e+07
1.297493225765647553e+07
1.297484760910272785e+07
1.297477366582215577e+07
1.297581399173361808e+07
1.297661447292845696e+07
1.297741241814544052e+07
1.297739147020425089e+07
1.297592838611697406e+07
1.297525576155910268e+07
1.297486172958174907e+07
1.297515459647521377e+07
1.297605233015481941e+07
1.297710816219418496e+07
1.297785247617821209e+07
1.297678927449530363e+07
1.297537995098342001e+07
1.297510923887020908e+07
1.297485390706249513e+07
1.297548355785909481e+07
1.297591073242670670e+07
1.297778927211748250e+07
1.297674558448660932e+07
1.297891963715971448e+07
1.297635879039108008e+07
1.297746828816344030e+07
1.297719317078568041e+07
1.297595892050999030e+07
1.297747014113058336e+07
1.297796415545893647e+07
1.298018055866109766e+07
1.297911154794308729e+07
1.297816349774164706e+07
1.297891428489170969e+07
1.297904096875459701e+07
1.298011085838203691e+07
1.298113844514643587e+07
1.297994415758206509e+07
1.297872252593220025e+07
1.297815746330400556e+07
1.297886045729820058e+07
1.298020229038292170e+07
1.297929515543340705e+07
1.297814230279904790e+07
1.297884925255849399e+07
1.297918030617321469e+07
1.298012269136509858e+07
1.298163221797799319e+07
1.297970054472890869e+07
1.297831520570557751e+07
1.297820164482657984e+07
1.298091782261135615e+07
1.298055833132899925e+07
1.298026134638440795e+07
1.297977116690753400e+07
1.297870805113556609e+07
1.297874766587092355e+07
1.297950107936815172e+07
1.298084246536004730e+07
1.297948536129025556e+07
1.297900063596525416e+07
1.297896228736917302e+07
1.297900713677309081e+07
1.297924606623125821e+07
1.297962554720850661e+07
1.297862169095927104e+07
1.297820712752046995e+07
1.297978377138068900e+07
1.298009500176705234e+07
1.297870083586656861e+07
1.297847867071190476e+07
1.297893589892742969e+07
1.298008239022771642e+07
1.298137308640968613e+07
1.297982854530516081e+07
1.297829420009040646e+07
1.297925051860377938e+07
1.298063363625947200e+07
1.297879698889708705e+07
1.297804261583955400e+07
1.297951969297381304e+07
1.297971075355983339e+07
1.297733367621758953e+07
1.298015074181394465e+07
1.297701216810670123e+07
1.298087939612147026e+07
1.297824287070182525e+07
1.297790003466627188e+07
1.297978086577739380e+07
1.297717464899439737e+07
1.297871221721555851e+07
1.297897856164096296e+07
1.297747856319842488e+07
1.298078494343433902e+07
1.298070649906680919e+07
1.297878157054670714e+07
1.297726605450277962e+07
1.297745556155334786e+07
1.297891289404172264e+07
1.297749912328400835e+07
1.297893413964556158e+07
1.297877304880402610e+07
1.297787604239389300e+07
1.297864926512953453e+07
1.297725678249451146e+07
1.297940242710018530e+07
1.297745535256630741e+07
1.298037178250320815e+07
1.297634878094702214e+07
1.297746248995931074e+07
1.297874282405569591e+07
1.297754224521710351e+07
1.297853210081288964e+07
1.297898000194123387e+07
1.297792327052025124e+07
1.297896218974677660e+07
1.297719230980153754e+07
1.297857126098692231e+07
1.297858062846660614e+07
1.297687386158605479e+07
1.298004820248050988e+07
1.297615187470873632e+07
1.297626226990038343e+07
1.297935426995779201e+07
1.297523261226866953e+07
1.297720772311859205e+07
1.297807931694644503e+07
1.297665578027433902e+07
1.297816759682249650e+07
1.297870936808638461e+07
1.297877404938825034e+07
1.297803751330643333e+07
1.297509409004574083e+07
1.297707948917485029e+07
1.297840994156516343e+07
1.297540752259900235e+07
1.297851866473108903e+07
1.297683203005575761e+07
1.297641220478093997e+07
1.298023964977063797e+07
1.297624247392815351e+07
1.297697380507216416e+07
1.298027482051287778e+07
1.297654308966127783e+07
1.297792558832172677e+07
1.297857383330675215e+07
1.297681789326721989e+07
1.297839254104678705e+07
1.297699773623708449e+07
1.297795202324389853e+07
1.297776710243725404e+07
1.297745786786512844e+07
1.297965475806792825e+07
1.297608584538071603e+07
1.297854925200229697e+07
1.297927653575718403e+07
1.297563346690710820e+07
1.297937974664448388e+07
1.297919655944518745e+07
1.297640248962164670e+07
1.297967602814029343e+07
1.297621642326605693e+07
1.297933832086719945e+07
1.297809992561074719e+07
1.297663933381503634e+07
1.297922302978423238e+07
1.297696038781549409e+07
1.297815113070241734e+07
1.297753212582998537e+07
1.297514239102719165e+07
1.297710877517120913e+07
1.297866442825525440e+07
1.297760103593762778e+07
1.297885566634090245e+07
1.297808394140765816e+07
1.297747554987783916e+07
1.297856759688238613e+07
1.297796095645932108e+07
1.297832038463278674e+07
1.297922302253973670e+07
1.297847616865694895e+07
1.297905507914309949e+07
1.297619146685406938e+07
1.297628642102664523e+07
1.297880315045889840e+07
1.297838464484486915e+07
1.297931601154889353e+07
1.297751577097116783e+07
1.297640433300739899e+07
1.297588344971508719e+07
1.297661319581410289e+07
1.297947899501948804e+07
1.297771229838534072e+07
1.297927109341566637e+07
1.297627611563561112e+07
1.297656966147433035e+07
1.297954160814485326e+07
1.297762470922943763e+07
1.297867328434124775e+07
1.297798522018408030e+07
1.297774543700151145e+07
1.298005101860176586e+07
1.297628372464965843e+07
1.297613724641854502e+07
1.297974596781977825e+07
1.297738091920449398e+07
1.297865575423712283e+07
1.297831059132554755e+07
1.297676771831763349e+07
1.298049621094628982e+07
1.297771012195890024e+07
1.298044289301915467e+07
1.297720399812571891e+07
1.297900437449766695e+07
1.297848377554330975e+07
1.297957806947367452e+07
1.297739699698246457e+07
1.297640114871197566e+07
1.297769063448764943e+07
1.297969532485903613e+07
1.297746772010314278e+07
1.297893706852095574e+07
1.297819815812063962e+07
1.297869787110422738e+07
1.298012745705632679e+07
1.297619644549805112e+07
1.298007351674117334e+07
1.297715723685571365e+07
1.297920174342133850e+07
1.297774980587106757e+07
1.297642454971405305e+07
1.298020668329881690e+07
1.297804014171966538e+07
1.297684031513555907e+07
1.298063822000358999e+07
1.297667271533212624e+07
1.297726152603775635e+07
1.297877295594738610e+07
1.297586255047236755e+07
1.297887298726866767e+07
1.297730453782601468e+07
1.297547500822367519e+07
1.297839844488486089e+07
1.297881784021984600e+07
1.297892762601958402e+07
1.297937109767560661e+07
1.297710500329442695e+07
1.297831830392393097e+07
1.297807368202003837e+07
1.297600530942425318e+07
1.298052626823714748e+07
1.297635146810397506e+07
1.297639788855399564e+07
1.297924008468346484e+07
1.297809261719389074e+07
1.297950625802699476e+07
1.297790365498763137e+07
1.297748702611820213e+07
1.297943133326226287e+07
1.297901460189895332e+07
1.298061187721934915e+07
1.298053440174156055e+07
1.297904445080772415e+07
1.297970681704472378e+07
1.298044618797427602e+07
1.297740547692200728e+07
1.298044195271967910e+07
1.297754011228049919e+07
1.297936054826044478e+07
1.297820348509912379e+07
1.297687229723646306e+07
1.297706379690404795e+07
1.297867729088585265e+07
1.297884293543453887e+07
1.297748832000597008e+07
1.298042138283167034e+07
1.298041040630436502e+07
1.297831721733901277e+07
1.297979236667125672e+07
1.298070823969554342e+07
1.297924056934321299e+07
1.297893227345939726e+07
1.298034346054927632e+07
1.298167688713532686e+07
1.298127170741055161e+07
1.297834185975521803e+07
1.298054783685754240e+07
1.298112287466775626e+07
1.297719719042803720e+07
1.297746667134284973e+07
1.297899025071701221e+07
1.297833326324588433e+07
1.298045014300686307e+07
1.297778959776629135e+07
1.297561881180285476e+07
1.297607716884733178e+07
1.297623503139096871e+07
1.297757870076025091e+07
1.297865977296206169e+07
1.297826594066248089e+07
1.297738332208131626e+07
1.297635961218090355e+07
1.297535192061295174e+07
1.297736001424869895e+07
1.297860511207641661e+07
1.297848711544583738e+07
1.297831248252974451e+07
1.297767685605430230e+07
1.297711632294423319e+07
1.297595608677147888e+07
1.297586699115910195e+07
1.297697318536015600e+07
1.297758113075632416e+07
1.297842688296075352e+07
1.297854343908896670e+07
1.297721033963110670e+07
1.297658892604984716e+07
1.297928877079130523e+07
1.297811202527485788e+07
1.298125261580735072e+07
1.297917837935468741e+07
1.297879355488859490e+07
1.298160707514831796e+07
1.298180221705452725e+07
1.298113612226100825e+07
1.298066377450842783e+07
1.297963279393398203e+07
1.297963294058075733e+07
1.298039440282869712e+07
1.298171900047689117e+07
1.298033697589954361e+07
1.297986516066527367e+07
1.297991031122110225e+07
1.298002087760160677e+07
1.298025518427203409e+07
1.298158362475171499e+07
1.298095804284697585e+07
1.297915873075208440e+07
1.297922719545901753e+07
1.298153394269451126e+07
1.298160291012518853e+07
1.297812313771993853e+07
1.298080547708414495e+07
1.297855300208360516e+07
1.297920859534689970e+07
1.298026702226048522e+07
1.297978328083985485e+07
1.298034173017518967e+07
1.298195748050641082e+07
1.298034351236986741e+07
1.297931973696596362e+07
1.298024911850145273e+07
1.298143544954413362e+07
1.298056798659381457e+07
1.298004934525784478e+07
1.298020258995655738e+07
1.298070262102945894e+07
1.298050074440861866e+07
1.298184414678701386e+07
1.298233972364014760e+07
1.298236824941333942e+07
1.298098863130128011e+07
1.297852725104211085e+07
1.298132334755429998e+07
1.297890186181932874e+07
1.297892496589848399e+07
1.297746550053825788e+07
1.297903051215740480e+07
1.297856623044294678e+07
1.297870566627415270e+07
1.297905174964028597e+07
1.298139302982689440e+07
1.297801424309963919e+07
1.297570929118323885e+07
1.297834440844638646e+07
1.298029649797050841e+07
1.297889423999641463e+07
1.297913673530381545e+07
1.297779870704650506e+07
1.297651308952879533e+07
1.297615985869923793e+07
1.297848585991035029e+07
1.297893802121805958e+07
1.297773908084665798e+07
1.297664343154867552e+07
1.297607065070748515e+07
1.297826979335602932e+07
1.297879925596091710e+07
1.297648442457376420e+07
1.297659865133577026e+07
1.297814569849430025e+07
1.297896661060131527e+07
1.297804697508464567e+07
1.297721098508305848e+07
1.298073199527016282e+07
1.297731252494190447e+07
1.297775981578939781e+07
1.298131246777706966e+07
1.297811030799573846e+07
1.297994916112449020e+07
1.297902382245101221e+07
1.297791864536188729e+07
1.297947013489607349e+07
1.297869243294848315e+07
1.298005366316954978e+07
1.297978668723982200e+07
1.297793117878934182e+07
1.297945251954866946e+07
1.297971246863626502e+07
1.298215352091735415e+07
1.297904722023189999e+07
1.297909846217636205e+07
1.297698768427663483e+07
1.297732082640655339e+07
1.298005804270461202e+07
1.297947474508355372e+07
1.298060467235178500e+07
1.298021202421675250e+07
1.297804688320421614e+07
1.297592396736191213e+07
1.297859432570068538e+07
1.297986780386512540e+07
1.297883138352497481e+07
1.297900354349753074e+07
1.297769977239073627e+07
1.298006916275908798e+07
1.297934305175352842e+07
1.297772485180545971e+07
1.298104074256341346e+07
1.297695520376128145e+07
1.297744535979576595e+07
1.298002289174827933e+07
1.297633478748866916e+07
1.297836949139338918e+07
1.297932756944954023e+07
1.297651558988223039e+07
1.297928478237382881e+07
1.297789581752086431e+07
1.297664171158901975e+07
1.298122412475367822e+07
1.297768637651539594e+07
1.297914545353537425e+07
1.297933723870541900e+07
1.297784371045147628e+07
1.298056333746454865e+07
1.297938350979025848e+07
1.297957385928232037e+07
1.297986828801946528e+07
1.297979293313574232e+07
1.298141141502944566e+07
1.298129802920944989e+07
1.297995657455888018e+07
1.297991610621640459e+07
1.298216705354179069e+07
1.298179142613321170e+07
1.298217543335308321e+07
1.298263804596500471e+07
1.298212449213809334e+07
1.298069347612395138e+07
1.298033782600083388e+07
1.298051229569448158e+07
1.297743395392405614e+07
1.297638056938451156e+07
1.297977811666774750e+07
1.297834290016370453e+07
1.297810817157446034e+07
1.297932445130355284e+07
1.297799029142350145e+07
1.297891480522085354e+07
1.297925594308917783e+07
1.297709383894621953e+07
1.298076661054657213e+07
1.297878253977661766e+07
1.298076543228850141e+07
1.297836249731644802e+07
1.297741784463220462e+07
1.298099190640264377e+07
1.297731549436862022e+07
1.297742462872782350e+07
1.298115296570571512e+07
1.297740260900136456e+07
1.297874202788566798e+07
1.297929997844590247e+07
1.297771148578919657e+07
1.297896760325860046e+07
1.297984936714969575e+07
1.298089887565192394e+07
1.297956638098778203e+07
1.298037939704507589e+07
1.297693892429924384e+07
1.297657817648841813e+07
1.297925670102336816e+07
1.297908101937590167e+07
1.297985655665431917e+07
1.297923866992183216e+07
1.298140926001104899e+07
1.298088394436215423e+07
1.297902813103646226e+07
1.298025824094840325e+07
1.297746232138425298e+07
1.297846579666633718e+07
1.297975383504164964e+07
1.297877976432886720e+07
1.297956080823172443e+07
1.297824791450251825e+07
1.298011693304290809e+07
1.297808681627948210e+07
1.298156924234034307e+07
1.297857421350043081e+07
1.298067451392419450e+07
1.298027126036746800e+07
1.297881891734694876e+07
1.298164497411768697e+07
1.297715904893989861e+07
1.297805124325750396e+07
1.297988729500996321e+07
1.297645969418857060e+07
1.297938874620903283e+07
1.297901156518583000e+07
1.297880053381007724e+07
1.297943768286678754e+07
1.297813909946099110e+07
1.297853453638077527e+07
1.298016874600875191e+07
1.298217383955835551e+07
1.298074259943716414e+07
1.297921099513056688e+07
1.298091007752385549e+07
1.297801904310635850e+07
1.297965660383093543e+07
1.297957564143974893e+07
1.297810265878019109e+07
1.298166716095821001e+07
1.297804971636306494e+07
1.297930607225844450e+07
1.298117835050660186e+07
1.297726422787725553e+07
1.298124839147587307e+07
1.298046999840647355e+07
1.297718196392526664e+07
1.298104204884865507e+07
1.297922040391419455e+07
1.297875493073793314e+07
1.298103242795732059e+07
1.297769952557789534e+07
1.297871965558627807e+07
1.298147629706769809e+07
1.298020482404878363e+07
1.297960443606397510e+07
1.298021275145916268e+07
1.298005974195424281e+07
1.297975625557544269e+07
1.297987597192990594e+07
1.297813667030667886e+07
1.298076379398823716e+07
1.297925945830328949e+07
1.297789972276838683e+07
1.298050123941263743e+07
1.297928770244726911e+07
1.298114454536713846e+07
1.298216701043920591e+07
1.297986707609558664e+07
1.297916420617395639e+07
1.297731200342776813e+07
1.298140208922513947e+07
1.297720054230800644e+07
1.297962887010638230e+07
1.298070128850274533e+07
1.297827616967019252e+07
1.297959705865217000e+07
1.297903538751228154e+07
1.297711716699997894e+07
1.298219531100001372e+07
1.298029996674504690e+07
1.297908257926594280e+07
1.297979855989971571e+07
1.297895047833290882e+07
1.297815220604350790e+07
1.298024900551079027e+07
1.297858408911064081e+07
1.297770113566254266e+07
1.297782865380520560e+07
1.297914197314262576e+07
1.297937069687642530e+07
1.298000031900124997e+07
1.297852172580007091e+07
1.297741901341379248e+07
1.297750522427633591e+07
1.298024864524558559e+07
1.297945566044540890e+07
1.298027292119352333e+07
1.298012917809412070e+07
1.298055405345829204e+07
1.297974391457736120e+07
1.298167330088339001e+07
1.297942083316607587e+07
1.298025670690086856e+07
1.298222970191969350e+07
1.298160273439987749e+07
1.297953062387153134e+07
1.298078044674937986e+07
1.298257266937046126e+07
1.298188625249033794e+07
1.298031766507989168e+07
1.298041286604765616e+07
1.298171615535616688e+07
1.298308802321854047e+07
1.298155085646738112e+07
1.298008277278820798e+07
1.298115299083749577e+07
1.298324096485164203e+07
1.298097922769275494e+07
1.298029550417076051e+07
1.298154748269105516e+07
1.298381680629880168e+07
1.298263167509365454e+07
1.298270263401735760e+07
1.298375149285276048e+07
1.298104736725622043e+07
1.297956159313836694e+07
1.297872489683612064e+07
1.298069958986446634e+07
1.297997600481758080e+07
1.297989688943375275e+07
1.297825197568016313e+07
1.297999370520783402e+07
1.297909622995094582e+07
1.297849026249752566e+07
1.298016352021410875e+07
1.297852952804281749e+07
1.297747922256639041e+07
1.298206199556956999e+07
1.297898028543510661e+07
1.298050844169834256e+07
1.297998883519775607e+07
1.297964646166617237e+07
1.297681692630083859e+07
1.298001664788562804e+07
1.297901882437065244e+07
1.297762022030119970e+07
1.298122873864456080e+07
1.297806409120187908e+07
1.297746333695985191e+07
1.298133045894947276e+07
1.297851738934534229e+07
1.297993004911071435e+07
1.297942638522349112e+07
1.297967926470358670e+07
1.298079022828751430e+07
1.297900952388803475e+07
1.297937122821154632e+07
1.298039943096561730e+07
1.298261243240451440e+07
1.298184931587912515e+07
1.298002794565875083e+07
1.298068866820877604e+07
1.298187815638532676e+07
1.298275869620818831e+07
1.298261122360958718e+07
1.298115766108606942e+07
1.298047985774208419e+07
1.298170443816914223e+07
1.298264451197405905e+07
1.298293011750355363e+07
1.298254067558463849e+07
1.298276093615991808e+07
1.297986441601785831e+07
1.298118047933601029e+07
1.298266448157345131e+07
1.297977590959987603e+07
1.298052387913668156e+07
1.298249447334808111e+07
1.298306341278663650e+07
1.297897989426241070e+07
1.298160452424818091e+07
1.297957590100447834e+07
1.298135026943096519e+07
1.298334634831045382e+07
1.298103454096785560e+07
1.298000025850946829e+07
1.298197518649923056e+07
1.297944709418208152e+07
1.298114440576283261e+07
1.297904247576195560e+07
1.297981598132350482e+07
1.297955706284716725e+07
1.297879820551709458e+07
1.298042595448315889e+07
1.297889120916672796e+07
1.297765489303061180e+07
1.298224229354886711e+07
1.297921448883028328e+07
1.298076454401518404e+07
1.298082600779343955e+07
1.297973493620702438e+07
1.297834173353371024e+07
1.298227073305377550e+07
1.297912641622656770e+07
1.298100238667178899e+07
1.297742044583150558e+07
1.298065681772701629e+07
1.297909103761989996e+07
1.297912142699911073e+07
1.298104943353525735e+07
1.297820928838788718e+07
1.297983483329034410e+07
1.298006259424610250e+07
1.297863897573756054e+07
1.298224055772961490e+07
1.297954209727054462e+07
1.298085682490075566e+07
1.298278396535907313e+07
1.298176719413606636e+07
1.297995767835766077e+07
1.298113142000189796e+07
1.298269015691365860e+07
1.298182258962301724e+07
1.298039414536889829e+07
1.298075251408127323e+07
1.298302914737674780e+07
1.298372821521476842e+07
1.298079239974972419e+07
1.298052630586822703e+07
1.298209633382396773e+07
1.298188050443445705e+07
1.297958734847146273e+07
1.297843849330011196e+07
1.298146233818334527e+07
1.298013990792936459e+07
1.297792940223606676e+07
1.298170545528687164e+07
1.297962004467549734e+07
1.297923788910216093e+07
1.298050689319875650e+07
1.297924359179292060e+07
1.298092196599528752e+07
1.297851447775905766e+07
1.298003303604156896e+07
1.298186013504339755e+07
1.297773656207876652e+07
1.298133662776235119e+07
1.298181748698546737e+07
1.297840656819533929e+07
1.298147511351003498e+07
1.297827203276006877e+07
1.297941756210489199e+07
1.298044535769960470e+07
1.297897096681204997e+07
1.297990448123002239e+07
1.297999429134821147e+07
1.297928538652318716e+07
1.298136842203765176e+07
1.297928805249534175e+07
1.297827944598266296e+07
1.298202857210923173e+07
1.297915122850122303e+07
1.298037541568440758e+07
1.298023251272643171e+07
1.297946150940960646e+07
1.298125031461634487e+07
1.297744785452310927e+07
1.297931776776982658e+07
1.298041289904673956e+07
1.297724234653560445e+07
1.298007243458161503e+07
1.298025062888401560e+07
1.297925136081826128e+07
1.298088380877111293e+07
1.298012242301189527e+07
1.298230178061956912e+07
1.297914674968539551e+07
1.297837370275723934e+07
1.298215480549315363e+07
1.297911260289190896e+07
1.297889010975392908e+07
1.298146200283863023e+07
1.297750383262390271e+07
1.298048216205424257e+07
1.298013823288151808e+07
1.298297784281512536e+07
1.298079737815652229e+07
1.298051374829113670e+07
1.298274245735964365e+07
1.298195608731077984e+07
1.297895337570733204e+07
1.297914609154200181e+07
1.298155922101900913e+07
1.297787466735200770e+07
1.298154613071588427e+07
1.298068912790208682e+07
1.298058697660166770e+07
1.298070720572862029e+07
1.297920005212948099e+07
1.297903035503533855e+07
1.298254023807110637e+07
1.297974788842980377e+07
1.298121202791212685e+07
1.297994443211594410e+07
1.297905920376528054e+07
1.298178213581216149e+07
1.297813889475063607e+07
1.297886381099034846e+07
1.298182027572360635e+07
1.298036018061030284e+07
1.298160322915171087e+07
1.297986096949539520e+07
1.298176255906387419e+07
1.297977355812678859e+07
1.297855310796355456e+07
1.298222211429486237e+07
1.297918353698599711e+07
1.297871897780219279e+07
1.298263931551339850e+07
1.297815413216290995e+07
1.298056088605494983e+07
1.298154615947591327e+07
1.297953220507004857e+07
1.298108036923296377e+07
1.297896113584444672e+07
1.297960404493565299e+07
1.298174441117763519e+07
1.297951011465604976e+07
1.298004093638173491e+07
1.298047111437837221e+07
1.297936693268446624e+07
1.298146138869548403e+07
1.297873897338527255e+07
1.297969467571276240e+07
1.298112904049102962e+07
1.297941094214058854e+07
1.298327108195263892e+07
1.297945395683503710e+07
1.298277292328936793e+07
1.297972984350943938e+07
1.298156802616922930e+07
1.297938020292282850e+07
1.298268688727107458e+07
1.297973579496497102e+07
1.298181109991344996e+07
1.298159341596244462e+07
1.298012171903260984e+07
1.298301455524865724e+07
1.298063848129323125e+07
1.298132404557236470e+07
1.298249009950876981e+07
1.298281660478055850e+07
1.298191094531404972e+07
1.298171430330419354e+07
1.298170175572161935e+07
1.298252538799132034e+07
1.298410399820551276e+07
1.298291967960404046e+07
1.298141624917551875e+07
1.298096320253613777e+07
1.298240424562856555e+07
1.298322794065407664e+07
1.298359472240355425e+07
1.298319335321352631e+07
1.298093813162086532e+07
1.298129261271071807e+07
1.298370034770382382e+07
1.298468751833824441e+07
1.298323860676767863e+07
1.298213386452835612e+07
1.298051755327422358e+07
1.298378321243601292e+07
1.298384487352514639e+07
1.298320082633766718e+07
1.298278771096684970e+07
1.298182561145401187e+07
1.298165666018245183e+07
1.298206831025445089e+07
1.298374697099285945e+07
1.298189966228315234e+07
1.298074587016790733e+07
1.298300260346710682e+07
1.297877329346637428e+07
1.297939691877862811e+07
1.298196747267482057e+07
1.298002342693926767e+07
1.298326893045603856e+07
1.297974167195206322e+07
1.297993557725919411e+07
1.298084896759263240e+07
1.297995664585098624e+07
1.298019085054996423e+07
1.298125216822266392e+07
1.297829835075532831e+07
1.297940260454498604e+07
1.298315494974383712e+07
1.297934458598594926e+07
1.298053666670928895e+07
1.298136224239727855e+07
1.298022102277820185e+07
1.298172421616951749e+07
1.298089530360587686e+07
1.298188816091824323e+07
1.297983070631081611e+07
1.298185320435959287e+07
1.297803007255422138e+07
1.298173618157888390e+07
1.297984238111894205e+07
1.297977083961239643e+07
1.298171662271947414e+07
1.297920374636955746e+07
1.298090481486483105e+07
1.298239353961024992e+07
1.297862114466450177e+07
1.298229723912688531e+07
