1.301239530671393871e+07
1.301241562764975056e+07
1.301245852272206172e+07
1.301241891867494583e+07
1.301242224144470878e+07
1.301238342449954711e+07
1.301231814107342064e+07
1.301236906927655637e+07
1.301233475182667561e+07
1.301236311577233113e+07
1.301243196112050675e+07
1.301238567363606766e+07
1.301244119334360771e+07
1.301246194107838534e+07
1.301236676524892449e+07
1.301241014227964543e+07
1.301236642698924802e+07
1.301230076261779852e+07
1.301237929551465437e+07
1.301233160014154948e+07
1.301237701703865081e+07
1.301245584507734515e+07
1.301241063916033506e+07
1.301244694659980200e+07
1.301242367719312198e+07
1.301235408198484965e+07
1.301236640209801495e+07
1.301231399511046335e+07
1.301234899929928221e+07
1.301237970613748766e+07
1.301240352299969271e+07
1.301245601598144881e+07
1.301243109803924151e+07
1.301243208348768950e+07
1.301243901089596003e+07
1.301234403838282637e+07
1.301237893583332375e+07
1.301236621584128775e+07
1.301231770287987404e+07
1.301241523043547943e+07
1.301238506352202781e+07
1.301240673098240048e+07
1.301250351295170188e+07
1.301240605731144734e+07
1.301243275676796772e+07
1.301242504173886590e+07
1.301231393699620478e+07
1.301237604042729922e+07
1.301234908505542949e+07
1.301236085902737081e+07
1.301245049591447227e+07
1.301243765451763012e+07
1.301247069487878494e+07
1.301246711809627898e+07
1.301240865836698748e+07
1.301242069910070486e+07
1.301235072848311067e+07
1.301236758907517791e+07
1.301239589576884173e+07
1.301237526713946648e+07
1.301245270635471679e+07
1.301243881904789060e+07
1.301242364250484295e+07
1.301251423515123874e+07
1.301240179745823145e+07
1.301241112605667673e+07
1.301242833865926787e+07
1.301230335883909278e+07
1.301239870868068933e+07
1.301239367727224343e+07
1.301237490751837008e+07
1.301250494318281859e+07
1.301245037374840491e+07
1.301244895359335653e+07
1.301247078226831928e+07
1.301235895113672316e+07
1.301239018040142581e+07
1.301236408819408529e+07
1.301235126825236902e+07
1.301242747472832724e+07
1.301242177224094793e+07
1.301246353306680173e+07
1.301248067887363024e+07
1.301242260814523883e+07
1.301248703030625358e+07
1.301238647381178103e+07
1.301237093132938445e+07
1.301241721500809863e+07
1.301232146390459873e+07
1.301241732806688547e+07
1.301243932407544740e+07
1.301239433150838129e+07
1.301254143843524158e+07
1.301245261121717095e+07
1.301242003257994726e+07
1.301246901876980625e+07
1.301232674973076023e+07
1.301237606007784046e+07
1.301239526982630417e+07
1.301234980848217942e+07
1.301247097982403263e+07
1.301246585261514969e+07
1.301245434344730154e+07
1.301250518207790516e+07
1.301241185798666812e+07
1.301243933023949340e+07
1.301238818217711337e+07
1.301234963116694987e+07
1.301242172579471394e+07
1.301237392800228857e+07
1.301244145000257902e+07
1.301248246080385521e+07
1.301241106613365188e+07
1.301253706917523220e+07
1.301243780930194817e+07
1.301238338050930575e+07
1.301244963350496627e+07
1.301231345249945112e+07
1.301237836103471741e+07
1.301243677116889320e+07
1.301236672625310346e+07
1.301251934316947497e+07
1.301249060462075099e+07
1.301243084042548575e+07
1.301249515088816546e+07
1.301237533738349378e+07
1.301238548959061317e+07
1.301240380804458819e+07
1.301234239278084412e+07
1.301244359983052872e+07
1.301244727844141424e+07
1.301245356556172483e+07
1.301251535200937837e+07
1.301242964478863403e+07
1.301249954267065600e+07
1.301242522462916560e+07
1.301235710331085697e+07
1.301243562764639221e+07
1.301233381196727604e+07
1.301239226599622518e+07
1.301247156538129598e+07
1.301238983183117025e+07
1.301253787291689776e+07
1.301248496792392805e+07
1.301239265807356685e+07
1.301247053696817160e+07
1.301234513388886862e+07
1.301235330282762460e+07
1.301242661337207630e+07
1.301235080880386382e+07
1.301247030525342375e+07
1.301249669603255019e+07
1.301243629178338498e+07
1.301251371426235884e+07
1.301241461663934588e+07
1.301242624009337090e+07
1.301240945361247100e+07
1.301233397176080383e+07
1.301241801518619433e+07
1.301238920640970580e+07
1.301241693694454804e+07
1.301250192750089057e+07
1.301241556872773170e+07
1.301252285382178426e+07
1.301246483030608669e+07
1.301236605802548304e+07
1.301244339454765990e+07
1.301233960509939119e+07
1.301234704418096691e+07
1.301245036585919373e+07
1.301236986146952398e+07
1.301248651797454618e+07
1.301251148072832450e+07
1.301240141618190147e+07
1.301248262121773884e+07
1.301238789314777777e+07
1.301235707126300596e+07
1.301241386296745576e+07
1.301233571484426968e+07
1.301242156040552817e+07
1.301245061807676964e+07
1.301241964320429601e+07
1.301250700236220844e+07
1.301242981473850831e+07
1.301247117535610870e+07
1.301243509216104448e+07
1.301233844398711622e+07
1.301240954043422453e+07
1.301236286626017280e+07
1.301237328524154983e+07
1.301248896350616962e+07
1.301241952500208095e+07
1.301250512040613778e+07
1.301251809762807004e+07
1.301239190069902875e+07
1.301246311285515502e+07
1.301238843452316709e+07
1.301233681701859832e+07
1.301244710419818386e+07
1.301237402299200557e+07
1.301244724840746075e+07
1.301251085047393665e+07
1.301243732278870977e+07
1.301251014113325439e+07
1.301245208986622840e+07
1.301242464131585136e+07
1.301243620999850333e+07
1.301235965735930391e+07
1.301241582642436214e+07
1.301242180548485182e+07
1.301241644076479413e+07
1.301251510748201050e+07
1.301245726742261462e+07
1.301250282854858786e+07
1.301249426949465834e+07
1.301237657240233757e+07
1.301243033018132299e+07
1.301238843084599450e+07
1.301234461623272486e+07
1.301247661953929253e+07
1.301242206276817992e+07
1.301246947069562785e+07
1.301254327863738686e+07
1.301242749034536630e+07
1.301247456424141489e+07
1.301243951486700773e+07
1.301236008235555142e+07
1.301242765555909090e+07
1.301237984047082812e+07
1.301241056910724752e+07
1.301247437314913981e+07
1.301244723863302730e+07
1.301250908639835007e+07
1.301248119915428199e+07
1.301247576732133701e+07
1.301246072080405243e+07
1.301237880804772116e+07
1.301240794000452943e+07
1.301240877628626488e+07
1.301238530237229541e+07
1.301250267911939695e+07
1.301247393929775618e+07
1.301249833991396986e+07
1.301254543925919197e+07
1.301242288680042885e+07
1.301244549800618179e+07
1.301243610794587433e+07
1.301234515720280260e+07
1.301244909559783712e+07
1.301242772650239244e+07
1.301243608268784732e+07
1.301253089266395196e+07
1.301247741680456325e+07
1.301249755382486619e+07
1.301249209421768412e+07
1.301243047681592964e+07
1.301243362632913329e+07
1.301239923359433189e+07
1.301239683150713705e+07
1.301244238493951969e+07
1.301244251182584278e+07
1.301250855512182601e+07
1.301250221430197172e+07
1.301249748554319888e+07
1.301250833406910300e+07
1.301241805494579859e+07
1.301241430896384828e+07
1.301243300561281294e+07
1.301236618632871471e+07
1.301247930906036124e+07
1.301247672475028597e+07
1.301246066481127590e+07
1.301255067337503470e+07
1.301247116440623812e+07
1.301245630757260881e+07
1.301247836057007685e+07
1.301238579884708300e+07
1.301241940841719508e+07
1.301242725659285486e+07
1.301239829241058044e+07
1.301247687849959545e+07
1.301247996518857218e+07
1.301247873773880489e+07
1.301249925844309479e+07
1.301245802051753737e+07
1.301244171798877046e+07
1.301240451159881987e+07
1.301237914551653154e+07
1.301242105857681856e+07
1.301240299756570347e+07
1.301247558172573335e+07
1.301249946391453780e+07
1.301247032042632066e+07
1.301252376821235754e+07
1.301245369128322788e+07
1.301240568476111069e+07
1.301244553679568693e+07
1.301235453065705113e+07
1.301240948872075602e+07
1.301244996388730779e+07
1.301240378177006729e+07
1.301249397592439502e+07
1.301249963375174813e+07
1.301244906346065924e+07
1.301249004023428820e+07
1.301242338773761503e+07
1.301239454571681283e+07
1.301241485269555263e+07
1.301236854296661913e+07
1.301242795582978800e+07
1.301246178123006970e+07
1.301246897031625547e+07
1.301251425419837609e+07
1.301247036049133539e+07
1.301247116456972063e+07
1.301243317198474891e+07
1.301236691600780562e+07
1.301242300881735794e+07
1.301237640189637616e+07
1.301242650468599424e+07
1.301248666149256006e+07
1.301243343884527870e+07
1.301250833468621410e+07
1.301249543561986275e+07
1.301240452919498831e+07
1.301246115546248481e+07
1.301239350467918813e+07
1.301236610641661845e+07
1.301243467495436594e+07
1.301237938356032036e+07
1.301244521996883489e+07
1.301251347827034071e+07
1.301244655937300809e+07
1.301249935607316718e+07
1.301245539742575213e+07
1.301240192163045518e+07
1.301241775863760896e+07
1.301235248660548590e+07
1.301240565557917766e+07
1.301242186425530538e+07
1.301243670009668171e+07
1.301250860733775422e+07
1.301246401932882890e+07
1.301249094694956765e+07
1.301248024319783971e+07
1.301237683401537128e+07
1.301243400191972964e+07
1.301239010408367403e+07
1.301237896771549620e+07
1.301248116352355853e+07
1.301242814944879711e+07
1.301247967834424227e+07
1.301256093775168620e+07
1.301243457788343728e+07
1.301249366212974675e+07
1.301245297083215974e+07
1.301236354002389684e+07
1.301243820032696053e+07
1.301238122341174632e+07
1.301242178576069139e+07
1.301250594272507355e+07
1.301246648049652390e+07
1.301252861712705344e+07
1.301250009623896331e+07
1.301245884432113543e+07
1.301246685158148035e+07
1.301238150761218555e+07
1.301242356738439761e+07
1.301243157448744960e+07
1.301242728135167435e+07
1.301252560897400789e+07
1.301248409204424173e+07
1.301250285481633432e+07
1.301256799595615640e+07
1.301242374882654659e+07
1.301247646376771294e+07
1.301245170926203579e+07
1.301236572887862846e+07
1.301248002814858779e+07
1.301243590448284894e+07
1.301245517434846424e+07
1.301258806532402337e+07
1.301248279244911112e+07
1.301253307619678602e+07
1.301252073774232902e+07
1.301242033039841987e+07
1.301246843673674949e+07
1.301240986101673357e+07
1.301242957168480195e+07
1.301249627148148231e+07
1.301247778947754391e+07
1.301254881554392166e+07
1.301253161837455072e+07
1.301250168481789157e+07
1.301254620909887739e+07
1.301242747892866097e+07
1.301245997647630796e+07
1.301246890381745622e+07
1.301240016726924665e+07
1.301252534992604889e+07
1.301249984629556164e+07
1.301249209005849995e+07
1.301262867446476966e+07
1.301248455470734090e+07
1.301251231655061617e+07
1.301252411454169452e+07
1.301239467648906447e+07
1.301248109914894588e+07
1.301245013513429835e+07
1.301243775013551675e+07
1.301256270974670723e+07
1.301251208478913829e+07
1.301255314230568148e+07
1.301256211723228171e+07
1.301248570121552236e+07
1.301251779869294912e+07
1.301244405551611260e+07
1.301244202409669943e+07
1.301249294016109034e+07
1.301244907375702262e+07
1.301254671474758908e+07
1.301254449573813938e+07
1.301250493538813852e+07
1.301261556694089249e+07
1.301247477556824498e+07
1.301247674558755010e+07
1.301251115161986277e+07
1.301238031178879738e+07
1.301249440987302177e+07
1.301249436962851509e+07
1.301245304560487159e+07
1.301261078400618769e+07
1.301252279561682791e+07
1.301252868046100438e+07
1.301255816055903211e+07
1.301244045333138108e+07
1.301247759751425311e+07
1.301245496796155907e+07
1.301242349863567017e+07
1.301251825289297290e+07
1.301249673011788540e+07
1.301254737247524597e+07
1.301257074667984620e+07
1.301250020616199449e+07
1.301256917442400008e+07
1.301246124908463657e+07
1.301243574399213493e+07
1.301249497914907709e+07
1.301240191496050917e+07
1.301250962285387330e+07
1.301253816273185052e+07
1.301248041877248324e+07
1.301263958515261672e+07
1.301252756888297945e+07
1.301249558984988183e+07
1.301254676958050020e+07
1.301241868009424768e+07
1.301246854851429351e+07
1.301249131027231365e+07
1.301243668509092368e+07
1.301256630221101642e+07
1.301254380157722719e+07
1.301254224970304780e+07
1.301258308330370672e+07
1.301249070299588516e+07
1.301251421156666614e+07
1.301246876355181262e+07
1.301242717218069173e+07
1.301251237150252238e+07
1.301246821568751521e+07
1.301254250710110553e+07
1.301258325498764589e+07
1.301250870103736036e+07
1.301262723316494189e+07
1.301252104373218678e+07
1.301246961003720947e+07
1.301253779926059954e+07
1.301242262275080010e+07
1.301248505561876297e+07
1.301254791725093685e+07
1.301247992502515949e+07
1.301262105400518887e+07
1.301258320409669727e+07
1.301253197806660086e+07
1.301259180150150508e+07
1.301248938834679127e+07
1.301248644204226136e+07
1.301251323388840444e+07
1.301245111781304888e+07
1.301254507722539268e+07
1.301254542062077299e+07
1.301255265654043667e+07
1.301260645286930352e+07
1.301253004259649478e+07
1.301257328336383961e+07
1.301250789530767128e+07
1.301244670006943308e+07
1.301252378517806157e+07
1.301245579094449803e+07
1.301251349952283874e+07
1.301258235208605975e+07
1.301250873505659960e+07
1.301263023324897140e+07
1.301257572722663730e+07
1.301249420808828808e+07
1.301256037514350377e+07
1.301246765526683815e+07
1.301245448298212886e+07
1.301253507054773904e+07
1.301246833873194829e+07
1.301256580121471360e+07
1.301259662483956292e+07
1.301254112817394920e+07
1.301260278025356494e+07
1.301253473021027260e+07
1.301251619172372296e+07
1.301251073006819934e+07
1.301245131975446641e+07
1.301251690411275811e+07
1.301251169651649147e+07
1.301254432966443524e+07
1.301260812102372572e+07
1.301254921184289083e+07
1.301261171772005782e+07
1.301256202425084636e+07
1.301247811976479180e+07
1.301253587643034570e+07
1.301247114357397147e+07
1.301247219420712441e+07
1.301257010464537516e+07
1.301251308760497905e+07
1.301259212020863965e+07
1.301262246361268684e+07
1.301252752476248145e+07
1.301258169828146324e+07
1.301252762911744602e+07
1.301246536009379476e+07
1.301253071291188523e+07
1.301248114605724439e+07
1.301253422486516461e+07
1.301258369718454219e+07
1.301257108546520583e+07
1.301262056381904893e+07
1.301258191941030696e+07
1.301257111844556406e+07
1.301254040402363241e+07
1.301247491066610627e+07
1.301251842064363137e+07
1.301250468093907833e+07
1.301251619450446591e+07
1.301259672372537851e+07
1.301255363754033856e+07
1.301259666034986265e+07
1.301261330314111337e+07
1.301251170881135948e+07
1.301255260596486554e+07
1.301252109831110388e+07
1.301245546631482802e+07
1.301256198801468313e+07
1.301252401795055531e+07
1.301255553309229575e+07
1.301263409812810458e+07
1.301257417744068243e+07
1.301259661439113691e+07
1.301258418188541383e+07
1.301250789646761678e+07
1.301252436236387305e+07
1.301248940065800399e+07
1.301250218144458719e+07
1.301254341253803298e+07
1.301255364985002019e+07
1.301260221481645294e+07
1.301258977813443914e+07
1.301257666456790827e+07
1.301257821588362753e+07
1.301249979073913395e+07
1.301251911153446883e+07
1.301252011127762310e+07
1.301247227604896575e+07
1.301257234263026901e+07
1.301255653488022648e+07
1.301256532447661273e+07
1.301265039029437490e+07
1.301256981324182823e+07
1.301256595728622563e+07
1.301257884927585162e+07
1.301246940566196479e+07
1.301253012426439114e+07
1.301252598811601661e+07
1.301251442787571810e+07
1.301260164357053488e+07
1.301259300205669180e+07
1.301259106633631885e+07
1.301260321114351600e+07
1.301254817960754037e+07
1.301254537880523689e+07
1.301250834544833377e+07
1.301249809812422656e+07
1.301253775628536381e+07
1.301253068757351674e+07
1.301259297765835002e+07
1.301260321349388175e+07
1.301257851624909602e+07
1.301263455398719572e+07
1.301255461787083372e+07
1.301252733994537219e+07
1.301256339611382969e+07
1.301246111143288203e+07
1.301254172087409906e+07
1.301256844208408892e+07
1.301253522395893186e+07
1.301264546202995069e+07
1.301261346293470263e+07
1.301256728946307302e+07
1.301260863489731960e+07
1.301251252171310596e+07
1.301251953317644261e+07
1.301253454131116346e+07
1.301249397228462808e+07
1.301256689182160608e+07
1.301258918944303133e+07
1.301258840493165888e+07
1.301262869446569867e+07
1.301257633310285583e+07
1.301258785233936831e+07
1.301254503251476958e+07
1.301249797999941185e+07
1.301254762049374171e+07
1.301249547535350919e+07
1.301256107604568265e+07
1.301260961799460277e+07
1.301255939658512361e+07
1.301265857979075424e+07
1.301261517703973688e+07
1.301254275847371109e+07
1.301260242044040561e+07
1.301249489396387525e+07
1.301251287121050991e+07
1.301257269222692773e+07
1.301251178599923477e+07
1.301261155679736845e+07
1.301265005133692361e+07
1.301258200113539957e+07
1.301264366657656990e+07
1.301256655516541377e+07
1.301254555622396618e+07
1.301255595412217639e+07
1.301249152118314058e+07
1.301255985366975702e+07
1.301256940564085357e+07
1.301258255767575651e+07
1.301265173460463434e+07
1.301259191687988490e+07
1.301264570785179734e+07
1.301260243125914782e+07
1.301251128521750681e+07
1.301257932722079754e+07
1.301249436355309002e+07
1.301252092750374600e+07
1.301260900991541147e+07
1.301254127534620278e+07
1.301264155367518216e+07
1.301267232326738350e+07
1.301255963573750481e+07
1.301263505800287053e+07
1.301254596647254191e+07
1.301250730243073404e+07
1.301257773898224533e+07
1.301250319871710427e+07
1.301257914908922277e+07
1.301264417690071277e+07
1.301258667650276981e+07
1.301266516012647189e+07
1.301260367578130029e+07
1.301260234795287997e+07
1.301259967483473942e+07
1.301250235320341960e+07
1.301257221095408499e+07
1.301254047695230134e+07
1.301255154893101752e+07
1.301265244303217158e+07
1.301258597637391463e+07
1.301265056219452061e+07
1.301266227613732405e+07
1.301253014459577203e+07
1.301260708895377256e+07
1.301253376247159950e+07
1.301249292795029469e+07
1.301260652226009779e+07
1.301253374124159664e+07
1.301260452847636119e+07
1.301269577985866182e+07
1.301257312469276227e+07
1.301265359515333548e+07
1.301259337337560393e+07
1.301253814444105513e+07
1.301258861821126938e+07
1.301250501298302598e+07
1.301256183219546638e+07
1.301260177222367562e+07
1.301257293730195984e+07
1.301266959798695147e+07
1.301261260100396350e+07
1.301262829988190159e+07
1.301263243124917895e+07
1.301250532023840211e+07
1.301256960157443397e+07
1.301253396918408386e+07
1.301250447147592902e+07
1.301263790637305379e+07
1.301257761762575991e+07
1.301262287240875326e+07
1.301271476385333948e+07
1.301255669947411120e+07
1.301262923007994890e+07
1.301258158945972100e+07
1.301248972352709249e+07
1.301259046393945441e+07
1.301252516913302056e+07
1.301256470060577989e+07
1.301266229795206711e+07
1.301258567471696623e+07
1.301266477131716162e+07
1.301262909637837671e+07
1.301258841550432332e+07
1.301260912709143199e+07
1.301251258100097254e+07
1.301255505326806568e+07
1.301256880862064101e+07
1.301254264990816265e+07
1.301266810916981660e+07
1.301262671391911991e+07
1.301264129877770692e+07
1.301270946230743080e+07
1.301255114436667040e+07
1.301260565207401291e+07
1.301258844919860177e+07
1.301249357022543252e+07
1.301263160207176208e+07
1.301258330172212794e+07
1.301259774717123248e+07
1.301272962050941400e+07
1.301260717263271846e+07
1.301265812074664980e+07
1.301264911170626618e+07
1.301255756620381959e+07
1.301260363489135727e+07
1.301254448855976574e+07
1.301256059038570896e+07
1.301263149503280036e+07
1.301260079719157331e+07
1.301268755563899316e+07
1.301266786049606092e+07
1.301264799068072997e+07
1.301268000344316103e+07
1.301255807115551084e+07
1.301258417210774124e+07
1.301259683204018325e+07
1.301252643010999076e+07
1.301266590322197787e+07
1.301263988104412705e+07
1.301263347891281918e+07
1.301275609714546427e+07
1.301260971283764392e+07
1.301263379158991762e+07
1.301264827690873668e+07
1.301253170934302360e+07
1.301261788876149617e+07
1.301259707762911171e+07
1.301257808753993176e+07
1.301269655227801763e+07
1.301264269763097540e+07
1.301268352435406670e+07
1.301268626741301082e+07
1.301262123395217769e+07
1.301263746545784175e+07
1.301257187277723476e+07
1.301256485221260227e+07
1.301261299632242508e+07
1.301257466506379284e+07
1.301268131603461504e+07
1.301267970435945317e+07
1.301265070724499226e+07
1.301273318498648144e+07
1.301260267000903189e+07
1.301259695093473420e+07
1.301262559221926332e+07
1.301251932235248387e+07
1.301262587098039314e+07
1.301263021407393552e+07
1.301259096869909950e+07
1.301272804823276773e+07
1.301264910823030584e+07
1.301264668163326010e+07
1.301268029407375492e+07
1.301258767182228342e+07
1.301260315712553449e+07
1.301259399845462479e+07
1.301256140474686027e+07
1.301264935176032782e+07
1.301264012404727750e+07
1.301267916861254908e+07
1.301269929970316403e+07
1.301264645835646428e+07
1.301267402832718752e+07
1.301259283614697866e+07
1.301256423351054639e+07
1.301261416566210426e+07
1.301254443280703016e+07
1.301264353661861829e+07
1.301266944446260855e+07
1.301262337433832698e+07
1.301273491430985369e+07
1.301264522760928608e+07
1.301260899228586070e+07
1.301265310247741267e+07
1.301255934468222782e+07
1.301259049810185656e+07
1.301262091686307080e+07
1.301257297766260058e+07
1.301267501444452628e+07
1.301267683017777465e+07
1.301266327634546533e+07
1.301270273976383358e+07
1.301263514593610913e+07
1.301261635740922950e+07
1.301259945408428274e+07
1.301255541167610139e+07
1.301262062003339268e+07
1.301260832083583996e+07
1.301266641710649990e+07
1.301270697545792349e+07
1.301265864567585289e+07
1.301271765061136708e+07
1.301264963922765106e+07
1.301259031042414717e+07
1.301264482416212000e+07
1.301257304696822539e+07
1.301261616469941847e+07
1.301267218251356110e+07
1.301261810274219327e+07
1.301271509049348533e+07
1.301270712790297158e+07
1.301264301238904521e+07
1.301269248296982050e+07
1.301263122660253011e+07
1.301258793038633093e+07
1.301262896145938523e+07
1.301257774518892914e+07
1.301264428717548214e+07
1.301267988265970722e+07
1.301267968808629178e+07
1.301272100159856863e+07
1.301268050360670686e+07
1.301266675979429856e+07
1.301263399399347603e+07
1.301257655556787178e+07
1.301262530803194083e+07
1.301260508531146124e+07
1.301265074003749341e+07
1.301271394147497974e+07
1.301266548864858970e+07
1.301272047871411219e+07
1.301270582870936766e+07
1.301262089285435528e+07
1.301266864720765129e+07
1.301261785771525651e+07
1.301258271252782643e+07
1.301266052352169901e+07
1.301261471726193652e+07
1.301266866228977777e+07
1.301273655095540360e+07
1.301267479054992832e+07
1.301271164806915075e+07
1.301268169529239088e+07
1.301260132701894455e+07
1.301262325893553719e+07
1.301257736514648236e+07
1.301261032177071460e+07
1.301265066814507730e+07
1.301266872465851158e+07
1.301271268971548416e+07
1.301269417297997326e+07
1.301268931123218127e+07
1.301267596899214014e+07
1.301260132141301036e+07
1.301263707836032473e+07
1.301262323067198694e+07
1.301260247906711325e+07
1.301268963890044950e+07
1.301266262095179223e+07
1.301268775810479186e+07
1.301276076891390048e+07
1.301266128045373783e+07
1.301268786420095339e+07
1.301267957286281325e+07
1.301257341045306064e+07
1.301264702961042151e+07
1.301262169114327244e+07
1.301263678510489687e+07
1.301273264859852940e+07
1.301270705534013361e+07
1.301272654348178208e+07
1.301272527870754898e+07
1.301265041268308088e+07
1.301265756926783919e+07
1.301261181631922536e+07
1.301262745356983133e+07
1.301266069461719319e+07
1.301266270250450447e+07
1.301272436709057726e+07
1.301271802018302307e+07
1.301270173226672970e+07
1.301276025409113616e+07
1.301266212207532115e+07
1.301267457003377564e+07
1.301268588335665129e+07
1.301258547147587128e+07
1.301268928901261836e+07
1.301268458104310930e+07
1.301266905596829019e+07
1.301279195089230686e+07
1.301271926154974289e+07
1.301271121883372590e+07
1.301273583035630547e+07
1.301261191263692454e+07
1.301265052634251304e+07
1.301264170834581926e+07
1.301262272810206935e+07
1.301271180802305974e+07
1.301271441497503407e+07
1.301273253273475543e+07
1.301275398012840375e+07
1.301268849459355138e+07
1.301272553560006618e+07
1.301265611474684067e+07
1.301264020432765223e+07
1.301268666966875084e+07
1.301263324322632514e+07
1.301271947371192649e+07
1.301274297943902947e+07
1.301270066841073334e+07
1.301282368095568195e+07
1.301273579782562517e+07
1.301269973172228225e+07
1.301274867770960554e+07
1.301260968615923077e+07
1.301267430884588696e+07
1.301270259842004441e+07
1.301265367654682137e+07
1.301278222497022338e+07
1.301276790079699829e+07
1.301274170486368425e+07
1.301278777914654836e+07
1.301268466750467941e+07
1.301269845588768087e+07
1.301267999510112964e+07
1.301263590610143542e+07
1.301271335662960820e+07
1.301270063812044822e+07
1.301274059988525510e+07
1.301278514649725147e+07
1.301271470339407399e+07
1.301280623037965223e+07
1.301272110725518502e+07
1.301266658704106137e+07
1.301273604967495054e+07
1.301261996433623321e+07
1.301268906735272147e+07
1.301274899258739315e+07
1.301267889571940340e+07
1.301282451725900732e+07
1.301278929379841127e+07
1.301271971336282045e+07
1.301278646211778931e+07
1.301266392505587079e+07
1.301267929639588110e+07
1.301272063061536662e+07
1.301265541368386336e+07
1.301276177647144906e+07
1.301278076847792044e+07
1.301275986752918735e+07
1.301282310540924035e+07
1.301273423458819650e+07
1.301277593937341496e+07
1.301272809358861484e+07
1.301266271274890564e+07
1.301274072891656123e+07
1.301267311742787249e+07
1.301272438403433748e+07
1.301280154495732300e+07
1.301271934932583384e+07
1.301285302176525071e+07
1.301279628939939849e+07
1.301270022454940341e+07
1.301277510502631962e+07
1.301265188025612570e+07
1.301266560265769809e+07
1.301275430918970332e+07
1.301267780196780153e+07
1.301279999975290149e+07
