1.297965143842425570e+07
1.297969124092401937e+07
1.297961584321268834e+07
1.297966123503990844e+07
1.297969332184927538e+07
1.297959324172638729e+07
1.297968896160428226e+07
1.297967480484841950e+07
1.297959493901422061e+07
1.297974508817921765e+07
1.297962965476950817e+07
1.297963206801529601e+07
1.297975092081062309e+07
1.297958455475608073e+07
1.297968930903364159e+07
1.297970615230770968e+07
1.297958105245389789e+07
1.297973449915175326e+07
1.297964726772736944e+07
1.297961421145457774e+07
1.297972989225091599e+07
1.297961225161611289e+07
1.297964363687491603e+07
1.297968737249691226e+07
1.297960189774274081e+07
1.297965258380342089e+07
1.297967126365787908e+07
1.297960471740626916e+07
1.297965216826343164e+07
1.297966895116720907e+07
1.297958506947348639e+07
1.297966470974918641e+07
1.297965625628367998e+07
1.297958379932475649e+07
1.297971728633164614e+07
1.297961865579230711e+07
1.297960521850689873e+07
1.297972373079015873e+07
1.297956474609974585e+07
1.297965710362321325e+07
1.297969170449481532e+07
1.297955641771923192e+07
1.297970983113254793e+07
1.297962651921952143e+07
1.297958131014028937e+07
1.297970660051744431e+07
1.297957820626444370e+07
1.297961661637260765e+07
1.297967114079564624e+07
1.297956830342722870e+07
1.297963653807955235e+07
1.297963883917170204e+07
1.297957264175769128e+07
1.297963300711395591e+07
1.297963160664582253e+07
1.297956747040151060e+07
1.297963682713096216e+07
1.297962524781030416e+07
1.297956366151220910e+07
1.297967759025946632e+07
1.297959921163480356e+07
1.297957766316959821e+07
1.297970033245915361e+07
1.297955390789937600e+07
1.297963298642729782e+07
1.297969289662295952e+07
1.297954553354835883e+07
1.297970092018671706e+07
1.297962793167769536e+07
1.297956176977954991e+07
1.297970265371985175e+07
1.297956511127785593e+07
1.297960458126278035e+07
1.297967389077762328e+07
1.297955143640160747e+07
1.297963637330139428e+07
1.297962720896016061e+07
1.297955577031762712e+07
1.297962842816419899e+07
1.297960530374876224e+07
1.297955680674296618e+07
1.297962539576075040e+07
1.297960382926541194e+07
1.297955537159253471e+07
1.297964548377935030e+07
1.297957934213959239e+07
1.297956140047582239e+07
1.297966974792313762e+07
1.297954557934035361e+07
1.297960745708142221e+07
1.297967125331309065e+07
1.297952648392657377e+07
1.297967430481686443e+07
1.297961824933231436e+07
1.297953763419650123e+07
1.297969354452502541e+07
1.297955646791576780e+07
1.297958929824340157e+07
1.297967540878693014e+07
1.297953858360208571e+07
1.297962845892900787e+07
1.297961310498337261e+07
1.297953073798890598e+07
1.297961988762729056e+07
1.297958439202034473e+07
1.297954528109134175e+07
1.297961352828777768e+07
1.297957717742397822e+07
1.297954344728164189e+07
1.297961666709336080e+07
1.297955746243526600e+07
1.297954125712341815e+07
1.297964005561444722e+07
1.297952954516450688e+07
1.297957467886181362e+07
1.297964240527195483e+07
1.297950433282352053e+07
1.297963865441979468e+07
1.297960289439434372e+07
1.297950991060065106e+07
1.297967814324242249e+07
1.297954628954367153e+07
1.297956514022395201e+07
1.297966784475056641e+07
1.297951346569722518e+07
1.297961153652927838e+07
1.297960783719144203e+07
1.297951436731723137e+07
1.297962217274046876e+07
1.297957166335867904e+07
1.297953730156102031e+07
1.297961298523014970e+07
1.297955774121624604e+07
1.297953963167265430e+07
1.297960000561114401e+07
1.297955018769779429e+07
1.297954650576245971e+07
1.297962991918295808e+07
1.297953215017783828e+07
1.297956849754574522e+07
1.297963408844664507e+07
1.297949787098772451e+07
1.297961565070338361e+07
1.297960058530189842e+07
1.297950514962212741e+07
1.297967123888511397e+07
1.297954808214068785e+07
1.297955625834614597e+07
1.297967429979724810e+07
1.297951286461424641e+07
1.297961181150392070e+07
1.297962121752668917e+07
1.297950924725591578e+07
1.297963650769141130e+07
1.297957735239409842e+07
1.297954100247482397e+07
1.297963048938862048e+07
1.297954969590154476e+07
1.297954913297565095e+07
1.297960054763816670e+07
1.297954116099246219e+07
1.297955124037470482e+07
1.297961340433397703e+07
1.297952915999900550e+07
1.297956139856234379e+07
1.297961575076158717e+07
1.297949660477112792e+07
1.297959270965301804e+07
1.297958661160339415e+07
1.297949086364367604e+07
1.297964964768748172e+07
1.297953886926166527e+07
1.297952664809733815e+07
1.297965417510441691e+07
1.297948495749775134e+07
1.297957804718882963e+07
1.297960212503861263e+07
1.297947900885633007e+07
1.297962029245235398e+07
1.297955207531697303e+07
1.297950767804168351e+07
1.297961165176358074e+07
1.297951192461478524e+07
1.297952043211573362e+07
1.297957247637384385e+07
1.297950660718888789e+07
1.297953665499120764e+07
1.297957480582503974e+07
1.297950055725321360e+07
1.297953713766714558e+07
1.297957387810695544e+07
1.297947643288088404e+07
1.297955968425199017e+07
1.297956624530814029e+07
1.297947401905665360e+07
1.297961918579640239e+07
1.297952493755868636e+07
1.297949867809289880e+07
1.297963094725153223e+07
1.297946808674163558e+07
1.297955267119197734e+07
1.297959754812339693e+07
1.297946142044111714e+07
1.297960424923324399e+07
1.297953318716936000e+07
1.297948210222341307e+07
1.297960646256656945e+07
1.297949636511446349e+07
1.297951748369961046e+07
1.297957726179840229e+07
1.297948824817645177e+07
1.297953287546701729e+07
1.297955272607471049e+07
1.297948559784330986e+07
1.297953273126556538e+07
1.297955586710432358e+07
1.297947864583732560e+07
1.297955066852132045e+07
1.297955720574548841e+07
1.297947541093761660e+07
1.297959827024488896e+07
1.297952496609737165e+07
1.297949172070748545e+07
1.297962353445536084e+07
1.297947762479152530e+07
1.297954691775830835e+07
1.297960959381842241e+07
1.297946174696553871e+07
1.297960847574954852e+07
1.297954840057848394e+07
1.297947726540096290e+07
1.297961509865433536e+07
1.297949475837669149e+07
1.297952084676272050e+07
1.297959398264639638e+07
1.297948515471900068e+07
1.297954564507106692e+07
1.297955437164459750e+07
1.297948129874417372e+07
1.297954179745440371e+07
1.297954411312387884e+07
1.297948094402395375e+07
1.297954775639255904e+07
1.297954396554686874e+07
1.297947823278377019e+07
1.297958257618440315e+07
1.297952029013010859e+07
1.297948160759531334e+07
1.297961315043701604e+07
1.297948231514972076e+07
1.297953872202417627e+07
1.297961276723515615e+07
1.297945874987486005e+07
1.297959809678646922e+07
1.297955007595335878e+07
1.297946867846998572e+07
1.297961800924465992e+07
1.297949454793096334e+07
1.297951522376511246e+07
1.297960331185550615e+07
1.297947611566420831e+07
1.297954976239048131e+07
1.297955210857090540e+07
1.297947438776211441e+07
1.297955304179644957e+07
1.297953421003900468e+07
1.297948377147636935e+07
1.297954984119240008e+07
1.297952958796856366e+07
1.297948044117942825e+07
1.297956863503905572e+07
1.297951583438687585e+07
1.297948501443069801e+07
1.297959793177680485e+07
1.297948488629606180e+07
1.297952476891926117e+07
1.297960062525447644e+07
1.297944951846501045e+07
1.297957905680089630e+07
1.297954824611667916e+07
1.297945109198192134e+07
1.297961244621907175e+07
1.297948764348996617e+07
1.297949664947443083e+07
1.297959995019005612e+07
1.297945538648846000e+07
1.297953807600316405e+07
1.297954487130937353e+07
1.297945056799625419e+07
1.297954924092457071e+07
1.297951536621528491e+07
1.297947047542808019e+07
1.297953906346198171e+07
1.297950425613722764e+07
1.297946692555400915e+07
1.297953746681346186e+07
1.297949021354650892e+07
1.297946905806076154e+07
1.297957139492216706e+07
1.297946647700854950e+07
1.297949843870908581e+07
1.297957763808753341e+07
1.297943241843495518e+07
1.297955267787761055e+07
1.297953883458681032e+07
1.297943170802970044e+07
1.297959433090793714e+07
1.297947366175603494e+07
1.297947073416018859e+07
1.297958753315000609e+07
1.297942946882547624e+07
1.297951535400883853e+07
1.297953905454762280e+07
1.297943246051556803e+07
1.297954674647508562e+07
1.297950175870620459e+07
1.297945796662458591e+07
1.297954228379665129e+07
1.297948172978776693e+07
1.297946072121616080e+07
1.297952296754368767e+07
1.297947465498462692e+07
1.297946748434749618e+07
1.297954750971386023e+07
1.297946305678469874e+07
1.297949077175875008e+07
1.297955884217743948e+07
1.297942505084169097e+07
1.297952726370855235e+07
1.297953209780756570e+07
1.297942666846624576e+07
1.297958718813931383e+07
1.297948111875219084e+07
1.297946293939450197e+07
1.297959181467937492e+07
1.297943234144925140e+07
1.297951814582068846e+07
1.297955117219541594e+07
1.297942554621073417e+07
1.297955298242517188e+07
1.297949648628658243e+07
1.297944612240026332e+07
1.297954535631920584e+07
1.297946512413995340e+07
1.297946194853100181e+07
1.297951881238871999e+07
1.297946280728925578e+07
1.297947047286094911e+07
1.297952794999532588e+07
1.297945421266547404e+07
1.297947973631770536e+07
1.297953945873446018e+07
1.297942982456951402e+07
1.297951353274188191e+07
1.297953067378518172e+07
1.297942730896472186e+07
1.297957814203669503e+07
1.297948615081740171e+07
1.297945007381796651e+07
1.297958795205041766e+07
1.297943035431513004e+07
1.297951040871333331e+07
1.297955762429123744e+07
1.297942202500106581e+07
1.297955714886144735e+07
1.297949897717545740e+07
1.297944026816819049e+07
1.297955555904222839e+07
1.297945926645748876e+07
1.297946647887927480e+07
1.297952816604838520e+07
1.297945080850785784e+07
1.297947966378060915e+07
1.297951588809996285e+07
1.297944380935269035e+07
1.297947552686872706e+07
1.297951878787829168e+07
1.297942878401336633e+07
1.297950028637949936e+07
1.297952184216373414e+07
1.297942304897751287e+07
1.297955505110061169e+07
1.297947947940677218e+07
1.297943563283945434e+07
1.297957931791595370e+07
1.297942541554020904e+07
1.297949241848899052e+07
1.297956284576087445e+07
1.297940959157664888e+07
1.297954877961162478e+07
1.297949524816245586e+07
1.297942017514577881e+07
1.297955360972601920e+07
1.297944943823418394e+07
1.297945796129805222e+07
1.297953152385826409e+07
1.297943523712456599e+07
1.297947450601899438e+07
1.297949935340544954e+07
1.297942845285492018e+07
1.297947324477702565e+07
1.297949686520842835e+07
1.297942222979144193e+07
1.297948405278170109e+07
1.297949654998195358e+07
1.297941291693189368e+07
1.297952763898035511e+07
1.297947346197366901e+07
1.297942621295616217e+07
1.297956474416749366e+07
1.297942630360082164e+07
1.297947497448784113e+07
1.297955855837398209e+07
1.297939615452431701e+07
1.297952880483346991e+07
1.297948940246554650e+07
1.297939602315046079e+07
1.297954692167245783e+07
1.297943418243611604e+07
1.297944704360552132e+07
1.297953383953779750e+07
1.297941753031438030e+07
1.297947176274875738e+07
1.297948430166361295e+07
1.297941162547012977e+07
1.297947026728399098e+07
1.297947885166927241e+07
1.297941475885587931e+07
1.297947574902621284e+07
1.297947546648079902e+07
1.297939973352199420e+07
1.297949735645764880e+07
1.297945102145721018e+07
1.297940166479513980e+07
1.297953420007855073e+07
1.297940965646632947e+07
1.297944155755389854e+07
1.297953515363161080e+07
1.297937699262928963e+07
1.297950242709707469e+07
1.297948282959221303e+07
1.297937943720647134e+07
1.297953627205568366e+07
1.297942243981466815e+07
1.297942261498670280e+07
1.297952797298930585e+07
1.297939679615735263e+07
1.297946043429774605e+07
1.297947448918659985e+07
1.297938779419432022e+07
1.297946318058663420e+07
1.297945280083783530e+07
1.297939964584578387e+07
1.297946277581912465e+07
1.297945015745178424e+07
1.297938944946026430e+07
1.297947056921512634e+07
1.297943385935446061e+07
1.297939208860322833e+07
1.297951393971535005e+07
1.297940717209509015e+07
1.297942630022601038e+07
1.297951980286244676e+07
1.297936318724491447e+07
1.297948329599150084e+07
1.297948182910569385e+07
1.297936640526131354e+07
1.297953118094117939e+07
1.297942151471764036e+07
1.297940272767029516e+07
1.297952085832414217e+07
1.297937792874679901e+07
1.297944501539939828e+07
1.297947544113667868e+07
1.297937631304433569e+07
1.297946868401458859e+07
1.297944299594471231e+07
1.297938947971447185e+07
1.297946250883007981e+07
1.297943118063371629e+07
1.297938792803440429e+07
1.297945687381822243e+07
1.297942698089090735e+07
1.297939184154147282e+07
1.297949618273497000e+07
1.297940438681232557e+07
1.297941071950394288e+07
1.297950707854924351e+07
1.297936281276538782e+07
1.297946601140878536e+07
1.297948731386227719e+07
1.297936329754093662e+07
1.297952761184672639e+07
1.297943200733811595e+07
1.297940054432418942e+07
1.297953033038232476e+07
1.297938100916841812e+07
1.297945050922561809e+07
1.297949318004599959e+07
1.297937455859368481e+07
1.297947798117316701e+07
1.297944396707385778e+07
1.297938637316894159e+07
1.297946843159289844e+07
1.297941972151208110e+07
1.297938880992031470e+07
1.297945232551912218e+07
1.297941286899524368e+07
1.297939095577514172e+07
1.297947553542198613e+07
1.297939752366172522e+07
1.297940138888872601e+07
1.297949025983818062e+07
1.297935631959952973e+07
1.297944114940603264e+07
1.297947593581548892e+07
1.297935150409522466e+07
1.297951280485320091e+07
1.297943012319846638e+07
1.297937835457750596e+07
1.297952813407594524e+07
1.297938073797653615e+07
1.297944410698850639e+07
1.297950282500277087e+07
1.297936869874139503e+07
1.297948008007715456e+07
1.297944568953225762e+07
1.297938288361193985e+07
1.297947871526400000e+07
1.297941694964560866e+07
1.297939441828876361e+07
1.297946152558472194e+07
1.297941079435094260e+07
1.297940166922022402e+07
1.297947033420551755e+07
1.297939959516614303e+07
1.297940638399634138e+07
1.297948672565212287e+07
1.297937144570985995e+07
1.297944001350608841e+07
1.297948250755845197e+07
1.297935472650668398e+07
1.297949568393116258e+07
1.297943363164427504e+07
1.297936942283845507e+07
1.297952081074439362e+07
1.297937485315562040e+07
1.297942359721318074e+07
1.297950498028597236e+07
1.297935707795380615e+07
1.297947694176864065e+07
1.297944663319192268e+07
1.297936550980612636e+07
1.297948367722076364e+07
1.297941315288439579e+07
1.297939899307750352e+07
1.297947243517068587e+07
1.297940663499455340e+07
1.297940964544981346e+07
1.297946262768840231e+07
1.297939580299653672e+07
1.297940703373615071e+07
1.297947517243779451e+07
1.297938014484972507e+07
1.297943384689812921e+07
1.297947816433277354e+07
1.297935952173670381e+07
1.297948628238380328e+07
1.297944243716815114e+07
1.297936908753066696e+07
1.297952282164707407e+07
1.297938549354838394e+07
1.297942299384005181e+07
1.297952052229762264e+07
1.297935776558658481e+07
1.297947638341733254e+07
1.297945733448972180e+07
1.297936145260261744e+07
1.297949982476516068e+07
1.297941768094243668e+07
1.297940396663070843e+07
1.297948695864022896e+07
1.297939833667109907e+07
1.297941496162070893e+07
1.297945532213930041e+07
1.297939110283346288e+07
1.297942154781887494e+07
1.297947120379084162e+07
1.297938537214705534e+07
1.297943456237042695e+07
1.297946900678354129e+07
1.297935850845270790e+07
1.297946821183084138e+07
1.297943074931429885e+07
1.297935445320345461e+07
1.297950984576039389e+07
1.297938399760176800e+07
1.297939989360393211e+07
1.297950770474053919e+07
1.297934245626446232e+07
1.297945528562130406e+07
1.297945702440784685e+07
1.297934297736462019e+07
1.297948606256410666e+07
1.297939959197320789e+07
1.297938006015665270e+07
1.297947698936594836e+07
1.297937190729854442e+07
1.297939620031932741e+07
1.297943134923007526e+07
1.297936013588669524e+07
1.297940433777336404e+07
1.297943367263998277e+07
1.297936124785139225e+07
1.297940902228670381e+07
1.297942929519520514e+07
1.297933713720695674e+07
1.297943050412266701e+07
1.297941280313634500e+07
1.297934009543370456e+07
1.297948478296581283e+07
1.297937447702681646e+07
1.297937922449770011e+07
1.297949195279281400e+07
1.297933238707592711e+07
1.297943768637369759e+07
1.297945215251982585e+07
1.297932510176535137e+07
1.297947774084950984e+07
1.297938782035359181e+07
1.297935561038826406e+07
1.297946855164229684e+07
1.297934587505007349e+07
1.297938654598014429e+07
1.297942601878139749e+07
1.297933670493600331e+07
1.297939664603764936e+07
1.297940790516890585e+07
1.297934202067211270e+07
1.297939412530208007e+07
1.297939979498978332e+07
1.297932697455727868e+07
1.297940596819789149e+07
1.297939383967169002e+07
1.297932813341917470e+07
1.297945741111194529e+07
1.297936022464029677e+07
1.297935270858545601e+07
1.297946857857778668e+07
1.297931176399723254e+07
1.297940302057324164e+07
1.297943596645328589e+07
1.297930297658493556e+07
1.297945851885110699e+07
1.297937118633082695e+07
1.297932535385386646e+07
1.297945558622070588e+07
1.297932378370305151e+07
1.297936965296384133e+07
1.297942063779142499e+07
1.297931482552310638e+07
1.297939079865055345e+07
1.297938462637014501e+07
1.297932142474742234e+07
1.297938365834300034e+07
1.297937159225661866e+07
1.297931579183642380e+07
1.297938312688459456e+07
1.297936926911481470e+07
1.297931377243329398e+07
1.297941987097223476e+07
1.297933922788784467e+07
1.297932181073863246e+07
1.297943455223854259e+07
1.297929421100742742e+07
1.297937768082040362e+07
1.297942940214230679e+07
1.297928854406973906e+07
1.297944319730355591e+07
1.297937057273424231e+07
1.297930675769247860e+07
1.297945167455234937e+07
1.297931375171910413e+07
1.297935633958871290e+07
1.297942329394102283e+07
1.297930206355008297e+07
1.297938762831092067e+07
1.297937358381747268e+07
1.297930303192660213e+07
1.297937894352246821e+07
1.297935135270384140e+07
1.297931015069265850e+07
1.297937713150001876e+07
1.297935014905033819e+07
1.297930772110600397e+07
1.297939492828672193e+07
1.297932580561527424e+07
1.297931035233871080e+07
1.297941678728758730e+07
1.297928868737166375e+07
1.297935102290859632e+07
1.297941268166225962e+07
1.297927470039555430e+07
1.297941427127779089e+07
1.297936164003012143e+07
1.297928267989739217e+07
1.297943949092285894e+07
1.297930122863678262e+07
1.297933832542566396e+07
1.297942729868365824e+07
1.297928986221545376e+07
1.297938640320734121e+07
1.297937019642601721e+07
1.297929278961228952e+07
1.297938674891626835e+07
1.297934507205191627e+07
1.297930991522530839e+07
1.297937818845404126e+07
1.297933687280457653e+07
1.297930886695400812e+07
1.297938003859999403e+07
1.297932379438519664e+07
1.297931395143909752e+07
1.297940954126448557e+07
1.297930195034168102e+07
1.297935042999010906e+07
1.297941367308049090e+07
1.297927774525286630e+07
1.297940823486515880e+07
1.297936925010898896e+07
1.297928451079150103e+07
1.297944270104039460e+07
1.297931472575354762e+07
1.297933687281815149e+07
1.297943755803075992e+07
1.297928469316078536e+07
1.297938278501019813e+07
1.297937549884530529e+07
1.297928529404109903e+07
1.297940100625747629e+07
1.297934237313417718e+07
1.297931484897034056e+07
1.297939078447185457e+07
1.297933014547697268e+07
1.297931753179895878e+07
1.297937480770932138e+07
1.297931848410281166e+07
1.297932426829359122e+07
1.297939980422066338e+07
1.297930475217270665e+07
1.297934516822655126e+07
1.297940741025097668e+07
1.297927805829747580e+07
1.297939311643533222e+07
1.297937362561135180e+07
1.297928415962281451e+07
1.297944588696054555e+07
1.297932450903123990e+07
1.297933153648263216e+07
1.297945076441539451e+07
1.297928851554910280e+07
1.297939221023387648e+07
1.297940266872198693e+07
1.297929350222497061e+07
1.297942324817793258e+07
1.297935805824746937e+07
1.297932805662691779e+07
1.297942010800148174e+07
1.297933670812637359e+07
1.297934090882791579e+07
1.297938716371581890e+07
1.297932704384876974e+07
1.297934651667151786e+07
1.297940279816328548e+07
1.297932326159475744e+07
1.297936225806131400e+07
1.297941221681463532e+07
1.297929624312967248e+07
1.297939708053729124e+07
1.297938898970497586e+07
1.297929792266595922e+07
1.297945436427622661e+07
1.297934346852931753e+07
1.297933375680109859e+07
1.297945701313414238e+07
1.297929289834118448e+07
1.297939435072375834e+07
1.297941848726908118e+07
1.297929108530530334e+07
1.297943568498161808e+07
1.297936381855510175e+07
1.297932655787432007e+07
1.297943657196449675e+07
1.297933464461017214e+07
1.297935042045997828e+07
1.297940050064395368e+07
1.297932892047438398e+07
1.297936413807895780e+07
1.297940088041980192e+07
1.297932533375991695e+07
1.297936313000074774e+07
1.297940001701052859e+07
1.297930257060394250e+07
1.297939032879145443e+07
1.297939322332110256e+07
1.297930061705093831e+07
1.297944221090463549e+07
1.297934640809084475e+07
1.297932083651823178e+07
1.297945047616987862e+07
1.297929092059941590e+07
1.297937783603458107e+07
1.297942326074563712e+07
1.297928808516641147e+07
1.297943487674149498e+07
1.297936261203770898e+07
1.297930950630654953e+07
1.297943340840346180e+07
1.297932024333572760e+07
1.297934660694576614e+07
1.297940448496924341e+07
1.297931362114582211e+07
1.297936317625257559e+07
1.297938307607043348e+07
1.297931385878882185e+07
1.297936130131815933e+07
1.297937920196176134e+07
1.297930116491056979e+07
1.297937382008698583e+07
1.297937909797131643e+07
1.297930030104874820e+07
1.297942291945869476e+07
1.297934330880699307e+07
1.297930950517141260e+07
1.297944575401103124e+07
1.297929640639046021e+07
1.297936978081439994e+07
1.297943162271168828e+07
1.297928304675498791e+07
1.297942858920368925e+07
1.297936360963059217e+07
1.297929289977283776e+07
1.297943350865624100e+07
1.297931140084693208e+07
1.297933773476633243e+07
1.297940746742085554e+07
1.297929850713591091e+07
1.297935987696706690e+07
1.297936822478728183e+07
1.297929992987425439e+07
1.297935946239475161e+07
1.297936190335409343e+07
1.297930232822644338e+07
1.297936488623075187e+07
1.297935743033625372e+07
1.297929040440877154e+07
1.297939422514020093e+07
1.297933181934385188e+07
1.297929691769546457e+07
1.297942224916748889e+07
1.297929070954666473e+07
1.297934654748204723e+07
1.297942077010205016e+07
1.297926483637720160e+07
1.297940697186875716e+07
1.297935722984978370e+07
1.297927019535814784e+07
1.297941961123509705e+07
1.297929100248364918e+07
1.297931340357999504e+07
1.297940372780062817e+07
1.297927338722144067e+07
1.297934664407772757e+07
1.297934649706264026e+07
1.297926755598386936e+07
1.297934378595833853e+07
1.297932803546241112e+07
1.297927757420988008e+07
1.297934486328508332e+07
1.297932494976518117e+07
1.297927261828090996e+07
1.297935676614995487e+07
1.297930525147093832e+07
1.297927202557438053e+07
1.297938629402674548e+07
1.297926825030349754e+07
1.297930767159084044e+07
1.297938684106449969e+07
1.297923810380129330e+07
1.297936562079113908e+07
1.297933994122437201e+07
1.297923960232598707e+07
1.297940003551515378e+07
1.297927613924964890e+07
1.297928180759652518e+07
1.297938465342063457e+07
1.297924189299476519e+07
1.297932802627695166e+07
1.297933160763931833e+07
1.297924080729130656e+07
1.297933760392886028e+07
1.297930177849886566e+07
1.297926000118209422e+07
1.297933110682806559e+07
1.297929369875429198e+07
1.297925685260224342e+07
1.297932636856767535e+07
1.297928092371010035e+07
1.297925763584960438e+07
1.297935741490393505e+07
1.297925293915048614e+07
1.297928308735921979e+07
1.297936068712477945e+07
1.297921928850514628e+07
1.297933926740628108e+07
1.297932885325858928e+07
1.297922174027949758e+07
1.297939483062455244e+07
1.297928012722845003e+07
1.297927399503389001e+07
1.297939993122978695e+07
1.297924424727983214e+07
1.297933050110564567e+07
1.297935119949133135e+07
1.297924586408778839e+07
1.297936017086907290e+07
1.297931539306484349e+07
1.297926851212642714e+07
1.297935166766952537e+07
1.297929357406827062e+07
1.297927231861917861e+07
1.297932995883623324e+07
1.297928634518790618e+07
1.297927772187114693e+07
1.297936059675659798e+07
1.297927519049677998e+07
1.297929810105713457e+07
1.297937189345418662e+07
1.297924074306426756e+07
1.297934593395815603e+07
1.297935212441227958e+07
1.297924350449633785e+07
1.297940471256433055e+07
1.297929968392495997e+07
1.297928022469871864e+07
1.297941191972402483e+07
1.297925199810767919e+07
1.297933412886956148e+07
1.297937038762404770e+07
1.297924856155140512e+07
1.297937404035387374e+07
1.297932007829484157e+07
1.297927153849672154e+07
1.297936554065924883e+07
1.297929221045176126e+07
1.297928637027134001e+07
1.297934376323954016e+07
1.297928894859839976e+07
1.297929422805601731e+07
1.297935181421834044e+07
1.297927585730703548e+07
1.297929920736086741e+07
1.297936322459422983e+07
1.297924725566548109e+07
1.297933308205921203e+07
1.297935055660276115e+07
1.297924022602164559e+07
1.297939396476181969e+07
1.297930437420188077e+07
1.297927231065479852e+07
1.297941104571513459e+07
1.297925575094806589e+07
1.297933125840368494e+07
1.297937994164784998e+07
1.297924354104122333e+07
1.297937751364766434e+07
1.297932396966519207e+07
1.297926578783319518e+07
1.297937746042314731e+07
1.297928991871772334e+07
1.297929450441701710e+07
1.297935680413407087e+07
1.297928669999294356e+07
1.297930439165346697e+07
1.297934582707573101e+07
1.297927554056731798e+07
1.297930249960962683e+07
1.297935331952326000e+07
1.297925973610968515e+07
1.297933464134385996e+07
1.297935603883850947e+07
1.297925406970363110e+07
1.297938815162881650e+07
1.297931390884299390e+07
1.297926819495995343e+07
1.297941116773322225e+07
1.297926308626954816e+07
1.297932690454412624e+07
1.297939990841390193e+07
1.297924982831347920e+07
1.297938523668670654e+07
