1.297965143842425570e+07
1.297965786189612374e+07
1.297964404906363785e+07
1.297964324082714692e+07
1.297967101244159229e+07
1.297964611252250336e+07
1.297964865518551879e+07
1.297965921056319028e+07
1.297964778951631486e+07
1.297964309873614274e+07
1.297966327181791142e+07
1.297966083624567650e+07
1.297964054949906096e+07
1.297965914677030966e+07
1.297965276699456759e+07
1.297964440617562458e+07
1.297965531313983724e+07
1.297966800390344113e+07
1.297964215693406574e+07
1.297964906020665541e+07
1.297966243499629758e+07
1.297964125529399514e+07
1.297965422363554686e+07
1.297966187135801837e+07
1.297965394740501791e+07
1.297963878679866344e+07
1.297966284378577769e+07
1.297965077799613029e+07
1.297964176575879008e+07
1.297966771002956294e+07
1.297965349276721664e+07
1.297964332084022090e+07
1.297965117120504752e+07
1.297966045055767335e+07
1.297964233750734851e+07
1.297965936575907096e+07
1.297966358091680333e+07
1.297964176321364008e+07
1.297964795987185463e+07
1.297966050739694200e+07
1.297965109669759311e+07
1.297964752378076874e+07
1.297966947718726471e+07
1.297964376922406256e+07
1.297964334063570574e+07
1.297965854317754693e+07
1.297965449581978656e+07
1.297964548801866360e+07
1.297965844859111123e+07
1.297966069664133154e+07
1.297963267327481322e+07
1.297965974608172104e+07
1.297965778910750709e+07
1.297964624340461567e+07
1.297965585352234542e+07
1.297966055958055519e+07
1.297964286682144180e+07
1.297964426052813791e+07
1.297966812868778221e+07
1.297964841051101312e+07
1.297965193409734033e+07
1.297966088292334601e+07
1.297964966519602761e+07
1.297963957591159828e+07
1.297966450320515595e+07
1.297965934525548108e+07
1.297964370761387236e+07
1.297966244447415508e+07
1.297965257407159545e+07
1.297964448498989269e+07
1.297965310069317184e+07
1.297966953522379883e+07
1.297964397381055169e+07
1.297965412789572775e+07
1.297966514875127748e+07
1.297964026724491827e+07
1.297965473109163903e+07
1.297966404351384751e+07
1.297965676779516414e+07
1.297964500437960587e+07
1.297966510553694330e+07
1.297965000325316191e+07
1.297964342144440487e+07
1.297966779725929350e+07
1.297965903142263554e+07
1.297964652239136212e+07
1.297965526794205420e+07
1.297966071621560864e+07
1.297964091683449410e+07
1.297966342958000675e+07
1.297966529254578985e+07
1.297964791911298223e+07
1.297965066290536709e+07
1.297966213670744933e+07
1.297965088589798100e+07
1.297964812087931484e+07
1.297967554044359922e+07
1.297964811060213670e+07
1.297964973982066847e+07
1.297966218167332932e+07
1.297965506684353203e+07
1.297964941815249249e+07
1.297966517095492221e+07
1.297966581497706287e+07
1.297964009302631766e+07
1.297966270119166374e+07
1.297965974639373831e+07
1.297965000494877808e+07
1.297966108326059580e+07
1.297966904887652770e+07
1.297964656048371270e+07
1.297965126095107943e+07
1.297966898522762209e+07
1.297965143962614797e+07
1.297965859799720719e+07
1.297966682035705447e+07
1.297965773452413268e+07
1.297964225465471111e+07
1.297966892596942931e+07
1.297966040994651616e+07
1.297964814264398627e+07
1.297967102751045115e+07
1.297965765508785099e+07
1.297964894704297744e+07
1.297965631777898781e+07
1.297967119088705443e+07
1.297964998260569759e+07
1.297966255162037350e+07
1.297967093456302397e+07
1.297964569916792214e+07
1.297965661947795190e+07
1.297966848161683790e+07
1.297966043350374885e+07
1.297965262353489734e+07
1.297967190355435014e+07
1.297965191090840474e+07
1.297964824187828228e+07
1.297966768483707868e+07
1.297966419799299166e+07
1.297965121049989201e+07
1.297966164894162863e+07
1.297966573307347670e+07
1.297963931086160243e+07
1.297966628239650838e+07
1.297966550172982365e+07
1.297965184047664143e+07
1.297965633635124937e+07
1.297966433903986402e+07
1.297965023615591228e+07
1.297964871394539252e+07
1.297967626259529591e+07
1.297965164903971925e+07
1.297965321803837270e+07
1.297966359472885542e+07
1.297965360208261944e+07
1.297964776263377815e+07
1.297966841732938588e+07
1.297966656593270414e+07
1.297964572873902321e+07
1.297966330531689897e+07
1.297965845093287714e+07
1.297964964273228310e+07
1.297965957849880122e+07
1.297967335489593074e+07
1.297964754495449550e+07
1.297965426159761660e+07
1.297966847591933049e+07
1.297964837656207010e+07
1.297965956217363849e+07
1.297966784619875625e+07
1.297966059166412055e+07
1.297964383023762517e+07
1.297966885643161461e+07
1.297965739497040398e+07
1.297964815142676979e+07
1.297967340963067114e+07
1.297966043494500965e+07
1.297964955407529697e+07
1.297965708605694212e+07
1.297966775349801034e+07
1.297964888543856889e+07
1.297966557040953264e+07
1.297966990872781537e+07
1.297964829917099513e+07
1.297965346367878653e+07
1.297966708983958513e+07
1.297965771928471886e+07
1.297965252535841987e+07
1.297967543256576918e+07
1.297965013141310774e+07
1.297964920715971664e+07
1.297966451771593653e+07
1.297966194909849949e+07
1.297965159703292884e+07
1.297966471879864298e+07
1.297966814044114202e+07
1.297963908639030904e+07
1.297966571095149964e+07
1.297966454545353726e+07
1.297965299529109895e+07
1.297966130200079829e+07
1.297966713100520335e+07
1.297964921788942441e+07
1.297964995981358550e+07
1.297967376787430979e+07
1.297965454733575322e+07
1.297965767430930585e+07
1.297966688613360561e+07
1.297965663560617715e+07
1.297964575226723403e+07
1.297967066133326665e+07
1.297966534949689731e+07
1.297965001078645699e+07
1.297966782327440009e+07
1.297965874831496552e+07
1.297965039524763264e+07
1.297965827549969405e+07
1.297967539851747826e+07
1.297964896018505283e+07
1.297965873251649551e+07
1.297966899694780447e+07
1.297964479887912236e+07
1.297965818539531156e+07
1.297966816193657927e+07
1.297966136650112830e+07
1.297964877437116206e+07
1.297966958695156500e+07
1.297965487663550116e+07
1.297964889639479667e+07
1.297967247675991245e+07
1.297966467769095115e+07
1.297965123118406907e+07
1.297966000923553854e+07
1.297966659860198759e+07
1.297964549296562001e+07
1.297966720874293335e+07
1.297966905917560868e+07
1.297965154741864093e+07
1.297965337527993694e+07
1.297966597758228704e+07
1.297965444314825349e+07
1.297965128184451908e+07
1.297967902395105362e+07
1.297965200146833807e+07
1.297965265095663629e+07
1.297966482380158640e+07
1.297965904721651599e+07
1.297965226284286752e+07
1.297966818843917921e+07
1.297966917018024996e+07
1.297964211290319636e+07
1.297966468747249618e+07
1.297966282924431562e+07
1.297965272195012309e+07
1.297966266615155898e+07
1.297967113357979432e+07
1.297964855469374545e+07
1.297965205844639428e+07
1.297967054633265920e+07
1.297965311572767608e+07
1.297965893494501896e+07
1.297966741744827665e+07
1.297965921519926377e+07
1.297964278565819934e+07
1.297966977905092761e+07
1.297966149896521494e+07
1.297964891922523454e+07
1.297967070714768395e+07
1.297965807920312695e+07
1.297964883392465860e+07
1.297965578691722080e+07
1.297967159342385642e+07
1.297964958381538838e+07
1.297966168227916583e+07
1.297966940440624021e+07
1.297964502146466263e+07
1.297965497829867154e+07
1.297966773136741295e+07
1.297965981771629490e+07
1.297965100294745155e+07
1.297967095556771010e+07
1.297965187234491669e+07
1.297964835712397285e+07
1.297966766070033796e+07
1.297966529828117602e+07
1.297965114944281802e+07
1.297966173191274516e+07
1.297966710948701762e+07
1.297964143858414702e+07
1.297966779300962947e+07
1.297966768049482070e+07
1.297965401443925314e+07
1.297965718731749989e+07
1.297966668455723487e+07
1.297965292150245793e+07
1.297965096888553351e+07
1.297967962712022290e+07
1.297965475282477215e+07
1.297965570524605550e+07
1.297966610552903265e+07
1.297965729047745280e+07
1.297965016904835217e+07
1.297967050614035688e+07
1.297966914190100692e+07
1.297964776343996637e+07
1.297966476775765233e+07
1.297966101155045629e+07
1.297965194011771679e+07
1.297966096227191575e+07
1.297967559230292775e+07
1.297964884823244065e+07
1.297965572297979705e+07
1.297966996580841392e+07
1.297965059020891413e+07
1.297966061007037945e+07
1.297966945726164803e+07
1.297966258672084287e+07
1.297964485678216070e+07
1.297967039309327677e+07
1.297965994803338125e+07
1.297965006869841926e+07
1.297967430809164979e+07
1.297966246692220680e+07
1.297965084055725858e+07
1.297965805106360652e+07
1.297966940447279811e+07
1.297964984956323542e+07
1.297966575813720748e+07
1.297967063042193837e+07
1.297964918666633777e+07
1.297965328779597394e+07
1.297966813746420108e+07
1.297965894188771397e+07
1.297965293358380161e+07
1.297967558508637920e+07
1.297965085615148023e+07
1.297964913023653254e+07
1.297966414571470208e+07
1.297966300304451771e+07
1.297965124974858761e+07
1.297966410447923280e+07
1.297966811765149608e+07
1.297963918629723787e+07
1.297966606172996387e+07
1.297966541439563222e+07
1.297965422407531552e+07
1.297966098383627832e+07
1.297966826298998110e+07
1.297965062012633123e+07
1.297964998709723912e+07
1.297967467315587960e+07
1.297965543721518479e+07
1.297965699044895172e+07
1.297966619645655341e+07
1.297965712602575123e+07
1.297964520208923519e+07
1.297967073560702987e+07
1.297966600896833092e+07
1.297964965510951914e+07
1.297966716564986669e+07
1.297965987842097692e+07
1.297965107545586675e+07
1.297965801754593477e+07
1.297967695403522626e+07
1.297965006863395683e+07
1.297965863885571994e+07
1.297967005772831291e+07
1.297964685536065884e+07
1.297965883667514846e+07
1.297966950488076545e+07
1.297966316393221356e+07
1.297964912064336427e+07
1.297966958843194507e+07
1.297965541027198546e+07
1.297964850629310869e+07
1.297967126293733716e+07
1.297966455997080728e+07
1.297964998431724869e+07
1.297965851250847429e+07
1.297966617831020430e+07
1.297964486953984573e+07
1.297966650961960852e+07
1.297966920681526139e+07
1.297965208314054459e+07
1.297965242064015567e+07
1.297966642797699571e+07
1.297965565191752277e+07
1.297965154187100753e+07
1.297967927788449265e+07
1.297965285183048621e+07
1.297965289478573762e+07
1.297966492074753903e+07
1.297966079505077004e+07
1.297965239072013833e+07
1.297966854139023274e+07
1.297967029161852412e+07
1.297964346604136564e+07
1.297966520600723848e+07
1.297966420419264771e+07
1.297965436463339627e+07
1.297966303034762852e+07
1.297967295855773613e+07
1.297965067554278858e+07
1.297965389313703030e+07
1.297967230531807058e+07
1.297965601140139811e+07
1.297966032915778644e+07
1.297966900273618288e+07
1.297966154449183494e+07
1.297964400492678769e+07
1.297967194179902598e+07
1.297966435302058049e+07
1.297965159986232221e+07
1.297967209161901474e+07
1.297966091614426859e+07
1.297965118217319436e+07
1.297965759749423712e+07
1.297967456389894895e+07
1.297965144377206825e+07
1.297966288082761690e+07
1.297967165614465624e+07
1.297964776441867091e+07
1.297965681542165577e+07
1.297967035075383075e+07
1.297966300371280126e+07
1.297965367103482597e+07
1.297967357927835174e+07
1.297965533353196643e+07
1.297965085090425797e+07
1.297966971977758221e+07
1.297966846727636829e+07
1.297965297641009651e+07
1.297966326825584657e+07
1.297966900963399932e+07
1.297964322835818864e+07
1.297966853698372841e+07
1.297966929666892439e+07
1.297965600766234286e+07
1.297965769670821726e+07
1.297966839990731888e+07
1.297965423538588360e+07
1.297965144773491658e+07
1.297967992344801500e+07
1.297965613813769259e+07
1.297965640511317924e+07
1.297966668103271164e+07
1.297965933897524886e+07
1.297965109709656797e+07
1.297967158051428571e+07
1.297967114716119505e+07
1.297964959276594222e+07
1.297966637930490077e+07
1.297966433833702654e+07
1.297965514084866829e+07
1.297966326989902742e+07
1.297967901706855372e+07
1.297965176528255455e+07
1.297965773837193660e+07
1.297967192401125655e+07
1.297965313019667938e+07
1.297966181483467668e+07
1.297967105891614780e+07
1.297966490688254870e+07
1.297964636132432148e+07
1.297967255214598775e+07
1.297966210827508755e+07
1.297965183013516106e+07
1.297967523288735561e+07
1.297966449177711084e+07
1.297965223212032765e+07
1.297965913367227465e+07
1.297967169477446005e+07
1.297965179193756729e+07
1.297966714841822162e+07
1.297967245476021804e+07
1.297965144528267905e+07
1.297965448259210214e+07
1.297967041190712899e+07
1.297966126908360422e+07
1.297965458354685083e+07
1.297967710016970895e+07
1.297965365566077456e+07
1.297965175999997556e+07
1.297966652721772157e+07
1.297966672721628100e+07
1.297965369962920994e+07
1.297966674984367378e+07
1.297967160173320398e+07
1.297964293363702856e+07
1.297966874756205641e+07
1.297966885835094750e+07
1.297965748933663033e+07
1.297966286322456785e+07
1.297967102538666502e+07
1.297965256838818640e+07
1.297965247720196843e+07
1.297967772365975566e+07
1.297965965989541449e+07
1.297966029739237949e+07
1.297966970290971175e+07
1.297966177606048808e+07
1.297964904257363081e+07
1.297967421443573385e+07
1.297967020453608595e+07
1.297965334994315729e+07
1.297966957777143270e+07
1.297966357490026951e+07
1.297965444871803373e+07
1.297966079724889435e+07
1.297968016252082773e+07
1.297965239932448789e+07
1.297966029422227852e+07
1.297967191054986604e+07
1.297964981625917740e+07
1.297966064448538236e+07
1.297967192763498239e+07
1.297966600202895142e+07
1.297965033810189739e+07
1.297967218158672564e+07
1.297965900316393934e+07
1.297965167190179415e+07
1.297967391036828607e+07
1.297966824635045230e+07
1.297965282714633830e+07
1.297966083831254579e+07
1.297966919759902917e+07
1.297964782713110000e+07
1.297966864607612044e+07
1.297967167172375880e+07
1.297965503504356556e+07
1.297965402753550000e+07
1.297966938863794133e+07
1.297965806159578077e+07
1.297965284740482271e+07
1.297968054582700133e+07
1.297965488441930898e+07
1.297965378329426423e+07
1.297966575886435620e+07
1.297966309965000115e+07
1.297965375255445018e+07
1.297966990103518590e+07
1.297967172775147669e+07
1.297964459677074291e+07
1.297966598985135742e+07
1.297966633361119591e+07
1.297965645284200832e+07
1.297966400313653983e+07
1.297967494128145091e+07
1.297965188349329121e+07
1.297965414347957261e+07
1.297967360587247089e+07
1.297965801868400350e+07
1.297966113657829911e+07
1.297967023628828861e+07
1.297966363973808102e+07
1.297964507412608340e+07
1.297967316815761663e+07
1.297966554578990676e+07
1.297965217246337980e+07
1.297967181650358252e+07
1.297966220617181621e+07
1.297965190752942115e+07
1.297965727751423046e+07
1.297967585687014088e+07
1.297965186038978957e+07
1.297966261583650857e+07
1.297967102412862703e+07
1.297964811628954485e+07
1.297965596896082908e+07
1.297967048334713466e+07
1.297966330618531629e+07
1.297965238665871695e+07
1.297967205504741333e+07
1.297965464450646751e+07
1.297965027295637503e+07
1.297966867223116569e+07
1.297966878989978135e+07
1.297965200689573959e+07
1.297966233241887204e+07
1.297966909909731336e+07
1.297964323483134061e+07
1.297966857134758122e+07
1.297966961190721206e+07
1.297965669143353961e+07
1.297965674785401300e+07
1.297966919936979562e+07
1.297965455032655224e+07
1.297965132747511193e+07
1.297968077834311314e+07
1.297965714454842545e+07
1.297965601521421969e+07
1.297966623939258605e+07
1.297966031449176185e+07
1.297965098712308891e+07
1.297967118252491951e+07
1.297967051831420884e+07
1.297964881736633182e+07
1.297966506701949984e+07
1.297966389538692124e+07
1.297965459897719882e+07
1.297966161796826683e+07
1.297967855100400560e+07
1.297965086910186894e+07
1.297965656601492502e+07
1.297967147942735814e+07
1.297965364992277883e+07
1.297966065952369943e+07
1.297967037515063584e+07
1.297966523785647191e+07
1.297964541600108705e+07
1.297967211227680184e+07
1.297966209355328605e+07
1.297965164418232627e+07
1.297967420830779336e+07
1.297966484317726083e+07
1.297965179663225636e+07
1.297965820547518507e+07
1.297967238291272707e+07
1.297965158420745470e+07
1.297966605215342902e+07
1.297967164334106445e+07
1.297965156764052995e+07
1.297965340446420945e+07
1.297967051909974962e+07
1.297966143977863342e+07
1.297965355281284451e+07
1.297967652148691379e+07
1.297965437808778509e+07
1.297965172808446363e+07
1.297966616447506659e+07
1.297966788290116563e+07
1.297965346049971692e+07
1.297966632783399522e+07
1.297967098499243148e+07
1.297964212548274174e+07
1.297966677307732590e+07
1.297966757547524571e+07
1.297965659930069745e+07
1.297966052958129533e+07
1.297967041985010915e+07
1.297965267955477722e+07
1.297965139228523895e+07
1.297967654925252497e+07
1.297965874566503428e+07
1.297965811772422679e+07
1.297966761991619132e+07
1.297966070581184886e+07
1.297964682769156434e+07
1.297967193842286803e+07
1.297966798187705502e+07
1.297965141570259258e+07
1.297966672002165206e+07
1.297966216322258115e+07
1.297965271093898453e+07
1.297965834791335464e+07
1.297967858923217840e+07
1.297965050365174562e+07
1.297965822672957741e+07
1.297966978745767288e+07
1.297964816968031600e+07
1.297965759342142195e+07
1.297966948804073222e+07
1.297966412489088811e+07
1.297964782315874845e+07
1.297966958841332048e+07
1.297965723751577735e+07
1.297964921842130832e+07
1.297967069449064322e+07
1.297966634264961444e+07
1.297965007486010343e+07
1.297965751001008227e+07
1.297966768664921075e+07
1.297964712617496215e+07
1.297966682617961243e+07
1.297967081235568225e+07
1.297965467718161829e+07
1.297965242474830337e+07
1.297966932439071871e+07
1.297965813268210553e+07
1.297965177299903147e+07
1.297967989730425365e+07
1.297965444249518588e+07
1.297965260085933842e+07
1.297966415016532689e+07
1.297966296813748963e+07
1.297965221037924662e+07
1.297966784802144580e+07
1.297967056764474884e+07
1.297964332024230808e+07
1.297966377463056892e+07
1.297966494691410474e+07
1.297965510390697978e+07
1.297966135636584647e+07
1.297967304844552279e+07
1.297965042800859921e+07
1.297965219391037337e+07
1.297967205871200748e+07
1.297965767422914132e+07
1.297965916974151880e+07
1.297966852643463761e+07
1.297966274145187624e+07
1.297964346478224546e+07
1.297967254509611800e+07
1.297966556417915784e+07
1.297965219671357051e+07
1.297967081745067984e+07
1.297966258092489839e+07
1.297965182108429819e+07
1.297965670347913727e+07
1.297967656399406120e+07
1.297965232744091563e+07
1.297966291319421306e+07
1.297967203479177505e+07
1.297964971504571289e+07
1.297965653220099956e+07
1.297967174987145327e+07
1.297966524627147615e+07
1.297965357952787541e+07
1.297967412630827725e+07
1.297965756479823403e+07
1.297965309906418435e+07
1.297967125214257464e+07
1.297967262441918813e+07
1.297965510908936150e+07
1.297966541881357878e+07
1.297967293552227877e+07
1.297964752520802990e+07
1.297967112505871244e+07
1.297967293122901581e+07
1.297966024327818491e+07
1.297965896006250568e+07
1.297967235346174054e+07
1.297965882995127328e+07
1.297965461486027390e+07
1.297968322493772767e+07
1.297966069987620227e+07
1.297965890514428169e+07
1.297966903714801185e+07
1.297966448884682730e+07
1.297965424135427363e+07
1.297967507955956645e+07
1.297967499463201314e+07
1.297965288957686536e+07
1.297966797273472883e+07
1.297966833705213480e+07
1.297965899583177269e+07
1.297966501835377328e+07
1.297968195536576211e+07
1.297965514187101088e+07
1.297966021552237310e+07
1.297967600497873873e+07
1.297965969601780735e+07
1.297966549000350572e+07
1.297967569910587184e+07
1.297967104268549383e+07
1.297964997508590110e+07
1.297967681444230303e+07
1.297966699024723470e+07
1.297965680824853480e+07
1.297967885300859623e+07
1.297967046763454191e+07
1.297965683111074008e+07
1.297966272653144039e+07
1.297967797944915481e+07
1.297965824923933670e+07
1.297967166089757346e+07
1.297967845138214529e+07
1.297965877439814620e+07
1.297965954685640335e+07
1.297967740949083306e+07
1.297966894100191258e+07
1.297966081415786408e+07
1.297968362026426010e+07
1.297966242110041529e+07
1.297965927625525184e+07
1.297967333340838738e+07
1.297967645679516345e+07
1.297966077552030981e+07
1.297967363060569018e+07
1.297967946999205276e+07
1.297965056436731853e+07
1.297967502485954203e+07
1.297967687959392369e+07
1.297966606914028712e+07
1.297966866655291431e+07
1.297967947804768197e+07
1.297966178339887597e+07
1.297966019062444381e+07
1.297968534660794586e+07
1.297966815138917975e+07
1.297966631193818152e+07
1.297967589682964981e+07
1.297967022842120938e+07
1.297965576328108087e+07
1.297968126296521351e+07
1.297967761940461397e+07
1.297966015526076406e+07
1.297967441915298440e+07
1.297967159659672901e+07
1.297966184818660840e+07
1.297966678508206829e+07
1.297968823865758628e+07
1.297965983916841075e+07
1.297966716605053470e+07
1.297967905864182487e+07
1.297965872391802073e+07
1.297966687989698350e+07
1.297967923942065239e+07
1.297967423411968537e+07
1.297965716960670240e+07
1.297967980174197257e+07
1.297966772423437610e+07
1.297966002731724828e+07
1.297968102191120200e+07
1.297967770660964027e+07
1.297966082182325982e+07
1.297966816397385858e+07
1.297967952796006575e+07
1.297965883763579093e+07
1.297967715275568515e+07
1.297968121575722285e+07
1.297966569967865199e+07
1.297966219263642468e+07
1.297967992071907781e+07
1.297966885989334434e+07
1.297966251282690838e+07
1.297968990152378753e+07
1.297966535915889964e+07
1.297966309585433453e+07
1.297967448096803017e+07
1.297967475212660991e+07
1.297966257420385070e+07
1.297967852683927678e+07
1.297968194204680435e+07
1.297965438105268963e+07
1.297967405196356028e+07
1.297967633248658106e+07
1.297966654106753320e+07
1.297967160713262111e+07
1.297968446083939262e+07
1.297966142725896277e+07
1.297966306038258970e+07
1.297968269659648649e+07
1.297966870149580948e+07
1.297966907797205076e+07
1.297967872774896771e+07
1.297967393747170828e+07
1.297965379569848441e+07
1.297968209346429817e+07
1.297967609262297116e+07
1.297966205104120448e+07
1.297968007489077561e+07
1.297967345005916804e+07
1.297966219892819226e+07
1.297966669661119580e+07
1.297968759665238671e+07
1.297966277576724626e+07
1.297967285723773763e+07
1.297968190803085826e+07
1.297966050542593002e+07
1.297966608121949621e+07
1.297968189249722473e+07
1.297967572578794882e+07
1.297966258761552908e+07
1.297968321101271361e+07
1.297966747888550907e+07
1.297966201631011441e+07
1.297967937927794829e+07
1.297968192906599119e+07
1.297966339300607517e+07
1.297967406111332960e+07
1.297968207346781902e+07
1.297965628626168706e+07
1.297967939004298113e+07
1.297968215643898398e+07
1.297966976319442876e+07
1.297966682091272622e+07
1.297968118438866176e+07
1.297966729244758002e+07
1.297966244246119075e+07
1.297969164415192418e+07
1.297966907872630283e+07
1.297966640218501352e+07
1.297967641991134733e+07
1.297967322378305532e+07
1.297966192432942241e+07
1.297968241084343567e+07
1.297968246536741778e+07
1.297966012513816543e+07
1.297967429581246525e+07
1.297967573789387196e+07
1.297966620485604741e+07
1.297967141806405410e+07
1.297968924151700176e+07
1.297966159179474600e+07
1.297966650330614857e+07
1.297968169615317509e+07
1.297966622990204394e+07
1.297967042320116982e+07
1.297968108751192316e+07
1.297967712214979157e+07
1.297965479459019564e+07
1.297968208464798704e+07
1.297967382820961438e+07
1.297966329132293910e+07
1.297968414662852511e+07
1.297967705599214137e+07
1.297966279184435122e+07
1.297966805118702725e+07
1.297968404970578104e+07
1.297966270574146323e+07
1.297967573890981451e+07
1.297968243493338488e+07
1.297966337035761029e+07
1.297966310071252845e+07
1.297968189363346621e+07
1.297967342639320903e+07
1.297966391730436310e+07
1.297968712964162230e+07
1.297966664914318360e+07
1.297966309161151759e+07
1.297967660056151636e+07
1.297968109095119871e+07
1.297966412156130560e+07
1.297967732542866841e+07
1.297968317994323000e+07
1.297965438655795902e+07
1.297967738821187243e+07
1.297967992992235348e+07
1.297966941062103957e+07
1.297967051198836043e+07
1.297968225634400174e+07
1.297966441983742267e+07
1.297966252124793269e+07
1.297968817577229068e+07
1.297967150450679287e+07
1.297966852811112255e+07
1.297967813744660094e+07
1.297967336847846769e+07
1.297965813372232579e+07
1.297968366781797446e+07
1.297968004297498241e+07
1.297966309284590557e+07
1.297967703494201973e+07
1.297967517450199090e+07
1.297966525965828076e+07
1.297966942024357431e+07
1.297969202569508925e+07
1.297966374594854005e+07
1.297967086094799265e+07
1.297968307452923059e+07
1.297966387067155726e+07
1.297967093303583935e+07
1.297968380426587909e+07
1.297967938626950793e+07
1.297966079374858923e+07
1.297968314108880237e+07
1.297967217024767026e+07
1.297966348258200847e+07
1.297968406592134759e+07
1.297968173781355657e+07
1.297966389737659320e+07
1.297967127271436341e+07
1.297968339384876192e+07
1.297966341702410020e+07
1.297968095948327705e+07
1.297968554638847150e+07
1.297967028948840499e+07
1.297966557495680265e+07
1.297968432550114766e+07
1.297967337548710965e+07
1.297966622920695879e+07
1.297969309533718042e+07
1.297966929776767269e+07
1.297966615264088474e+07
1.297967735250105523e+07
1.297967907518109865e+07
1.297966590683254413e+07
1.297968178600861691e+07
1.297968513119380921e+07
1.297965756958402880e+07
1.297967656456714123e+07
1.297967989877950028e+07
1.297967023703307845e+07
1.297967450722443499e+07
1.297968797973697446e+07
1.297966534987627156e+07
1.297966674245858379e+07
1.297968712333886884e+07
1.297967382664353959e+07
1.297967290204428323e+07
1.297968271757657453e+07
1.297967846377555467e+07
1.297965786908891611e+07
1.297968660527065396e+07
1.297968131183309108e+07
1.297966787045509741e+07
1.297968491487870179e+07
1.297967918240617029e+07
1.297966751853421144e+07
1.297967164287524484e+07
