1.297965143842425570e+07
1.297977554259624332e+07
1.297938945743745752e+07
1.297906687907634303e+07
1.297927671171127260e+07
1.297956057176315226e+07
1.297952163553013466e+07
1.297915123393624090e+07
1.297910698818151653e+07
1.297940310602025688e+07
1.297953980569488928e+07
1.297925889859066717e+07
1.297897062883196399e+07
1.297904358550738171e+07
1.297933976315509714e+07
1.297936727637247927e+07
1.297895550521874614e+07
1.297882569254819863e+07
1.297903411771721393e+07
1.297923698869207688e+07
1.297910736166848429e+07
1.297873017156426609e+07
1.297868458333551697e+07
1.297891605735595711e+07
1.297907754820345342e+07
1.297884548960283771e+07
1.297856359103895910e+07
1.297857805908166990e+07
1.297882505718978681e+07
1.297888876259327680e+07
1.297863532737371325e+07
1.297842703336440027e+07
1.297850928388063051e+07
1.297872866131639481e+07
1.297868841767538339e+07
1.297848123315176554e+07
1.297838045870082639e+07
1.297851832271116227e+07
1.297868274345916510e+07
1.297854647533618473e+07
1.297837800292896852e+07
1.297837175673936494e+07
1.297861971165712178e+07
1.297866057476046309e+07
1.297845242971493490e+07
1.297830185350241326e+07
1.297844065531429090e+07
1.297863766897909902e+07
1.297856063761311397e+07
1.297832641510495543e+07
1.297832093511954322e+07
1.297857567547929287e+07
1.297862925909351744e+07
1.297842000980778411e+07
1.297827667109642550e+07
1.297841488848399185e+07
1.297860212563832849e+07
1.297849227337238006e+07
1.297827769358492456e+07
1.297828618129214831e+07
1.297854195494433865e+07
1.297853977345764078e+07
1.297831292633752711e+07
1.297836205790031329e+07
1.297874209644919448e+07
1.297879739546816051e+07
1.297861939242609963e+07
1.297884771276561357e+07
1.297921769512751512e+07
1.297930902643251792e+07
1.297891649768749997e+07
1.297882179408127628e+07
1.297914571496402845e+07
1.297944674805722572e+07
1.297917538620046899e+07
1.297888292614590190e+07
1.297913615279450454e+07
1.297949223248205520e+07
1.297944645390663482e+07
1.297907024426033162e+07
1.297936896321258880e+07
1.297992058522266336e+07
1.298002835400622524e+07
1.297972613690582663e+07
1.297975364879076555e+07
1.298032698719218932e+07
1.298044326134212501e+07
1.298004686939292215e+07
1.297977274313919246e+07
1.298023197263462655e+07
1.298059163445474021e+07
1.298032324483119696e+07
1.297993328172056377e+07
1.298007279820955172e+07
1.298054609965402447e+07
1.298056018665018119e+07
1.298017282426878437e+07
1.298005517181256041e+07
1.298046731865725480e+07
1.298075547154404037e+07
1.298044161327487975e+07
1.298015453154063039e+07
1.298036850419607945e+07
1.298079724164242670e+07
1.298076289581766725e+07
1.298031898211926222e+07
1.298025669439444318e+07
1.298058119653928466e+07
1.298084704116943479e+07
1.298050450130611286e+07
1.298015836672163568e+07
1.298030847634457983e+07
1.298072197572890669e+07
1.298068294124302454e+07
1.298012311469808221e+07
1.298004153956139833e+07
1.298039936870647222e+07
1.298062353105843998e+07
1.298013697538280487e+07
1.297972893534860015e+07
1.298000744333738647e+07
1.298032546817103401e+07
1.298008238667877018e+07
1.297948718066694774e+07
1.297958330545899644e+07
1.297993916223504022e+07
1.297991530217106640e+07
1.297937129403938912e+07
1.297921941382431053e+07
1.297966490392450616e+07
1.297975190972374380e+07
1.297933241357585788e+07
1.297897799715496600e+07
1.297928652121646330e+07
1.297952897669035569e+07
1.297922156432582997e+07
1.297884079214161448e+07
1.297892608456465229e+07
1.297925958112160489e+07
1.297908140785186365e+07
1.297867886089674011e+07
1.297862083769155852e+07
1.297885575178661384e+07
1.297877953950613923e+07
1.297840812773100659e+07
1.297833442913257144e+07
1.297853952036098205e+07
1.297855689006178267e+07
1.297825705388612114e+07
1.297822392979626916e+07
1.297842713209337927e+07
1.297850784589744546e+07
1.297829231927776895e+07
1.297817800959591754e+07
1.297834228790072724e+07
1.297850648158826120e+07
1.297836171180482395e+07
1.297817998608616367e+07
1.297827219261006825e+07
1.297850131825910509e+07
1.297843297500452772e+07
1.297821191138937883e+07
1.297824185758454166e+07
1.297856440619491227e+07
1.297857456904752366e+07
1.297839206363643520e+07
1.297850061233984306e+07
1.297890889653586596e+07
1.297898777230685391e+07
1.297875400715432316e+07
1.297883132730862312e+07
1.297919629351195879e+07
1.297936500129768811e+07
1.297899565207822807e+07
1.297880419794389606e+07
1.297908490589206107e+07
1.297935547402785160e+07
1.297924485850431025e+07
1.297888246636984311e+07
1.297918511423263326e+07
1.297966475052560866e+07
1.297967345466365106e+07
1.297929606929485872e+07
1.297952260558683425e+07
1.298009516835923307e+07
1.298022583817926049e+07
1.297989178039318323e+07
1.297974888260964304e+07
1.298029503801580332e+07
1.298051004719896615e+07
1.298014472740096785e+07
1.297978529060791433e+07
1.298008893762092106e+07
1.298054180619089305e+07
1.298040983023647405e+07
1.298000000374617241e+07
1.297985783331009559e+07
1.298034907623892464e+07
1.298052619377331994e+07
1.298016412605136447e+07
1.297997214362348802e+07
1.298032948882093467e+07
1.298081542325534858e+07
1.298062649806181341e+07
1.298018600481443293e+07
1.298027083895906992e+07
1.298075346127922460e+07
1.298089213038430549e+07
1.298042711626903713e+07
1.298024234209501930e+07
1.298045777772258781e+07
1.298085323934428953e+07
1.298067359083333239e+07
1.298022356287540868e+07
1.298028591600354947e+07
1.298069980135487765e+07
1.298070979871642217e+07
1.298013769962302782e+07
1.297989236455446109e+07
1.298015185925952531e+07
1.298038812434675731e+07
1.297983397220364213e+07
1.297931874664413743e+07
1.297957512411995791e+07
1.297978282871877588e+07
1.297948817580004036e+07
1.297888006131566688e+07
1.297888934234580584e+07
1.297907195562112145e+07
1.297870226803512312e+07
1.297840818988731503e+07
1.297851848520167917e+07
1.297875578955335170e+07
1.297849614914885722e+07
1.297820342177218944e+07
1.297826886443091184e+07
1.297844390773112699e+07
1.297822676354406960e+07
1.297804258264922537e+07
1.297824914184318669e+07
1.297848228484429792e+07
1.297830391505079158e+07
1.297823390036012791e+07
1.297852553331072070e+07
1.297881882641330361e+07
1.297860529254906997e+07
1.297847003828843869e+07
1.297873350230530836e+07
1.297906278728492185e+07
1.297894589641089737e+07
1.297869232521652058e+07
1.297890809000071511e+07
1.297925206141181663e+07
1.297929569791176915e+07
1.297887678460005671e+07
1.297878116624011658e+07
1.297910674316676147e+07
1.297939782351479679e+07
1.297913030304591171e+07
1.297883425944956951e+07
1.297904580283544585e+07
1.297937433339339308e+07
1.297937091101349704e+07
1.297899652878556959e+07
1.297911857034701668e+07
1.297951938235523179e+07
1.297964625834539533e+07
1.297930630775088072e+07
1.297901851276350208e+07
1.297938403525508568e+07
1.297973050887078792e+07
1.297957360051430576e+07
1.297912504280251823e+07
1.297925065205571614e+07
1.297962954342626967e+07
1.297970524033974297e+07
1.297936613381946087e+07
1.297927519532858394e+07
1.297986324434873462e+07
1.298005252985541709e+07
1.297979214066744968e+07
1.297966333158930577e+07
1.298015347608808242e+07
1.298056587142551877e+07
1.298029578678278066e+07
1.297991285973892175e+07
1.298003270607206039e+07
1.298053207114200108e+07
1.298039102470185608e+07
1.297975438609971106e+07
1.297969680500526540e+07
1.298003470667728409e+07
1.298002769240859151e+07
1.297943625772506744e+07
1.297903752942063659e+07
1.297933995040276647e+07
1.297921728196904995e+07
1.297862292710409313e+07
1.297836865825852938e+07
1.297856550025222823e+07
1.297830998368054070e+07
1.297799639104223438e+07
1.297822130868890695e+07
1.297840663416716270e+07
1.297819844154674560e+07
1.297817874396466278e+07
1.297854771737543680e+07
1.297874672211637162e+07
1.297855436513577960e+07
1.297881684866851382e+07
1.297937899253748916e+07
1.297959513948581740e+07
1.297937265678258613e+07
1.297966897477146797e+07
1.298021832025351562e+07
1.298017024386808276e+07
1.297979431032617018e+07
1.297983064038259350e+07
1.298041493173916079e+07
1.298059300191494450e+07
1.298009966191513464e+07
1.297977642862018198e+07
1.298009116958925128e+07
1.298029593450491875e+07
1.297981594652940333e+07
1.297926038988293894e+07
1.297948569691753387e+07
1.297964782456764393e+07
1.297925950846356153e+07
1.297863588622213155e+07
1.297873516919026151e+07
1.297881063305511139e+07
1.297832149426148087e+07
1.297802294022700749e+07
1.297822946658305265e+07
1.297814785496768355e+07
1.297796159876416810e+07
1.297840509499221854e+07
1.297882192371132597e+07
1.297865370203698240e+07
1.297924278095390089e+07
1.297993093782861345e+07
1.298000970182565600e+07
1.297976638828007691e+07
1.297994514135344140e+07
1.298042282024083287e+07
1.298044125414403155e+07
1.297993574815627187e+07
1.297981413456390798e+07
1.298002670692955330e+07
1.298008182201874629e+07
1.297948860661028698e+07
1.297900256088994257e+07
1.297921191876546666e+07
1.297895340376425162e+07
1.297829951967634447e+07
1.297815901894720457e+07
1.297825294852857478e+07
1.297788395067619346e+07
1.297797177566816844e+07
1.297848924282388948e+07
1.297859154707058333e+07
1.297874075429830514e+07
1.297938529967310652e+07
1.297976808605248109e+07
1.297958373718568496e+07
1.297955434323011525e+07
1.298006345485399291e+07
1.298012863195719570e+07
1.297959377689784952e+07
1.297935650738456473e+07
1.297957653074351326e+07
1.297938870981003903e+07
1.297879088244667463e+07
1.297851995012138039e+07
1.297868498994672298e+07
1.297836025874430686e+07
1.297801846422571130e+07
1.297813905333446153e+07
1.297830469936920702e+07
1.297808335747823492e+07
1.297808147189303674e+07
1.297844424863271229e+07
1.297857117269388959e+07
1.297840408522952721e+07
1.297874220451463759e+07
1.297928369893176667e+07
1.297934528756525926e+07
1.297915634235025384e+07
1.297970598946066946e+07
1.298016064405046590e+07
1.297994659233398549e+07
1.297961201147636026e+07
1.297976840242155455e+07
1.298004230517463572e+07
1.297967355971659534e+07
1.297906123551060632e+07
1.297911408465686813e+07
1.297918737258040532e+07
1.297871246552048996e+07
1.297833785840787552e+07
1.297844789284377173e+07
1.297850976628755778e+07
1.297806693309151754e+07
1.297797186570521258e+07
1.297823106751112454e+07
1.297818636335382238e+07
1.297802103443005867e+07
1.297846170904270560e+07
1.297894932151249982e+07
1.297876337719215639e+07
1.297918256484365463e+07
1.297990478132517636e+07
1.297997592728696764e+07
1.297976162502412312e+07
1.297981474100282975e+07
1.298025317639788985e+07
1.298043093451731652e+07
1.297992397018404864e+07
1.297963339725872502e+07
1.297981567806278355e+07
1.297991966959764063e+07
1.297937505256417580e+07
1.297874365587759577e+07
1.297892972496787459e+07
1.297868232628357410e+07
1.297799978103460185e+07
1.297800015974267200e+07
1.297817008997670002e+07
1.297796349876486324e+07
1.297811185873612016e+07
1.297868712671183981e+07
1.297872088806568645e+07
1.297858074610035121e+07
1.297930540704787150e+07
1.297972235919910669e+07
1.297954850498834252e+07
1.297933493205853738e+07
1.297988487482723407e+07
1.298031720543708466e+07
1.298001345387811586e+07
1.297969097012581117e+07
1.297983170528369024e+07
1.298003982353932224e+07
1.297975574606611021e+07
1.297900580428050645e+07
1.297900391262928583e+07
1.297902286306655593e+07
1.297854054164203815e+07
1.297816734168281406e+07
1.297832965946119465e+07
1.297827554268154502e+07
1.297797396695773304e+07
1.297805097616389021e+07
1.297835467018584535e+07
1.297824921686444990e+07
1.297817156471561641e+07
1.297851680797429942e+07
1.297889408820932545e+07
1.297876313204469159e+07
1.297889501312099583e+07
1.297951679762723483e+07
1.297980823705006391e+07
1.297957881792838313e+07
1.297954353668874688e+07
1.298005956694182567e+07
1.298012299858743511e+07
1.297959070866103470e+07
1.297929137217765115e+07
1.297949954278706573e+07
1.297930370610175654e+07
1.297869496028739214e+07
1.297844107694311999e+07
1.297853111039115675e+07
1.297817445142487809e+07
1.297788561529154517e+07
1.297812856055430323e+07
1.297816877663956583e+07
1.297806497058914043e+07
1.297881431260573305e+07
1.297938193525616452e+07
1.297927348891640268e+07
1.297944418250289001e+07
1.298008576584097743e+07
1.298013394765068963e+07
1.297958205024372600e+07
1.297938104743377864e+07
1.297958370152941905e+07
1.297928038638233207e+07
1.297861693569684029e+07
1.297839166592306644e+07
1.297828971296741255e+07
1.297777479386473075e+07
1.297799511083240248e+07
1.297833860748216324e+07
1.297827691586009040e+07
1.297857961478561349e+07
1.297922086587001197e+07
1.297933622920158878e+07
1.297927219815899804e+07
1.297975054506230168e+07
1.298020037958940491e+07
1.297981370605081320e+07
1.297904939173385128e+07
1.297902712321422063e+07
1.297889453144842573e+07
1.297827761700691096e+07
1.297794784376672469e+07
1.297804609191355482e+07
1.297782657288397476e+07
1.297816136106559634e+07
1.297870439990605786e+07
1.297873981398232840e+07
1.297896807069187239e+07
1.297984510062147118e+07
1.298004861125676334e+07
1.297957666187678091e+07
1.297933894231710956e+07
1.297950067308754101e+07
1.297918664532902092e+07
1.297849108714890480e+07
1.297825863780975714e+07
1.297812016436876729e+07
1.297771464622732624e+07
1.297802444045163691e+07
1.297838195377451740e+07
1.297829756176216342e+07
1.297889011254038103e+07
1.297959932688572258e+07
1.297952510987537727e+07
1.297933289670251124e+07
1.297962432257780246e+07
1.297962416562336870e+07
1.297879140452646278e+07
1.297823200412172079e+07
1.297826430450466275e+07
1.297785078463417292e+07
1.297777883672198653e+07
1.297823334681125544e+07
1.297824525781615824e+07
1.297871311860260926e+07
1.297961301131640002e+07
1.297975160632888228e+07
1.297946380217645690e+07
1.297960555114928074e+07
1.297983119589921646e+07
1.297946646747610345e+07
1.297879490864520147e+07
1.297877854144653492e+07
1.297854130777899362e+07
1.297794465400148742e+07
1.297787255107076466e+07
1.297809964191815443e+07
1.297799397883787751e+07
1.297833811019535549e+07
1.297890298778224736e+07
1.297898009139468335e+07
1.297906039460794255e+07
1.297987621443197690e+07
1.298020631210675836e+07
1.297974418277350441e+07
1.297936838520809263e+07
1.297946558277080767e+07
1.297933998455305584e+07
1.297867579408219270e+07
1.297836970291691832e+07
1.297845267488708906e+07
1.297808307760107890e+07
1.297780120081600919e+07
1.297818249718901329e+07
1.297823762080598250e+07
1.297846877568529174e+07
1.297912318981208839e+07
1.297949378127373382e+07
1.297932421921741590e+07
1.297948770336441509e+07
1.298000890743014775e+07
1.297999100869280845e+07
1.297945027697627060e+07
1.297936198971830308e+07
1.297947883509947918e+07
1.297890477264109999e+07
1.297817859407618828e+07
1.297819379600702040e+07
1.297810317264274880e+07
1.297776497783462703e+07
1.297810218627429567e+07
1.297844736035912856e+07
1.297833835978805274e+07
1.297893286180236191e+07
1.297965301029900275e+07
1.297958204953136481e+07
1.297932668384987302e+07
1.297964564067552052e+07
1.297967198492250033e+07
1.297887838698589243e+07
1.297826225863372162e+07
1.297830593083379231e+07
1.297789148688694090e+07
1.297771353688671812e+07
1.297815128823379055e+07
1.297818762885537185e+07
1.297863649366227910e+07
1.297952690078999475e+07
1.297967814054631069e+07
1.297938686772742867e+07
1.297948050980045274e+07
1.297969038930208050e+07
1.297913525214875676e+07
1.297846154126621783e+07
1.297837880279526301e+07
1.297804768599052727e+07
1.297768285856469534e+07
1.297807140673819743e+07
1.297823470697585493e+07
1.297841589201030694e+07
1.297909144872563332e+07
1.297956679136091657e+07
1.297941034637854807e+07
1.297941072741169669e+07
1.297990314624530636e+07
1.297984823466481268e+07
1.297910367397775687e+07
1.297879860891962796e+07
1.297882540073533915e+07
1.297831082636285760e+07
1.297786783839796111e+07
1.297803602286053449e+07
1.297795913211510330e+07
1.297792872412565723e+07
1.297856714530252479e+07
1.297896181165330112e+07
1.297891820977030508e+07
1.297947478291796148e+07
1.298003545947561413e+07
1.297969693499878235e+07
1.297918836949949712e+07
1.297931162874096818e+07
1.297920301337596402e+07
1.297854737826637737e+07
1.297815898540259153e+07
1.297821983672114834e+07
1.297790690550750308e+07
1.297776162081487663e+07
1.297826242817794159e+07
1.297838080458513461e+07
1.297866194995179027e+07
1.297944730562923104e+07
1.297979445491614752e+07
1.297944919930456765e+07
1.297943373370539397e+07
1.297970118265077472e+07
1.297939383961076848e+07
1.297868577686367743e+07
1.297854539927357435e+07
1.297838418959658034e+07
1.297782884582663141e+07
1.297784321856969036e+07
1.297812080933986977e+07
1.297805970828586631e+07
1.297844452514435723e+07
1.297908989222396724e+07
1.297918969964344986e+07
1.297910820585464872e+07
1.297969286656994000e+07
1.297998909997926652e+07
1.297943444777224399e+07
1.297894898010267504e+07
1.297900949199733511e+07
1.297855994254119508e+07
1.297790202166907862e+07
1.297799221618104167e+07
1.297803183360297978e+07
1.297785291346920840e+07
1.297822566607114486e+07
1.297869675727551430e+07
1.297859990429117531e+07
1.297904602902057394e+07
1.297987420463859476e+07
1.297993174241741560e+07
1.297948170211328566e+07
1.297937615610723384e+07
1.297956293839518726e+07
1.297907016247367114e+07
1.297837874255379476e+07
1.297822279744205065e+07
1.297798991713795066e+07
1.297763698903669789e+07
1.297806486419908702e+07
1.297835207644746825e+07
1.297848051418923214e+07
1.297916132046685554e+07
1.297966577593687735e+07
1.297948861506273411e+07
1.297945847089213133e+07
1.297991952449248731e+07
1.297999896229145303e+07
1.297934562404564396e+07
1.297889406871227920e+07
1.297894788360056840e+07
1.297836421657977998e+07
1.297780964283845015e+07
1.297798290537853353e+07
1.297798959287766367e+07
1.297785910426511988e+07
1.297857881464027055e+07
1.297908042419566028e+07
1.297899666443783976e+07
1.297939261711754277e+07
1.297994841634325124e+07
1.297970525306976587e+07
1.297907887247141451e+07
1.297908787423583306e+07
1.297896681609015539e+07
1.297831989224434085e+07
1.297791463321319781e+07
1.297801119678477570e+07
1.297777247545406409e+07
1.297812011562430300e+07
1.297868326896110550e+07
1.297871564557369053e+07
1.297890480694292486e+07
1.297971070009172708e+07
1.297984892722578347e+07
1.297921451817579195e+07
1.297900776281547174e+07
1.297902888641013205e+07
1.297825133087146096e+07
1.297766486656664684e+07
1.297784158103659377e+07
1.297772206048763543e+07
1.297810193461650982e+07
1.297883819652939215e+07
1.297897501420134120e+07
1.297908742986587249e+07
1.297963841116647609e+07
1.297958234247160144e+07
1.297883032817242853e+07
1.297852512517404184e+07
1.297844495591343753e+07
1.297781997453066148e+07
1.297772577708928101e+07
1.297801222513870336e+07
1.297796034652414918e+07
1.297859763660997339e+07
1.297938543261425942e+07
1.297935419645953737e+07
1.297926643908693641e+07
1.297964765560089983e+07
1.297963515805672295e+07
1.297885079139909521e+07
1.297842640493066423e+07
1.297845677571763098e+07
1.297796048605873249e+07
1.297767189165056497e+07
1.297799438721253723e+07
1.297797997897223383e+07
1.297846713315232098e+07
1.297935417830744945e+07
1.297946521794979461e+07
1.297928017506439984e+07
1.297952786763711832e+07
1.297962369847127050e+07
1.297897391378949583e+07
1.297836724311748706e+07
1.297836073256056756e+07
1.297790017963397689e+07
1.297760870118911378e+07
1.297800978780828603e+07
1.297806594626517221e+07
1.297852624079688266e+07
1.297946950913828053e+07
1.297956576565798000e+07
1.297926507405461930e+07
1.297930758978391625e+07
1.297934409979219548e+07
1.297857564123096503e+07
1.297797737093798816e+07
1.297799904396327399e+07
1.297766182632406242e+07
1.297781956793010049e+07
1.297843156792773120e+07
1.297848682583721541e+07
1.297891696468125470e+07
1.297959937388021313e+07
1.297947282503103279e+07
1.297886666544371471e+07
1.297885168812187202e+07
1.297862825729395263e+07
1.297787268288283981e+07
1.297774831025543623e+07
1.297784820373580791e+07
1.297777380251231790e+07
1.297844104023998044e+07
1.297901727957339771e+07
1.297897107520171627e+07
1.297931738947817497e+07
1.297970898228462227e+07
1.297927433965110220e+07
1.297845470475322567e+07
1.297834944755931944e+07
1.297792679434094205e+07
1.297746662276376784e+07
1.297790251301430352e+07
1.297811460108834133e+07
1.297839200766365975e+07
1.297936294050989114e+07
1.297957570898537897e+07
1.297920819584637135e+07
1.297909243312036991e+07
1.297912992181194201e+07
1.297836952749759704e+07
1.297775027319107391e+07
1.297782787826711126e+07
1.297760487858398072e+07
1.297793906459704228e+07
1.297865883104425482e+07
1.297873697344102710e+07
1.297904239260180481e+07
1.297963524935612828e+07
1.297946008424483612e+07
1.297867113490541093e+07
1.297849242069495656e+07
1.297825354337366484e+07
1.297760995019138418e+07
1.297772778714243695e+07
1.297797252785641700e+07
1.297808768534070626e+07
1.297888440239063092e+07
1.297933252543774992e+07
1.297907000962872058e+07
1.297910923615229689e+07
1.297938140198277682e+07
1.297888195444551110e+07
1.297810799436273612e+07
1.297799238345238380e+07
1.297768712573597766e+07
1.297764227065523714e+07
1.297832276375365071e+07
1.297848936884750240e+07
1.297874018540902995e+07
1.297946909690253437e+07
1.297945939972290024e+07
1.297876534990535304e+07
1.297858927183718234e+07
1.297840273948211595e+07
1.297767239780494571e+07
1.297767181504102983e+07
1.297793702124590613e+07
1.297805567060413957e+07
1.297892367818123847e+07
1.297932956108188443e+07
1.297905604641423374e+07
1.297903980116807111e+07
1.297912587328529730e+07
1.297843058986418694e+07
1.297776185677032359e+07
1.297780508216023259e+07
1.297756673544416949e+07
1.297786400101517700e+07
1.297865619545534439e+07
1.297869899654045515e+07
1.297905431965501048e+07
1.297960304515722767e+07
1.297936017800154723e+07
1.297845973561347276e+07
1.297828502234939113e+07
1.297790453703536466e+07
1.297740053113439493e+07
1.297781037382433563e+07
1.297803179943423159e+07
1.297834312277615815e+07
1.297930562667556293e+07
1.297946188636866957e+07
1.297905283336796425e+07
1.297896794889559224e+07
1.297892264918642305e+07
1.297799903233614936e+07
1.297764801163214818e+07
1.297773070143478177e+07
1.297759058966205083e+07
1.297825680019171908e+07
1.297888617910795286e+07
1.297886516906420141e+07
1.297918906688178517e+07
1.297953911342879571e+07
1.297906794146796130e+07
1.297823965314727463e+07
1.297819055979895405e+07
1.297774172466550022e+07
1.297749706720828637e+07
1.297801095962725766e+07
1.297814380051624775e+07
1.297854354294818267e+07
1.297938871298225224e+07
1.297946269425117597e+07
1.297897554839162529e+07
1.297891100024936907e+07
1.297870361703564227e+07
1.297784832128923945e+07
1.297767694704111479e+07
1.297775271088161692e+07
1.297773894961162098e+07
1.297850069902770407e+07
1.297899695746808127e+07
1.297885794969321042e+07
1.297910313068950363e+07
1.297937033370843902e+07
1.297876432476770878e+07
1.297803173438567668e+07
1.297800753622120246e+07
1.297760381424957328e+07
1.297764065112465434e+07
1.297828212912257574e+07
1.297835921496818215e+07
1.297880701201989129e+07
1.297950713402757421e+07
1.297934687671928853e+07
1.297869355057888292e+07
1.297864358732297644e+07
1.297831733515042439e+07
1.297760066598048806e+07
1.297767774648791179e+07
1.297784455231204443e+07
1.297799175447085686e+07
1.297891194556602463e+07
1.297925540163449384e+07
1.297903524032555148e+07
1.297914079338908382e+07
1.297915623346944340e+07
1.297833725908265077e+07
1.297774117634922452e+07
1.297776754518545419e+07
1.297745629281975888e+07
1.297789814447113685e+07
1.297861886558097787e+07
1.297858751126455329e+07
1.297918421889818087e+07
1.297960070725780912e+07
1.297919564639538340e+07
1.297837762591032498e+07
1.297836780663887225e+07
1.297777297672476806e+07
1.297744744855742715e+07
1.297789746121188998e+07
1.297795261623002961e+07
1.297848647148945741e+07
1.297927846766072325e+07
1.297928077323302627e+07
1.297888134433414228e+07
1.297894090511321463e+07
1.297865432509260811e+07
1.297777188028297946e+07
1.297768055665518902e+07
1.297771827746452950e+07
1.297784130894726701e+07
1.297874262871196866e+07
1.297905952684965543e+07
1.297895054871083051e+07
1.297924305083562247e+07
1.297924852907058969e+07
1.297843480968185328e+07
1.297786791503945366e+07
1.297784679790655337e+07
1.297744566075864248e+07
1.297778681247475557e+07
1.297844373197449744e+07
1.297843125259525701e+07
1.297918048686670139e+07
1.297961382563482784e+07
1.297921221985346824e+07
1.297852303968010098e+07
1.297854431533628888e+07
1.297786909960897453e+07
1.297742562496673875e+07
1.297777755681070499e+07
1.297777845455030352e+07
1.297834353450141847e+07
1.297918267218357325e+07
1.297917221779518761e+07
1.297897773548852652e+07
1.297912708013365977e+07
1.297878587072633766e+07
1.297785564562333189e+07
1.297773543918764032e+07
1.297764957718503848e+07
1.297772583078197762e+07
1.297859695561409183e+07
1.297887518478680030e+07
1.297887973054884933e+07
1.297932719002742507e+07
1.297927624595773406e+07
1.297844235585653968e+07
1.297797038419757783e+07
1.297787579417739250e+07
1.297739937395978533e+07
1.297773499621907994e+07
1.297826295660991222e+07
1.297830891566936113e+07
1.297921953502491117e+07
1.297956094340546429e+07
