1.301414314579494298e+07
1.301415347644693404e+07
1.301415589691775292e+07
1.301415423757242784e+07
1.301415702600360103e+07
1.301413503164212406e+07
1.301412631307765655e+07
1.301413169047648087e+07
1.301411793952153064e+07
1.301412941578784212e+07
1.301414178581905551e+07
1.301413791672171280e+07
1.301415279041406885e+07
1.301416157740327902e+07
1.301414858765794896e+07
1.301415310561987944e+07
1.301414763856399059e+07
1.301412832300161198e+07
1.301412924585857987e+07
1.301412473029986769e+07
1.301412918032057770e+07
1.301414286095071211e+07
1.301415287620508485e+07
1.301415803932142816e+07
1.301415683875029348e+07
1.301416699628092907e+07
1.301414963012256101e+07
1.301413946707901731e+07
1.301414452676798590e+07
1.301412428472882509e+07
1.301413179392107762e+07
1.301414572778796218e+07
1.301413870192764141e+07
1.301415921903780848e+07
1.301417179711141251e+07
1.301415625911178440e+07
1.301416025594198331e+07
1.301414915015083924e+07
1.301413055894598179e+07
1.301412975754825585e+07
1.301412654907924496e+07
1.301412982131268084e+07
1.301413498162855767e+07
1.301414749556588940e+07
1.301415026498782635e+07
1.301415204749182425e+07
1.301416745132404938e+07
1.301415133245896548e+07
1.301414356084103696e+07
1.301414739511881024e+07
1.301411882395549119e+07
1.301412771146630310e+07
1.301413801520206407e+07
1.301413172286086716e+07
1.301415718738090433e+07
1.301416286960424669e+07
1.301415498761903495e+07
1.301415856784565002e+07
1.301414841141477041e+07
1.301413520972106047e+07
1.301412968954499252e+07
1.301412640608196892e+07
1.301412735785916820e+07
1.301412612376166321e+07
1.301414540195729770e+07
1.301414589616363682e+07
1.301414706633304246e+07
1.301417185508210212e+07
1.301414539501632191e+07
1.301414480935647525e+07
1.301414626114200428e+07
1.301411525268014334e+07
1.301412728958304971e+07
1.301412632627611980e+07
1.301412573982063681e+07
1.301414988922975399e+07
1.301415399995145015e+07
1.301416097943815403e+07
1.301415774490207620e+07
1.301415234861087054e+07
1.301414209069875255e+07
1.301412500286192819e+07
1.301412819312660582e+07
1.301412101546163671e+07
1.301411966462893039e+07
1.301414284043780528e+07
1.301413505088650808e+07
1.301414346852559596e+07
1.301416798706782795e+07
1.301413834459373914e+07
1.301414834508316033e+07
1.301413972216346487e+07
1.301411302687759697e+07
1.301412625918116793e+07
1.301411650670591556e+07
1.301412200154083781e+07
1.301413903870183416e+07
1.301414227358591184e+07
1.301415416996802762e+07
1.301414598419436440e+07
1.301415704411925934e+07
1.301414383678850904e+07
1.301412458034921438e+07
1.301413141163479351e+07
1.301411173647847958e+07
1.301411245203264989e+07
1.301413732484105416e+07
1.301412779972671345e+07
1.301414956083640456e+07
1.301416497851127386e+07
1.301414135372938775e+07
1.301415334665589035e+07
1.301413925616146065e+07
1.301412593735263497e+07
1.301412882423164323e+07
1.301411722141376883e+07
1.301412645607705042e+07
1.301412717354441248e+07
1.301413813091617450e+07
1.301414988762052357e+07
1.301413935943383537e+07
1.301416405079164542e+07
1.301414441919368133e+07
1.301412862886407226e+07
1.301413919077952392e+07
1.301410968876333535e+07
1.301411309480462037e+07
1.301412584436818585e+07
1.301411585310620070e+07
1.301414419715953618e+07
1.301415186652861908e+07
1.301414368796913698e+07
1.301415259579765983e+07
1.301413544007926434e+07
1.301413052503999695e+07
1.301412267048436031e+07
1.301411967549978010e+07
1.301412426251567341e+07
1.301411759715910442e+07
1.301414378696884774e+07
1.301414201643046550e+07
1.301413933981249295e+07
1.301417145631540567e+07
1.301414077373451553e+07
1.301413721733921953e+07
1.301414089855882898e+07
1.301410953725540824e+07
1.301412329905409925e+07
1.301412572153502516e+07
1.301412305724693462e+07
1.301414929172540084e+07
1.301415356163617224e+07
1.301416584414192662e+07
1.301416380374826491e+07
1.301415723825436085e+07
1.301415119229458645e+07
1.301412896372225136e+07
1.301413231060437299e+07
1.301412747725120001e+07
1.301411804142141342e+07
1.301414901144444384e+07
1.301414277871305309e+07
1.301414991443839483e+07
1.301417778183308616e+07
1.301414401212840155e+07
1.301415084020944871e+07
1.301414671675074659e+07
1.301412338837729208e+07
1.301413221227895468e+07
1.301412408133966289e+07
1.301413224149955809e+07
1.301414391034866124e+07
1.301415164820856042e+07
1.301416650195548683e+07
1.301416050822953694e+07
1.301417271561775357e+07
1.301416233162908070e+07
1.301413863178094290e+07
1.301415016217843443e+07
1.301413254956947081e+07
1.301413114070297219e+07
1.301415928811509348e+07
1.301414897406273894e+07
1.301416835633195005e+07
1.301418389089651406e+07
1.301415967125686817e+07
1.301416934929319099e+07
1.301415323889423348e+07
1.301414484977384098e+07
1.301414523151109368e+07
1.301413658165717684e+07
1.301414878744659200e+07
1.301414635908853076e+07
1.301415985177049227e+07
1.301417337207434513e+07
1.301416106349702552e+07
1.301418380956071056e+07
1.301416424981641583e+07
1.301414711363865994e+07
1.301415831909096986e+07
1.301413458018276840e+07
1.301413720623292960e+07
1.301415409641739726e+07
1.301414487687174790e+07
1.301416562995776162e+07
1.301417209585096687e+07
1.301416726995958015e+07
1.301417194949855842e+07
1.301416250452793576e+07
1.301415744570545852e+07
1.301414214073665440e+07
1.301413819572092406e+07
1.301414603016518429e+07
1.301413962690636329e+07
1.301416465880237147e+07
1.301416927353222668e+07
1.301416444689333253e+07
1.301419321382875182e+07
1.301417062277107872e+07
1.301416403073902801e+07
1.301417159266716242e+07
1.301415165648596175e+07
1.301415483809518069e+07
1.301415798805252090e+07
1.301415679899151437e+07
1.301417359466200136e+07
1.301418617567255348e+07
1.301419388763305545e+07
1.301419485448543169e+07
1.301419294057129323e+07
1.301418242105707154e+07
1.301416239741056599e+07
1.301416504791624099e+07
1.301416109529913589e+07
1.301415617892440222e+07
1.301418959196152724e+07
1.301418693597004563e+07
1.301419039733215421e+07
1.301421224912607670e+07
1.301418881566319615e+07
1.301418705640095472e+07
1.301418718945140392e+07
1.301416653063699044e+07
1.301416535453339666e+07
1.301416863379061781e+07
1.301417032602124847e+07
1.301417656185826100e+07
1.301418784002697654e+07
1.301419384008847550e+07
1.301419230750723369e+07
1.301419872746537812e+07
1.301418691402655654e+07
1.301416697368554957e+07
1.301417324567345716e+07
1.301416273077354953e+07
1.301415699773753248e+07
1.301418365580118261e+07
1.301417886726745404e+07
1.301418944427875616e+07
1.301420708261075430e+07
1.301419105300517008e+07
1.301419162813023478e+07
1.301419139069679752e+07
1.301417640834380314e+07
1.301417104211963713e+07
1.301417034098208882e+07
1.301417267825438455e+07
1.301417223690296710e+07
1.301418878175612353e+07
1.301419392827532813e+07
1.301419388364130445e+07
1.301420418692625873e+07
1.301419421162996814e+07
1.301418082554175332e+07
1.301418752563441545e+07
1.301417576051747426e+07
1.301416948953267373e+07
1.301418858074303158e+07
1.301418562725505792e+07
1.301419410108258016e+07
1.301421176780615188e+07
1.301420114097931795e+07
1.301420019103760831e+07
1.301419583993986994e+07
1.301418056325642020e+07
1.301417384277336113e+07
1.301416938611491397e+07
1.301417387771305069e+07
1.301417749246072955e+07
1.301419493099444546e+07
1.301419958990453556e+07
1.301419588020509109e+07
1.301420685332014412e+07
1.301419932341624610e+07
1.301418681453095563e+07
1.301419337966358848e+07
1.301418288158214465e+07
1.301417408624786884e+07
1.301418677002094314e+07
1.301418354837783612e+07
1.301419268031504564e+07
1.301421708294678107e+07
1.301421180047892407e+07
1.301421682716637477e+07
1.301421612123146839e+07
1.301420222026089765e+07
1.301419263020838238e+07
1.301418568697074987e+07
1.301418742306292616e+07
1.301418502216734737e+07
1.301420298915213533e+07
1.301421100920795836e+07
1.301420590139954910e+07
1.301422749289728515e+07
1.301421739791059867e+07
1.301420184580103122e+07
1.301420614414457045e+07
1.301418965207006969e+07
1.301418054757262021e+07
1.301419294998308271e+07
1.301418661327456869e+07
1.301419396491200104e+07
1.301421419249551930e+07
1.301420967026921548e+07
1.301421355364018306e+07
1.301421098790346459e+07
1.301420169524058513e+07
1.301418867170697264e+07
1.301418321780303121e+07
1.301418339810525440e+07
1.301417150618303381e+07
1.301418842566905171e+07
1.301419940363255143e+07
1.301419235800527781e+07
1.301421817888537608e+07
1.301420955674740486e+07
1.301419487777143344e+07
1.301420196397215128e+07
1.301417773452349566e+07
1.301417058187010325e+07
1.301417776379955746e+07
1.301417149333123118e+07
1.301418584996533394e+07
1.301420027430298366e+07
1.301420191965796798e+07
1.301420728811466694e+07
1.301420191121734865e+07
1.301420021565485932e+07
1.301418110257283598e+07
1.301417849624203146e+07
1.301417926213408634e+07
1.301415921728608385e+07
1.301418032835575566e+07
1.301418610821612738e+07
1.301418381261189468e+07
1.301421474639378116e+07
1.301420024605813622e+07
1.301419898409736529e+07
1.301420391357330233e+07
1.301418045272796974e+07
1.301417689500829391e+07
1.301417356157797948e+07
1.301417413682128116e+07
1.301418467884828709e+07
1.301419215071492083e+07
1.301420489210670255e+07
1.301420134747197852e+07
1.301420168431121856e+07
1.301420408430931717e+07
1.301417959244272299e+07
1.301418415123010427e+07
1.301417826202692464e+07
1.301415848617575876e+07
1.301418644230782427e+07
1.301417878395380639e+07
1.301418685437615216e+07
1.301421928171598725e+07
1.301420070154002309e+07
1.301420846369669959e+07
1.301420576066970080e+07
1.301418894991865195e+07
1.301418307518971153e+07
1.301416941182541102e+07
1.301417538258881867e+07
1.301417393305097520e+07
1.301418644503814913e+07
1.301420320915238559e+07
1.301419602307547070e+07
1.301421234878398292e+07
1.301421221117770486e+07
1.301418376507004909e+07
1.301419506016131863e+07
1.301418026454849727e+07
1.301416558583777025e+07
1.301419014956369065e+07
1.301417875608142652e+07
1.301419494692647085e+07
1.301421496754919179e+07
1.301420306386402249e+07
1.301421599547263049e+07
1.301420261779834889e+07
1.301420230319779180e+07
1.301419517210190371e+07
1.301418413055439480e+07
1.301419434777362458e+07
1.301417718445239961e+07
1.301419331980017573e+07
1.301421252388776653e+07
1.301420001420316286e+07
1.301423194767644443e+07
1.301422672028046474e+07
1.301420603541197814e+07
1.301421869094257988e+07
1.301419169153972715e+07
1.301418567744672857e+07
1.301419675769463368e+07
1.301418497124735080e+07
1.301420367994216271e+07
1.301421474268957041e+07
1.301421621170252934e+07
1.301422272247698344e+07
1.301421112357585132e+07
1.301421972549318522e+07
1.301419762692430243e+07
1.301419117856661417e+07
1.301420034775117598e+07
1.301417471809236147e+07
1.301419712027012929e+07
1.301420234833225980e+07
1.301419488353450224e+07
1.301423138515008613e+07
1.301421541008101776e+07
1.301421095487062819e+07
1.301421611317808181e+07
1.301419091167495586e+07
1.301418448348041624e+07
1.301417957136504725e+07
1.301417747804544121e+07
1.301418613264829479e+07
1.301419335792576522e+07
1.301421178554713167e+07
1.301421129857525788e+07
1.301421367301846296e+07
1.301422204928501509e+07
1.301418719373853505e+07
1.301418919991526194e+07
1.301418446637745760e+07
1.301416009632242098e+07
1.301419352518905699e+07
1.301418872675053030e+07
1.301419199341415986e+07
1.301422179479685985e+07
1.301420534163241275e+07
1.301421089312545210e+07
1.301421060211628489e+07
1.301419738308822736e+07
1.301419104828990623e+07
1.301417795210288092e+07
1.301418313524814323e+07
1.301418007011425868e+07
1.301418826287785359e+07
1.301421009019109420e+07
1.301419875701751374e+07
1.301421325744150206e+07
1.301421711022151634e+07
1.301418347935763747e+07
1.301419557400267012e+07
1.301418065747942589e+07
1.301416384716086090e+07
1.301418940972734056e+07
1.301418109517458081e+07
1.301419469822026417e+07
1.301421121773337014e+07
1.301420375439971313e+07
1.301421373612299562e+07
1.301420176942987368e+07
1.301420433956237510e+07
1.301418618875932321e+07
1.301417398980627954e+07
1.301418738001441024e+07
1.301417357929313183e+07
1.301418952270893008e+07
1.301420901623195224e+07
1.301419821579024196e+07
1.301422388958747499e+07
1.301422364917580411e+07
1.301420194432631694e+07
1.301420835024126247e+07
1.301418887881504185e+07
1.301417955121702328e+07
1.301418806930719316e+07
1.301417790302083455e+07
1.301419221553328075e+07
1.301420125517086312e+07
1.301421116702021100e+07
1.301421688077480905e+07
1.301420755988998711e+07
1.301421901290790550e+07
1.301419833916980587e+07
1.301419105337648839e+07
1.301419936543194577e+07
1.301417625037456676e+07
1.301419829461090453e+07
1.301420528575778380e+07
1.301419826701480709e+07
1.301422396879426390e+07
1.301421654567806982e+07
1.301420932399680279e+07
1.301421360368278436e+07
1.301419866860324517e+07
1.301418996832159348e+07
1.301418947953248210e+07
1.301418770581072569e+07
1.301419657093400694e+07
1.301420474781097285e+07
1.301422143962366506e+07
1.301422478312096931e+07
1.301422400111640058e+07
1.301423093019828573e+07
1.301420201752837747e+07
1.301420198105735146e+07
1.301420260769643821e+07
1.301418112852934375e+07
1.301420468041166477e+07
1.301420482783916965e+07
1.301420354378772900e+07
1.301422617489665002e+07
1.301422183583914116e+07
1.301422169983649813e+07
1.301422058183994889e+07
1.301421561875484884e+07
1.301420091742636450e+07
1.301419250118429959e+07
1.301419317615690455e+07
1.301419020145576261e+07
1.301420182016669773e+07
1.301422191877563484e+07
1.301421898678861745e+07
1.301422807959450595e+07
1.301423363214026764e+07
1.301420535204718821e+07
1.301420643419700675e+07
1.301419838155238330e+07
1.301418189210539684e+07
1.301420128406275064e+07
1.301420271160384826e+07
1.301420627568327077e+07
1.301422444650069252e+07
1.301422525934847817e+07
1.301422517129987851e+07
1.301422452833856829e+07
1.301421868053822406e+07
1.301420247466737404e+07
1.301419487987440452e+07
1.301419998140922561e+07
1.301419472756635025e+07
1.301420800270373374e+07
1.301422358746795729e+07
1.301422167646214366e+07
1.301423346747652814e+07
1.301423945407555625e+07
1.301421777255508676e+07
1.301421934823884442e+07
1.301421150529436395e+07
1.301419267935597338e+07
1.301420196728388406e+07
1.301420290045588091e+07
1.301420587807798013e+07
1.301422574106727540e+07
1.301423009544909000e+07
1.301423180060825869e+07
1.301423046777543612e+07
1.301422972567201592e+07
1.301421065811128728e+07
1.301420185495232232e+07
1.301420653706532530e+07
1.301419977613218129e+07
1.301421026840322092e+07
1.301422216895016655e+07
1.301421755816019326e+07
1.301422795311224833e+07
1.301423484422384202e+07
1.301421679188144952e+07
1.301421942745509185e+07
1.301421414868159406e+07
1.301419259605358727e+07
1.301420060914201476e+07
1.301419653649498709e+07
1.301420121097131819e+07
1.301421737179003283e+07
1.301422676313357614e+07
1.301422860631848499e+07
1.301422689865860343e+07
1.301422934478963166e+07
1.301420993083005771e+07
1.301419884461087920e+07
1.301420607492447644e+07
1.301419479308445379e+07
1.301420303961254098e+07
1.301421466765776463e+07
1.301420924422146752e+07
1.301422435227384418e+07
1.301423264002335258e+07
1.301421997149156965e+07
1.301422492717202194e+07
1.301421793754564039e+07
1.301419610734792799e+07
1.301419874527413398e+07
1.301419407815152407e+07
1.301419807419860363e+07
1.301421114202237129e+07
1.301421988965471834e+07
1.301422609255450219e+07
1.301422528278926946e+07
1.301423318626203947e+07
1.301421655155668780e+07
1.301420498600335047e+07
1.301421004733212851e+07
1.301418688395164907e+07
1.301419552115317993e+07
1.301421061353810504e+07
1.301420494147559628e+07
1.301422954642559402e+07
1.301424022655450553e+07
1.301422649930047616e+07
1.301423531046899222e+07
1.301422138042138517e+07
1.301420602662528120e+07
1.301420790446948260e+07
1.301420089121824875e+07
1.301420532151028141e+07
1.301421215494221263e+07
1.301422559787466004e+07
1.301423014380452037e+07
1.301422787253879197e+07
1.301424386579838209e+07
1.301422342971666344e+07
1.301421760400429554e+07
1.301422111833217181e+07
1.301419226919020340e+07
1.301420599270043895e+07
1.301421393887362070e+07
1.301421074390831590e+07
1.301423719533385336e+07
1.301424239500715211e+07
1.301423897277777828e+07
1.301424287070837244e+07
1.301423054153091274e+07
1.301422000044223294e+07
1.301421138319439255e+07
1.301421326123902388e+07
1.301421421732763201e+07
1.301421529361080937e+07
1.301423558388308622e+07
1.301423498834940791e+07
1.301423764041762240e+07
1.301425997823945992e+07
1.301423147963466868e+07
1.301423535234419629e+07
1.301423404010328650e+07
1.301420605168872140e+07
1.301422259248533472e+07
1.301421716902336106e+07
1.301421947355311923e+07
1.301424656880661659e+07
1.301424556709361263e+07
1.301425658181772940e+07
1.301425386332877353e+07
1.301425243408468552e+07
1.301424412906697579e+07
1.301422439397682808e+07
1.301423138395608403e+07
1.301422319398784824e+07
1.301422459155847132e+07
1.301424936667451821e+07
1.301424279548911005e+07
1.301425547587320581e+07
1.301427371288159490e+07
1.301424372013383545e+07
1.301425262144896016e+07
1.301424281200475618e+07
1.301422333133240044e+07
1.301423487158102728e+07
1.301422540854285285e+07
1.301423598006559163e+07
1.301424905056798086e+07
1.301425272951941006e+07
1.301426747579007223e+07
1.301425985562102497e+07
1.301427703555146419e+07
1.301426269859854132e+07
1.301424381762319244e+07
1.301425345074553229e+07
1.301423061377234012e+07
1.301423547861112840e+07
1.301425509028339572e+07
1.301424201037514582e+07
1.301426758692418970e+07
1.301427913159499131e+07
1.301425838366321847e+07
1.301426994616389647e+07
1.301425254778139852e+07
1.301424096072139032e+07
1.301423974272886291e+07
1.301423173992947489e+07
1.301424579310866073e+07
1.301424424470023625e+07
1.301425610223389417e+07
1.301426769123195484e+07
1.301425751902930811e+07
1.301428453138176352e+07
1.301426029663730785e+07
1.301424907920410484e+07
1.301425794227737002e+07
1.301422201307684369e+07
1.301423318171054125e+07
1.301423938954457082e+07
1.301422868113704585e+07
1.301425801880171709e+07
1.301426416355162673e+07
1.301426120548561774e+07
1.301426578331128508e+07
1.301425220731052570e+07
1.301424791962957382e+07
1.301423448217963614e+07
1.301423126382022910e+07
1.301423602628033236e+07
1.301423150411582738e+07
1.301425860305947997e+07
1.301425880963355117e+07
1.301425776576276124e+07
1.301428760035630502e+07
1.301425259299659729e+07
1.301425361274422705e+07
1.301425692288701236e+07
1.301422720849866979e+07
1.301424235008147173e+07
1.301423795039581694e+07
1.301423430639137886e+07
1.301425461742572114e+07
1.301425636013356969e+07
1.301426592831497453e+07
1.301426055766427517e+07
1.301426002783369832e+07
1.301425066622663103e+07
1.301422588474805839e+07
1.301423434869774617e+07
1.301422578188005276e+07
1.301421869647534750e+07
1.301425321062753722e+07
1.301424394382736087e+07
1.301425577778427489e+07
1.301427802227259427e+07
1.301424592653786018e+07
1.301425598637055233e+07
1.301424436300786212e+07
1.301422445354578830e+07
1.301423385122809559e+07
1.301422392550161108e+07
1.301423290044351481e+07
1.301423988793552294e+07
1.301424758880029619e+07
1.301426187944173440e+07
1.301425300334093906e+07
1.301426447506627627e+07
1.301425122007911652e+07
1.301422793236499652e+07
1.301424066126936115e+07
1.301421822953137569e+07
1.301422160038227215e+07
1.301424564158873819e+07
1.301423340252843313e+07
1.301425318907822296e+07
1.301426287994313054e+07
1.301424269687695429e+07
1.301425070790116861e+07
1.301423777607480623e+07
1.301422621600548737e+07
1.301422317127596587e+07
1.301421354187765159e+07
1.301422005459780991e+07
1.301421877738296613e+07
1.301423725086224265e+07
1.301424307394088060e+07
1.301423555723924749e+07
1.301425960316418856e+07
1.301423988423142396e+07
1.301422704675912298e+07
1.301423790000136569e+07
1.301421851868707687e+07
1.301422057743146829e+07
1.301423392609610409e+07
1.301422768649244867e+07
1.301424892636766657e+07
1.301425907126771845e+07
1.301425538323372789e+07
1.301425960206490569e+07
1.301424964948689379e+07
1.301423989176876843e+07
1.301422636818601936e+07
1.301422482354511321e+07
1.301422948444368131e+07
1.301422339609953016e+07
1.301425318143980205e+07
1.301425666413866915e+07
1.301425417193457484e+07
1.301427779944161512e+07
1.301425363481565937e+07
1.301425101824565046e+07
1.301425544411706552e+07
1.301423585031489469e+07
1.301423859325519018e+07
1.301424215835125186e+07
1.301423866315039806e+07
1.301425019855516963e+07
1.301425974152779393e+07
1.301426482456523553e+07
1.301426148758451641e+07
1.301426368136605248e+07
1.301425074031428993e+07
1.301423279233966582e+07
1.301423552889251895e+07
1.301423141656259261e+07
1.301422764052581042e+07
1.301425263351919129e+07
1.301425062132681906e+07
1.301425412312483601e+07
1.301427336137638800e+07
1.301425345446529612e+07
1.301425192838407122e+07
1.301425272865054943e+07
1.301423405612854473e+07
1.301423444052033126e+07
1.301423269893165678e+07
1.301423476486623473e+07
1.301424511785840988e+07
1.301426015988224559e+07
1.301426431966722943e+07
1.301426334393919632e+07
1.301427086217749491e+07
1.301426096201593243e+07
1.301424361579534598e+07
1.301424788932980970e+07
1.301423826089176722e+07
1.301423473099911027e+07
1.301425581163577735e+07
1.301424963914106600e+07
1.301426016302762553e+07
1.301427878375282884e+07
1.301426425546017475e+07
1.301426239720408246e+07
1.301426004437100329e+07
1.301424080465135910e+07
1.301423644917914271e+07
1.301423672039210051e+07
1.301423867961505428e+07
1.301424325404379331e+07
1.301426075479741581e+07
1.301426264393017627e+07
1.301426187280911580e+07
1.301427247129640914e+07
1.301426133347493038e+07
1.301424817754889652e+07
1.301424946511197463e+07
1.301424143809037469e+07
1.301423513877628371e+07
1.301424963646166772e+07
1.301424719972544350e+07
1.301425407983800396e+07
1.301427736686811782e+07
1.301426696859013103e+07
1.301426689975534193e+07
1.301426666457998753e+07
1.301424912897971645e+07
1.301424033852350339e+07
1.301423545930887945e+07
1.301423759583971836e+07
1.301424312772478163e+07
1.301426195116534829e+07
1.301426748182155192e+07
1.301426512844902091e+07
1.301427744773395173e+07
1.301426838842726871e+07
1.301425355005543120e+07
1.301425779305616580e+07
1.301424743297058344e+07
1.301424094981465489e+07
1.301425435415017046e+07
1.301424968152242526e+07
1.301425860415334068e+07
1.301428120098432899e+07
1.301427169120450132e+07
1.301427788531307131e+07
1.301427638545739651e+07
1.301426449449765868e+07
1.301425951980079152e+07
1.301425302781586535e+07
1.301425599986490235e+07
1.301425416839359887e+07
1.301427086986802705e+07
1.301428072120637819e+07
1.301427781081143394e+07
1.301429579684735090e+07
1.301428564376822300e+07
1.301426779441700876e+07
1.301427421583588421e+07
1.301425427898613364e+07
1.301424597192649916e+07
1.301425862371650524e+07
1.301425195837884210e+07
1.301426422756722756e+07
1.301428262211894244e+07
1.301427800990641862e+07
1.301428109801558591e+07
1.301427597849497013e+07
1.301426864385308884e+07
1.301425568222468346e+07
1.301425078975187615e+07
1.301425246679727174e+07
1.301424047015760094e+07
1.301425930945269018e+07
1.301426433432886191e+07
1.301426111250245944e+07
1.301429122558234446e+07
1.301428032355855778e+07
1.301426935889624618e+07
1.301427694111334905e+07
1.301424960532179475e+07
1.301424375919091329e+07
1.301424971602784097e+07
1.301424404350493662e+07
1.301425552170281298e+07
1.301426851709229872e+07
1.301427106343327090e+07
1.301427604278086871e+07
1.301427368783003278e+07
1.301427279354578070e+07
1.301425252157174423e+07
1.301425149648209289e+07
1.301425297819221765e+07
1.301423522487313859e+07
1.301426266928319447e+07
1.301426263618304394e+07
1.301426098866180889e+07
1.301429252750976942e+07
1.301427659245072864e+07
1.301427269113534316e+07
1.301427396302849986e+07
1.301424883106235601e+07
1.301424742700456642e+07
1.301424109666504152e+07
1.301424212447693944e+07
1.301425283819412999e+07
1.301426102518271096e+07
1.301427346573887393e+07
1.301426913128137775e+07
1.301427370124646276e+07
1.301427372538230941e+07
1.301424596535510756e+07
1.301425180870036222e+07
1.301424174625032209e+07
1.301422371334875561e+07
1.301424921443258971e+07
1.301423937261368334e+07
1.301424686754000746e+07
1.301427523093008064e+07
1.301425639548349567e+07
1.301426392194673419e+07
1.301426004688749835e+07
1.301424468453297578e+07
1.301424199185658991e+07
1.301422900044610165e+07
1.301423809084607288e+07
1.301423628848831542e+07
1.301424718469566666e+07
1.301426607837915421e+07
1.301425583631508052e+07
1.301427717348850332e+07
1.301427540914739482e+07
1.301424785277885199e+07
1.301425462907205336e+07
1.301423395127777383e+07
1.301422132792472281e+07
1.301424104529666901e+07
1.301422817391305417e+07
1.301424450693238899e+07
1.301426235131975636e+07
1.301424913406342082e+07
1.301426073744414374e+07
1.301424914592515305e+07
1.301424779705761001e+07
1.301423614617775939e+07
1.301422310434381850e+07
1.301423281224684417e+07
1.301421505814938620e+07
1.301423126375053264e+07
1.301425092113204859e+07
1.301423980094740912e+07
1.301427579491358064e+07
1.301426363481870107e+07
1.301424618671647459e+07
