0.000000000000000000e+00
6.288594343402576392e+00
1.257727385405572207e+01
1.886593126399981912e+01
2.515450547969737372e+01
3.144312855640978199e+01
3.773181295785875022e+01
4.402044423874117030e+01
5.030901730679388351e+01
5.659766630911465768e+01
6.288635125724425734e+01
6.917495617423477938e+01
7.546353864285654822e+01
8.175220661381821685e+01
8.804088087783316041e+01
9.432946789198666693e+01
1.006180691356097299e+02
1.069067481534942772e+02
1.131953970212057783e+02
1.194839693023239704e+02
1.257725987624275490e+02
1.320612892406244043e+02
1.383499134084693765e+02
1.446384870013935426e+02
1.509271378925939189e+02
1.572158221614545255e+02
1.635044231178106884e+02
1.697930102632859644e+02
1.760816813910481358e+02
1.823703476642621411e+02
1.886589294983212142e+02
1.949475380312279356e+02
2.012362247584731563e+02
2.075248681788178260e+02
2.138134396742621846e+02
2.201020716934262396e+02
2.263907610154894883e+02
2.326793815398429786e+02
2.389679581531173369e+02
2.452566147160522689e+02
2.515452914100698649e+02
2.578338870719562692e+02
2.641224795924497926e+02
2.704111579621520605e+02
2.766998182097564154e+02
2.829883951889249261e+02
2.892770089722127409e+02
2.955656958863279442e+02
3.018543339053250065e+02
3.081429050334824638e+02
3.144315470655212152e+02
3.207202298915556185e+02
3.270088443500678750e+02
3.332974250990715746e+02
3.395860854946208747e+02
3.458747632427052849e+02
3.521633709413991369e+02
3.584519586237972248e+02
3.647406291071624196e+02
3.710293056959450269e+02
3.773179049998252594e+02
3.836065034370108151e+02
3.898951768854445277e+02
3.961838691492285420e+02
4.024724815567724363e+02
4.087610765620887605e+02
4.150497383014560455e+02
4.213384323215893801e+02
4.276270700254474946e+02
4.339156582553900421e+02
4.402042957135669781e+02
4.464929802597529260e+02
4.527816149630089058e+02
4.590701914050478649e+02
4.653588357819552925e+02
4.716475185285955263e+02
4.779361347216797071e+02
4.842247145165570714e+02
4.905133705414771157e+02
4.968020506223570578e+02
5.030906541816809749e+02
5.093792406759775986e+02
5.156679070094239705e+02
5.219565859745777061e+02
5.282451951750289254e+02
5.345337902748226497e+02
5.408224629929882212e+02
5.471111510153466497e+02
5.533997641746345835e+02
5.596883596350832022e+02
5.659770194012957063e+02
5.722657061345289549e+02
5.785543344492591586e+02
5.848429245468331601e+02
5.911315708959724589e+02
5.974202714662595781e+02
6.037089245377724183e+02
6.099975201518997210e+02
6.162861438887948680e+02
6.225748313596603793e+02
6.288635118114137867e+02
6.351521250759883515e+02
6.414407171475294263e+02
6.477293905140534207e+02
6.540180831498396401e+02
6.603067199366502109e+02
6.665953121233262664e+02
6.728839566930307683e+02
6.791726506279875366e+02
6.854613164638748231e+02
6.917499039894180441e+02
6.980385238806262578e+02
7.043272106011849019e+02
7.106158926390734223e+02
7.169045024453424730e+02
7.231930909403005217e+02
7.294817616093072274e+02
7.357704411803700850e+02
7.420590548792393975e+02
7.483476522206136679e+02
7.546363147945712626e+02
7.609250000800469707e+02
7.672136047894451849e+02
7.735021875585046018e+02
7.797908545602757613e+02
7.860795275880066129e+02
7.923681131229477614e+02
7.986567160762913318e+02
8.049453960145483506e+02
8.112340452340864658e+02
8.175226180768133872e+02
8.238112474276742887e+02
8.300999369432286130e+02
8.363885607474553581e+02
8.426771341910852016e+02
8.489657856166951433e+02
8.552544691752747212e+02
8.615430696999903830e+02
8.678316559897972411e+02
8.741203284421125090e+02
8.804089903208764554e+02
8.866975722270229880e+02
8.929861828368715351e+02
8.992748685642636701e+02
9.055635124417257202e+02
9.118520830516254136e+02
9.181407162266974638e+02
9.244294046422320434e+02
9.307180221785663434e+02
9.370065991682845379e+02
9.432952582721886756e+02
9.495839354791964979e+02
9.558725316275798605e+02
9.621611217426631129e+02
9.684498004828228659e+02
9.747384590985228670e+02
9.810270376818175464e+02
9.873156492336333940e+02
9.936043365381734702e+02
9.998929792571327653e+02
1.006181550685284378e+03
1.012470183961173007e+03
1.018758872874073404e+03
1.025047492185104375e+03
1.031336067959171032e+03
1.037624725371730847e+03
1.043913402128929192e+03
1.050201998798147542e+03
1.056490591113622941e+03
1.062779263926450767e+03
1.069067931731245835e+03
1.075356518662096960e+03
1.081645125108801267e+03
1.087933803621403968e+03
1.094222465034130209e+03
1.100511043594941839e+03
1.106799658943319400e+03
1.113088347084205679e+03
1.119376995976548187e+03
1.125665577405309932e+03
1.131954202987577446e+03
1.138242889861221329e+03
1.144531531155768789e+03
1.150820104720006384e+03
1.157108736032638717e+03
1.163397425527211681e+03
1.169686050372907403e+03
1.175974622922750541e+03
1.182263272085814378e+03
1.188551960151816047e+03
1.194840594009993083e+03
1.201129180353389074e+03
1.207417827602235775e+03
1.213706521000837711e+03
1.219995159197743988e+03
1.226283741239623851e+03
1.232572383903590207e+03
1.238861072764729670e+03
1.245149714689914617e+03
1.251438287589547826e+03
1.257726922749612868e+03
1.264015615769932083e+03
1.270304267895077373e+03
1.276592852460982613e+03
1.282881482451703505e+03
1.289170174867927244e+03
1.295458831287837256e+03
1.301747416993378692e+03
1.308036041883665348e+03
1.314324726537928427e+03
1.320613394585428750e+03
1.326901992298061032e+03
1.333190598181707401e+03
1.339479281598441503e+03
1.345767957556260171e+03
1.352056550076825488e+03
1.358345153229807920e+03
1.364633835864836556e+03
1.370922512978173700e+03
1.377211108864883499e+03
1.383499714085377718e+03
1.389788389267750063e+03
1.396077069713415540e+03
1.402365678130920969e+03
1.408654268028498564e+03
1.414942938610046895e+03
1.421231626993451528e+03
1.427520254018897958e+03
1.433808837735500447e+03
1.440097490402009953e+03
1.446386182337669879e+03
1.452674814830701962e+03
1.458963392615356270e+03
1.465252046295370519e+03
1.471540739619111719e+03
1.477829375480858744e+03
1.484117964167307719e+03
1.490406603859032657e+03
1.496695295714972872e+03
1.502983944828753692e+03
1.509272531784174362e+03
1.515561161941458749e+03
1.521849854480730755e+03
1.528138511529219159e+03
1.534427100325497349e+03
1.540715718561345057e+03
1.547004409090142644e+03
1.553293076439542574e+03
1.559581669906787283e+03
1.565870282048041872e+03
1.572158968380832221e+03
1.578447640398485191e+03
1.584736240593018010e+03
1.591024841921096595e+03
1.597313522335937250e+03
1.603602203922741865e+03
1.609890815176891920e+03
1.616179405018256602e+03
1.622468075310413496e+03
1.628756754234136224e+03
1.635045365880049985e+03
1.641333956308650841e+03
1.647622627047415335e+03
1.653911315449964832e+03
1.660199935835759334e+03
1.666488524286525490e+03
1.672777184429675344e+03
1.679065874108515573e+03
1.685354498519792287e+03
1.691643075400682847e+03
1.697931729499949824e+03
1.704220413804309146e+03
1.710509031524012471e+03
1.716797614040626058e+03
1.723086270012271825e+03
1.729374962895286217e+03
1.735663597256541379e+03
1.741952178795092777e+03
1.748240825672919073e+03
1.754529519588482344e+03
1.760818167688464882e+03
1.767106747083852042e+03
1.773395385683754739e+03
1.779684077043590605e+03
1.785972735256007809e+03
1.792261316014677732e+03
1.798549933894892092e+03
1.804838626625580901e+03
1.811127294099362871e+03
1.817415881859693400e+03
1.823704495357824271e+03
1.829993182095297925e+03
1.836281854907029128e+03
1.842570453312131349e+03
1.848859053772306197e+03
1.855147737634671785e+03
1.861436415766228265e+03
1.867725016114737628e+03
1.874013616744445699e+03
1.880302291931749551e+03
1.886590979093316719e+03
1.892879585942226186e+03
1.899168167055130425e+03
1.905456834405191785e+03
1.911745515976094339e+03
1.918034131351275391e+03
1.924322720474209973e+03
1.930611383606885965e+03
1.936900073417058593e+03
1.943188702473358262e+03
1.949477282698501313e+03
1.955765937041966026e+03
1.962054624919933985e+03
1.968343258461419509e+03
1.974631841856917845e+03
1.980920488936935044e+03
1.987209183240517859e+03
1.993497824222176405e+03
1.999786406160223123e+03
2.006075047782564980e+03
2.012363738758230284e+03
2.018652386525727479e+03
2.024940974946200868e+03
2.031229604242964569e+03
2.037518297244557743e+03
2.043806959652133173e+03
2.050095539305648344e+03
2.056384162642431875e+03
2.062672851114252353e+03
2.068961512430149014e+03
2.075250099811876225e+03
2.081538718802592484e+03
2.087827402626770890e+03
2.094116080370518375e+03
2.100404676368186756e+03
2.106693277162004051e+03
2.112981953457941472e+03
2.119270633902698137e+03
2.125559237588142878e+03
2.131847837400744993e+03
2.138136511833974964e+03
2.144425198412133796e+03
2.150713809729753848e+03
2.157002395983930455e+03
2.163291066148675782e+03
2.169579754781916108e+03
2.175868375744262266e+03
2.182156960074100880e+03
2.188445619721460389e+03
2.194734311681103009e+03
2.201022944549521071e+03
2.207311525405756129e+03
2.213600170736745895e+03
2.219888853789445875e+03
2.226177468284850420e+03
2.232466048680158565e+03
2.238754708703896085e+03
2.245043394355249347e+03
2.251332001026343733e+03
2.257620582793184894e+03
2.263909251005804890e+03
2.270197941018608162e+03
2.276486570607923113e+03
2.282775150392960313e+03
2.289063806605620812e+03
2.295352500513247378e+03
2.301641143296926202e+03
2.307929718314892398e+03
2.314218353248612402e+03
2.320507043579059882e+03
2.326795664114991723e+03
2.333084238403750533e+03
2.339372890357488359e+03
2.345661575463299414e+03
2.351950176397401719e+03
2.358238760158013974e+03
2.364527426196122633e+03
2.370816099788334668e+03
2.377104685716683434e+03
2.383393283881731350e+03
2.389681965381104874e+03
2.395970633387134967e+03
2.402259236230576789e+03
2.408547842578907876e+03
2.414836515161804527e+03
2.421125194039407234e+03
2.427413804376914413e+03
2.433702398140596870e+03
2.439991071683403788e+03
2.446279762963476969e+03
2.452568398460929984e+03
2.458856990398564903e+03
2.465145635471569676e+03
2.471434329260925551e+03
2.477722989525057073e+03
2.484011577985100757e+03
2.490300200304017380e+03
2.496588886768534394e+03
2.502877568244415670e+03
2.509166184690502632e+03
2.515454783900169787e+03
2.521743444686133444e+03
2.528032143427662504e+03
2.534320776233972992e+03
2.540609368310336322e+03
2.546898010407631318e+03
2.553186703510551979e+03
2.559475370624850257e+03
2.565763967971392503e+03
2.572052575060598429e+03
2.578341255854333212e+03
2.584629915914560115e+03
2.590918495071824509e+03
2.597207107063068179e+03
2.603495793347965446e+03
2.609784436010717400e+03
2.616073006537459150e+03
2.622361639081446810e+03
2.628650327089445909e+03
2.634938944231322239e+03
2.641227520849754455e+03
2.647516179574090984e+03
2.653804856511204889e+03
2.660093452458168485e+03
2.666382041929209663e+03
2.672670720088778126e+03
2.678959378240355818e+03
2.685247954412254330e+03
2.691536569022680396e+03
2.697825256488075411e+03
2.704113897443966835e+03
2.710402468809751554e+03
2.716691102648165270e+03
2.722979792671712403e+03
2.729268416674073251e+03
2.735556991572481365e+03
2.741845644860419725e+03
2.748134327734476756e+03
2.754422942167408110e+03
2.760711520983115406e+03
2.767000181043574230e+03
2.773288855042701925e+03
2.779577451978642330e+03
2.785866043608384189e+03
2.792154715881625634e+03
2.798443381442015834e+03
2.804731963442790857e+03
2.811020569066174176e+03
2.817309255035081151e+03
2.823597895147140662e+03
2.829886465955334643e+03
2.836175105283107314e+03
2.842463786298444575e+03
2.848752394597353941e+03
2.855040974099099913e+03
2.861329639906240118e+03
2.867618317323870087e+03
2.873906930230846683e+03
2.880195526713629079e+03
2.886484187547941019e+03
2.892772875437007315e+03
2.899061485179371175e+03
2.905350073923534637e+03
2.911638730455934365e+03
2.917927418048076106e+03
2.924216041116471388e+03
2.930504627978452390e+03
2.936793282979709147e+03
2.943081968182494165e+03
2.949370600385841499e+03
2.955659191944662780e+03
2.961947832871611809e+03
2.968236531210005523e+03
2.974525182277347085e+03
2.980813774210833799e+03
2.987102400723196297e+03
2.993391087755543595e+03
2.999679761504496128e+03
3.005968362414553212e+03
3.012256967405420255e+03
3.018545642147546914e+03
3.024834332972249740e+03
3.031122944279866260e+03
3.037411537831661917e+03
3.043700199375108696e+03
3.049988892322447100e+03
3.056277518220509137e+03
3.062566095241405947e+03
3.068854746674976923e+03
3.075143439369458065e+03
3.081432072638223417e+03
3.087720661451277010e+03
3.094009302655521424e+03
3.100297994095102695e+03
3.106586645876929197e+03
3.112875229441191550e+03
3.119163857575270413e+03
3.125452549446947614e+03
3.131741206499855252e+03
3.138029795952873428e+03
3.144318415334236761e+03
3.150607096905963317e+03
3.156895748428496518e+03
3.163184333094675821e+03
3.169472952191799322e+03
3.175761644806683307e+03
3.182050312268560447e+03
3.188338898858849916e+03
3.194627506136820557e+03
3.200916187804977653e+03
3.207204851624019739e+03
3.213493440724193988e+03
3.219782057046431873e+03
3.226070741882901530e+03
3.232359407132442811e+03
3.238648005468473912e+03
3.244936613939757535e+03
3.251225289585158862e+03
3.257513970814564345e+03
3.263802581052531878e+03
3.270091170546652393e+03
3.276379841793201649e+03
3.282668529239324016e+03
3.288957136247180642e+03
3.295245724723982676e+03
3.301534394822476315e+03
3.307823083354865958e+03
3.314111711275921152e+03
3.320400293862995568e+03
3.326688947942614959e+03
3.332977643196119971e+03
3.339266270874012662e+03
3.345554846296291544e+03
3.351843500039552509e+03
3.358132193929746791e+03
3.364420839451689062e+03
3.370709414839538113e+03
3.376998045506936251e+03
3.383286734365501616e+03
3.389575361347596754e+03
3.395863938221773424e+03
3.402152583618905282e+03
3.408441263960351534e+03
3.414729876889760362e+03
3.421018457069714259e+03
3.427307119681949644e+03
3.433595793363782377e+03
3.439884380889925524e+03
3.446172979070553083e+03
3.452461655049700312e+03
3.458750307087545025e+03
3.465038881685461092e+03
3.471327505664199180e+03
3.477616195062721545e+03
3.483904851553779736e+03
3.490193441171873019e+03
3.496482058299989149e+03
3.502770747181568368e+03
3.509059413951315037e+03
3.515348007276525550e+03
3.521636619136956597e+03
3.527925304343461448e+03
3.534213976524962163e+03
3.540502574329614617e+03
3.546791181100303675e+03
3.553079857317333790e+03
3.559368536854910417e+03
3.565657145041780041e+03
3.571945737573504630e+03
3.578234409975930248e+03
3.584523098500328615e+03
3.590811704990754151e+03
3.597100299882647960e+03
3.603388962394118607e+03
3.609677648541679446e+03
3.615966261855796347e+03
3.622254855581733409e+03
3.628543514198568573e+03
3.634832198850057921e+03
3.641120816016319168e+03
3.647409397065579014e+03
3.653698052926702985e+03
3.659986750511336595e+03
3.666275380338232480e+03
3.672563965518503210e+03
3.678852604285997131e+03
3.685141294395240948e+03
3.691429917122047755e+03
3.697718490330631539e+03
3.704007141771278839e+03
3.710295826904220121e+03
3.716584442365056930e+03
3.722873035037766385e+03
3.729161693208956876e+03
3.735450381369346815e+03
3.741739005804545286e+03
3.748027582971698848e+03
3.754316237397118130e+03
3.760604927439397215e+03
3.766893552260181423e+03
3.773182127359055812e+03
3.779470779771721027e+03
3.785759465721672768e+03
3.792048088952635680e+03
3.798336665134837403e+03
3.804625320510352140e+03
3.810914014630125621e+03
3.817202640527660606e+03
3.823491222889599612e+03
3.829779874577643568e+03
3.836068565863425192e+03
3.842357195577207676e+03
3.848645782366788353e+03
3.854934425891070077e+03
3.861223117892235223e+03
3.867511757386780118e+03
3.873800328332622485e+03
3.880088961462701718e+03
3.886377651932662957e+03
3.892666272902351011e+03
3.898954849588504203e+03
3.905243503940854680e+03
3.911532197842534515e+03
3.917820842551394435e+03
3.924109417599559038e+03
3.930398058086938818e+03
3.936686749441010306e+03
3.942975399319403550e+03
3.949263980848006668e+03
3.955552613562023907e+03
3.961841305231776460e+03
3.968129962177792549e+03
3.974418548762084356e+03
3.980707171542656397e+03
3.986995858643645988e+03
3.993284525450796536e+03
3.999573114762306886e+03
4.005861728752738600e+03
4.012150413647013465e+03
4.018439076066411872e+03
4.024727662847922147e+03
4.031016271686979053e+03
4.037304956829478670e+03
4.043593626531698646e+03
4.049882221307284908e+03
4.056170828623857233e+03
4.062459505333563357e+03
4.068748185771829867e+03
4.075036796358804168e+03
4.081325385909459783e+03
4.087614052613840158e+03
4.093902727275289635e+03
4.100191315846720499e+03
4.106479911076473400e+03
4.112768591220841699e+03
4.119057263367361884e+03
4.125345861423908900e+03
4.131634462928960602e+03
4.137923144697467251e+03
4.144211824984162376e+03
4.150500427666135693e+03
4.156789027458198689e+03
4.163077701680425889e+03
4.169366389266484475e+03
4.175654998789171259e+03
4.181943579049321670e+03
4.188232245166742359e+03
4.194520922440885442e+03
4.200809532279580708e+03
4.207098119312318886e+03
4.213386790133532486e+03
4.219675479827636991e+03
4.225964108965248670e+03
4.232252688842398129e+03
4.238541345102798005e+03
4.244830039330713589e+03
4.251118690878678535e+03
4.257407282891016621e+03
4.263695903746876866e+03
4.269984597259366637e+03
4.276273264195534466e+03
4.282561853263681769e+03
4.288850463100251545e+03
4.295139148357187878e+03
4.301427816048045315e+03
4.307716403343417369e+03
4.314005007915758142e+03
4.320293686494413123e+03
4.326582344835791446e+03
4.332870919802547178e+03
4.339159534375717158e+03
4.345448222385863119e+03
4.351736861233887794e+03
4.358025431811912313e+03
4.364314064802857501e+03
4.370602752530218822e+03
4.376891370627919969e+03
4.383179946255467257e+03
4.389468604037397199e+03
4.395757278668927938e+03
4.402045874420877226e+03
4.408334466586221424e+03
4.414623139390399047e+03
4.420911801628147259e+03
4.427200384400855000e+03
4.433488991634681042e+03
4.439777672086647726e+03
4.446066316468414698e+03
4.452354886151056235e+03
4.458643521310785218e+03
4.464932204202100365e+03
4.471220828499770505e+03
4.477509405837125996e+03
4.483798059867392112e+03
4.490086745731959127e+03
4.496375374303428543e+03
4.502663960524008871e+03
4.508952609197851416e+03
4.515241303179017450e+03
4.521529942829505671e+03
4.527818527501995959e+03
4.534107165523245385e+03
4.540395861302607045e+03
4.546684507275766919e+03
4.552973080994053817e+03
4.559261714352358467e+03
4.565550400674045704e+03
4.571839046292025159e+03
4.578127627998678690e+03
4.584416261779332672e+03
4.590704952096831221e+03
4.596993606264286427e+03
4.603282197308832110e+03
4.609570813929564792e+03
4.615859505930576233e+03
4.622148169786049948e+03
4.628436756453946145e+03
4.634725371906784858e+03
4.641014058254741030e+03
4.647302729212860868e+03
4.653591326272680817e+03
4.659879934173356560e+03
4.666168607767332105e+03
4.672457281210006840e+03
4.678745868589025122e+03
4.685034464866813323e+03
4.691323144735771166e+03
4.697611802057333080e+03
4.703900376418295309e+03
4.710188996200682595e+03
4.716477678897805163e+03
4.722766310595031428e+03
4.729054883347851501e+03
4.735343529969234623e+03
4.741632212533832899e+03
4.747920816844218280e+03
4.754209397848661865e+03
4.760498064766731659e+03
4.766786736981131980e+03
4.773075323133592974e+03
4.779363922491831545e+03
4.785652600474384599e+03
4.791941258570921491e+03
4.798229833126254562e+03
4.804518448825363521e+03
4.810807135433989060e+03
4.817095778774943028e+03
4.823384352522090921e+03
4.829672985427828280e+03
4.835961668315165298e+03
4.842250296781862744e+03
4.848538871358387951e+03
4.854827517980430457e+03
4.861116203824819422e+03
4.867404836045931006e+03
4.873693418138386733e+03
4.879982067366897354e+03
4.886270761824258443e+03
4.892559401873611932e+03
4.898847986002491780e+03
4.905136623129196778e+03
4.911425317952345722e+03
4.917713964633827345e+03
4.924002538334949350e+03
4.930291171554907123e+03
4.936579856518792440e+03
4.942868504048998147e+03
4.949157090675242216e+03
4.955445718942962230e+03
4.961734404893909414e+03
4.968023046372034514e+03
4.974311626937016626e+03
4.980600262041804854e+03
4.986888953523892269e+03
4.993177610154461036e+03
4.999466198672264909e+03
5.005754819218428565e+03
5.012043506780629286e+03
5.018332173144174703e+03
5.024620767913587770e+03
5.030909375049876871e+03
5.037198053515519860e+03
5.043486711547137929e+03
5.049775287673728599e+03
5.056063901490349963e+03
5.062352589463079312e+03
5.068641228792858783e+03
5.074929799868142254e+03
5.081218432839425986e+03
5.087507121620644284e+03
5.093795741826947960e+03
5.100084315900266120e+03
5.106372967608948784e+03
5.112661646869826654e+03
5.118950247960664456e+03
5.125238835522887712e+03
5.131527501886072969e+03
5.137816181281373247e+03
5.144104787074295018e+03
5.150393382699446192e+03
5.156682056377821937e+03
5.162970742368679566e+03
5.169259352312781630e+03
5.175547945081759281e+03
5.181836608894094752e+03
5.188125297431529361e+03
5.194413918387790545e+03
5.200702505973247753e+03
5.206991161318615923e+03
5.213279852258189749e+03
5.219568483749481857e+03
5.225857065775405317e+03
5.232145716496836030e+03
5.238434409075053736e+03
5.244723049056164200e+03
5.251011632654050118e+03
5.257300272077218324e+03
5.263588965382035894e+03
5.269877611974162392e+03
5.276166196726976523e+03
5.282454827620035758e+03
5.288743520553973212e+03
5.295032178651873437e+03
5.301320762202045444e+03
5.307609384869986570e+03
5.313898074909145180e+03
5.320186738647937091e+03
5.326475320916585588e+03
5.332763938116237114e+03
5.339052624364587246e+03
5.345341297180130823e+03
5.351629888335545729e+03
5.357918490660164025e+03
5.364207172831987918e+03
5.370495849929514407e+03
5.376784456270133887e+03
5.383073051994633715e+03
5.389361723342131882e+03
5.395650403309758076e+03
5.401939019406682746e+03
5.408227610500563060e+03
5.414516271970496746e+03
5.420804959846998827e+03
5.427093583650674191e+03
5.433382165854991399e+03
5.439670824897372768e+03
5.445959517439878255e+03
5.452248140902601335e+03
5.458536723499602886e+03
5.464825373605455752e+03
5.471114063610718404e+03
5.477402686930790878e+03
5.483691258908352211e+03
5.489979908881214214e+03
5.496268592491676827e+03
5.502557199226751436e+03
5.508845780947800449e+03
5.515134448228069232e+03
5.521423137586037228e+03
5.527711757663500975e+03
5.534000346029591128e+03
5.540289004609987387e+03
5.546577692544484307e+03
5.552866323160908905e+03
5.559154913360330283e+03
5.565443553972124391e+03
5.571732243120403837e+03
5.578020878766827082e+03
5.584309464518615641e+03
5.590598106533329883e+03
5.596886796852616499e+03
5.603175440420277482e+03
5.609464019442686549e+03
5.615752654107172930e+03
5.622041344530684910e+03
5.628329999863512057e+03
5.634618584786461724e+03
5.640907208061833444e+03
5.647195891534382099e+03
5.653484556028142833e+03
5.659773149948650826e+03
5.666061759679229908e+03
5.672350443807771626e+03
5.678639120061972790e+03
5.684927710065109750e+03
5.691216310441760470e+03
5.697504993089992240e+03
5.703793673022590156e+03
5.710082274769464675e+03
5.716370874177044243e+03
5.722659547018062767e+03
5.728948232081106653e+03
5.735236845448023814e+03
5.741525432414109673e+03
5.747814098919148819e+03
5.754102788982085258e+03
5.760391411311641605e+03
5.766679997083650960e+03
5.772968654287667960e+03
5.779257346269386289e+03
5.785545975338639437e+03
5.791834562588092922e+03
5.798123206875457981e+03
5.804411895095678119e+03
5.810700519350025388e+03
5.816989092859567791e+03
5.823277744037348384e+03
5.829566433289101042e+03
5.835855057476471302e+03
5.842143632158627042e+03
5.848432284237836029e+03
5.854720969383328338e+03
5.861009590902272066e+03
5.867298166562643019e+03
5.873586817530602275e+03
5.879875500660565194e+03
5.886164101468027184e+03
5.892452683829609668e+03
5.898741350303999752e+03
5.905030021134260096e+03
5.911318604004388362e+03
5.917607207124119668e+03
5.923895886665650323e+03
5.930184534176060879e+03
5.936473105982687230e+03
5.942761734776284356e+03
5.949050423384941496e+03
5.955339045443308351e+03
5.961627617158575958e+03
5.967916267714779678e+03
5.974204950201970860e+03
5.980493551622183077e+03
5.986782136176268978e+03
5.993070803518742650e+03
5.999359467743011919e+03
6.005648046086681461e+03
6.011936654468113375e+03
6.018225340469749426e+03
6.024513982491689603e+03
6.030802552164705958e+03
6.037091183881739198e+03
6.043379870715584730e+03
6.049668486758432664e+03
6.055957063667489820e+03
6.062245721253616466e+03
6.068534398027642055e+03
6.074823001036689675e+03
6.081111586059673755e+03
6.087400256238942347e+03
6.093688942398294785e+03
6.099977553837223240e+03
6.106266147439018823e+03
6.112554809351995573e+03
6.118843494393857327e+03
6.125132104954035640e+03
6.131420696723037508e+03
6.137709356971216948e+03
6.143998046423846063e+03
6.150286672904585430e+03
6.156575261131281877e+03
6.162863906047830824e+03
6.169152595303629823e+03
6.175441231762778443e+03
6.181729817965438087e+03
6.188018456184474417e+03
6.194307145560269419e+03
6.200595795726511824e+03
6.206884376324313052e+03
6.213173003492293901e+03
6.219461690609746256e+03
6.225750332261933181e+03
6.232038914748938623e+03
6.238327546856925437e+03
6.244616238463631817e+03
6.250904895332750129e+03
6.257193483361771541e+03
6.263482102996539652e+03
6.269770789858940589e+03
6.276059456055872033e+03
6.282348046624201743e+03
6.288636658678378808e+03
