0.000000000000000000e+00
6.288615758589029880e+00
1.257730900500605031e+01
1.886597188274189563e+01
2.515457722350846126e+01
3.144318732951252215e+01
3.773185605574092705e+01
4.402053489272258702e+01
5.030917373108442803e+01
5.659777797197917693e+01
6.288639537207462382e+01
6.917508090412943034e+01
7.546375337867984001e+01
8.175234485572846665e+01
8.804096594177732982e+01
9.432965641869810725e+01
1.006183227214539500e+02
1.069069080649348251e+02
1.131955567972584191e+02
1.194842509244870854e+02
1.257728541159925726e+02
1.320614636271660913e+02
1.383501590663768468e+02
1.446388073051104470e+02
1.509273940331171957e+02
1.572160610703561190e+02
1.635047540517101083e+02
1.697933685517197944e+02
1.760819752948252130e+02
1.823706550325389628e+02
1.886593288963593977e+02
1.949479295368179805e+02
2.012365526373042712e+02
2.075252387461498529e+02
2.138139047134526436e+02
2.201025068156605471e+02
2.263911172896292499e+02
2.326797826556004907e+02
2.389684624934773183e+02
2.452571048335932176e+02
2.515457004518121380e+02
2.578343337092642287e+02
2.641230110092163841e+02
2.704116803955183173e+02
2.767002708098458470e+02
2.829889192486041338e+02
2.892776111169583260e+02
2.955662497578896932e+02
3.018548608623426617e+02
3.081434711034230531e+02
3.144321356696597718e+02
3.207208152971664390e+02
3.270094558926543868e+02
3.332980531550988985e+02
3.395866750466340136e+02
3.458753475151713701e+02
3.521640325680265846e+02
3.584526263682712397e+02
3.647412552319371457e+02
3.710299533159216594e+02
3.773185832886281901e+02
3.836071713174192155e+02
3.898958537172601382e+02
3.961845276914920078e+02
4.024731195745497416e+02
4.087617600234228803e+02
4.150504330374460551e+02
4.213391052845602189e+02
4.276276910401739428e+02
4.339163331459209303e+02
4.402050293078088430e+02
4.464936636333439992e+02
4.527822662292038558e+02
4.590708917321848048e+02
4.653595490388839266e+02
4.716482187687118426e+02
4.779368706526043411e+02
4.842254828601602981e+02
4.905140935212139084e+02
4.968027794656156289e+02
5.030914482120927573e+02
5.093800312635878527e+02
5.156686806148984488e+02
5.219573708459975023e+02
5.282460188650525197e+02
5.345346191895177981e+02
5.408232455569707327e+02
5.471119197256688267e+02
5.534005862733504273e+02
5.596892276834946642e+02
5.659778231340083039e+02
5.722664558250437494e+02
5.785551540375106470e+02
5.848437860761536058e+02
5.911323745787725557e+02
5.974210575028331505e+02
6.037097341204769236e+02
6.099983241277028583e+02
6.162869586597862508e+02
6.225756591967542590e+02
6.288642983469242154e+02
6.351528949870852330e+02
6.414415655505915765e+02
6.477302535824854886e+02
6.540188584911212502e+02
6.603074716604403420e+02
6.665961678491813700e+02
6.728848070618787460e+02
6.791733878883031821e+02
6.854620611010745961e+02
6.917507354251940797e+02
6.980393196582269866e+02
7.043279565976923777e+02
7.106166525677625714e+02
7.169052703891145484e+02
7.231938714652109184e+02
7.294825628202112284e+02
7.357712298634858143e+02
7.420598440502246831e+02
7.483484444902170480e+02
7.546370935058554323e+02
7.609257770710012210e+02
7.672144262080165618e+02
7.735030392538984643e+02
7.797916434278804445e+02
7.860803359048618404e+02
7.923690049802889916e+02
7.986576120366489704e+02
8.049462244237799950e+02
8.112348977224108921e+02
8.175235779646494620e+02
8.238122036955757039e+02
8.301008020232907256e+02
8.363894922733105659e+02
8.426781613037389889e+02
8.489667577534092970e+02
8.552553892001628810e+02
8.615440773470536442e+02
8.678327405695738435e+02
8.741213417988475385e+02
8.804099598074266169e+02
8.866986162602116792e+02
8.929873052221623766e+02
8.992759330023178563e+02
9.055645318899662470e+02
9.118532163095243277e+02
9.181418871419152765e+02
9.244304709900811758e+02
9.307191229664463208e+02
9.370078100603017219e+02
9.432964553984718350e+02
9.495850512276030031e+02
9.558736921406909914e+02
9.621623897860374655e+02
9.684510390324803666e+02
9.747396428940788837e+02
9.810282586807159078e+02
9.873169080181650088e+02
9.936055893736593134e+02
9.998942436884046856e+02
1.006182840726035238e+03
1.012471466691410455e+03
1.018760145360928050e+03
1.025048819545388142e+03
1.031337440889828486e+03
1.037626046304227430e+03
1.043914700113968365e+03
1.050203395899665111e+03
1.056492019975251878e+03
1.062780617839023307e+03
1.069069296248565479e+03
1.075357973296979708e+03
1.081646585063920384e+03
1.087935195442654276e+03
1.094223886385349033e+03
1.100512550895805589e+03
1.106801134262924734e+03
1.113089787063721587e+03
1.119378477691633407e+03
1.125667116801767406e+03
1.131955705673050943e+03
1.138244370662532447e+03
1.144533062509564388e+03
1.150821672537206268e+03
1.157110284386352987e+03
1.163398973541094847e+03
1.169687648143971046e+03
1.175976256682788744e+03
1.182264868902297394e+03
1.188553560830963988e+03
1.194842225315022006e+03
1.201130846114587939e+03
1.207419449720256580e+03
1.213708120390466775e+03
1.219996802533200025e+03
1.226285431078160855e+03
1.232574039023504611e+03
1.238862653761680349e+03
1.245151304148371310e+03
1.251439999972340047e+03
1.257728624380675456e+03
1.264017219650252173e+03
1.270305906725907562e+03
1.276594575169682457e+03
1.282883171291487770e+03
1.289171802912877183e+03
1.295460491569618398e+03
1.301749156990817482e+03
1.308037762152866208e+03
1.314326367353467049e+03
1.320615000375951013e+03
1.326903664249097574e+03
1.333192330626869534e+03
1.339480968697985190e+03
1.345769569097108615e+03
1.352058204840499911e+03
1.358346888136456300e+03
1.364635548909343242e+03
1.370924145538898529e+03
1.377212773054286117e+03
1.383501441903803197e+03
1.389790116828118471e+03
1.396078749249631073e+03
1.402367347414563937e+03
1.408655978763414396e+03
1.414944680075556562e+03
1.421233332801008146e+03
1.427521924000688841e+03
1.433810561684473896e+03
1.440099234082152179e+03
1.446387904171093624e+03
1.452676536290461399e+03
1.458965137535045415e+03
1.465253774638004188e+03
1.471542450033100295e+03
1.477831119522117206e+03
1.484119734742642549e+03
1.490408331857809571e+03
1.496697014501267176e+03
1.502985691951680110e+03
1.509274279057779268e+03
1.515562915128117993e+03
1.521851615281054137e+03
1.528140239225715277e+03
1.534428840658770923e+03
1.540717478325392221e+03
1.547006141823278540e+03
1.553294811288185656e+03
1.559583450165966042e+03
1.565872052428972438e+03
1.572160671059205242e+03
1.578449317933673683e+03
1.584738005676118746e+03
1.591026660709484759e+03
1.597315267848026224e+03
1.603603877825726840e+03
1.609892524874336914e+03
1.616181196443541239e+03
1.622469858547911144e+03
1.628758476434699787e+03
1.635047081249661687e+03
1.641335725024050362e+03
1.647624422397686885e+03
1.653913065008985996e+03
1.660201650572962762e+03
1.666490327726572787e+03
1.672779007962769128e+03
1.679067614253181091e+03
1.685356223541524514e+03
1.691644870216774052e+03
1.697933537135741290e+03
1.704222205902410224e+03
1.710510804409924958e+03
1.716799436654293686e+03
1.723088137631379368e+03
1.729376769251154428e+03
1.735665368231349476e+03
1.741954029107737142e+03
1.748242697884631980e+03
1.754531347046307019e+03
1.760819961467488611e+03
1.767108558629822483e+03
1.773397239292774202e+03
1.779685917107551177e+03
1.785974509452792290e+03
1.792263143358645266e+03
1.798551844206224359e+03
1.804840484939968974e+03
1.811129079611110683e+03
1.817417746110544158e+03
1.823706434138250643e+03
1.829995071695025899e+03
1.836283673238999199e+03
1.842572293698971635e+03
1.848860962140302490e+03
1.855149646459079349e+03
1.861438240370840504e+03
1.867726856803478995e+03
1.874015541726401807e+03
1.880304220577736942e+03
1.886592837354191715e+03
1.892881434231213007e+03
1.899170111836060414e+03
1.905458792571001140e+03
1.911747422095915681e+03
1.918036026255147817e+03
1.924324643332376809e+03
1.930613328974682190e+03
1.936902000625165101e+03
1.943190585120671813e+03
1.949479232823108532e+03
1.955767927822837919e+03
1.962056533905287552e+03
1.968345142345063550e+03
1.974633836489881332e+03
1.980922484026707934e+03
1.987211065061114596e+03
1.993499731282618313e+03
1.999788411962166037e+03
2.006076995585433451e+03
2.012365623874659377e+03
2.018654320384952825e+03
2.024942939862234880e+03
2.031231533439606210e+03
2.037520219301932912e+03
2.043808884022235361e+03
2.050097469530235685e+03
2.056386124031627332e+03
2.062674821827300548e+03
2.068963432396507869e+03
2.075252038267720309e+03
2.081540730685824201e+03
2.087829390209133635e+03
2.094117985796708126e+03
2.100406614165552128e+03
2.106695293966792178e+03
2.112983953244282475e+03
2.119272584571984680e+03
2.125561194477954814e+03
2.131849808628662231e+03
2.138138466756310663e+03
2.144427140454861728e+03
2.150715783911707149e+03
2.157004390318788865e+03
2.163293002178038478e+03
2.169581657940185323e+03
2.175870330146005927e+03
2.182158981090169618e+03
2.188447588456348058e+03
2.194736198707020776e+03
2.201024847656178281e+03
2.207313524021914418e+03
2.213602177497945377e+03
2.219890791580098266e+03
2.226179394750529809e+03
2.232468039901999418e+03
2.238756712296099067e+03
2.245045369873474556e+03
2.251333984727568350e+03
2.257622586369859619e+03
2.263911226189687568e+03
2.270199897984434756e+03
2.276488555983804872e+03
2.282777172060043540e+03
2.289065774273375609e+03
2.295354410401449513e+03
2.301643082158943344e+03
2.307931745809317817e+03
2.314220366721826849e+03
2.320508967109885816e+03
2.326797602752611056e+03
2.333086275344061505e+03
2.339374938993958494e+03
2.345663566711600197e+03
2.351952171020721835e+03
2.358240796907695312e+03
2.364529463720044077e+03
2.370818132493100620e+03
2.377106762061845984e+03
2.383395362600414046e+03
2.389683984901681470e+03
2.395972646576808074e+03
2.402261316533115860e+03
2.408549950333931974e+03
2.414838549571605199e+03
2.421127170202353227e+03
2.427415833018868852e+03
2.433704505540351420e+03
2.439993148212230153e+03
2.446281761174951498e+03
2.452570371188713580e+03
2.458859008672999153e+03
2.465147681244731302e+03
2.471436346676036010e+03
2.477724978127580471e+03
2.484013580871289832e+03
2.490302212985935057e+03
2.496590914530645023e+03
2.502879551678213829e+03
2.509168143683908511e+03
2.515456819456475841e+03
2.521745505050286283e+03
2.528034097581798051e+03
2.534322725617910237e+03
2.540611404732243955e+03
2.546900081689480885e+03
2.553188667299142708e+03
2.559477308697114495e+03
2.565766006352721888e+03
2.572054630223963613e+03
2.578343235055274818e+03
2.584631898448931224e+03
2.590920583878842535e+03
2.597209223551587002e+03
2.603497819794178668e+03
2.609786463020394422e+03
2.616075156022442570e+03
2.622363809615091668e+03
2.628652424346668340e+03
2.634941024566035594e+03
2.641229692196359792e+03
2.647518381394341304e+03
2.653806985900273048e+03
2.660095591970532041e+03
2.666384254821926788e+03
2.672672948226256722e+03
2.678961576232101834e+03
2.685250173926590833e+03
2.691538843401146551e+03
2.697827530324518648e+03
2.704116142541834051e+03
2.710404753007149793e+03
2.716693435654641235e+03
2.722982114228108912e+03
2.729270707289971142e+03
2.735559342238912450e+03
2.741848017784610420e+03
2.748136684148475979e+03
2.754425301736975143e+03
2.760713906152791424e+03
2.767002538166826980e+03
2.773291206361821878e+03
2.779579884354439400e+03
2.785868511290960214e+03
2.792157114664411438e+03
2.798445752395589807e+03
2.804734429806409025e+03
2.811023101159275939e+03
2.817311716056504793e+03
2.823600317637893113e+03
2.829888961828856736e+03
2.836177663346520603e+03
2.842466290212924378e+03
2.848754884908302756e+03
2.855043566565936089e+03
2.861332240501604247e+03
2.867620861455886370e+03
2.873909461628446934e+03
2.880198118614716805e+03
2.886486817058578708e+03
2.892775434717879762e+03
2.899064036310790470e+03
2.905352710061669768e+03
2.911641396002163219e+03
2.917929999930433951e+03
2.924218617018604164e+03
2.930507292110303297e+03
2.936795979224573330e+03
2.943084587773575095e+03
2.949373199711554662e+03
2.955661896502392665e+03
2.961950549080415385e+03
2.968239149551063747e+03
2.974527777673758010e+03
2.980816472014909323e+03
2.987105125175002740e+03
2.993393709784581461e+03
2.999682373248768272e+03
3.005971049370694345e+03
3.012259698723291876e+03
3.018548299212724032e+03
3.024836929794950265e+03
3.031125630204228855e+03
3.037414257090092178e+03
3.043702858752348220e+03
3.049991513466905417e+03
3.056280209846556318e+03
3.062568843251723592e+03
3.068857435356002952e+03
3.075146108793278927e+03
3.081434797626127420e+03
3.087723407442079861e+03
3.094012020619830309e+03
3.100300714326822799e+03
3.106589382989457135e+03
3.112877998911211762e+03
3.119166600817099607e+03
3.125455264770672784e+03
3.131743945278893989e+03
3.138032591373835203e+03
3.144321188965026067e+03
3.150609822505614829e+03
3.156898508719902566e+03
3.163187175024626413e+03
3.169475763981865384e+03
3.175764415418037970e+03
3.182053111300387172e+03
3.188341725684917037e+03
3.194630328394193839e+03
3.200919022555652191e+03
3.207207692688599764e+03
3.213496290321966171e+03
3.219784915875304250e+03
3.226073615966783109e+03
3.232362265845425554e+03
3.238650857177330181e+03
3.244939523871070378e+03
3.251228212684584832e+03
3.257516813453708892e+03
3.263805427915181554e+03
3.270094127021393433e+03
3.276382768226557346e+03
3.282671351419317034e+03
3.288960026718822519e+03
3.295248704522241042e+03
3.301537292021581379e+03
3.307825925952217403e+03
3.314114626290570868e+03
3.320403250342611955e+03
3.326691843673756011e+03
3.332980532165583554e+03
3.339269192131352156e+03
3.345557772377507717e+03
3.351846425968298718e+03
3.358135115286801010e+03
3.364423712943363626e+03
3.370712325997810694e+03
3.377001025646028666e+03
3.383289665460894412e+03
3.389578259526423153e+03
3.395866922062944923e+03
3.402155620324911069e+03
3.408444246014329565e+03
3.414732851493701673e+03
3.421021478838894382e+03
3.427310171580739279e+03
3.433598838479354526e+03
3.439887433578752734e+03
3.446176076628204100e+03
3.452464768099948742e+03
3.458753408735286030e+03
3.465042006701741229e+03
3.471330675489450186e+03
3.477619364894516821e+03
3.483907976126158246e+03
3.490196582507005587e+03
3.496485251005991813e+03
3.502773940436897647e+03
3.509062547052025820e+03
3.515351154293673972e+03
3.521639795644442984e+03
3.527928496608669320e+03
3.534217120461903050e+03
3.540505724621585159e+03
3.546794366867761710e+03
3.553083063373389450e+03
3.559371707541176875e+03
3.565660299708549701e+03
3.571948956785498467e+03
3.578237655910970261e+03
3.584526275908694970e+03
3.590814875816899075e+03
3.597103524477018254e+03
3.603392193796397351e+03
3.609680856342488369e+03
3.615969486133927148e+03
3.622258088818591659e+03
3.628546712274173387e+03
3.634835378679221321e+03
3.641124048896670956e+03
3.647412688126375542e+03
3.653701290917787446e+03
3.659989908056440981e+03
3.666278567791046044e+03
3.672567243740978029e+03
3.678855889133528763e+03
3.685144496551079101e+03
3.691433108328099934e+03
3.697721760018687291e+03
3.704010436466604006e+03
3.710299090801201146e+03
3.716587706077589246e+03
3.722876313149594353e+03
3.729164950974916337e+03
3.735453616881154176e+03
3.741742286356227851e+03
3.748030928214337564e+03
3.754319533537367079e+03
3.760608147667577214e+03
3.766896805636354657e+03
3.773185480282023036e+03
3.779474126456818794e+03
3.785762733503384425e+03
3.792051345023917747e+03
3.798339996187496581e+03
3.804628672646765608e+03
3.810917327021858910e+03
3.817205940149754497e+03
3.823494547802721627e+03
3.829783185075456004e+03
3.836071854569814150e+03
3.842360524341712789e+03
3.848649155815201993e+03
3.854937762336892774e+03
3.861226378876027411e+03
3.867515073390994530e+03
3.873803734046942282e+03
3.880092335659811852e+03
3.886380958619466128e+03
3.892669659961681191e+03
3.898958301747992209e+03
3.905246895331124506e+03
3.911535569117885188e+03
3.917824258152861603e+03
3.924112867144938264e+03
3.930401475295676846e+03
3.936690121550594540e+03
3.942978789041202162e+03
3.949267454267483572e+03
3.955556062736560762e+03
3.961844676133926896e+03
3.968133373541907531e+03
3.974422026700334300e+03
3.980710629632988457e+03
3.986999244489118610e+03
3.993287921717786048e+03
3.999576601579368344e+03
4.005865227315201082e+03
4.012153830256530455e+03
4.018442484726637758e+03
4.024731162187101745e+03
4.031019817064144718e+03
4.037308408978460648e+03
4.043597048244637790e+03
4.049885747622233339e+03
4.056174368125830370e+03
4.062462969633506873e+03
4.068751660301189077e+03
4.075040328032278467e+03
4.081328913803672549e+03
4.087617562393567368e+03
4.093906253535799351e+03
4.100194852825022281e+03
4.106483464675885443e+03
4.112772161385617437e+03
4.119060802152522228e+03
4.125349383883830342e+03
4.131638053578289146e+03
4.137926732400422225e+03
4.144215319861446005e+03
4.150503951513371248e+03
4.156792653421121940e+03
4.163081275414420816e+03
4.169369881037975574e+03
4.175658558364364580e+03
4.181947238828814989e+03
4.188235866709750553e+03
4.194524458849802613e+03
4.200813126320231277e+03
4.207101815273072134e+03
4.213390419025823576e+03
4.219679035018274590e+03
4.225967714208497455e+03
4.232256389024232703e+03
4.238545021592897683e+03
4.244833618275602930e+03
4.251122261303145024e+03
4.257410960353729934e+03
4.263699597194275157e+03
4.269988191241014647e+03
4.276276868679412473e+03
4.282565549101746910e+03
4.288854186374008350e+03
4.295142794394664634e+03
4.301431414529818539e+03
4.307720107001808174e+03
4.314008765791926635e+03
4.320297358635290038e+03
4.326586002682549406e+03
4.332874686583011680e+03
4.339163345798247065e+03
4.345451942294698711e+03
4.351740583471877471e+03
4.358029286266290910e+03
4.364317918202134933e+03
4.370606516671005011e+03
4.376895182338535051e+03
4.383183870687379567e+03
4.389472486813463547e+03
4.395761093202384473e+03
4.402049786546877840e+03
4.408338443220574845e+03
4.414627026203852438e+03
4.420915689270706025e+03
4.427204380467255760e+03
4.433492982197382844e+03
4.439781597993953255e+03
4.446070295860159604e+03
4.452358933638337476e+03
4.458647518334537381e+03
4.464936196496888442e+03
4.471224872183200205e+03
4.477513459972107739e+03
4.483802099146369983e+03
4.490090796148810114e+03
4.496379412889582454e+03
4.502668009550468014e+03
4.508956703171277695e+03
4.515245363507131515e+03
4.521533958358321797e+03
4.527822599202836500e+03
4.534111291405659358e+03
4.540399939368931882e+03
4.546688538735382281e+03
4.552977155939063778e+03
4.559265815082918380e+03
4.565554487277695443e+03
4.571843141605868368e+03
4.578131753303329788e+03
4.584420360276008978e+03
4.590709023182065721e+03
4.596997719298324228e+03
4.603286325795915218e+03
4.609574938588746591e+03
4.615863604983042023e+03
4.622152300246145387e+03
4.628440921292251915e+03
4.634729524128624689e+03
4.641018208232550933e+03
4.647306887638498665e+03
4.653595497100211105e+03
4.659884106017039812e+03
4.666172752235066582e+03
4.672461444155067511e+03
4.678750090764050583e+03
4.685038684576529704e+03
4.691327346051436507e+03
4.697616033790593065e+03
4.703904657298005986e+03
4.710193264131063188e+03
4.716481922595755350e+03
4.722770595146526830e+03
4.729059250191054161e+03
4.735347853877213311e+03
4.741636471635377347e+03
4.747925140829806878e+03
4.754213816839977881e+03
4.760502450595976370e+03
4.766791050250189073e+03
4.773079691185192132e+03
4.779368368352332254e+03
4.785657037670946920e+03
4.791945635969552313e+03
4.798234264206339503e+03
4.804522964052075622e+03
4.810811607509344867e+03
4.817100195694497415e+03
4.823388875032216674e+03
4.829677561267805686e+03
4.835966155624969360e+03
4.842254785007735336e+03
4.848543481014003191e+03
4.854832122219886514e+03
4.861120722472420312e+03
4.867409374708969153e+03
4.873698074220915260e+03
4.879986714713841138e+03
4.886275312973503787e+03
4.892563962131559492e+03
4.898852653974924579e+03
4.905141298082793583e+03
4.911429885372397621e+03
4.917718565152242263e+03
4.924007244240937325e+03
4.930295838722406188e+03
4.936584476676307531e+03
4.942873168439508845e+03
4.949161823679872214e+03
4.955450437638600306e+03
4.961739042975474149e+03
4.968027700959049071e+03
4.974316399802398337e+03
4.980605019958949924e+03
4.986893626144013069e+03
4.993182289416924505e+03
4.999470960407223174e+03
5.005759613892749258e+03
5.012048211573912340e+03
5.018336831901629921e+03
5.024625513392510584e+03
5.030914190834003421e+03
5.037202786859013941e+03
5.043491423339199173e+03
5.049780119354609269e+03
5.056068762133476412e+03
5.062357357105945084e+03
5.068645997763397645e+03
5.074934700349293053e+03
5.081223333180486406e+03
5.087511940898019930e+03
5.093800564007381581e+03
5.100089229526600320e+03
5.106377905430720602e+03
5.112666543528603142e+03
5.118955150667682574e+03
5.125243764837397975e+03
5.131532448941610710e+03
5.137821125968985143e+03
5.144109725756025000e+03
5.150398342072487139e+03
5.156687029342433561e+03
5.162975710726287616e+03
5.169264319209247333e+03
5.175552931538520170e+03
5.181841578968305839e+03
5.188130270222800391e+03
5.194418920870575676e+03
5.200707520432331876e+03
5.206996141787130910e+03
5.213284817754774849e+03
5.219573503017129042e+03
5.225862116476451774e+03
5.232150728882810654e+03
5.238439421102327287e+03
5.244728074669130365e+03
5.251016656011653140e+03
5.257305321319660834e+03
5.263594008951872638e+03
5.269882604940950841e+03
5.276171232110986239e+03
5.282459927997805607e+03
5.288748574769715560e+03
5.295037163923087064e+03
5.301325836985472051e+03
5.307614527140891369e+03
5.313903129193597124e+03
5.320191744080574608e+03
5.326480404202846330e+03
5.332769093095291282e+03
5.339057735173802939e+03
5.345346334481667327e+03
5.351634965345238925e+03
5.357923650535718480e+03
5.364212320477113281e+03
5.370500919043042813e+03
5.376789550138823870e+03
5.383078250942090563e+03
5.389366875226516640e+03
5.395655467360495095e+03
5.401944151908551248e+03
5.408232817243736463e+03
5.414521396901776825e+03
5.420810046400264582e+03
5.427098739443325030e+03
5.433387340347393547e+03
5.439675954381429619e+03
5.445964652767229381e+03
5.452253306678330773e+03
5.458541907277763130e+03
5.464830531984038316e+03
5.471119212539761065e+03
5.477407887792945075e+03
5.483696492516091894e+03
5.489985101806499188e+03
5.496273774372539265e+03
5.502562458164919008e+03
5.508851075652255531e+03
5.515139684895201754e+03
5.521428376977716653e+03
5.527717043907367042e+03
5.534005640448466693e+03
5.540294278893264163e+03
5.546582980997924096e+03
5.552871608814617503e+03
5.559160202102370022e+03
5.565448886628231776e+03
5.571737563061085893e+03
5.578026170387985985e+03
5.584314792662480613e+03
5.590603492868700414e+03
5.596892142244558272e+03
5.603180742639971868e+03
5.609469356178021371e+03
5.615758001246001186e+03
5.622046701999221114e+03
5.628335332195926640e+03
5.634623927784094121e+03
5.640912610353730997e+03
5.647201279447942397e+03
5.653489858929365255e+03
5.659778507600352896e+03
5.666067199771948253e+03
5.672355801392236572e+03
5.678644411106953157e+03
5.684933107386124902e+03
5.691221756115275639e+03
5.697510347317207561e+03
5.703799011081079698e+03
5.710087698251917573e+03
5.716376339794022897e+03
5.722664939188466633e+03
5.728953561368089140e+03
5.735242262303349889e+03
5.741530911247506083e+03
5.747819517730377811e+03
5.754108133066813025e+03
5.760396793337316922e+03
5.766685469054928944e+03
5.772974112996120311e+03
5.779262722040361950e+03
5.785551336046510187e+03
5.791839988865374835e+03
5.798128664698081593e+03
5.804417316929679146e+03
5.810705923667764182e+03
5.816994533899818634e+03
5.823283182058929015e+03
5.829571854478304886e+03
5.835860517381830505e+03
5.842149144097726094e+03
5.848437743198473981e+03
5.854726375767709214e+03
5.861015043129248625e+03
5.867303717366843557e+03
5.873592348022640181e+03
5.879880950803482847e+03
5.886169574475587069e+03
5.892458241666297909e+03
5.898746911860681394e+03
5.905035550030922423e+03
5.911324151193342914e+03
5.917612773088331778e+03
5.923901436362782988e+03
5.930190109977188513e+03
5.936478750024555666e+03
5.942767352012589072e+03
5.949055971818725993e+03
5.955344631861866219e+03
5.961633307618472827e+03
5.967921951874045590e+03
5.974210559356827616e+03
5.980499172689344050e+03
5.986787826850346391e+03
5.993076501909490617e+03
5.999365156324429336e+03
6.005653771362208317e+03
6.011942374338479567e+03
6.018231031458351026e+03
6.024519730302873540e+03
6.030808335283182714e+03
6.037096944981753950e+03
6.043385640779455571e+03
6.049674288880196400e+03
6.055962872811001034e+03
6.062251542988184156e+03
6.068540232777025267e+03
6.074828833083315658e+03
6.081117459318309557e+03
6.087406141087779361e+03
6.093694806138295462e+03
6.099983433469904412e+03
6.106272036707266125e+03
6.112560663964195555e+03
6.118849344873969130e+03
6.125138011791917961e+03
6.131426628345811878e+03
6.137715235604711779e+03
6.144003928917429221e+03
6.150292586782833496e+03
6.156581174676209230e+03
6.162869834431294294e+03
6.169158527219075040e+03
6.175447129798498281e+03
6.181735742329604363e+03
6.188024440044683615e+03
6.194313079824447414e+03
6.200601671471381451e+03
6.206890347668075265e+03
6.213179029639193686e+03
6.219467620076698040e+03
6.225756254811635699e+03
6.232044954171172321e+03
6.238333600622089762e+03
6.244622195698812902e+03
6.250910864276605935e+03
6.257199551339886057e+03
6.263488146011712161e+03
6.269776774970444421e+03
6.276065457274562505e+03
6.282354118069062679e+03
6.288642748771552760e+03
