0.000000000000000000e+00
6.288596015301062714e+00
1.257727688584808945e+01
1.886596784048825270e+01
2.515457558338323096e+01
3.144315997620573100e+01
3.773183009207513550e+01
4.402052734898953190e+01
5.030914969900414491e+01
5.659772663155604278e+01
6.288638410703274673e+01
6.917508540750166901e+01
7.546372109630830494e+01
8.175229740998486250e+01
8.804093887882459057e+01
9.432964096595482317e+01
1.006182918503552486e+02
1.069068687731089256e+02
1.131954956498228313e+02
1.194841950396832715e+02
1.257728608145562674e+02
1.320614411680304556e+02
1.383500551291911620e+02
1.446387485643714967e+02
1.509274257213957355e+02
1.572160163934073580e+02
1.635046157490071437e+02
1.697933015503698186e+02
1.760819885497989787e+02
1.823705915177296788e+02
1.886591788734264128e+02
1.949478545032465036e+02
2.012365499363074832e+02
2.075251646780780845e+02
2.138137459449490052e+02
2.201024078023582433e+02
2.263911081122569726e+02
2.326797379166671647e+02
2.389683143278211332e+02
2.452569623581296128e+02
2.515456641829862008e+02
2.578343102026020688e+02
2.641228842959001781e+02
2.704115188533777996e+02
2.767002193596782149e+02
2.829888785438261607e+02
2.892774577996588619e+02
2.955660764525339914e+02
3.018547731344294789e+02
3.081434448035722653e+02
3.144320323259622114e+02
3.207206361860144739e+02
3.270093260504193609e+02
3.332980099371425808e+02
3.395866058850762670e+02
3.458751994604567699e+02
3.521638788258609338e+02
3.584525713188371014e+02
3.647411804727791491e+02
3.710297644003680944e+02
3.773184320804873551e+02
3.836071301017057635e+02
3.898957551670228554e+02
3.961843311520216275e+02
4.024729863959316845e+02
4.087616878193949788e+02
4.150503264373160732e+02
4.213389017556206113e+02
4.276275415223563527e+02
4.339162433564644061e+02
4.402048959700582600e+02
4.464934743505418169e+02
4.527820983183976296e+02
4.590707972245432984e+02
4.653594648733110262e+02
4.716480468629009692e+02
4.779366580029312672e+02
4.842253504598181166e+02
4.905140297698132485e+02
4.968026212532694785e+02
5.030912194933796400e+02
5.093799033789581472e+02
5.156685917380891624e+02
5.219571970975033537e+02
5.282457827239597918e+02
5.345344564230147171e+02
5.408231525856907638e+02
5.471117702554666948e+02
5.534003496992165765e+02
5.596890098587015245e+02
5.659777106963134656e+02
5.722663423415865509e+02
5.785549193182423551e+02
5.848435643760373068e+02
5.911322663970165650e+02
5.974209145815798365e+02
6.037094894603098965e+02
6.099981210406872378e+02
6.162868210865339051e+02
6.225754830277568317e+02
6.288640622919957650e+02
6.351526793627871257e+02
6.414413747708028950e+02
6.477300483866744116e+02
6.540186376842265190e+02
6.603072392212086470e+02
6.665959276575317745e+02
6.728846127921491416e+02
6.791732114094703547e+02
6.854618024395052771e+02
6.917504803960189292e+02
6.980391742059616718e+02
7.043277850148099333e+02
7.106163685535648256e+02
7.169050336079570798e+02
7.231937325944987833e+02
7.294823597824178023e+02
7.357709355522420083e+02
7.420595880566214646e+02
7.483482896435446037e+02
7.546369312973175738e+02
7.609255056815723037e+02
7.672141437321097328e+02
7.735028451156413212e+02
7.797915000079638048e+02
7.860800792015157867e+02
7.923687006673202404e+02
7.986573988973607356e+02
8.049460680927529665e+02
8.112346520704867316e+02
8.175232603811533636e+02
8.238119518940793569e+02
8.301006331563580716e+02
8.363892257899044580e+02
8.426778228161766719e+02
8.489665047554067314e+02
8.552551947061133433e+02
8.615438016984107890e+02
8.678323863535097189e+02
8.741210578929210442e+02
8.804097547532189765e+02
8.866983753452605015e+02
8.929869530648710452e+02
8.992756116704219949e+02
9.055643128508698965e+02
9.118529467764666379e+02
9.181415235595796958e+02
9.244301662930712382e+02
9.307188684007371648e+02
9.370075181836323281e+02
9.432960942338501127e+02
9.495847229972771402e+02
9.558734226569869179e+02
9.621620868654197238e+02
9.684506665506027048e+02
9.747392820159330995e+02
9.810279762323006025e+02
9.873166519034167550e+02
9.936052420550079205e+02
9.998938421529095422e+02
1.006182529148130129e+03
1.012471215366225920e+03
1.018759816469795624e+03
1.025048405267921680e+03
1.031337081967678387e+03
1.037625776799154437e+03
1.043914389635413727e+03
1.050202972130308581e+03
1.056491635196892048e+03
1.062780334987033484e+03
1.069068963602154327e+03
1.075357539724681374e+03
1.081646189711743546e+03
1.087934891413211290e+03
1.094223535560218806e+03
1.100512109570963048e+03
1.106800745873038522e+03
1.113089446745878149e+03
1.119378103984144900e+03
1.125666683233911954e+03
1.131955303008420969e+03
1.138244000456104914e+03
1.144532671023419198e+03
1.150821256885202502e+03
1.157109862665214450e+03
1.163398553307331213e+03
1.169687236145884526e+03
1.175975830381187279e+03
1.182264425710765181e+03
1.188553106091142581e+03
1.194841797501216433e+03
1.201130405646450072e+03
1.207418989900610086e+03
1.213707659286870012e+03
1.219996356747407162e+03
1.226284979950234174e+03
1.232573556495195135e+03
1.238862213353994093e+03
1.245150914689746742e+03
1.251439551219913028e+03
1.257728127156826758e+03
1.264016768164504356e+03
1.270305470210449585e+03
1.276594121541582126e+03
1.282882698755273850e+03
1.289171324890261985e+03
1.295460024167264010e+03
1.301748690427556312e+03
1.308037271098751489e+03
1.314325884415668725e+03
1.320614577578758826e+03
1.326903255275576157e+03
1.333191846155499661e+03
1.339480445197906420e+03
1.345769130501340442e+03
1.352057817810467441e+03
1.358346421450986782e+03
1.364635008277691213e+03
1.370923683470389960e+03
1.377212379093381514e+03
1.383500994529406171e+03
1.389789575293681310e+03
1.396078236776348149e+03
1.402366937223427840e+03
1.408655567409710557e+03
1.414944143928486938e+03
1.421232791304970078e+03
1.427521493178832316e+03
1.433810139676695599e+03
1.440098713844122813e+03
1.446387347835091077e+03
1.452676048246190021e+03
1.458964707951056880e+03
1.465253287187161277e+03
1.471541905522331263e+03
1.477830601982319195e+03
1.484119273980727030e+03
1.490407861867224938e+03
1.496696465218604544e+03
1.502985154867244546e+03
1.509273838981293920e+03
1.515562435389205120e+03
1.521851028457583425e+03
1.528139707583145992e+03
1.534428400327275313e+03
1.540717009725174648e+03
1.547005593592562036e+03
1.553294260805487966e+03
1.559582958993004013e+03
1.565871584430099347e+03
1.572160160311384971e+03
1.578448815117016238e+03
1.584737516570201251e+03
1.591026155644657138e+03
1.597314730799734434e+03
1.603603370287595681e+03
1.609892072069854748e+03
1.616180724977510863e+03
1.622469303488488549e+03
1.628757927059419444e+03
1.635046625882466742e+03
1.641335293754580107e+03
1.647623875923183050e+03
1.653912486729164812e+03
1.660201179081574537e+03
1.666489858636582767e+03
1.672778450206093112e+03
1.679067048297637484e+03
1.685355731984583599e+03
1.691644420488915557e+03
1.697933026009246987e+03
1.704221611519927364e+03
1.710510285016174976e+03
1.716798981239182694e+03
1.723087599138865471e+03
1.729376178434899884e+03
1.735664838465891080e+03
1.741953539330100512e+03
1.748242171096653465e+03
1.754530748066000569e+03
1.760819392995244925e+03
1.767108095029219612e+03
1.773396743275167637e+03
1.779685318097293930e+03
1.785973949644794629e+03
1.792262649697852112e+03
1.798551311664991545e+03
1.804839890924293513e+03
1.811128507954957968e+03
1.817417203379908869e+03
1.823705876975257979e+03
1.829994466269791928e+03
1.836283067816710627e+03
1.842571756262337203e+03
1.848860441382212457e+03
1.855149039960674600e+03
1.861437631011781377e+03
1.867726308973205050e+03
1.874015002760309471e+03
1.880303613533223825e+03
1.886592197060351737e+03
1.892880862142554633e+03
1.899169561105257117e+03
1.905458188240397703e+03
1.911746763980951073e+03
1.918035416539737071e+03
1.924324118113363511e+03
1.930612759685707942e+03
1.936901334075890190e+03
1.943189972144673902e+03
1.949478673543555033e+03
1.955767328327007135e+03
1.962055907495064503e+03
1.968344529033625577e+03
1.974633227289315755e+03
1.980921896392855160e+03
1.987210480201976452e+03
1.993499088700577886e+03
1.999787780272665259e+03
2.006076461386110168e+03
2.012365053896801101e+03
2.018653651032661173e+03
2.024942333105371745e+03
2.031231022927387357e+03
2.037519629798714504e+03
2.043808214484670771e+03
2.050096886204276416e+03
2.056385582986238660e+03
2.062674203358649265e+03
2.068962781174577231e+03
2.075251439877395569e+03
2.081540141027827303e+03
2.087828774751744731e+03
2.094117351540435720e+03
2.100405994452264167e+03
2.106694696561370165e+03
2.112983346166093270e+03
2.119271922063482634e+03
2.125560551124101494e+03
2.131849250814906100e+03
2.138137914805881792e+03
2.144426494421275947e+03
2.150715110044144240e+03
2.157003804371578553e+03
2.163292479813546379e+03
2.169581069911069790e+03
2.175869670104169018e+03
2.182158357239964516e+03
2.188447043345863221e+03
2.194735644200159641e+03
2.201024233168939190e+03
2.207312909993515404e+03
2.213601604717994178e+03
2.219890217317292809e+03
2.226178799905502274e+03
2.232467463147567742e+03
2.238756162851107092e+03
2.245044791291276397e+03
2.251333367358898613e+03
2.257622017605288420e+03
2.263910719300341498e+03
2.270199363137546698e+03
2.276487937166079064e+03
2.282776573679535886e+03
2.289065274610033157e+03
2.295353931524427026e+03
2.301642510748239602e+03
2.307931130728485186e+03
2.314219828313773633e+03
2.320508498674224029e+03
2.326797084266640013e+03
2.333085690363910544e+03
2.339374381178437034e+03
2.345663063750028869e+03
2.351951657625052121e+03
2.358240253302053588e+03
2.364528933953390151e+03
2.370817625076191689e+03
2.377106232944376643e+03
2.383394817269683244e+03
2.389683487116657489e+03
2.395972184459615619e+03
2.402260807031474542e+03
2.408549383815455258e+03
2.414838041105745106e+03
2.421126742416863181e+03
2.427415378289874297e+03
2.433703954422301194e+03
2.439992595837125009e+03
2.446281297917660595e+03
2.452569948842877693e+03
2.458858525761367218e+03
2.465147152531045776e+03
2.471435851928112697e+03
2.477724517653351995e+03
2.484013097958806611e+03
2.490301711921972583e+03
2.496590405372335681e+03
2.502879082467458829e+03
2.509167673089290929e+03
2.515456272441421788e+03
2.521744958269378913e+03
2.528033645241679551e+03
2.534322247999720730e+03
2.540610835439919811e+03
2.546899511148994861e+03
2.553188206530822754e+03
2.559476821060632119e+03
2.565765402413455831e+03
2.572054064399997060e+03
2.578342764651594280e+03
2.584631394303135949e+03
2.590919970668488986e+03
2.597208618897396718e+03
2.603497320699389547e+03
2.609785966435215869e+03
2.616074540450773839e+03
2.622363175270047577e+03
2.628651875817474775e+03
2.634940534672609829e+03
2.641229113891558882e+03
2.647517732704488481e+03
2.653806429512686464e+03
2.660095101013222575e+03
2.666383688227120729e+03
2.672672292375360030e+03
2.678960982393125050e+03
2.685249666098664420e+03
2.691538261689146566e+03
2.697826855575507579e+03
2.704115535148937852e+03
2.710404227427961359e+03
2.716692836368208646e+03
2.722981420348333359e+03
2.729270088363174636e+03
2.735558786276178580e+03
2.741847410945914362e+03
2.748135986985331328e+03
2.754424642595201931e+03
2.760713344004374449e+03
2.767001982121895708e+03
2.773290557558950240e+03
2.779579197610737538e+03
2.785867899519626462e+03
2.792156551784860312e+03
2.798445129864249338e+03
2.804733754354782377e+03
2.811022453388778558e+03
2.817311120666939587e+03
2.823599702200198863e+03
2.829888313994696546e+03
2.836177006686789809e+03
2.842465685489530188e+03
2.848754276767722786e+03
2.855042875215411186e+03
2.861331559587520587e+03
2.867620247584058689e+03
2.873908852379052860e+03
2.880197438348795913e+03
2.886486112583672366e+03
2.892774808563221086e+03
2.899063425392959289e+03
2.905352005312336587e+03
2.911640665935145080e+03
2.917929366667383874e+03
2.924217997709997235e+03
2.930506574538475434e+03
2.936795220435355532e+03
2.943083922408940907e+03
2.949372569967451454e+03
2.955661144520123798e+03
2.961949777033273222e+03
2.968238477234011043e+03
2.974527138285518959e+03
2.980815717520837552e+03
2.987104335043781703e+03
2.993393030903996078e+03
2.999681703815783294e+03
3.005970292584660001e+03
3.012258894791546027e+03
3.018547583746722012e+03
3.024836268457801452e+03
3.031124866036338517e+03
3.037413457983784156e+03
3.043702136431213148e+03
3.049990829800445681e+03
3.056279439865284075e+03
3.062568023614034246e+03
3.068856689598715548e+03
3.075145388212151829e+03
3.081434014648772973e+03
3.087722590436036626e+03
3.094011243954358179e+03
3.100299945489228321e+03
3.106588585917740147e+03
3.112877160645920867e+03
3.119165799352556405e+03
3.125454500957944674e+03
3.131743154792629412e+03
3.138031733711948618e+03
3.144320356178561724e+03
3.150609054729753552e+03
3.156897723238223989e+03
3.163186306187798436e+03
3.169474915839507503e+03
3.175763607794988275e+03
3.182052288176862476e+03
3.188340880108581132e+03
3.194629477806879549e+03
3.200918160668188648e+03
3.207206849820212938e+03
3.213495456045490300e+03
3.219784041123952193e+03
3.226072713785061296e+03
3.232361410276589140e+03
3.238650029328263372e+03
3.244938607927825160e+03
3.251227267354468950e+03
3.257515968371925283e+03
3.263804600952564670e+03
3.270093177898623253e+03
3.276381821910174494e+03
3.282670523996343945e+03
3.288959172807358755e+03
3.295247748046749621e+03
3.301536378564763254e+03
3.307825078465183196e+03
3.314113741314640720e+03
3.320402320611870891e+03
3.326690937131559167e+03
3.332979632081580348e+03
3.339268306434945771e+03
3.345556896122379840e+03
3.351845497047158460e+03
3.358134184963910229e+03
3.364422870477054403e+03
3.370711469974119609e+03
3.377000060167738411e+03
3.383288737674107324e+03
3.389577431857781903e+03
3.395866043273308151e+03
3.402154626483874836e+03
3.408443290828731278e+03
3.414731990089233477e+03
3.421020617682963803e+03
3.427309193515375682e+03
3.433597845240700735e+03
3.439886546855421329e+03
3.446175189273274100e+03
3.452463763467264471e+03
3.458752401001788712e+03
3.465041102235724338e+03
3.471329757758763208e+03
3.477618337024840912e+03
3.483906957924798462e+03
3.490195655925195297e+03
3.496484325496672227e+03
3.502772909980666554e+03
3.509061517555627688e+03
3.515350208836883667e+03
3.521638890518293920e+03
3.527927483459204268e+03
3.534216080108872575e+03
3.540504761628894357e+03
3.546793451933817778e+03
3.553082059130209018e+03
3.559370643660491169e+03
3.565659314707057547e+03
3.571948011691146348e+03
3.578236632829044083e+03
3.584525210242013600e+03
3.590813868481325699e+03
3.597102569695447983e+03
3.603391204109878345e+03
3.609679780735964869e+03
3.615968423061913199e+03
3.622257125161962449e+03
3.628545775214959122e+03
3.634834351472917660e+03
3.641122979706480692e+03
3.647411679278870906e+03
3.653700343895610786e+03
3.659988923682954919e+03
3.666277538759712570e+03
3.672566232763801509e+03
3.678854908770431848e+03
3.685143499003002944e+03
3.691432098899046650e+03
3.697720785628728208e+03
3.704009472007713612e+03
3.710298073445735099e+03
3.716586661907993403e+03
3.722875338380875291e+03
3.729164033325321725e+03
3.735452646474273024e+03
3.741741228706187940e+03
3.748029891511827373e+03
3.754318591383484090e+03
3.760607220199435233e+03
3.766895796362734472e+03
3.773184445931007303e+03
3.779473147645684094e+03
3.785761792133769177e+03
3.792050366092352760e+03
3.798339002082911520e+03
3.804627702900753320e+03
3.810916360420192632e+03
3.817204939615477542e+03
3.823493559222722979e+03
3.829782256567104014e+03
3.836070927277015471e+03
3.842359513307278121e+03
3.848648118818769944e+03
3.854936809364174678e+03
3.861225492322969330e+03
3.867514086716188558e+03
3.873802681841450521e+03
3.880091362092685358e+03
3.886380053588012743e+03
3.892668661803317264e+03
3.898957245998969938e+03
3.905245915202081051e+03
3.911534612698459114e+03
3.917823236005403487e+03
3.924111812470986024e+03
3.930400469228049587e+03
3.936689170566034591e+03
3.942977807169913376e+03
3.949266382994500418e+03
3.955555023968367550e+03
3.961843726005426106e+03
3.968132377339999039e+03
3.974420954533351050e+03
3.980709580620685756e+03
3.986998279886259297e+03
3.993286946113437807e+03
3.999575526734345658e+03
4.005864140039447648e+03
4.012152833221287892e+03
4.018441510806086626e+03
4.024730101616624324e+03
4.031018700680978327e+03
4.037307386057771964e+03
4.043596073282811176e+03
4.049884676697831310e+03
4.056173263628124914e+03
4.062461938924571314e+03
4.068750634472532511e+03
4.075039249640860362e+03
4.081327830512655055e+03
4.087616492129077415e+03
4.093905192504231763e+03
4.100193822505406388e+03
4.106482398911613927e+03
4.112771046554078566e+03
4.119059748401657998e+03
4.125348394597602237e+03
4.131636968666504799e+03
4.137925602961649020e+03
4.144214303422118064e+03
4.150502962694914459e+03
4.156791541896761373e+03
4.163080160451707343e+03
4.169368857070418017e+03
4.175657528785090108e+03
4.181946116264841294e+03
4.188234720020339410e+03
4.194523409857997649e+03
4.200812093717547214e+03
4.207100689602209059e+03
4.213389283099189015e+03
4.219677962509755162e+03
4.225966654926523006e+03
4.232255263984950034e+03
4.238543847875914253e+03
4.244832515634443553e+03
4.251121213612806969e+03
4.257409838437376493e+03
4.263698414396827502e+03
4.269987069816771509e+03
4.276275771216606699e+03
4.282564409381659061e+03
4.288852984758492312e+03
4.295141624733718345e+03
4.301430326612658973e+03
4.307718978924232943e+03
4.314007556958022178e+03
4.320296181368212274e+03
4.326584880361059732e+03
4.332873547656051414e+03
4.339162129181095224e+03
4.345450740872938695e+03
4.351739433552244009e+03
4.358028112347578826e+03
4.364316703595924082e+03
4.370605302007287719e+03
4.376893986380066053e+03
4.383182674326907545e+03
4.389471278982643526e+03
4.395759864981745523e+03
4.402048539310080741e+03
4.408337235229441831e+03
4.414625851813757436e+03
4.420914431833071831e+03
4.427203092567700878e+03
4.433491793250326737e+03
4.439780424141428739e+03
4.446069000831334961e+03
4.452357647002088925e+03
4.458646348956630391e+03
4.464934996231685545e+03
4.471223570629583264e+03
4.477512203498959934e+03
4.483800903754308820e+03
4.490089564408889601e+03
4.496378143611348605e+03
4.502666761332985516e+03
4.508955457353171369e+03
4.515244129964398780e+03
4.521532718387295063e+03
4.527821320932644085e+03
4.534110010144464468e+03
4.540398694622911535e+03
4.546687291663973156e+03
4.552975884036797652e+03
4.559264562743891474e+03
4.565553255881010955e+03
4.571841865671856795e+03
4.578130449363603475e+03
4.584419115868176959e+03
4.590707814295315075e+03
4.596996440206725310e+03
4.603285015978810407e+03
4.609573670156095432e+03
4.615862371645694111e+03
4.622151011342043603e+03
4.628439586253180096e+03
4.634728225355926043e+03
4.641016927043248870e+03
4.647305580310622645e+03
4.653594158922835959e+03
4.659882782048569425e+03
4.666171480777290526e+03
4.672460148850739643e+03
4.678748731183259224e+03
4.685037341631420531e+03
4.691326033854702473e+03
4.697614713667230717e+03
4.703903305322127380e+03
4.710191903228051160e+03
4.716480586679776025e+03
4.722769275347632174e+03
4.729057881000628186e+03
4.735346466364376283e+03
4.741635139692599296e+03
4.747923835951489309e+03
4.754212454000444268e+03
4.760501033144126268e+03
4.766789693077833363e+03
4.773078393961114671e+03
4.779367025790330445e+03
4.785655602674521106e+03
4.791944247524939783e+03
4.798232949561929672e+03
4.804521597762581223e+03
4.810810172540142958e+03
4.817098804073288193e+03
4.823387504134710980e+03
4.829676166049386666e+03
4.835964745252914327e+03
4.842253362269081663e+03
4.848542057726762323e+03
4.854830731233009828e+03
4.861119320357287506e+03
4.867407921967833317e+03
4.873696610519597016e+03
4.879985295531414522e+03
4.886273893809716355e+03
4.892562485056609148e+03
4.898851163146971885e+03
4.905139856812052130e+03
4.911428467323012228e+03
4.917717050847264545e+03
4.924005716228738493e+03
4.930294415066040528e+03
4.936583041877686810e+03
4.942871617530715412e+03
4.949160270540075544e+03
4.955448972101525214e+03
4.961737613118614718e+03
4.968026187623205260e+03
4.974314825964706870e+03
4.980603527461673366e+03
4.986892181705653456e+03
4.993180760656517123e+03
4.999469382684352240e+03
5.005758081106332611e+03
5.012046749833941249e+03
5.018335333073539914e+03
5.024623942254936992e+03
5.030912634048674590e+03
5.037201314706081575e+03
5.043489906824792342e+03
5.049778504255996268e+03
5.056067186812470936e+03
5.062355876185333727e+03
5.068644482578215502e+03
5.074933067419767212e+03
5.081221739849734149e+03
5.087510436413751449e+03
5.093799055768306971e+03
5.100087634138514659e+03
5.106376293371199608e+03
5.112664994424737415e+03
5.118953627152618537e+03
5.125242204002979634e+03
5.131530847885390358e+03
5.137819549973096400e+03
5.144108198806055043e+03
5.150396774046816972e+03
5.156685404482645936e+03
5.162974104386170438e+03
5.169262767257942869e+03
5.175551346507699236e+03
5.181839962971758723e+03
5.188128657936986201e+03
5.194417332241438089e+03
5.200705921828248393e+03
5.206994522779439649e+03
5.213283210759971553e+03
5.219571896214357366e+03
5.225860495539408475e+03
5.232149085845085210e+03
5.238437763430159976e+03
5.244726457524958278e+03
5.251015068757687004e+03
5.257303652009372854e+03
5.263592316551840668e+03
5.269881015737678354e+03
5.276169643111408732e+03
5.282458218873318401e+03
5.288746870941819907e+03
5.295035572555709223e+03
5.301324214641327671e+03
5.307612788858284148e+03
5.313901426610289491e+03
5.320190127922874126e+03
5.326478783055875283e+03
5.332767362201203468e+03
5.339055983442715842e+03
5.345344681601530283e+03
5.351633350871516996e+03
5.357921934874145336e+03
5.364210543051583954e+03
5.370499234540948237e+03
5.376787915817129942e+03
5.383076508394524353e+03
5.389365105360589041e+03
5.395653787353468033e+03
5.401942477242822861e+03
5.408231084035292952e+03
5.414519668706338962e+03
5.420808340446655166e+03
5.427097037236267170e+03
5.433385657551752956e+03
5.439674235364714150e+03
5.445962894089618203e+03
5.452251595234026354e+03
5.458540228748198388e+03
5.464828805516984175e+03
5.471117448600053649e+03
5.477406150708859968e+03
5.483694800151897653e+03
5.489983375894319579e+03
5.496272005213771081e+03
5.502560704952232300e+03
5.508849368666117698e+03
5.515137948157967912e+03
5.521426563987228292e+03
5.527715258480413468e+03
5.534003933593336114e+03
5.540292523526392870e+03
5.546581123907590154e+03
5.552869811338591717e+03
5.559158497231152069e+03
5.565447097575932276e+03
5.571735686954690209e+03
5.578024364045771108e+03
5.584313058545347303e+03
5.590601670588503112e+03
5.596890253427512107e+03
5.603178917184175589e+03
5.609467616682508378e+03
5.615756244653542126e+03
5.622044820563638496e+03
5.628333471592091882e+03
5.634622173251103959e+03
5.640910816293506286e+03
5.647199390364724422e+03
5.653488027441398117e+03
5.659776728548501524e+03
5.666065384638389332e+03
5.672353963878732429e+03
5.678642584366019037e+03
5.684931282244164322e+03
5.691219952086897138e+03
5.697508536934026779e+03
5.703797143978090389e+03
5.710085835097129348e+03
5.716374517062078667e+03
5.722663110240637252e+03
5.728951706574755008e+03
5.735240387859229486e+03
5.741529078371716423e+03
5.747817685649899431e+03
5.754106270116318228e+03
5.760394940937108004e+03
5.766683637999148232e+03
5.772972259404339638e+03
5.779260836645599738e+03
5.785549494707033773e+03
5.791838195942293169e+03
5.798126830534351029e+03
5.804415407069146568e+03
5.810704049248081901e+03
5.816992751360885450e+03
5.823281401476101564e+03
5.829569977763600036e+03
5.835858605867181723e+03
5.842147305438194962e+03
5.848435970097625614e+03
5.854724549876326819e+03
5.861013164872707421e+03
5.867301858872720004e+03
5.873590534893002769e+03
5.879879125073857722e+03
5.886167724962569082e+03
5.892456411680469500e+03
5.898745098065641287e+03
5.905033699500978400e+03
5.911322287912453248e+03
5.917610964393551512e+03
5.923899659313804477e+03
5.930188272368391154e+03
5.936476854628410365e+03
5.942765517525205723e+03
5.949054217345589677e+03
5.955342846058447321e+03
5.961631422164554351e+03
5.967920071877425471e+03
5.974208773590042256e+03
5.980497417862518887e+03
5.986785991803461002e+03
5.993074627924271226e+03
5.999363328771278248e+03
6.005651986047017090e+03
6.011940565194823648e+03
6.018229184946703754e+03
6.024517882388963699e+03
6.030806552933980129e+03
6.037095138725914694e+03
6.043383744470929742e+03
6.049672435163869523e+03
6.055961117881068276e+03
6.062249711892382038e+03
6.068538307338194500e+03
6.074826987867650132e+03
6.081115679086742603e+03
6.087404287027965438e+03
6.093692871298103455e+03
6.099981540932309144e+03
6.106270238310146851e+03
6.112558861024394901e+03
6.118847437680668918e+03
6.125136094841978775e+03
6.131424796146160588e+03
6.137713432073578588e+03
6.144002008121602557e+03
6.150290649465357092e+03
6.156579351524616868e+03
6.162868002475466710e+03
6.169156579385290570e+03
6.175445206044937549e+03
6.181733905416985181e+03
6.188022571139641514e+03
6.194311151402738687e+03
6.200599765316919729e+03
6.206888458759117384e+03
6.213177135799417556e+03
6.219465726356931555e+03
6.225754325698313551e+03
6.232043011547364586e+03
6.238331698472760763e+03
6.244620301125091828e+03
6.250908888558547005e+03
6.257197564294048789e+03
6.263486259614098344e+03
6.269774873981629753e+03
6.276063455335564868e+03
6.282352117371844543e+03
6.288640817554473870e+03
