0.000000000000000000e+00
6.288597226694604636e+00
1.257726111291633408e+01
1.886592275389749318e+01
2.515452735762799108e+01
3.144312509642339748e+01
3.773177232868638953e+01
4.402044702822694688e+01
5.030907239705143752e+01
5.659766602187755780e+01
6.288629178477389559e+01
6.917497043139780999e+01
7.546362142291225439e+01
8.175219892015870471e+01
8.804082020731877378e+01
9.432949868815352090e+01
1.006181455273351872e+02
1.069067281789538413e+02
1.131953485007681053e+02
1.194840208875751699e+02
1.257726755794905245e+02
1.320612725179871916e+02
1.383498723999808249e+02
1.446385306220833513e+02
1.509271941664750329e+02
1.572157907154545740e+02
1.635043873593334922e+02
1.697930339551723193e+02
1.760816991733463510e+02
1.823703149315371945e+02
1.886589030074190703e+02
1.949475510002249905e+02
2.012362142879493945e+02
2.075248342400410024e+02
2.138134159723395555e+02
2.201020581253307000e+02
2.263907250693872300e+02
2.326793468122694719e+02
2.389679315791400995e+02
2.452565586997889966e+02
2.515452353850933491e+02
2.578338650471277447e+02
2.641224521704473887e+02
2.704110725387033085e+02
2.766997416456855490e+02
2.829883836754987669e+02
2.892769653968073271e+02
2.955655833445857184e+02
3.018542457011531610e+02
3.081428946589808220e+02
3.144314815973419854e+02
3.207200914382483461e+02
3.270087555336315859e+02
3.332974067486314880e+02
3.395860033249834373e+02
3.458746011579822266e+02
3.521632652129625853e+02
3.584519196774236320e+02
3.647405194651943816e+02
3.710291130003481044e+02
3.773177678568985129e+02
3.836064338289009470e+02
3.898950338349746403e+02
3.961836279352241945e+02
4.024722721321576842e+02
4.087609410521594668e+02
4.150495519446249659e+02
4.213381408617378270e+02
4.276267825417223776e+02
4.339154479646897471e+02
4.402040712552006880e+02
4.464926524509233445e+02
4.527812936875388345e+02
4.590699598306011922e+02
4.653585864176071709e+02
4.716471702717553853e+02
4.779357981585019957e+02
4.842244700700027806e+02
4.905130987892285361e+02
4.968016879673039057e+02
5.030903022621830587e+02
5.093789744742838366e+02
5.156676192742272633e+02
5.219562055035630692e+02
5.282448193208674638e+02
5.345334789932015838e+02
5.408221308473648605e+02
5.471107240801028411e+02
5.533993225856356730e+02
5.596879880943439503e+02
5.659766477995256082e+02
5.722652486784827488e+02
5.785538415291380261e+02
5.848424900742246564e+02
5.911311588278845193e+02
5.974197622888382284e+02
6.037083549962690086e+02
6.099969977735984230e+02
6.162856717349081919e+02
6.225742920531970412e+02
6.288628757740540323e+02
6.351515172400858091e+02
6.414401823602637478e+02
6.477288087865372290e+02
6.540173928649930986e+02
6.603060188595819682e+02
6.665946967142111816e+02
6.728833433312363468e+02
6.791719271629294781e+02
6.854605444977599973e+02
6.917492084156785950e+02
6.980378686934907364e+02
7.043264686917829067e+02
7.106150694037570474e+02
7.169037305610214617e+02
7.231924016469999970e+02
7.294810181516718330e+02
7.357696045911615101e+02
7.420582537367927216e+02
7.483469273742239238e+02
7.546355558334981879e+02
7.609241434086371783e+02
7.672127725172927057e+02
7.735014464896307800e+02
7.797900879649182571e+02
7.860786811598295571e+02
7.923672874418106176e+02
7.986559584512755237e+02
8.049446222508098572e+02
8.112332216792656254e+02
8.175218157032015824e+02
8.238104749338257307e+02
8.300991423835059777e+02
8.363877523430446672e+02
8.426763433883269272e+02
8.489649767464085244e+02
8.552536556009141577e+02
8.615422861868565860e+02
8.678308770261871814e+02
8.741194980824467393e+02
8.804081765595940396e+02
8.866968301104482180e+02
8.929854344614184356e+02
8.992740367847653715e+02
9.055626909960658395e+02
9.118513675658948614e+02
9.181399905060743549e+02
9.244285827051932074e+02
9.307172139376762061e+02
9.370058927138753688e+02
9.432945331073492525e+02
9.495831198072053212e+02
9.558717374461915597e+02
9.621604127342768606e+02
9.684490741241061187e+02
9.747376623018017199e+02
9.810262729621467770e+02
9.873149365024144117e+02
9.936036041194146264e+02
9.998922119910300808e+02
1.006180802637988336e+03
1.012469451279002215e+03
1.018758126156737376e+03
1.025046742775589109e+03
1.031335331710612991e+03
1.037623968487514276e+03
1.043912637422514990e+03
1.050201262438498588e+03
1.056489844926819160e+03
1.062778480124419957e+03
1.069067145047325312e+03
1.075355779475794861e+03
1.081644361485033869e+03
1.087932988039293832e+03
1.094221660816925578e+03
1.100510295018273837e+03
1.106798884462197520e+03
1.113087500175245168e+03
1.119376171105274352e+03
1.125664809853070437e+03
1.131953402557899835e+03
1.138242009822691898e+03
1.144530674646065108e+03
1.150819329206231032e+03
1.157107918601331903e+03
1.163396525784416781e+03
1.169685183515149447e+03
1.175973844508306456e+03
1.182262438177468312e+03
1.188551041359150304e+03
1.194839695589540725e+03
1.201128354244140155e+03
1.207416960621104636e+03
1.213705551308016084e+03
1.219994205970156372e+03
1.226282866433652771e+03
1.232571479688328736e+03
1.238860065194128765e+03
1.245148716515682054e+03
1.251437383994945094e+03
1.257725997493221030e+03
1.264014586140438723e+03
1.270303223426644990e+03
1.276591896474185660e+03
1.282880514801877325e+03
1.289169104119266876e+03
1.295457732982476728e+03
1.301746402978626293e+03
1.308035035575454458e+03
1.314323619489738803e+03
1.320612247062581218e+03
1.326900913905757079e+03
1.333189554574225667e+03
1.339478137102940536e+03
1.345766761128346616e+03
1.352055426671648775e+03
1.358344069218665254e+03
1.364632659790683419e+03
1.370921270592905330e+03
1.377209939556325708e+03
1.383498585187000117e+03
1.389787180831693149e+03
1.396075782581831845e+03
1.402364449406709127e+03
1.408653102330325055e+03
1.414941698277790238e+03
1.421230298574596645e+03
1.427518954269476126e+03
1.433807618122101303e+03
1.440096216374893629e+03
1.446384815156592595e+03
1.452673465854770029e+03
1.458962132165695948e+03
1.465250739895651122e+03
1.471539330192238594e+03
1.477827978713490666e+03
1.484116641014378501e+03
1.490405259506847415e+03
1.496693842823636260e+03
1.502982487273691504e+03
1.509271154039124895e+03
1.515559775819976039e+03
1.521848360755368049e+03
1.528136997086056908e+03
1.534425672024456389e+03
1.540714297817040233e+03
1.547002884846200459e+03
1.553291506007607495e+03
1.559580171852027888e+03
1.565868817071691865e+03
1.572157399410609969e+03
1.578446021704173063e+03
1.584734692463517376e+03
1.591023343268387862e+03
1.597311939079004333e+03
1.603600539359926415e+03
1.609889204467049012e+03
1.616177872410670489e+03
1.622466480492415030e+03
1.628755072153240690e+03
1.635043725982752449e+03
1.641332393935917480e+03
1.647621009853127589e+03
1.653909593925740410e+03
1.660198229398506555e+03
1.666486905244858917e+03
1.672775533303875591e+03
1.679064116017226070e+03
1.685352744255935704e+03
1.691641409726978964e+03
1.697930050455682931e+03
1.704218641711241162e+03
1.710507249738064274e+03
1.716795919793524718e+03
1.723084568923236930e+03
1.729373158933775358e+03
1.735661763838535762e+03
1.741950420305172429e+03
1.748239083252957471e+03
1.754527679958575163e+03
1.760816282815857448e+03
1.767104938566935516e+03
1.773393596951903646e+03
1.779682207312369428e+03
1.785970794432482990e+03
1.792259439402937005e+03
1.798548111752455497e+03
1.804836736303426051e+03
1.811125320229433555e+03
1.817413951864425371e+03
1.823702624178619089e+03
1.829991261163375384e+03
1.836279849470493673e+03
1.842568464890543737e+03
1.848857134376090471e+03
1.855145784226247315e+03
1.861434369943234060e+03
1.867722980010372112e+03
1.874011638638274917e+03
1.880300295755042953e+03
1.886588890047913083e+03
1.892877491905406259e+03
1.899166156232249932e+03
1.905454826165256009e+03
1.911743430130744400e+03
1.918032022790268456e+03
1.924320670460130259e+03
1.930609342245604694e+03
1.936897966651133629e+03
1.943186549115037224e+03
1.949475189890603815e+03
1.955763864361790638e+03
1.962052499014035902e+03
1.968341084882665655e+03
1.974629712412604476e+03
1.980918395778957120e+03
1.987207030181692744e+03
1.993495611539867014e+03
1.999784243970132593e+03
2.006072924115694832e+03
2.012361569214834162e+03
2.018650159576152419e+03
2.024938775022968912e+03
2.031227459657375448e+03
2.037516103630650605e+03
2.043804687772473471e+03
2.050093306449326064e+03
2.056381989248557602e+03
2.062670631947080892e+03
2.068959211986964874e+03
2.075247841080339640e+03
2.081536523568595840e+03
2.087825156569844239e+03
2.094113735139072560e+03
2.100402370856229481e+03
2.106691054434307716e+03
2.112979686574584775e+03
2.119268273562307058e+03
2.125556906595560577e+03
2.131845582441512761e+03
2.138134228765368334e+03
2.144422814602334711e+03
2.150711435317687119e+03
2.157000104950334844e+03
2.163288758687363952e+03
2.169577355526036172e+03
2.175865953890521723e+03
2.182154622666795603e+03
2.188443289681072201e+03
2.194731891121255558e+03
2.201020485409088451e+03
2.207309136012780073e+03
2.213597806879358359e+03
2.219886424898544647e+03
2.226175013190022128e+03
2.232463652124221881e+03
2.238752327567404791e+03
2.245040949970845759e+03
2.251329536295718299e+03
2.257618165566179414e+03
2.263906832882652452e+03
2.270195472465200510e+03
2.276484063363207042e+03
2.282772673452363051e+03
2.289061344812447715e+03
2.295350002037544982e+03
2.301638591058397196e+03
2.307927197186647845e+03
2.314215851852720789e+03
2.320504515010681644e+03
2.326793117844945300e+03
2.333081711186743632e+03
2.339370369138510341e+03
2.345659030605631415e+03
2.351947643550614430e+03
2.358236230887870079e+03
2.364524875676787815e+03
2.370813549119145591e+03
2.377102163524889420e+03
2.383390754134431518e+03
2.389679388512025980e+03
2.395968063202635676e+03
2.402256688298644349e+03
2.408545276090898369e+03
2.414833907190796253e+03
2.421122575450430304e+03
2.427411213809908077e+03
2.433699796667866394e+03
2.439988425192580053e+03
2.446277092586832168e+03
2.452565734631170926e+03
2.458854321430274013e+03
2.465142942059056168e+03
2.471431610521245148e+03
2.477720253149610016e+03
2.484008847665575558e+03
2.490297454562659823e+03
2.496586124702716916e+03
2.502874774073180561e+03
2.509163370248104457e+03
2.515451972899566954e+03
2.521740635857066991e+03
2.528029298250086413e+03
2.534317892758577727e+03
2.540606496105047881e+03
2.546895150348958850e+03
2.553183815440076160e+03
2.559472417062723707e+03
2.565761015369819688e+03
2.572049665815586650e+03
2.578338328229970557e+03
2.584626945330334365e+03
2.590915532285396239e+03
2.597204182712406691e+03
2.603492847801448534e+03
2.609781468381816921e+03
2.616070055478638096e+03
2.622358695354535485e+03
2.628647366657037765e+03
2.634935989035931925e+03
2.641224580570300986e+03
2.647513205952440330e+03
2.653801879075228044e+03
2.660090514345580686e+03
2.666379101580534552e+03
2.672667725279797651e+03
2.678956393551810834e+03
2.685245039038197319e+03
2.691533624049344780e+03
2.697822245263215791e+03
2.704110909048275971e+03
2.710399556911514992e+03
2.716688151398004720e+03
2.722976758297542801e+03
2.729265426045468757e+03
2.735554076284689927e+03
2.741842676899531398e+03
2.748131275208821535e+03
2.754419939382922621e+03
2.760708598318570239e+03
2.766997198562994072e+03
2.773285797853527583e+03
2.779574450121374412e+03
2.785863118492005469e+03
2.792151722197285380e+03
2.798440319391228059e+03
2.804728965886481546e+03
2.811017634105689467e+03
2.817306248551361477e+03
2.823594837881486001e+03
2.829883483000085107e+03
2.836172147705231055e+03
2.842460773421236354e+03
2.848749357730669544e+03
2.855037997743800133e+03
2.861326668533747124e+03
2.867615295352111389e+03
2.873903882999276448e+03
2.880192512975755562e+03
2.886481187183680504e+03
2.892769816443714717e+03
2.899058407821317815e+03
2.905347026500848642e+03
2.911635698484479235e+03
2.917924339652693106e+03
2.924212927939292513e+03
2.930501544556216231e+03
2.936790209208784745e+03
2.943078863317579362e+03
2.949367450572752659e+03
2.955656065135731751e+03
2.961944727318239984e+03
2.968233383608494478e+03
2.974521977015079301e+03
2.980810583036300159e+03
2.987099244187119893e+03
2.993387898699213110e+03
2.999676503824474821e+03
3.005965097013324794e+03
3.012253758073806239e+03
3.018542418957125392e+03
3.024831026564695549e+03
3.031119617668450246e+03
3.037408274820296811e+03
3.043696943774413739e+03
3.049985550843762212e+03
3.056274144165622147e+03
3.062562786417831376e+03
3.068851459886981957e+03
3.075140073540193043e+03
3.081428665202759021e+03
3.087717301829177813e+03
3.094005972568759717e+03
3.100294599599935736e+03
3.106583185321449491e+03
3.112871820944964838e+03
3.119160488861417889e+03
3.125449125415515482e+03
3.131737707607908305e+03
3.138026335884593664e+03
3.144315007603424419e+03
3.150603643347258185e+03
3.156892233753714208e+03
3.163180845305188086e+03
3.169469518339571096e+03
3.175758167721333393e+03
3.182046758733602019e+03
3.188335367587708788e+03
3.194624031638275937e+03
3.200912689090107506e+03
3.207201280501228212e+03
3.213489888038412118e+03
3.219778546124940476e+03
3.226067207280784714e+03
3.232355808303571393e+03
3.238644406238227930e+03
3.244933064615629519e+03
3.251221724762285703e+03
3.257510334888404941e+03
3.263798924677584637e+03
3.270087579858181925e+03
3.276376242934180937e+03
3.282664856812692506e+03
3.288953445217577155e+03
3.295242090574382019e+03
3.301530764246734634e+03
3.307819380345192258e+03
3.314107970997011307e+03
3.320396607026779748e+03
3.326685284041178420e+03
3.332973907228029475e+03
3.339262495607573783e+03
3.345551126020962329e+03
3.351839794872649236e+03
3.358128431934926084e+03
3.364417015708082090e+03
3.370705643849751141e+03
3.376994310563216004e+03
3.383282954407709440e+03
3.389571539143443715e+03
3.395860164826041455e+03
3.402148834453236304e+03
3.408437477512447003e+03
3.414726072514229600e+03
3.421014675017418995e+03
3.427303337207534241e+03
3.433592002130455512e+03
3.439880598936138540e+03
3.446169202821536601e+03
3.452457858011085591e+03
3.458746522786374499e+03
3.465035126845602008e+03
3.471323719254270600e+03
3.477612374457407441e+03
3.483901040306446248e+03
3.490189655984997444e+03
3.496478243374519025e+03
3.502766886363770482e+03
3.509055562232307238e+03
3.515344186463347341e+03
3.521632773775247642e+03
3.527921407381133577e+03
3.534210079443384075e+03
3.540498717810566632e+03
3.546787298447267858e+03
3.553075921574484710e+03
3.559364594493588356e+03
3.565653240964878023e+03
3.571941831773857757e+03
3.578230439125021803e+03
3.584519097377354228e+03
3.590807759088393595e+03
3.597096361751878703e+03
3.603384963068926936e+03
3.609673621933052800e+03
3.615962281527902178e+03
3.622250890708829957e+03
3.628539481688148499e+03
3.634828138466446944e+03
3.641116801248048887e+03
3.647405413882983339e+03
3.653694002382539111e+03
3.659982648306968258e+03
3.666271322569774384e+03
3.672559940209049273e+03
3.678848530089524047e+03
3.685137165690458914e+03
3.691425835005888075e+03
3.697714469162722253e+03
3.704003052189088521e+03
3.710291680763695695e+03
3.716580351713541859e+03
3.722868989988316571e+03
3.729157581118464350e+03
3.735446191914176779e+03
3.741734866326049996e+03
3.748023528188374712e+03
3.754312125082170951e+03
3.760600729899185808e+03
3.766889397606611510e+03
3.773178067321409799e+03
3.779466673968351643e+03
3.785755267225431453e+03
3.792043930029105468e+03
3.798332607881608965e+03
3.804621220157961488e+03
3.810909817971530174e+03
3.817198461080091874e+03
3.823487139987362752e+03
3.829775790567409331e+03
3.836064375837878742e+03
3.842352992033676855e+03
3.848641666206530317e+03
3.854930334715444587e+03
3.861218934103609627e+03
3.867507532328144407e+03
3.873796187743464543e+03
3.880084856683010912e+03
3.886373475219185366e+03
3.892662062032423819e+03
3.898950714264814451e+03
3.905239379142146390e+03
3.911527996891241855e+03
3.917816585944302460e+03
3.924105216137628304e+03
3.930393884271603838e+03
3.936682525787185114e+03
3.942971108533907227e+03
3.949259725505061851e+03
3.955548400094974113e+03
3.961837047311485094e+03
3.968125640333797492e+03
3.974414244605030945e+03
3.980702905346583520e+03
3.986991567404029865e+03
3.993280162077269324e+03
3.999568762529982905e+03
4.005857417182516656e+03
4.012146079489152271e+03
4.018434688650044336e+03
4.024723276683170297e+03
4.031011931679703139e+03
4.037300596573212715e+03
4.043589209923529324e+03
4.049877798670780976e+03
4.056166444772734394e+03
4.062455117040760342e+03
4.068743731969921100e+03
4.075032322290707270e+03
4.081320952304633465e+03
4.087609625935173426e+03
4.093898258307226115e+03
4.100186842007306041e+03
4.106475473930312546e+03
4.112764144829014185e+03
4.119052782756413762e+03
4.125341374555539915e+03
4.131629985383216081e+03
4.137918654674290337e+03
4.144207314187258817e+03
4.150495902223601661e+03
4.156784507868675973e+03
4.163073163448196283e+03
4.169361828138527017e+03
4.175650439679671763e+03
4.181939030664168968e+03
4.188227684534308537e+03
4.194516362870286684e+03
4.200804997129282128e+03
4.207093578997598343e+03
4.213382213752670395e+03
4.219670894327382484e+03
4.225959538295834136e+03
4.232248134705982920e+03
4.238536754415728865e+03
4.244825422715332024e+03
4.251114086989741736e+03
4.257402690405898284e+03
4.263691291081780946e+03
4.269979952305747247e+03
4.276268624309275765e+03
4.282557249339221926e+03
4.288845844301356010e+03
4.295134479788114731e+03
4.301423159746913370e+03
4.307711807290386787e+03
4.314000404818908464e+03
4.320289016936923872e+03
4.326577687560613413e+03
4.332866352939639910e+03
4.339154965985053423e+03
4.345443556499147235e+03
4.351732219084138706e+03
4.358020896120206089e+03
4.364309528544196837e+03
4.370598123929415124e+03
4.376886752938420614e+03
4.383175429085361429e+03
4.389464083627744003e+03
4.395752686149067813e+03
4.402041286961374681e+03
4.408329963048779973e+03
4.414618628702356546e+03
4.420907234148555290e+03
4.427195839950092704e+03
4.433484495054525723e+03
4.439773175279027782e+03
4.446061815610302801e+03
4.452350412011644039e+03
4.458639025627983756e+03
4.464927708925647494e+03
4.471216356629513029e+03
4.477504938752078488e+03
4.483793569684054091e+03
4.490082244673267269e+03
4.496370908300956216e+03
4.502659510549332481e+03
4.508948107387924210e+03
4.515236775561090326e+03
4.521525445008311181e+03
4.527814030829705189e+03
4.534102628954314241e+03
4.540391309140482917e+03
4.546679987118425743e+03
4.552968577493633347e+03
4.559257173739101745e+03
4.565545850547720875e+03
4.571834510050628523e+03
4.578123097334429076e+03
4.584411710723181386e+03
4.590700390450839222e+03
4.596989048096937040e+03
4.603277628143445327e+03
4.609566248432816792e+03
4.615854930223324118e+03
4.622143582714425975e+03
4.628432170412976120e+03
4.634720787169768300e+03
4.641009467952153500e+03
4.647298130063534700e+03
4.653586725388669947e+03
4.659875331363813530e+03
4.666164000684050734e+03
4.672452674874909462e+03
4.678741280819325766e+03
4.685029881188056606e+03
4.691318531914259438e+03
4.697607213179132486e+03
4.703895842514034484e+03
4.710184433448434902e+03
4.716473056459399231e+03
4.722761727588575923e+03
4.729050379974444695e+03
4.735338968866621144e+03
4.741627586636961496e+03
4.747916258763661062e+03
4.754204918328855456e+03
4.760493517747389888e+03
4.766782121678576914e+03
4.773070784086477943e+03
4.779359453142310485e+03
4.785648051925363688e+03
4.791936652033644350e+03
4.798225303195586093e+03
4.804513968902433589e+03
4.810802583800262255e+03
4.817091173405355221e+03
4.823379828907204683e+03
4.829668503412491191e+03
4.835957126659584901e+03
4.842245716706051098e+03
4.848534353537131210e+03
4.854823030889188885e+03
4.861111676172304215e+03
4.867400272797867729e+03
4.873688886076405652e+03
4.879977563716588520e+03
4.886266229075361480e+03
4.892554833496558786e+03
4.898843434144336243e+03
4.905132096666147845e+03
4.911420772799595397e+03
4.917709387801284720e+03
4.923997987082360851e+03
4.930286631431497881e+03
4.936575316242725421e+03
4.942863952086228892e+03
4.949152548454780117e+03
4.955441169229604384e+03
4.961729855613000836e+03
4.968018502333022298e+03
4.974307092738763458e+03
4.980595715145362192e+03
4.986884385752808157e+03
4.993173059972014926e+03
4.999461662232696654e+03
5.005750267130240900e+03
5.012038919853989682e+03
5.018327599642933819e+03
5.024616222858666333e+03
5.030904815261416843e+03
5.037193453359132945e+03
5.043482129997170887e+03
5.049770766639129761e+03
5.056059351832561333e+03
5.062347979363852573e+03
5.068636655931525638e+03
5.074925311667227106e+03
5.081213905605965010e+03
5.087502513058447221e+03
5.093791171901789312e+03
5.100079836166825771e+03
5.106368440118961189e+03
5.112657034508440120e+03
5.118945692799619792e+03
5.125234358716275892e+03
5.131522972453973125e+03
5.137811564975443616e+03
5.144100207551272433e+03
5.150388885863387259e+03
5.156677509949392515e+03
5.162966094445171620e+03
5.169254730506551823e+03
5.175543397641942647e+03
5.181832036638505087e+03
5.188120622296705733e+03
5.194409252728114552e+03
5.200697929861170451e+03
5.206986576428151238e+03
5.213275170081597935e+03
5.219563780205355215e+03
5.225852453792571396e+03
5.232141118430289680e+03
5.238429720015666135e+03
5.244718321434698737e+03
5.251006985913741119e+03
5.257295653437366127e+03
5.263584265132937617e+03
5.269872859954609339e+03
5.276161509560237391e+03
5.282450183310645116e+03
5.288738813314213076e+03
5.295027398482112403e+03
5.301316035578568517e+03
5.307604718075466735e+03
5.313893362591335972e+03
5.320181951978913276e+03
5.326470573131200581e+03
5.332759249145360627e+03
5.339047903772614518e+03
5.345336502657565688e+03
5.351625106541229798e+03
5.357913776397490437e+03
5.364202432215094632e+03
5.370491033932672508e+03
5.376779631669520313e+03
5.383068286149901724e+03
5.389356958993198532e+03
5.395645567769733134e+03
5.401934163033397454e+03
5.408222812082745804e+03
5.414511479786016025e+03
5.420800100500626286e+03
5.427088688532186097e+03
5.433377335852657779e+03
5.439666004183621226e+03
5.445954630989001998e+03
5.452243216163920806e+03
5.458531855587653808e+03
5.464820529991887270e+03
5.471109159501571412e+03
5.477397749911432584e+03
5.483686374606655590e+03
5.489975051435299974e+03
5.496263690088634576e+03
5.502552278754163126e+03
5.508840900101360603e+03
5.515129572254249979e+03
5.521418222936968959e+03
5.527706809602271278e+03
5.533995426624109314e+03
5.540284090498237674e+03
5.546572744734473417e+03
5.552861342699715351e+03
5.559149947150342086e+03
5.565438618166350352e+03
5.571727283034670108e+03
5.578015888374252427e+03
5.584304489159459990e+03
5.590593147166914605e+03
5.596881822426894360e+03
5.603170447992542904e+03
5.609459036303033827e+03
5.615747679753578268e+03
5.622036359641159834e+03
5.628324994094252361e+03
5.634613585378599964e+03
5.640902213593301894e+03
5.647190891684667804e+03
5.653479538958974445e+03
5.659768128617321054e+03
5.666056749518073048e+03
5.672345423253504123e+03
5.678634082742242754e+03
5.684922682670428003e+03
5.691211288966593202e+03
5.697499953617353640e+03
5.703788622657819360e+03
5.710077225249812727e+03
5.716365822226216551e+03
5.722654480646212505e+03
5.728943155095227667e+03
5.735231771511498664e+03
5.741520362134710012e+03
5.747809000627778914e+03
5.754097676283735382e+03
5.760386317359257191e+03
5.766674898520833267e+03
5.772963525454620139e+03
5.779252199331640441e+03
5.785540848762791938e+03
5.791829445907990703e+03
5.798118059053615070e+03
5.804406732177529193e+03
5.810695397237085672e+03
5.816984004184419973e+03
5.823272603174785218e+03
5.829561274002981008e+03
5.835849949955628290e+03
5.842138562564795393e+03
5.848427158099173539e+03
5.854715806160743341e+03
5.861004488223968110e+03
5.867293121739980961e+03
5.873581718845628529e+03
5.879870345470530992e+03
5.886159029059247587e+03
5.892447687074228270e+03
5.898736281015899294e+03
5.905024898865253817e+03
5.911313573165813978e+03
5.917602246473751620e+03
5.923890849234295274e+03
5.930179454758093016e+03
5.936468113566366810e+03
5.942756786235532672e+03
5.949045409332767122e+03
5.955334000112417016e+03
5.961622647160744236e+03
5.967911334645258648e+03
5.974199962721429074e+03
5.980488561647573079e+03
5.986777197046138099e+03
5.993065875277954547e+03
5.999354536350485432e+03
6.005643137789944376e+03
6.011931749433781988e+03
6.018220413836678745e+03
6.024509087184609598e+03
6.030797699676495540e+03
6.037086292977020094e+03
6.043374945301553453e+03
6.049663622652792583e+03
6.055952258752505259e+03
6.062240840852920883e+03
6.068529482989234566e+03
6.074818164727690601e+03
6.081106820678684016e+03
6.087395407848574905e+03
6.093684029096468294e+03
6.099972700362962314e+03
6.106261375307872186e+03
6.112549982975841885e+03
6.118838581768241056e+03
6.125127248235076877e+03
6.131415922884647443e+03
6.137704521336401740e+03
6.143993117889692257e+03
6.150281797890793314e+03
6.156570462849206706e+03
6.162859051665349398e+03
6.169147664689322482e+03
6.175436340459253188e+03
6.181725007706699216e+03
6.188013624574725327e+03
6.194302225090492357e+03
6.200590878710349898e+03
6.206879562784507470e+03
6.213168200239241742e+03
6.219456786092296170e+03
6.225745428629240450e+03
6.232034111993476472e+03
6.238322755639012030e+03
6.244611347249326172e+03
6.250899977404385027e+03
6.257188654462856903e+03
6.263477313866413169e+03
6.269765921239602903e+03
6.276054529321703740e+03
6.282343193846308168e+03
6.288631869369415654e+03
