0.000000000000000000e+00
6.288599864903506642e+00
1.257727332725215774e+01
1.886593980832121176e+01
2.515453389118420091e+01
3.144313533372614700e+01
3.773182037691622526e+01
4.402050047878961436e+01
5.030910148260674220e+01
5.659769566288298392e+01
6.288636835633165134e+01
6.917505735512918363e+01
7.546366435116149773e+01
8.175225630723198833e+01
8.804092098818446743e+01
9.432961105243094835e+01
1.006182364425570910e+02
1.069068141277964656e+02
1.131954678367097529e+02
1.194841613498973345e+02
1.257727921363952106e+02
1.320613718800780134e+02
1.383500230991637920e+02
1.446387146027433914e+02
1.509273492499098950e+02
1.572159369619594713e+02
1.635045770230847211e+02
1.697932659718456136e+02
1.760819169853744768e+02
1.823704990408761830e+02
1.886591278821574065e+02
1.949478181135268642e+02
2.012364808003198391e+02
2.075250675126825399e+02
2.138136890549583313e+02
2.201023753239391851e+02
2.263910566934495421e+02
2.326796699267260635e+02
2.389682593998508082e+02
2.452569317180268627e+02
2.515456225299986954e+02
2.578342577822805879e+02
2.641228484100186620e+02
2.704114933056677046e+02
2.767001877389503761e+02
2.829888382351512064e+02
2.892774318783041849e+02
2.955660557112715310e+02
3.018547408152738853e+02
3.081434052265049104e+02
3.144319962624205118e+02
3.207206033598764634e+02
3.270092846211856568e+02
3.332979456671436651e+02
3.395865261929347412e+02
3.458751390190887491e+02
3.521638233352863381e+02
3.584524909028118600e+02
3.647410791767582054e+02
3.710296886757769812e+02
3.773183708739139774e+02
3.836070327481459117e+02
3.898956134708402601e+02
3.961842269759011970e+02
4.024729089768413814e+02
4.087615741961710683e+02
4.150501710254000614e+02
4.213387792479148857e+02
4.276274619395838954e+02
4.339161282221231204e+02
4.402047301842963520e+02
4.464933388551712596e+02
4.527820123732990965e+02
4.590706892923694795e+02
4.653592861953001716e+02
4.716478894928173418e+02
4.779365636620549935e+02
4.842252464221622859e+02
4.905138620221200654e+02
4.968024507968633543e+02
5.030911134092340831e+02
5.093798024240831523e+02
5.156684207763493077e+02
5.219570049903073823e+02
5.282456619582817439e+02
5.345343576010130846e+02
5.408229832445670127e+02
5.471115721120111175e+02
5.534002171361903493e+02
5.596889086204618025e+02
5.659775462933446306e+02
5.722661321473843827e+02
5.785547659661503985e+02
5.848434565341284497e+02
5.911321065489848934e+02
5.974206976957007100e+02
6.037093206140017401e+02
6.099980111094739641e+02
6.162866583633535811e+02
6.225752389855914544e+02
6.288638649662698299e+02
6.351525533400957784e+02
6.414412016847417135e+02
6.477297894952578190e+02
6.540184099567575231e+02
6.603071050816855632e+02
6.665957738788200686e+02
6.728843782835233469e+02
6.791729831248092069e+02
6.854616557091297864e+02
6.917503325167232333e+02
6.980389281010383229e+02
7.043275312006633158e+02
7.106162067872097623e+02
7.169048944680934028e+02
7.231935046025573683e+02
7.294820952276436401e+02
7.357707518174551069e+02
7.420594389383013549e+02
7.483480565744074511e+02
7.546366478465738510e+02
7.609253068861144129e+02
7.672139950695421931e+02
7.735026247015404124e+02
7.797912132204804720e+02
7.860798581450935671e+02
7.923685515210617041e+02
7.986571961512353255e+02
8.049457720895910597e+02
8.112344076930696701e+02
8.175231044420008857e+02
8.238117527760581424e+02
8.301003320559957501e+02
8.363889644553025846e+02
8.426776564330717747e+02
8.489663212851726257e+02
8.552549114002791839e+02
8.615435264301247571e+02
8.678322102802238760e+02
8.741208904229082464e+02
8.804095020967461096e+02
8.866980919967809314e+02
8.929867622192880390e+02
8.992754421316366233e+02
9.055640541621447710e+02
9.118526500981515710e+02
9.181413108769148721e+02
9.244300013575415278e+02
9.307186262778262744e+02
9.370072063633066364e+02
9.432958611975269605e+02
9.495845583821187574e+02
9.558731898235199651e+02
9.621617809205245067e+02
9.684504238214980205e+02
9.747391164772471939e+02
9.810277788782965445e+02
9.873163607516539741e+02
9.936049722721216995e+02
9.998936598481420788e+02
1.006182316938825920e+03
1.012470904311190225e+03
1.018759523056296302e+03
1.025048213957762982e+03
1.031336880928365417e+03
1.037625469808254593e+03
1.043914084839302632e+03
1.050202771134312570e+03
1.056491445529209841e+03
1.062780037747314054e+03
1.069068643588416307e+03
1.075357323520810269e+03
1.081646000608040595e+03
1.087934600111934742e+03
1.094223194663802133e+03
1.100511864763412404e+03
1.106800542676076248e+03
1.113089138360542620e+03
1.119377742888951616e+03
1.125666416698192279e+03
1.131955100218523057e+03
1.138243712776984466e+03
1.144532307027807974e+03
1.150820967808570458e+03
1.157109645590017863e+03
1.163398254573468648e+03
1.169686847944109559e+03
1.175975514447579371e+03
1.182264201531347908e+03
1.188552808759120580e+03
1.194841389766652128e+03
1.201130056452517692e+03
1.207418745603976504e+03
1.213707366619655659e+03
1.219995953348111243e+03
1.226284611757982248e+03
1.232573298021491155e+03
1.238861930920658551e+03
1.245150515701087443e+03
1.251439163392875344e+03
1.257727858186886579e+03
1.264016499870463349e+03
1.270305078984938064e+03
1.276593720997502032e+03
1.282882414491828513e+03
1.289171059009413057e+03
1.295459634447591952e+03
1.301748270190557605e+03
1.308036962895189390e+03
1.314325623116356383e+03
1.320614200303390362e+03
1.326902815543290671e+03
1.333191505355089475e+03
1.339480151511738541e+03
1.345768729208380364e+03
1.352057355121635965e+03
1.358346041295817486e+03
1.364634684338919214e+03
1.370923257766210554e+03
1.377211888317506009e+03
1.383500578383645006e+03
1.389789201463083600e+03
1.396077772956886974e+03
1.402366422951761251e+03
1.408655104281674085e+03
1.414943700497413829e+03
1.421232288660900394e+03
1.427520959732845313e+03
1.433809624240855328e+03
1.440098206106140651e+03
1.446386814751510428e+03
1.452675494852751854e+03
1.458964143418455706e+03
1.465252722443601897e+03
1.471541347860121959e+03
1.477830033978174242e+03
1.484118673170507464e+03
1.490407243847173277e+03
1.496695877350433193e+03
1.502984567870999854e+03
1.509273194187325089e+03
1.515561769076520477e+03
1.521850416820214150e+03
1.528139100494294780e+03
1.534427730804922021e+03
1.540716320082921811e+03
1.547004963266361074e+03
1.553293656122300717e+03
1.559582296443782752e+03
1.565870880137959830e+03
1.572159515993567311e+03
1.578448208050856920e+03
1.584736858582134573e+03
1.591025439396135425e+03
1.597314071150414975e+03
1.603602762581531351e+03
1.609891411518231052e+03
1.616179999383825816e+03
1.622468624158721695e+03
1.628757310133779583e+03
1.635045976603327063e+03
1.641334571655864238e+03
1.647623178445371877e+03
1.653911856554345377e+03
1.660200513902677130e+03
1.666489088084268815e+03
1.672777705870764066e+03
1.679066388312916843e+03
1.685355017069475480e+03
1.691643588647626757e+03
1.697932238703199346e+03
1.704220919421746430e+03
1.710509534743131780e+03
1.716798125830688377e+03
1.723086784167132009e+03
1.729375474903596114e+03
1.735664106792601842e+03
1.741952688340005807e+03
1.748241338361911858e+03
1.754530032880076760e+03
1.760818675227377526e+03
1.767107252527798892e+03
1.773395889578391234e+03
1.779684587051459175e+03
1.785973232760933342e+03
1.792261816951515357e+03
1.798550447790613816e+03
1.804839139354987992e+03
1.811127797825317884e+03
1.817416377243337820e+03
1.823704993636886456e+03
1.829993682550551739e+03
1.836282345741038398e+03
1.842570927639635102e+03
1.848859546255971736e+03
1.855148230473105059e+03
1.861436903665767431e+03
1.867725503201096217e+03
1.874014103651345977e+03
1.880302778719874823e+03
1.886591458682499251e+03
1.892880058774619556e+03
1.899168650647196955e+03
1.905457323272880558e+03
1.911745991734832614e+03
1.918034586193722134e+03
1.924323192983518311e+03
1.930611867660200232e+03
1.936900544617074047e+03
1.943189146297216439e+03
1.949477746611228895e+03
1.955766417934639549e+03
1.962055100806151813e+03
1.968343713659749483e+03
1.974632308873458896e+03
1.980920967415394671e+03
1.987209655826243988e+03
1.993498275624185226e+03
1.999786864458716536e+03
2.006075518354555470e+03
2.012364212944730752e+03
2.018652840496902854e+03
2.024941416590804238e+03
2.031230068730362063e+03
2.037518762285216098e+03
2.043807394725297627e+03
2.050095982779458609e+03
2.056384623223562357e+03
2.062673314351458430e+03
2.068961964224284657e+03
2.075250540653490134e+03
2.081539175588489798e+03
2.087827867669315765e+03
2.094116522926140078e+03
2.100405112908807041e+03
2.106693731553986709e+03
2.112982416265891061e+03
2.119271083865559831e+03
2.125559673343660961e+03
2.131848283935993095e+03
2.138136969905142450e+03
2.144425639587216210e+03
2.150714235217410078e+03
2.157002843246154043e+03
2.163291517260148339e+03
2.169580197220441732e+03
2.175868796222903711e+03
2.182157397611953911e+03
2.188446070618122576e+03
2.194734751185290406e+03
2.201023362792033822e+03
2.207311957263873410e+03
2.213600617163182960e+03
2.219889303373558505e+03
2.226177923123017536e+03
2.232466512088852596e+03
2.238755166871012534e+03
2.245043846410161223e+03
2.251332460085526691e+03
2.257621046155407385e+03
2.263909701488462360e+03
2.270198388268218878e+03
2.276486999781957820e+03
2.282775590887639282e+03
2.289064251584802605e+03
2.295352942661811085e+03
2.301641564840041156e+03
2.307930142883384178e+03
2.314218797159775022e+03
2.320507489503519537e+03
2.326796125686721098e+03
2.333084704827600490e+03
2.339373344188418287e+03
2.345662040937128495e+03
2.351950685538429298e+03
2.358239259817072252e+03
2.364527894046673282e+03
2.370816586208777153e+03
2.377105242782958612e+03
2.383393828614614904e+03
2.389682450650646842e+03
2.395971138470109508e+03
2.402259796996898331e+03
2.408548373123703186e+03
2.414836986765739312e+03
2.421125673628851928e+03
2.427414310890463639e+03
2.433702880946725600e+03
2.439991521689717956e+03
2.446280200179451640e+03
2.452568807231266874e+03
2.458857388248930874e+03
2.465146056856111954e+03
2.471434721379295297e+03
2.477723299024593416e+03
2.484011911492109448e+03
2.490300596711949311e+03
2.496589229559624982e+03
2.502877800593762004e+03
2.509166443296217039e+03
2.515455125639272865e+03
2.521743728899611142e+03
2.528032311840556304e+03
2.534320980816588417e+03
2.540609642872290806e+03
2.546898219994309329e+03
2.553186833444543936e+03
2.559475518045440367e+03
2.565764149125700442e+03
2.572052719971839451e+03
2.578341366974684661e+03
2.584630049683010384e+03
2.590918651979069182e+03
2.597207234089117719e+03
2.603495899730461133e+03
2.609784571446342852e+03
2.616073155635391231e+03
2.622361756103050993e+03
2.628650435565712542e+03
2.634939081152205745e+03
2.641227654404852728e+03
2.647516283358832879e+03
2.653804970968229554e+03
2.660093595018816359e+03
2.666382167261029281e+03
2.672670816700683190e+03
2.678959496019233029e+03
2.685248107651894315e+03
2.691536691169886581e+03
2.697825351660671458e+03
2.704114034069294576e+03
2.710402635296028620e+03
2.716691218306064911e+03
2.722979885805946196e+03
2.729268557815189979e+03
2.735557141866898291e+03
2.741845742014493680e+03
2.748134421550315437e+03
2.754423064788190004e+03
2.760711634751179645e+03
2.767000266656878466e+03
2.773288952051662818e+03
2.779577564769077071e+03
2.785866140741451090e+03
2.792154805390946876e+03
2.798443477358022847e+03
2.804732059885480794e+03
2.811020662887963681e+03
2.817309347548375172e+03
2.823597987684441705e+03
2.829886557261023881e+03
2.836175192892619634e+03
2.842463874680669505e+03
2.848752483052191110e+03
2.855041061867721965e+03
2.861329727877704045e+03
2.867618397181950513e+03
2.873906979776673325e+03
2.880195584489028533e+03
2.886484262917553224e+03
2.892772923943426122e+03
2.899061501007275638e+03
2.905350114753943217e+03
2.911638803077699322e+03
2.917927445179464485e+03
2.924216017229871341e+03
2.930504647988638681e+03
2.936793331015770036e+03
2.943081955790290067e+03
2.949370526660447922e+03
2.955659176828893578e+03
2.961947856730496824e+03
2.968236452880732941e+03
2.974525040823948075e+03
2.980813712047143781e+03
2.987102376942419141e+03
2.993390958184832925e+03
2.999679563046772273e+03
3.005968248277187286e+03
3.012256887616661515e+03
3.018545457368469215e+03
3.024834091899047053e+03
3.031122773133703959e+03
3.037411383891183050e+03
3.043699961838838135e+03
3.049988626038541952e+03
3.056277298432312364e+03
3.062565885889588571e+03
3.068854481324611697e+03
3.075143160357229135e+03
3.081431816885200988e+03
3.087720390881398544e+03
3.094009011213238864e+03
3.100297693769784019e+03
3.106586321864377624e+03
3.112874893951270224e+03
3.119163543189333723e+03
3.125452223689979292e+03
3.131740830760385506e+03
3.138029409717782983e+03
3.144318074981314112e+03
3.150606750828413169e+03
3.156895359226073197e+03
3.163183945701437551e+03
3.169472616346287850e+03
3.175761306141710975e+03
3.182049934637085698e+03
3.188338513255539510e+03
3.194627168537648686e+03
3.200915861977793156e+03
3.207204508810913012e+03
3.213493086381788089e+03
3.219781723766154755e+03
3.226070415551327187e+03
3.232359078748466800e+03
3.238647661049546969e+03
3.244936281048394903e+03
3.251224966705690349e+03
3.257513646466557475e+03
3.263802256936799495e+03
3.270090847093727461e+03
3.276379517845117789e+03
3.282668194587054586e+03
3.288956805524926040e+03
3.295245401378038878e+03
3.301534064465041411e+03
3.307822760519251915e+03
3.314111392968046857e+03
3.320399984239218156e+03
3.326688625479660459e+03
3.332977313904879793e+03
3.339265952515520439e+03
3.345554522866666048e+03
3.351843155423745429e+03
3.358131845640103165e+03
3.364420467884331174e+03
3.370709040915972764e+03
3.376997689826436726e+03
3.383286372096083142e+03
3.389574970641743676e+03
3.395863556284907190e+03
3.402152226336707372e+03
3.408440891970940811e+03
3.414729474832726737e+03
3.421018080043172631e+03
3.427306760186732390e+03
3.433595416081856911e+03
3.439883993478585126e+03
3.446172610421569061e+03
3.452461297751650363e+03
3.458749937278174912e+03
3.465038508826370162e+03
3.471327141293096702e+03
3.477615831492294092e+03
3.483904455102831434e+03
3.490193027377356884e+03
3.496481676828035233e+03
3.502770356512885428e+03
3.509058968240643026e+03
3.515347547850954925e+03
3.521636210820745418e+03
3.527924882548825735e+03
3.534213476690910284e+03
3.540502069533401482e+03
3.546790743773061877e+03
3.553079403702657601e+03
3.559367978439307080e+03
3.565656593762728789e+03
3.571945276944618854e+03
3.578233916863055583e+03
3.584522487169653687e+03
3.590811124689167627e+03
3.597099805017421204e+03
3.603388414166559869e+03
3.609676992408669321e+03
3.615965657760549220e+03
3.622254329218426392e+03
3.628542923995011279e+03
3.634831518281169338e+03
3.641120191715569945e+03
3.647408863064719299e+03
3.653697451091454695e+03
3.659986049179523889e+03
3.666274728105594932e+03
3.672563384922935711e+03
3.678851959464296669e+03
3.685140573342667722e+03
3.691429263146826543e+03
3.697717908417017952e+03
3.704006485069959581e+03
3.710295109485252397e+03
3.716583794781763117e+03
3.722872444818303848e+03
3.729161034886388279e+03
3.735449655665445334e+03
3.741738342766027927e+03
3.748026984985762738e+03
3.754315555891808344e+03
3.760604185156016229e+03
3.766892871216976346e+03
3.773181503813201743e+03
3.779470081126840341e+03
3.785758724036514650e+03
3.792047410103826223e+03
3.798336028481516678e+03
3.804624601872067615e+03
3.810913257104845798e+03
3.817201930854796046e+03
3.823490523453687729e+03
3.829779116672748842e+03
3.836067790277815220e+03
3.842356450114169547e+03
3.848645024761735385e+03
3.854933640465412736e+03
3.861222321780348011e+03
3.867510964869821692e+03
3.873799539998758974e+03
3.880088174236666418e+03
3.886376860901993950e+03
3.892665503780365270e+03
3.898954077105900978e+03
3.905242710122567587e+03
3.911531397110426951e+03
3.917820028545640980e+03
3.924108612027855543e+03
3.930397255509690240e+03
3.936685947950204536e+03
3.942974591488223723e+03
3.949263171362746561e+03
3.955551806376640798e+03
3.961840497255211631e+03
3.968129151644647663e+03
3.974417737757330542e+03
3.980706362024311602e+03
3.986995046055300918e+03
3.993283709186990563e+03
3.999572299582825963e+03
4.005860912841358640e+03
4.012149596356257916e+03
4.018438268493139731e+03
4.024726865017400087e+03
4.031015468207320282e+03
4.037304147164803908e+03
4.043592825611691296e+03
4.049881431037132188e+03
4.056170026117440557e+03
4.062458699240586157e+03
4.068747386730553899e+03
4.075035993151153434e+03
4.081324574268351626e+03
4.087613241597342494e+03
4.093901930944672131e+03
4.100190554968748074e+03
4.106479132159968685e+03
4.112767782992521461e+03
4.119056468701187441e+03
4.125345072120994701e+03
4.131633653638357828e+03
4.137922319802418315e+03
4.144210996023699408e+03
4.150499602538318868e+03
4.156788189055759176e+03
4.163076860610342010e+03
4.169365547751433951e+03
4.175654153406203477e+03
4.181942740512751698e+03
4.188231409304517001e+03
4.194520097854903725e+03
4.200808715816570839e+03
4.207097301708514351e+03
4.213385960898256599e+03
4.219674649376992420e+03
4.225963280108072468e+03
4.232251865368525614e+03
4.238540511012701245e+03
4.244829203298007997e+03
4.251117838119536827e+03
4.257406413590892043e+03
4.263695052127358395e+03
4.269983734889649895e+03
4.276272356196678629e+03
4.282560930331278541e+03
4.288849582916104737e+03
4.295138276092121487e+03
4.301426905832965531e+03
4.307715486371896986e+03
4.314004134933657042e+03
4.320292827322424273e+03
4.326581471975730892e+03
4.332870047630913177e+03
4.339158678861343105e+03
4.345447369006759800e+03
4.351736019365990614e+03
4.358024603930523881e+03
4.364313231425766389e+03
4.370601922247366929e+03
4.376890582120051477e+03
4.383179164243905689e+03
4.389467785897713838e+03
4.395756474902203081e+03
4.402045137627227632e+03
4.408333730104530332e+03
4.414622340900637937e+03
4.420911024435266881e+03
4.427199689700672934e+03
4.433488290020851309e+03
4.439776894452877059e+03
4.446065571115761486e+03
4.452354248612756237e+03
4.458642856820239103e+03
4.464931449469126164e+03
4.471220118952175653e+03
4.477508795698697213e+03
4.483797408369501682e+03
4.490086004217195295e+03
4.496374663000015971e+03
4.502663349252959051e+03
4.508951973760634246e+03
4.515240556914604895e+03
4.521529208276751888e+03
4.527817898864863309e+03
4.534106530123724951e+03
4.540395107722908506e+03
4.546683758943952853e+03
4.552972450571999616e+03
4.559261089950335190e+03
4.565549666342840283e+03
4.571838302754663346e+03
4.578127000435901209e+03
4.584415645633766871e+03
4.590704221094688364e+03
4.596992856077063152e+03
4.603281548068616758e+03
4.609570204392948654e+03
4.615858787850601402e+03
4.622147410063785173e+03
4.628436098472496269e+03
4.634724759479081513e+03
4.641013343245096621e+03
4.647301958555720375e+03
4.653590643247090156e+03
4.659879303087755943e+03
4.666167885693354037e+03
4.672456494777840817e+03
4.678745175671358083e+03
4.685033827505576483e+03
4.691322407229609780e+03
4.697611024084607379e+03
4.703899712954658753e+03
4.710188379037611412e+03
4.716476976763191487e+03
4.722765580238694383e+03
4.729054261245099042e+03
4.735342928871345066e+03
4.741631524149655888e+03
4.747920131027358366e+03
4.754208806445469236e+03
4.760497485807301018e+03
4.766786085594938413e+03
4.773074685456183943e+03
4.779363357236796219e+03
4.785652036210070946e+03
4.791940644512755171e+03
4.798229235411457012e+03
4.804517902443212733e+03
4.810806587811569443e+03
4.817095204081331758e+03
4.823383792616532446e+03
4.829672451676790843e+03
4.835961143891947358e+03
4.842249787008493513e+03
4.848538368065904251e+03
4.854827006357621940e+03
4.861115697626713882e+03
4.867404357090764279e+03
4.873692933162082227e+03
4.879981548437070160e+03
4.886270239796673195e+03
4.892558904277754664e+03
4.898847491029444427e+03
4.905136105098787993e+03
4.911424788373896263e+03
4.917713456383512494e+03
4.924002055692244539e+03
4.930290657141716110e+03
4.936579331731494676e+03
4.942868010507639156e+03
4.949156619685851183e+03
4.955445209958340456e+03
4.961733875728676139e+03
4.968022548897891284e+03
4.974311146972265306e+03
4.980599748415844260e+03
4.986888421210153865e+03
4.993177109861680037e+03
4.999465740506301699e+03
5.005754331201192144e+03
5.012042974043567483e+03
5.018331671738606929e+03
5.024620321946707918e+03
5.030908914680942871e+03
5.037197539334418252e+03
5.043486225585092143e+03
5.049774905002181185e+03
5.056063514926986500e+03
5.062352104533374586e+03
5.068640774749481352e+03
5.074929452291919915e+03
5.081218066726519282e+03
5.087506662364148724e+03
5.093795320098588491e+03
5.100084006909713025e+03
5.106372632281959341e+03
5.112661209052128470e+03
5.118949857721106127e+03
5.125238539907947597e+03
5.131527140429385327e+03
5.137815722168306820e+03
5.144104389105621522e+03
5.150393061202024001e+03
5.156681646771445230e+03
5.162970242781168054e+03
5.169258922846188398e+03
5.175547583350751665e+03
5.181836165422513659e+03
5.188124771565579067e+03
5.194413451037991763e+03
5.200702094463222238e+03
5.206990663114933341e+03
5.213279297064751518e+03
5.219567980404642185e+03
5.225856597699424128e+03
5.232145172471446131e+03
5.238433829190926190e+03
5.244722502249280296e+03
5.251011095595745246e+03
5.257299686900528286e+03
5.263588364769788313e+03
5.269877021853494625e+03
5.276165597317255560e+03
5.282454209427138267e+03
5.288742893578140865e+03
5.295031530535636193e+03
5.301320102515549479e+03
5.307608740426705481e+03
5.313897420528315706e+03
5.320186031539900796e+03
5.326474609133487320e+03
5.332763273444887091e+03
5.339051945852334029e+03
5.345340531549170009e+03
5.351629127792693907e+03
5.357917805425478946e+03
5.364206463249293847e+03
5.370495041427262549e+03
5.376783654023550298e+03
5.383072338140656029e+03
5.389360992127082682e+03
5.395649575828162597e+03
5.401938198375039065e+03
5.408226881339577631e+03
5.414515545279393336e+03
5.420804138478200002e+03
5.427092746948506829e+03
5.433381429576088522e+03
5.439670105812641850e+03
5.445958695425544647e+03
5.452247296069483127e+03
5.458535977000738058e+03
5.464824656914485786e+03
5.471113263749418365e+03
5.477401853108350224e+03
5.483690517742224074e+03
5.489979193525075971e+03
5.496267789117967368e+03
5.502556392322986540e+03
5.508845065294426604e+03
5.515133751141973335e+03
5.521422360509651298e+03
5.527710950775440324e+03
5.533999607665000440e+03
5.540288302328961436e+03
5.546576926724206714e+03
5.552865511107034763e+03
5.559154159439557588e+03
5.565442850448480385e+03
5.571731474413659271e+03
5.578020047417924616e+03
5.584308697836079773e+03
5.590597390394262220e+03
5.596886038222324714e+03
5.603174629051882221e+03
5.609463252011454642e+03
5.615751943819002918e+03
5.622040612891711135e+03
5.628329215537241907e+03
5.634617825636589259e+03
5.640906499865912338e+03
5.647195188634355873e+03
5.653483820655802447e+03
5.659772413820526708e+03
5.666061058357836373e+03
5.672349752969535075e+03
5.678638418270576040e+03
5.684927016959063621e+03
5.691215625497677138e+03
5.697504306902443204e+03
5.703792997389004995e+03
5.710081616888563985e+03
5.716370208397996066e+03
5.722658862574153318e+03
5.728947561437786135e+03
5.735236219292917667e+03
5.741524812777090119e+03
5.747813430367014917e+03
5.754102116232848857e+03
5.760390805372368050e+03
5.766679426941243037e+03
5.772968018403696988e+03
5.779256672446315861e+03
5.785545371542491011e+03
5.791834033036275287e+03
5.798122627237882625e+03
5.804411241927958145e+03
5.810699926454822162e+03
5.816988617596478434e+03
5.823277244119482020e+03
5.829565834405004352e+03
5.835854483622988482e+03
5.842143182010925557e+03
5.848431846407036574e+03
5.854720443497416454e+03
5.861009055397493285e+03
5.867297736794200318e+03
5.873586428291500852e+03
5.879875056028685322e+03
5.886163646092263662e+03
5.892452294607573094e+03
5.898740992392120461e+03
5.905029657400468750e+03
5.911318255519394370e+03
5.917606866767859174e+03
5.923895547456054373e+03
5.930184238782676402e+03
5.936472868713588468e+03
5.942761460919675301e+03
5.949050106746237361e+03
5.955338802691068850e+03
5.961627468824311109e+03
5.967916069963363043e+03
5.974204680828082019e+03
5.980493358554131191e+03
5.986782049163006377e+03
5.993070679697432752e+03
5.999359270865418694e+03
6.005647916908505067e+03
6.011936613341186785e+03
6.018225279234653499e+03
6.024513879721976082e+03
6.030802490963918899e+03
6.037091169021852693e+03
6.043379859810424932e+03
6.049668491503572113e+03
6.055957084409369600e+03
6.062245729384580045e+03
6.068534423271117703e+03
6.074823089871206321e+03
6.081111692348857105e+03
6.087400303338613412e+03
6.093688979720999669e+03
6.099977669276347115e+03
6.106266302201795042e+03
6.112554895954657695e+03
6.118843540221296280e+03
6.125132232863548779e+03
6.131420899685469522e+03
6.137709501560544595e+03
6.143998112591670179e+03
6.150286789245232285e+03
6.156575479329403606e+03
6.162864111612205306e+03
6.169152704819752216e+03
6.175441349425796034e+03
6.181730042964471068e+03
6.188018709779236815e+03
6.194307313029043144e+03
6.200595923676301027e+03
6.206884599301707567e+03
6.213173288652414158e+03
6.219461922431353742e+03
6.225750516429770869e+03
6.232039159875203950e+03
6.238327852036706645e+03
6.244616519806642827e+03
6.250905124037502901e+03
6.257193734497003788e+03
6.263482408876183399e+03
6.269771098487381096e+03
6.276059733346439316e+03
6.282348327381320814e+03
6.288636970006390584e+03
