0.000000000000000000e+00
6.288592754618629321e+00
1.257726503844111932e+01
1.886592701036392583e+01
2.515450712924245735e+01
3.144311429801019742e+01
3.773179649731849850e+01
4.402044357213978287e+01
5.030902484235701877e+01
5.659764410408826052e+01
6.288632394608241327e+01
6.917496232741046924e+01
7.546354509212477524e+01
8.175217237949119919e+01
8.804085203251634084e+01
9.432950115038352124e+01
1.006181019634304334e+02
1.069067047221670492e+02
1.131953630652257630e+02
1.194840295230569041e+02
1.257726417013208930e+02
1.320612254578425961e+02
1.383498647653234173e+02
1.446385397750980530e+02
1.509271587979532399e+02
1.572157452087394063e+02
1.635043750421423567e+02
1.697930418798331402e+02
1.760816799478164398e+02
1.823702699371243625e+02
1.886588856898690096e+02
1.949475601532163580e+02
2.012362148917993636e+02
2.075248021359554684e+02
2.138134102963775263e+02
2.201020742716782763e+02
2.263907426942151062e+02
2.326793484883535257e+02
2.389679439776110144e+02
2.452565934842356512e+02
2.515452705082595912e+02
2.578338953039435637e+02
2.641224814353832357e+02
2.704111095751648577e+02
2.766997862073748706e+02
2.829884289674131992e+02
2.892770086381335091e+02
2.955656262195333284e+02
3.018542937545557834e+02
3.081429467422353241e+02
3.144315428225060032e+02
3.207201416332164285e+02
3.270088027517198839e+02
3.332974710993820509e+02
3.395860888352014513e+02
3.458746730961405547e+02
3.521633145336356279e+02
3.584519883283774675e+02
3.647406228405994284e+02
3.710292030529644194e+02
3.773178267562545329e+02
3.836064951411373158e+02
3.898951440650727704e+02
3.961837312363111323e+02
4.024723366415882424e+02
4.087609979742668997e+02
4.150496577116048798e+02
4.213382652973262452e+02
4.276268512425084509e+02
4.339155130813022652e+02
4.402041842913714618e+02
4.464928069570076445e+02
4.527813899858729201e+02
4.590700310987325565e+02
4.653587040768717316e+02
4.716473384115442400e+02
4.779359266766474548e+02
4.842245460831832702e+02
4.905132204516108345e+02
4.968018661881940830e+02
5.030904635583316349e+02
5.093790606381782595e+02
5.156677289888309588e+02
5.219563971218308325e+02
5.282449996048982257e+02
5.345335909798810690e+02
5.408222472193452859e+02
5.471109198751686336e+02
5.533995395193894637e+02
5.596881274232837313e+02
5.659767581683385060e+02
5.722654344114259857e+02
5.785540752145426495e+02
5.848426617346246985e+02
5.911312745421915906e+02
5.974199455183447753e+02
6.037086014737169535e+02
6.099971924577462232e+02
6.162857925402539649e+02
6.225744473583813487e+02
6.288631156572553209e+02
6.351517212438471915e+02
6.414403101207507234e+02
6.477289505128335350e+02
6.540176226814833171e+02
6.603062501838207936e+02
6.665948326045894419e+02
6.728834573322118331e+02
6.791721313620103047e+02
6.854607835440950794e+02
6.917493702279274430e+02
6.980379742249466517e+02
7.043266406916469577e+02
7.106153053427935902e+02
7.169039065499001708e+02
7.231924977408132236e+02
7.294811559285366229e+02
7.357698252848076663e+02
7.420584197548847669e+02
7.483470046664868960e+02
7.546356734347222073e+02
7.609243328892748650e+02
7.672129164734984670e+02
7.735015164921750284e+02
7.797901882611462270e+02
7.860788402928627647e+02
7.923674234586675311e+02
7.986560304175281999e+02
8.049447046581727818e+02
8.112333485187095903e+02
8.175219198816662356e+02
8.238105356897284537e+02
8.300992112932389091e+02
8.363878431102916693e+02
8.426764148291581478e+02
8.489650434345534222e+02
8.552537195628525524e+02
8.615423370871451425e+02
8.678309115078760669e+02
8.741195526225677668e+02
8.804082276661958986e+02
8.866968335408402027e+02
8.929854109789612266e+02
8.992740682936807843e+02
9.055627366923448562e+02
9.118513374096031612e+02
9.181399281930159759e+02
9.244285807477465369e+02
9.307172546652427627e+02
9.370058510408257462e+02
9.432944465484016519e+02
9.495830909543457210e+02
9.558717694924662283e+02
9.621603922622653045e+02
9.684489806592529249e+02
9.747376079667770910e+02
9.810262782516357447e+02
9.873149146271716745e+02
9.936035060135397998e+02
9.998921060386808222e+02
1.006180772581792667e+03
1.012469430495246911e+03
1.018758021058478221e+03
1.025046620340620393e+03
1.031335274812073067e+03
1.037623939305468411e+03
1.043912549734772256e+03
1.050201140035618891e+03
1.056489779223362575e+03
1.062778451792405804e+03
1.069067087818180653e+03
1.075355675904977716e+03
1.081644286557535906e+03
1.087932955180179306e+03
1.094221602487693872e+03
1.100510194374515322e+03
1.106798788138885357e+03
1.113087445686676801e+03
1.119376111650817165e+03
1.125664718171715776e+03
1.131953301754470431e+03
1.138241947579236694e+03
1.144530623529713012e+03
1.150819250898665359e+03
1.157107831912998790e+03
1.163396454559321000e+03
1.169685126254366196e+03
1.175973769178448947e+03
1.182262360883205929e+03
1.188550960798589813e+03
1.194839627141254596e+03
1.201128286925417797e+03
1.207416895695020912e+03
1.213705489395089671e+03
1.219994137360560899e+03
1.226282813152627796e+03
1.232571430342506119e+03
1.238860014390255401e+03
1.245148650596037214e+03
1.251437324276788786e+03
1.257725961161238274e+03
1.264014545870476240e+03
1.270303155651622774e+03
1.276591819417091756e+03
1.282880474363319081e+03
1.289169076181555738e+03
1.295457674030758653e+03
1.301746330698980728e+03
1.308034994843795403e+03
1.314323607604248991e+03
1.320612189589435957e+03
1.326900833221643325e+03
1.333189508871122371e+03
1.339478148487616863e+03
1.345766724450365700e+03
1.352055351400380005e+03
1.358344019189320761e+03
1.364632682655546205e+03
1.370921290510689232e+03
1.377209881249530326e+03
1.383498532654237579e+03
1.389787197992850452e+03
1.396075824364249456e+03
1.402364406653236074e+03
1.408653036680731020e+03
1.414941710938743199e+03
1.421230348447539427e+03
1.427518934720568495e+03
1.433807550360651703e+03
1.440096218191988100e+03
1.446384869732654579e+03
1.452673462537398109e+03
1.458962061734356439e+03
1.465250724514997046e+03
1.471539382959508430e+03
1.477827978990702150e+03
1.484116572150054026e+03
1.490405220565698983e+03
1.496693887612815388e+03
1.502982501200758179e+03
1.509271080072114273e+03
1.515559720715947606e+03
1.521848392528925388e+03
1.528137016244111919e+03
1.534425601271789446e+03
1.540714220830501290e+03
1.547002885923684744e+03
1.553291529861244499e+03
1.559580113290523286e+03
1.565868730978465464e+03
1.572157395291279272e+03
1.578446036067061641e+03
1.584734628312790846e+03
1.591023224309240959e+03
1.597311884988313523e+03
1.603600543020573696e+03
1.609889138391079086e+03
1.616177734688150167e+03
1.622466386622912978e+03
1.628755049593871490e+03
1.635043659210258738e+03
1.641332242652329342e+03
1.647620892357666435e+03
1.653909568452862686e+03
1.660198183872025083e+03
1.666486768700323637e+03
1.672775400208847714e+03
1.679064071865948790e+03
1.685352705527098806e+03
1.691641285817047219e+03
1.697929909986565008e+03
1.704218576962031420e+03
1.710507224384668234e+03
1.716795813906164994e+03
1.723084417939706327e+03
1.729373080600293861e+03
1.735661737683150250e+03
1.741950341415889852e+03
1.748238929362750923e+03
1.754527580120520724e+03
1.760816249183409809e+03
1.767104858548934772e+03
1.773393445386173198e+03
1.779682080538887249e+03
1.785970749200770342e+03
1.792259375860687669e+03
1.798547955681941630e+03
1.804836587412846711e+03
1.811125262787752490e+03
1.817413893482460480e+03
1.823702478799700657e+03
1.829991092839348539e+03
1.836279763374923277e+03
1.842568415207237877e+03
1.848857001908450911e+03
1.855145610652957430e+03
1.861434273873156826e+03
1.867722938299082443e+03
1.874011538689208237e+03
1.880300132046364070e+03
1.886588788887752344e+03
1.892877456637063233e+03
1.899166075088939124e+03
1.905454656826259225e+03
1.911743296952608489e+03
1.918031970066363783e+03
1.924320595192785049e+03
1.930609179952844670e+03
1.936897797562153983e+03
1.943186463338815884e+03
1.949475106187376696e+03
1.955763689499478460e+03
1.962052302655908306e+03
1.968340970634001906e+03
1.974629623062008477e+03
1.980918218998300517e+03
1.987206818391936849e+03
1.993495473076698318e+03
1.999784136409613438e+03
2.006072744446662455e+03
2.012361332600944252e+03
2.018649979822919022e+03
2.024938647396014403e+03
2.031227272400744596e+03
2.037515855714515055e+03
2.043804489119460868e+03
2.050093170549488605e+03
2.056381791341765620e+03
2.062670367660293323e+03
2.068959012043511393e+03
2.075247685118608388e+03
2.081536292347559993e+03
2.087824873334807762e+03
2.094113526800989348e+03
2.100402211873119086e+03
2.106690826206227484e+03
2.112979395496494817e+03
2.119268035026961570e+03
2.125556721390645635e+03
2.131845358176750324e+03
2.138133930268705171e+03
2.144422551203842886e+03
2.150711239686230783e+03
2.156999896848545632e+03
2.163288473689893181e+03
2.169577079472870992e+03
2.175865752318516115e+03
2.182154425447102767e+03
2.188443016071455986e+03
2.194731604263991812e+03
2.201020258197255771e+03
2.207308936299869401e+03
2.213597551895823926e+03
2.219886126826507734e+03
2.226174768724248224e+03
2.232463453732058952e+03
2.238752087341239985e+03
2.245040658776442797e+03
2.251329283465816843e+03
2.257617966208596954e+03
2.263906619541963664e+03
2.270195195474376305e+03
2.276483801350674639e+03
2.282772480856851416e+03
2.289061152740994658e+03
2.295349740813940116e+03
2.301638332552834527e+03
2.307926993443514675e+03
2.314215677071098071e+03
2.320504282886099645e+03
2.326792861324822297e+03
2.333081502619575076e+03
2.339370192654899256e+03
2.345658822263791080e+03
2.351947392809704070e+03
2.358236016930225560e+03
2.364524707918112199e+03
2.370813358396088006e+03
2.377101931462459561e+03
2.383390539775674824e+03
2.389679222681882948e+03
2.395967888133214274e+03
2.402256467592154422e+03
2.408545061071233249e+03
2.414833736887888335e+03
2.421122392776768265e+03
2.427410986144358048e+03
2.433699585275270238e+03
2.439988247553668771e+03
2.446276915379687125e+03
2.452565521606030870e+03
2.458854104909880789e+03
2.465142759603112609e+03
2.471431434742893089e+03
2.477720061122257903e+03
2.484008635997295642e+03
2.490297274955936246e+03
2.496585951749579635e+03
2.502874594030243316e+03
2.509163172981576736e+03
2.515451792609588665e+03
2.521740464570937093e+03
2.528029112091956449e+03
2.534317688590698253e+03
2.540606309154858081e+03
2.546894989865660136e+03
2.553183641428522606e+03
2.559472215986124411e+03
2.565760825871976522e+03
2.572049505511869029e+03
2.578338163132622867e+03
2.584626743504262322e+03
2.590915350965668040e+03
2.597204032073704639e+03
2.603492690919493725e+03
2.609781275053815079e+03
2.616069879965308246e+03
2.622358563686329944e+03
2.628647229496048567e+03
2.634935809145733856e+03
2.641224414712378348e+03
2.647513095273387989e+03
2.653801760278204711e+03
2.660090341650609844e+03
2.666378944347770812e+03
2.672667621928982044e+03
2.678956286134488892e+03
2.685244868996252080e+03
2.691533465338146470e+03
2.697822139975026403e+03
2.704110800639388344e+03
2.710399395110880960e+03
2.716687993745672884e+03
2.722976659315138932e+03
2.729265322658963669e+03
2.735553917211298995e+03
2.741842516735875961e+03
2.748131179501269344e+03
2.754419852150608222e+03
2.760708443546644958e+03
2.766997035688375945e+03
2.773285705154302832e+03
2.779574376853394824e+03
2.785862969465085826e+03
2.792151555618267139e+03
2.798440222501847529e+03
2.804728881494836969e+03
2.811017475246824233e+03
2.817306059412482227e+03
2.823594729083477432e+03
2.829883406716958689e+03
2.836172015789758916e+03
2.842460589497499768e+03
2.848749241312571485e+03
2.855037929604767669e+03
2.861326553124380553e+03
2.867615129824226642e+03
2.873903760729548139e+03
2.880192441474247062e+03
2.886481082280659393e+03
2.892769656220672914e+03
2.899058277596063363e+03
2.905346965680691937e+03
2.911635612155311264e+03
2.917924187519408861e+03
2.924212813150174043e+03
2.930501496250280979e+03
2.936790149743801521e+03
2.943078730175360761e+03
2.949367346583827839e+03
2.955656032059566314e+03
2.961944687819912360e+03
2.968233264037661684e+03
2.974521875797426219e+03
2.980810561384928405e+03
2.987099217606211369e+03
2.993387796590624475e+03
2.999676407582906904e+03
3.005965090432109264e+03
3.012253751243077204e+03
3.018542334567641774e+03
3.024830946422541274e+03
3.031119625728923893e+03
3.037408288893970621e+03
3.043696876535116644e+03
3.049985476445195218e+03
3.056274153168427347e+03
3.062562821202243867e+03
3.068851410875101010e+03
3.075140005529659447e+03
3.081428678995978316e+03
3.087717336277135473e+03
3.094005923528474796e+03
3.100294528248772622e+03
3.106583195918418369e+03
3.112871865123112912e+03
3.119160453379056889e+03
3.125449056196459424e+03
3.131737724710480961e+03
3.138026399120942187e+03
3.144314996256563518e+03
3.150603591176629379e+03
3.156892263748075948e+03
3.163180940818992440e+03
3.169469536213424362e+03
3.175758125659375764e+03
3.182046798392448181e+03
3.188335474945519763e+03
3.194624072380860525e+03
3.200912661169683815e+03
3.207201330297779805e+03
3.213490009612077301e+03
3.219778611090251161e+03
3.226067204619861513e+03
3.232355866693078497e+03
3.238644545426244804e+03
3.244933154602435025e+03
3.251221736382342442e+03
3.257510398936115962e+03
3.263799082414072473e+03
3.270087689092281835e+03
3.276376269803939977e+03
3.282664932702419264e+03
3.288953615027906835e+03
3.295242224080178403e+03
3.301530803077293967e+03
3.307819462960506371e+03
3.314108144227464891e+03
3.320396755927782579e+03
3.326685330631715260e+03
3.332973987506496997e+03
3.339262669068099967e+03
3.345551286316042024e+03
3.351839860382707684e+03
3.358128506154314891e+03
3.364417183313959413e+03
3.370705793149178589e+03
3.376994365177774398e+03
3.383283015214100942e+03
3.389571693689562835e+03
3.395860292117719837e+03
3.402148868220806889e+03
3.408437529074113172e+03
3.414726214464833447e+03
3.421014828448409844e+03
3.427303396181796415e+03
3.433592034266167502e+03
3.439880721630362586e+03
3.446169355760830058e+03
3.452457929713742033e+03
3.458746547543319139e+03
3.465035229368639648e+03
3.471323883506487618e+03
3.477612461892218562e+03
3.483901065208215186e+03
3.490189746532768822e+03
3.496478392714886922e+03
3.502766973574405711e+03
3.509055588386129330e+03
3.515344264185031534e+03
3.521632918768545551e+03
3.527921491012662045e+03
3.534210105102343732e+03
3.540498786590661439e+03
3.546787444065972068e+03
3.553076024768944080e+03
3.559364629411602891e+03
3.565653304504467542e+03
3.571941969080238778e+03
3.578230557163372396e+03
3.584519153630424171e+03
3.590807827377931972e+03
3.597096484766006597e+03
3.603385075288950702e+03
3.609673675183230898e+03
3.615962338448096489e+03
3.622251002208524824e+03
3.628539591178374849e+03
3.634828174630219110e+03
3.641116842641472431e+03
3.647405507412037878e+03
3.653694086544183392e+03
3.659982682780169398e+03
3.666271357744840770e+03
3.672560030680355339e+03
3.678848625773546246e+03
3.685137209285453082e+03
3.691425869088558102e+03
3.697714550242575115e+03
3.704003166333203353e+03
3.710291743788114672e+03
3.716580382838947571e+03
3.722869068752317162e+03
3.729157705898315726e+03
3.735446284981981080e+03
3.741734902230872649e+03
3.748023585117034145e+03
3.754312241012312370e+03
3.760600823709718952e+03
3.766889423010120026e+03
3.773178101302407867e+03
3.779466773936039317e+03
3.785755370100421260e+03
3.792043954802470580e+03
3.798332617215972732e+03
3.804621300662970953e+03
3.810909912487603833e+03
3.817198485212549713e+03
3.823487129346407073e+03
3.829775822432667155e+03
3.836064457756214779e+03
3.842353025611579596e+03
3.848641648377666570e+03
3.854930334861622669e+03
3.861218986444136590e+03
3.867507564498490865e+03
3.873796176232796370e+03
3.880084855768474426e+03
3.886373512926427793e+03
3.892662094803862146e+03
3.898950693064148254e+03
3.905239373999740565e+03
3.911528050544236976e+03
3.917816642544536535e+03
3.924105224551650736e+03
3.930393885807106471e+03
3.936682569606234665e+03
3.942971178973828955e+03
3.949259756536921032e+03
3.955548412261903195e+03
3.961837095957687779e+03
3.968125713535881459e+03
3.974414286615373840e+03
3.980702926950497840e+03
3.986991620922815855e+03
3.993280259390712672e+03
3.999568827984688141e+03
4.005857447563132610e+03
4.012146134115568657e+03
4.018434789062970140e+03
4.024723366822182470e+03
4.031011976460195001e+03
4.037300658150238178e+03
4.043589316870495622e+03
4.049877899121868268e+03
4.056166493987538615e+03
4.062455172983507509e+03
4.068743852359100401e+03
4.075032447240299007e+03
4.081321030311976301e+03
4.087609688041308345e+03
4.093898369999810711e+03
4.100186980573443179e+03
4.106475556926405261e+03
4.112764213246036888e+03
4.119052901722327078e+03
4.125341518674867075e+03
4.131630089357303405e+03
4.137918725472844926e+03
4.144207418871274967e+03
4.150496059800794683e+03
4.156784630858154742e+03
4.163073256198708805e+03
4.169361939314390838e+03
4.175650585856907128e+03
4.181939162419292188e+03
4.188227773121795508e+03
4.194516461724962937e+03
4.200805127504517259e+03
4.207093707437515150e+03
4.213382301969651053e+03
4.219670973249577401e+03
4.225959648016953906e+03
4.232248243754625037e+03
4.238536830218782598e+03
4.244825499127297917e+03
4.251114178396315765e+03
4.257402780518319560e+03
4.263691356618504869e+03
4.269980011876969911e+03
4.276268703914442995e+03
4.282557327162646288e+03
4.288845898245966964e+03
4.295134534183003780e+03
4.301423218148565866e+03
4.307711853531507586e+03
4.314000425877863563e+03
4.320289055068285961e+03
4.326577747011418069e+03
4.332866394525342002e+03
4.339154966200382660e+03
4.345443574469491068e+03
4.351732257902590391e+03
4.358020921972620272e+03
4.364309504874808226e+03
4.370598105478095931e+03
4.376886784267414441e+03
4.383175451678383070e+03
4.389464038896770035e+03
4.395752625406825246e+03
4.402041296291179606e+03
4.408329981151008724e+03
4.414618585560896463e+03
4.420907164555254894e+03
4.427195819862746248e+03
4.433484500519525682e+03
4.439773114889037970e+03
4.446061687678254202e+03
4.452350336447237169e+03
4.458639030845360139e+03
4.464927660691668279e+03
4.471216231050468195e+03
4.477504857964439907e+03
4.483793544756781557e+03
4.490082189527979608e+03
4.496370761790798497e+03
4.502659383146306027e+03
4.508948073473877230e+03
4.515236727115717258e+03
4.521525303446271209e+03
4.527813903714189109e+03
4.534102585221544359e+03
4.540391255374231150e+03
4.546679841629816110e+03
4.552968436751409172e+03
4.559257111786099813e+03
4.565545784028053276e+03
4.571834377410699744e+03
4.578122957854292508e+03
4.584411623274261729e+03
4.590700310515643650e+03
4.596988920790770862e+03
4.603277497237208991e+03
4.609566149553409559e+03
4.615854832454270763e+03
4.622143449823771334e+03
4.628432020518128411e+03
4.634720662320080010e+03
4.641009356906079120e+03
4.647297994405217651e+03
4.653586565089625765e+03
4.659875188819538380e+03
4.666163871955201103e+03
4.672452518960663838e+03
4.678741092864152051e+03
4.685029707923992646e+03
4.691318397488980736e+03
4.697607058265183696e+03
4.703895637715818339e+03
4.710184232533559225e+03
4.716472908575671681e+03
4.722761582460690079e+03
4.729050173426375295e+03
4.735338763623689374e+03
4.741627434535816974e+03
4.747916110375945209e+03
4.754204710753855579e+03
4.760493285791778362e+03
4.766781945490422004e+03
4.773070636090162225e+03
4.779359252955578995e+03
4.785647827564202998e+03
4.791936470313959944e+03
4.798225153098825103e+03
4.804513780992459033e+03
4.810802349746608343e+03
4.817090985322197412e+03
4.823379679579091317e+03
4.829668323722891728e+03
4.835956896078013415e+03
4.842245510068259136e+03
4.848534192581453681e+03
4.854822847531522712e+03
4.861111424077629636e+03
4.867400032167336576e+03
4.873688718093703756e+03
4.879977385113579658e+03
4.886265968530714417e+03
4.892554557909544201e+03
4.898843229657983102e+03
4.905131907071829119e+03
4.911420503341105359e+03
4.917709088247852378e+03
4.923997755334024987e+03
4.930286437029756598e+03
4.936575042257560199e+03
4.942863614217142640e+03
4.949152266824494291e+03
4.955440957757010437e+03
4.961729580188504769e+03
4.968018153047290070e+03
4.974306794495772010e+03
4.980595481617155201e+03
4.986884112500694755e+03
4.993172679347082521e+03
4.999461307277685592e+03
5.005750000141851160e+03
5.012038649974058899e+03
5.018327224519764059e+03
5.024615838059843554e+03
5.030904520141423745e+03
5.037193174419071511e+03
5.043481750923971958e+03
5.049770353537058327e+03
5.056059037287466708e+03
5.062347710625275795e+03
5.068636299399310701e+03
5.074924886865671397e+03
5.081213552534347400e+03
5.087502227912723356e+03
5.093790827763268680e+03
5.100079409879965169e+03
5.106368073308665771e+03
5.112656759203673573e+03
5.118945370140392697e+03
5.125233940247159808e+03
5.131522585502905713e+03
5.137811277365455680e+03
5.144099908588485960e+03
5.150388481196948305e+03
5.156677111665668235e+03
5.162965794800375079e+03
5.169254436055154656e+03
5.175543006846582102e+03
5.181831627197969283e+03
5.188120318525751827e+03
5.194408975984386416e+03
5.200697552945367534e+03
5.206986152026908712e+03
5.213274829881835103e+03
5.219563500154928079e+03
5.225852087501079950e+03
5.232140680936983699e+03
5.238429355441537155e+03
5.244718029343090166e+03
5.251006624347744037e+03
5.257295202268031971e+03
5.263583865519372921e+03
5.269872554323366785e+03
5.276161166771442367e+03
5.282449742238044564e+03
5.288738390828413685e+03
5.295027073350548562e+03
5.301315696012055014e+03
5.307604265158287490e+03
5.313892904945081682e+03
5.320181599442401421e+03
5.326470239513171691e+03
5.332758810296900265e+03
5.339047429412211386e+03
5.345336112796101588e+03
5.351624763858222650e+03
5.357913338308767379e+03
5.364201950386900535e+03
5.370490637988993512e+03
5.376779301911226867e+03
5.383067881523729739e+03
5.389356474204345432e+03
5.395645148860478002e+03
5.401933823701438087e+03
5.408222416558762234e+03
5.414511003937233909e+03
5.420799674075147777e+03
5.427088353976229882e+03
5.433376953683534339e+03
5.439665528294623073e+03
5.445954184869749042e+03
5.452242874723122441e+03
5.458531493274254899e+03
5.464820066373301415e+03
5.471108711919546295e+03
5.477397398094980417e+03
5.483686024097753943e+03
5.489974591354582117e+03
5.496263224029759840e+03
5.502551917730259447e+03
5.508840563177280274e+03
5.515129136111345360e+03
5.521417753935618748e+03
5.527706438353209705e+03
5.533995089701157667e+03
5.540283661747638689e+03
5.546572269090228474e+03
5.552860955056868988e+03
5.559149624146260066e+03
5.565438209342789378e+03
5.571726802064481490e+03
5.578015475877252356e+03
5.584304146160067830e+03
5.590592735481751333e+03
5.596881320658585537e+03
5.603169990171105383e+03
5.609458676408296014e+03
5.615747283033967506e+03
5.622035857821347236e+03
5.628324511042243103e+03
5.634613193129774118e+03
5.640901808473301571e+03
5.647190381031497054e+03
5.653479027209986270e+03
5.659767720777789691e+03
5.666056353652898906e+03
5.672344920870789792e+03
5.678633548197777600e+03
5.684922232920132956e+03
5.691210876501633720e+03
5.697499450741668625e+03
5.703788068955129347e+03
5.710076758420292208e+03
5.716365415705316082e+03
5.722653988553166528e+03
5.728942589939240861e+03
5.735231268143914349e+03
5.741519938305976211e+03
5.747808527903588583e+03
5.754097118979419974e+03
5.760385792898187901e+03
5.766674466872651465e+03
5.772963058291331436e+03
5.779251640050638343e+03
5.785540302675191015e+03
5.791828991497645802e+03
5.798117605700591412e+03
5.804406178114721115e+03
5.810694825611684792e+03
5.816983507072642169e+03
5.823272129756229333e+03
5.829560702751786266e+03
5.835849340513545030e+03
5.842138033118322710e+03
5.848426671578007699e+03
5.854715239924176785e+03
5.861003857364088617e+03
5.867292545292336399e+03
5.873581203695001932e+03
5.879869781710662210e+03
5.886158387689485608e+03
5.892447064314760610e+03
5.898735726063460788e+03
5.905024311595868312e+03
5.911312904350513236e+03
5.917601582182500351e+03
5.923890262594564774e+03
5.930178857295405578e+03
5.936467438894743282e+03
5.942756095317969994e+03
5.949044779247247789e+03
5.955333392361652841e+03
5.961621967069113452e+03
5.967910620886500510e+03
5.974199308636601017e+03
5.980487926207642886e+03
5.986776497111307435e+03
5.993065131800722156e+03
5.999353825480741762e+03
6.005642468035786806e+03
6.011931038395500764e+03
6.018219661527622520e+03
6.024508343167431121e+03
6.030796990781793284e+03
6.037085568208857694e+03
6.043374177065969889e+03
6.049662864649773837e+03
6.055951530796096449e+03
6.062240110749292398e+03
6.068528703618962936e+03
6.074817374770815150e+03
6.081106052162743254e+03
6.087394649648346785e+03
6.093683233947892404e+03
6.099971898845173200e+03
6.106260576463859252e+03
6.112549182341223968e+03
6.118837757694987886e+03
6.125126411692035617e+03
6.131415103773143528e+03
6.137703726443093728e+03
6.143992298543449579e+03
6.150280927566086575e+03
6.156569618256810827e+03
6.162858263295059260e+03
6.169146834825615770e+03
6.175435457264871729e+03
6.181724138619001678e+03
6.188012786583630259e+03
6.194301366408901231e+03
6.200589971805107780e+03
6.206878657305311208e+03
6.213167325729446929e+03
6.219455907607025438e+03
6.225744498092002686e+03
6.232033167729316119e+03
6.238321849984361506e+03
6.244610452323297977e+03
6.250899033100161432e+03
6.257187685175793376e+03
6.263476370290765772e+03
6.269764992641943536e+03
6.276053566609026348e+03
6.282342207489968132e+03
6.288630886694199944e+03
