0.000000000000000000e+00
6.288609949225418383e+00
1.257724835653203677e+01
1.886589050297204651e+01
2.515450497504970073e+01
3.144311152617392935e+01
3.773174521720480357e+01
4.402038987051813734e+01
5.030900962661179676e+01
5.659761418646863973e+01
6.288624249985464587e+01
6.917488826661606538e+01
7.546351366088208579e+01
8.175211779967381176e+01
8.804074046068760140e+01
9.432938587270760422e+01
1.006180168346123622e+02
1.069066221647227053e+02
1.131952393058767257e+02
1.194838829173335313e+02
1.257725189840728888e+02
1.320611270121113421e+02
1.383497391856636796e+02
1.446383796712605090e+02
1.509270200192219704e+02
1.572156320274177972e+02
1.635042401798594369e+02
1.697928764190953927e+02
1.760815199395518391e+02
1.823701368855405462e+02
1.886587422890070798e+02
1.949473734504952347e+02
2.012360188205230145e+02
2.075246412733810075e+02
2.138132454274752661e+02
2.201018710304237516e+02
2.263905168117236997e+02
2.326791449184020451e+02
2.389677494333916741e+02
2.452563693941385168e+02
2.515450141131656778e+02
2.578336476161496762e+02
2.641222540672130208e+02
2.704108687222218350e+02
2.766995109853972963e+02
2.829881492342318552e+02
2.892767590362220176e+02
2.955653691342674847e+02
3.018540076981277593e+02
3.081426497279939554e+02
3.144312640167605650e+02
3.207198706693829422e+02
3.270085045484239004e+02
3.332971491326531464e+02
3.395857686855385396e+02
3.458743732895848666e+02
3.521630018092446903e+02
3.584516475629342267e+02
3.647402727450015050e+02
3.710288768710036038e+02
3.773174997415918028e+02
3.836061451905143826e+02
3.898947759551668355e+02
3.961833812127400734e+02
4.024719985475912836e+02
4.087606422508949890e+02
4.150492781414743035e+02
4.213378860453383368e+02
4.276264983869850766e+02
4.339151390054082071e+02
4.402037792163685026e+02
4.464923910606871118e+02
4.527809993367436618e+02
4.590696357478953473e+02
4.653582791739050890e+02
4.716468959303388715e+02
4.779355014064465195e+02
4.842241327591912636e+02
4.905127780895992373e+02
4.968014003383174781e+02
5.030900045099642739e+02
5.093786303168043332e+02
5.156672761051887619e+02
5.219559040151536919e+02
5.282445084885983988e+02
5.345331286439050018e+02
5.408217734286860150e+02
5.471104067469163965e+02
5.533990131036139246e+02
5.596876279377229366e+02
5.659762703059739124e+02
5.722649084043839594e+02
5.785535180658632726e+02
5.848421283061716167e+02
5.911307670216673387e+02
5.974194089354397192e+02
6.037080230508335035e+02
6.099966298024145317e+02
6.162852638560229934e+02
6.225739083775058589e+02
6.288625277346974372e+02
6.351511323842454431e+02
6.414397611027371795e+02
6.477284068357581646e+02
6.540170318209853804e+02
6.603056359356580742e+02
6.665942590011643460e+02
6.728829044895607012e+02
6.791715350619930405e+02
6.854601402527371192e+02
6.917487577762187811e+02
6.980374015600087887e+02
7.043260372862017675e+02
7.106146450751095927e+02
7.169032575738517608e+02
7.231918983235773339e+02
7.294805383999903370e+02
7.357691500895165291e+02
7.420577584891374272e+02
7.483463950588320586e+02
7.546350383980501420e+02
7.609236549697455985e+02
7.672122605183303676e+02
7.735008920611953727e+02
7.797895373453357024e+02
7.860781594007962667e+02
7.923667635907858084e+02
7.986553895890740478e+02
8.049440353915784954e+02
8.112326631039713902e+02
8.175212675393227073e+02
8.238098878932540856e+02
8.300985327329219672e+02
8.363871658739545865e+02
8.426757721389308244e+02
8.489643871457517434e+02
8.552530296243230623e+02
8.615416675676511886e+02
8.678302770937476680e+02
8.741188874786345195e+02
8.804075263355771312e+02
8.866961681402319755e+02
8.929847820835776702e+02
8.992733889331705086e+02
9.055620231672252203e+02
9.118506676158395976e+02
9.181392867855007580e+02
9.244278914825665652e+02
9.307165203889944678e+02
9.370051661094472593e+02
9.432937908950865449e+02
9.495823950008885959e+02
9.558710182680447360e+02
9.621596637855311656e+02
9.684482941725286764e+02
9.747368992989179333e+02
9.810255170066111532e+02
9.873141608785213066e+02
9.936027964331988187e+02
9.998914041073297767e+02
1.006180016771668193e+03
1.012468657645260237e+03
1.018757297590567987e+03
1.025045909121181694e+03
1.031334517644218067e+03
1.037623154382571101e+03
1.043911797623140501e+03
1.050200414012419969e+03
1.056489019636914009e+03
1.062777651363118139e+03
1.069066296608925768e+03
1.075354918461895295e+03
1.081643522672247400e+03
1.087932148874645463e+03
1.094220794678851689e+03
1.100509422198523680e+03
1.106798026597399257e+03
1.113086647140492914e+03
1.119375292041696412e+03
1.125663924999047595e+03
1.131952531175873673e+03
1.138241146359580398e+03
1.144529788938863703e+03
1.150818426734591185e+03
1.157107036125021750e+03
1.163395646651191328e+03
1.169684285656088832e+03
1.175972927341576678e+03
1.182261541120255060e+03
1.188550148070102978e+03
1.194838782473013907e+03
1.201127426858611670e+03
1.207416045834581155e+03
1.213704650579803001e+03
1.219993279679301395e+03
1.226281925375149285e+03
1.232570549971112086e+03
1.238859154069676606e+03
1.245147777526262644e+03
1.251436423081994235e+03
1.257725053276327571e+03
1.264013658341675864e+03
1.270302276236714988e+03
1.276590920184553624e+03
1.282879555576686016e+03
1.289168163137848524e+03
1.295456775961155927e+03
1.301745416961756519e+03
1.308034056766666708e+03
1.314322668148354069e+03
1.320611276794907781e+03
1.326899913687847629e+03
1.333188556841385889e+03
1.339477173046436064e+03
1.345765778747361992e+03
1.352054410662206237e+03
1.358343055855628791e+03
1.364631677517073967e+03
1.370920281748760999e+03
1.377208908144210227e+03
1.383497553959454535e+03
1.389786181278753475e+03
1.396074785643398400e+03
1.402363406385299186e+03
1.408652051339804530e+03
1.414940684116901821e+03
1.421229290204734525e+03
1.427517905564289777e+03
1.433806548252694938e+03
1.440095185887210846e+03
1.446383795143044608e+03
1.452672405817525259e+03
1.458961044964696384e+03
1.465249686536061745e+03
1.471538300139201510e+03
1.477826907193360285e+03
1.484115541777842282e+03
1.490404186084739422e+03
1.496692804869756401e+03
1.502981409666700301e+03
1.509270038961346472e+03
1.515558684642237722e+03
1.521847309029594271e+03
1.528135913122165448e+03
1.534424536786329099e+03
1.540713182367958098e+03
1.547001812369790287e+03
1.553290417372281127e+03
1.559579035458333010e+03
1.565867679493263267e+03
1.572156314706674266e+03
1.578444922153608104e+03
1.584733535146586973e+03
1.591022176272734896e+03
1.597310815938579026e+03
1.603599427162016582e+03
1.609888035936675351e+03
1.616176672995853323e+03
1.622465316047202577e+03
1.628753932070582096e+03
1.635042537851163161e+03
1.641331169949908144e+03
1.647619815101613085e+03
1.653908436560690006e+03
1.660197040816202843e+03
1.666485667414293857e+03
1.672774313228423807e+03
1.679062940351042698e+03
1.685351544683538123e+03
1.691640165619417303e+03
1.697928810632575733e+03
1.704217443223678401e+03
1.710506049223507262e+03
1.716794664766299093e+03
1.723083307554658177e+03
1.729371945034187320e+03
1.735660554154508645e+03
1.741949164977889268e+03
1.748237804272797803e+03
1.754526445721431401e+03
1.760815059154082974e+03
1.767103666314535076e+03
1.773392301073292856e+03
1.779680945310191646e+03
1.785969563898739807e+03
1.792258168748656544e+03
1.798546798242801970e+03
1.804835443894729451e+03
1.811124068081934411e+03
1.817412672172607245e+03
1.823701296033129438e+03
1.829989941646154648e+03
1.836278571454327448e+03
1.842567176395910337e+03
1.848855794673262380e+03
1.855144438784917384e+03
1.861433073826926375e+03
1.867721681164081929e+03
1.874010294320689127e+03
1.880298935571541278e+03
1.886587575098071056e+03
1.892876186169161201e+03
1.899164795074447738e+03
1.905453432294043068e+03
1.911742075248839228e+03
1.918030691086081788e+03
1.924319296948352530e+03
1.930607929239733267e+03
1.936896574337436050e+03
1.943185195595506002e+03
1.949473799879608805e+03
1.955762426675938514e+03
1.962051072493711672e+03
1.968339699416405665e+03
1.974628303716130404e+03
1.980916924852771899e+03
1.987205569919435902e+03
1.993494202323461877e+03
1.999782808238698408e+03
2.006071423962360086e+03
2.012360066854043453e+03
2.018648704173285751e+03
2.024937313160249914e+03
2.031225924135228297e+03
2.037514563572512770e+03
2.043803204899955745e+03
2.050091818163477001e+03
2.056380425431569620e+03
2.062669060365457881e+03
2.068957704525700592e+03
2.075246322922486797e+03
2.081534927829098706e+03
2.087823557516370784e+03
2.094112203144656178e+03
2.100400827130877587e+03
2.106689431218432219e+03
2.112978055283401773e+03
2.119266700923797089e+03
2.125555330533621145e+03
2.131843935418271940e+03
2.138132553890840882e+03
2.144421198079545775e+03
2.150709832945560720e+03
2.156998440171387301e+03
2.163287053499206195e+03
2.169575694876438320e+03
2.175864334257586506e+03
2.182152945172945238e+03
2.188441554211540279e+03
2.194730191593921063e+03
2.201018834447356767e+03
2.207307450098831396e+03
2.213596056046560079e+03
2.219884688527082290e+03
2.226173333571712192e+03
2.232461954628565763e+03
2.238750558940529572e+03
2.245039185942335280e+03
2.251327831762673213e+03
2.257616458477337801e+03
2.263905062748636283e+03
2.270193684092103467e+03
2.276482329210103671e+03
2.282770961422408163e+03
2.289059567249891188e+03
2.295348183163713202e+03
2.301636826163318801e+03
2.307925463313459204e+03
2.314214072161502372e+03
2.320502683297150270e+03
2.326791322882348140e+03
2.333079964082398419e+03
2.339368577168196680e+03
2.345657184550619604e+03
2.351945819669952016e+03
2.358234463746454367e+03
2.364523081941587861e+03
2.370811686909105902e+03
2.377100316800107066e+03
2.383388962401973004e+03
2.389677586175837860e+03
2.395966190265712612e+03
2.402254814541898213e+03
2.408543460204819439e+03
2.414832089614009419e+03
2.421120694440454827e+03
2.427409313110704261e+03
2.433697957380687058e+03
2.439986592063363787e+03
2.446275199176983278e+03
2.452563812682327352e+03
2.458852454180676887e+03
2.465141093416223157e+03
2.471429704176837276e+03
2.477718313351069810e+03
2.484006950897573006e+03
2.490295593643896154e+03
2.496584209110247230e+03
2.502872815145265577e+03
2.509161447811634844e+03
2.515450092804973337e+03
2.521738713658102824e+03
2.528027318001439198e+03
2.534315945208915309e+03
2.540604591022447494e+03
2.546893217536562588e+03
2.553181821780402515e+03
2.559470443323233212e+03
2.565759088497449284e+03
2.572047720515945002e+03
2.578336326259085126e+03
2.584624942362488582e+03
2.590913585456892633e+03
2.597202222446032010e+03
2.603490831162995164e+03
2.609779442452521380e+03
2.616068082184102423e+03
2.622356723254518329e+03
2.628645336171200597e+03
2.634933943666775576e+03
2.641222578957029327e+03
2.647511222956925394e+03
2.653799840957540255e+03
2.660088445984314149e+03
2.666377076073320495e+03
2.672665721641848904e+03
2.678954345217153787e+03
2.685242949310164931e+03
2.691531573783858676e+03
2.697820219476275724e+03
2.704108848685293651e+03
2.710397453457019310e+03
2.716686072325535406e+03
2.722974716665073174e+03
2.729263351172952753e+03
2.735551958180449219e+03
2.741840571854544123e+03
2.748129213477967369e+03
2.754417852565223257e+03
2.760706463174640248e+03
2.766995072486865865e+03
2.773283710192051785e+03
2.779572352836021309e+03
2.785860968115521700e+03
2.792149574240009770e+03
2.798438207100858563e+03
2.804726852032213174e+03
2.811015472685921850e+03
2.817304077063234672e+03
2.823592704472427158e+03
2.829881350288012072e+03
2.836169976592425883e+03
2.842458580811322008e+03
2.848747202562090479e+03
2.855035847780080076e+03
2.861324479611461356e+03
2.867613085274299920e+03
2.873901701561833761e+03
2.880190344759875188e+03
2.886478981580771233e+03
2.892767590167420167e+03
2.899056201617342595e+03
2.905344841488371003e+03
2.911633482434137022e+03
2.917922095178951622e+03
2.924210702790059713e+03
2.930499338260270633e+03
2.936787982173978889e+03
2.943076599981551226e+03
2.949365205071518176e+03
2.955653835355282354e+03
2.961942480896458619e+03
2.968231104262002646e+03
2.974519708360688583e+03
2.980808333045880318e+03
2.987096978754098473e+03
2.993385607767139845e+03
2.999674212486082979e+03
3.005962831549230486e+03
3.012251475966736507e+03
3.018540110291036399e+03
3.024828717192158820e+03
3.031117331044218190e+03
3.037405972784982623e+03
3.043694611726221865e+03
3.049983222184425358e+03
3.056271831633471265e+03
3.062560469499548617e+03
3.068849112033979509e+03
3.075137727136855574e+03
3.081426333350312234e+03
3.087714966391177768e+03
3.094003611271044520e+03
3.100292231723578425e+03
3.106580836135753088e+03
3.112869463744604218e+03
3.119158109548555331e+03
3.125446735660163995e+03
3.131735339856747032e+03
3.138023961801876339e+03
3.144312607069372916e+03
3.150601238710594316e+03
3.156889844296207229e+03
3.163178460769864614e+03
3.169467104057647248e+03
3.175755740720281665e+03
3.182044349180906920e+03
3.188332960783206090e+03
3.194621600794181177e+03
3.200910241610245976e+03
3.207198854194392425e+03
3.213487461919779435e+03
3.219776097558994024e+03
3.226064741394440262e+03
3.232353359007878225e+03
3.238641964162451131e+03
3.244930594644974462e+03
3.251219240149297093e+03
3.257507863316021030e+03
3.263796467421784655e+03
3.270085092306740989e+03
3.276373738039168529e+03
3.282662366849895534e+03
3.288950971518551796e+03
3.295239590782263349e+03
3.301528235270197911e+03
3.307816869416070404e+03
3.314105476210965207e+03
3.320394090240052719e+03
3.326682732104072329e+03
3.332971370891600145e+03
3.339259981197510569e+03
3.345548590791579045e+03
3.351837228818563744e+03
3.358125871243895745e+03
3.364414486155734721e+03
3.370703092464728343e+03
3.376991725701271662e+03
3.383280370515299637e+03
3.389568990763311376e+03
3.395857595214358298e+03
3.402146223032274520e+03
3.408434868834041481e+03
3.414723494727908928e+03
3.421012098901715035e+03
3.427300721062722459e+03
3.433589366374646488e+03
3.439877997816320658e+03
3.446166603321223192e+03
3.452455219990997648e+03
3.458743863382207110e+03
3.465032499866897069e+03
3.471321108194514181e+03
3.477609719965912973e+03
3.483898360119410427e+03
3.490187000801220620e+03
3.496475613209151561e+03
3.502764221057328086e+03
3.509052856878628972e+03
3.515341500621686009e+03
3.521630118037845932e+03
3.527918723261915147e+03
3.534207353943118505e+03
3.540495999416641098e+03
3.546784622369197677e+03
3.553073226484021234e+03
3.559361851584522810e+03
3.565650497332487703e+03
3.571939125937314202e+03
3.578227730556685856e+03
3.584516350023147879e+03
3.590804994585406803e+03
3.597093628541210819e+03
3.603382235230737024e+03
3.609670849443280076e+03
3.615959491427861849e+03
3.622248130060052972e+03
3.628536740214163274e+03
3.634825349952362103e+03
3.641113988143547886e+03
3.647402630453455913e+03
3.653691245179818907e+03
3.659979851587803751e+03
3.666268485013681129e+03
3.672557129765964419e+03
3.678845749805859668e+03
3.685134354296798847e+03
3.691422982327070258e+03
3.697711628115168423e+03
3.704000253799128132e+03
3.710288857955828462e+03
3.716577480322579049e+03
3.722866125681951416e+03
3.729154756924722278e+03
3.735443362351152246e+03
3.741731979216801392e+03
3.748020622700935746e+03
3.754309259013967676e+03
3.760597867213174595e+03
3.766886479150681225e+03
3.773175119447646466e+03
3.779463759990791004e+03
3.785752372228080276e+03
3.792040980201919865e+03
3.798329616199279371e+03
3.804618259852339179e+03
3.810906877069350230e+03
3.817195482362946677e+03
3.823484113250120117e+03
3.829772758682861877e+03
3.836061381423527564e+03
3.842349985552593353e+03
3.848638610860631161e+03
3.854927256627130191e+03
3.861215885024881572e+03
3.867504489594729876e+03
3.873793109268748140e+03
3.880081753902151831e+03
3.886370387667488558e+03
3.892658994252904449e+03
3.898947608650059010e+03
3.905236250754606772e+03
3.911524889227566291e+03
3.917813499228661840e+03
3.924102109117317923e+03
3.930390747467486108e+03
3.936679389662429458e+03
3.942968004200794894e+03
3.949256610707381242e+03
3.955545244329768138e+03
3.961833889014293618e+03
3.968122508844808635e+03
3.974411113380784627e+03
3.980699741614990671e+03
3.986988387392109416e+03
3.993277012867013127e+03
3.999565617004531759e+03
4.005854239582282389e+03
4.012142884983494241e+03
4.018431516025830661e+03
4.024720121378041767e+03
4.031008738438965793e+03
4.037297382017746258e+03
4.043586018156938735e+03
4.049874626228789111e+03
4.056163238330913828e+03
4.062451878764771664e+03
4.068740519172428776e+03
4.075029131244222754e+03
4.081317739339844593e+03
4.087606375509867576e+03
4.093895019072880586e+03
4.100183636097131966e+03
4.106472241463106911e+03
4.112760872544243284e+03
4.119049517936433404e+03
4.125338140474215834e+03
4.131626744614947711e+03
4.137915370128785071e+03
4.144204015908714609e+03
4.150492644104183455e+03
4.156781248630496520e+03
4.163069868504374426e+03
4.169358513200371817e+03
4.175647146784505821e+03
4.181935753270919122e+03
4.188224367845661618e+03
4.194513010065062190e+03
4.200801648383044267e+03
4.207090258240345975e+03
4.213378868272667205e+03
4.219667506775649599e+03
4.225956148858238521e+03
4.232244763218558546e+03
4.238533369823182511e+03
4.244822003627571576e+03
4.251110648245092307e+03
4.257399267879461149e+03
4.263687872458054699e+03
4.269976500894192213e+03
4.276265146659469792e+03
4.282553771926854097e+03
4.288842376050945859e+03
4.295130998836464641e+03
4.301419644275076280e+03
4.307708275121810402e+03
4.313996880401358794e+03
4.320285497656584084e+03
4.326574141329981103e+03
4.332862777292280043e+03
4.339151385238461444e+03
4.345439997511695765e+03
4.351728638083865917e+03
4.358017278352305766e+03
4.364305890254028782e+03
4.370594498477754314e+03
4.376883134827930917e+03
4.383171778294272372e+03
4.389460395119373970e+03
4.395749000561145294e+03
4.402037631842756127e+03
4.408326277194784780e+03
4.414614899518709535e+03
4.420903503676498076e+03
4.427192129404224943e+03
4.433480775195701426e+03
4.439769403183104259e+03
4.446058007664916659e+03
4.452346627744514080e+03
4.458635272510658069e+03
4.464923905899105193e+03
4.471212512284928380e+03
4.477501127047718910e+03
4.483789769379549398e+03
4.490078407539556792e+03
4.496367017248474440e+03
4.502655627429295237e+03
4.508944266092700673e+03
4.515232908053446408e+03
4.521521522230937990e+03
4.527810128938524031e+03
4.534098762926555537e+03
4.540387407477065608e+03
4.546676026907452979e+03
4.552964631532586282e+03
4.559253260171859438e+03
4.565541905916717951e+03
4.571830530982641903e+03
4.578119135094308149e+03
4.584407758080124040e+03
4.590696403558953534e+03
4.596985034208384604e+03
4.603273639418380299e+03
4.609562256867008728e+03
4.615850900624107453e+03
4.622139536416666488e+03
4.628428144243800489e+03
4.634716756677333251e+03
4.641005397384233220e+03
4.647294037513614967e+03
4.653582649257220510e+03
4.659871257605734172e+03
4.666159894120785793e+03
4.672448537498073165e+03
4.678737154130333693e+03
4.685025759647505765e+03
4.691314391126516966e+03
4.697603036430867178e+03
4.703891658552845001e+03
4.710180262728675189e+03
4.716468888661142046e+03
4.722757534465856224e+03
4.729046162243857907e+03
4.735334766685469731e+03
4.741623386969312378e+03
4.747912031793590359e+03
4.754200664998099455e+03
4.760489271288577584e+03
4.766777886230675904e+03
4.773066528678154100e+03
4.779355166677283705e+03
4.785643776243565299e+03
4.791932386575698729e+03
4.798221025390742398e+03
4.804509667236267887e+03
4.810798281229735949e+03
4.817086888042183091e+03
4.823375522221813299e+03
4.829664166697472865e+03
4.835952785926235265e+03
4.842241390600953309e+03
4.848530019447443919e+03
4.854818665180338940e+03
4.861107290027426643e+03
4.867395894129301269e+03
4.873684517332107134e+03
4.879973162845161823e+03
4.886261793293197115e+03
4.892550398433219925e+03
4.898839016079992689e+03
4.905127659931957169e+03
4.911416295541634099e+03
4.917704903244978595e+03
4.923993515854695033e+03
4.930282156695418962e+03
4.936570796684656671e+03
4.942859408257855648e+03
4.949148016738936349e+03
4.955436653430254410e+03
4.961725296704673383e+03
4.968013913146540290e+03
4.974302518741423228e+03
4.980591150415972152e+03
4.986879795680253665e+03
4.993168417589840828e+03
4.999457021787710801e+03
5.005745647934960289e+03
5.012034293742786758e+03
5.018322921316823340e+03
5.024611525718710254e+03
5.030900146208087790e+03
5.037188791101385505e+03
5.043477424107914885e+03
5.049766030301851060e+03
5.056054645435204293e+03
5.062343287993238846e+03
5.068631925831166882e+03
5.074920535251329056e+03
5.081209145735783750e+03
5.087497784707406936e+03
5.093786426427051083e+03
5.100075040244215415e+03
5.106363647162373127e+03
5.112652281525378385e+03
5.118940925932432947e+03
5.125229544953703225e+03
5.131518149680243368e+03
5.137806778733330248e+03
5.144095424439633462e+03
5.150384049083070749e+03
5.156672653176635322e+03
5.162961276584545885e+03
5.169249922136214082e+03
5.175538552379776775e+03
5.181827157452781648e+03
5.188115775298667359e+03
5.194404419233383123e+03
5.200693054668013247e+03
5.206981662251650960e+03
5.213270275030495213e+03
5.219558916007226799e+03
5.225847555849356468e+03
5.232136167262001436e+03
5.238424775873374529e+03
5.244713412731808603e+03
5.251002055910393210e+03
5.257290672157743757e+03
5.263579277833052402e+03
5.269867909705308193e+03
5.276156554918457005e+03
5.282445176622399231e+03
5.288733780842726446e+03
5.295022407193642721e+03
5.301311053013174387e+03
5.307599680377898949e+03
5.313888284742817632e+03
5.320176905438770518e+03
5.326465550388355041e+03
5.332754183207200185e+03
5.339042789308136889e+03
5.345331404626927906e+03
5.351620047297794372e+03
5.357908684970107061e+03
5.364197294248470826e+03
5.370485904888538244e+03
5.376774544010047975e+03
5.383063185609228640e+03
5.389351799244093854e+03
5.395640406270712447e+03
5.401929040820898081e+03
5.408217685149794306e+03
5.414506303970522822e+03
5.420794908752223819e+03
5.427083538011316705e+03
5.433372183700967071e+03
5.439660808126098345e+03
5.445949412212254174e+03
5.452238035839509394e+03
5.458526681422315050e+03
5.464815311458894939e+03
5.471103916465780458e+03
5.477392534517617605e+03
5.483681178542404268e+03
5.489969813789200998e+03
5.496258421249714047e+03
5.502547034211555001e+03
5.508835675322063253e+03
5.515124315014361855e+03
5.521412926258961306e+03
5.527701535008757673e+03
5.533990172046221232e+03
5.540278815117307204e+03
5.546567431165934977e+03
5.552856036928949834e+03
5.559144669001457260e+03
5.565433314164256444e+03
5.571721935652569300e+03
5.578010539897937633e+03
5.584299166465743838e+03
5.590587812287217275e+03
5.596876439438854504e+03
5.603165043769969088e+03
5.609453664676480003e+03
5.615742309685926557e+03
5.622030942306437282e+03
5.628319548313110317e+03
5.634608163826287637e+03
5.640896806606032442e+03
5.647185444111198194e+03
5.653474053245627147e+03
5.659762664044353187e+03
5.666051303323642969e+03
5.672339944794052826e+03
5.678628558245098247e+03
5.684917165388303147e+03
5.691205800129104318e+03
5.697494444378102344e+03
5.703783062987989979e+03
5.710071667825613986e+03
5.716360297297391298e+03
5.722648942960029672e+03
5.728937567169868998e+03
5.735226171255299050e+03
5.741514795095465161e+03
5.747803440709770257e+03
5.754092070539608358e+03
5.760380675481254002e+03
5.766669293737283624e+03
5.772957937845182641e+03
5.779246572907667542e+03
5.785535180250341909e+03
5.791823793389155071e+03
5.798112434633230805e+03
5.804401074175942995e+03
5.810689685255475524e+03
5.816978294144551000e+03
5.823266931352588472e+03
5.829555574320633241e+03
5.835844190171486844e+03
5.842132796020707246e+03
5.848421428297494458e+03
5.854710073405046387e+03
5.860998694679004984e+03
5.867287298954492144e+03
5.873575925735772216e+03
5.879864571558712669e+03
5.886153198496811456e+03
5.892441802793339775e+03
5.898730423913556479e+03
5.905019068980037446e+03
5.911307701401004124e+03
5.917596307316900493e+03
5.923884923022156727e+03
5.930173565908084129e+03
5.936462203245786441e+03
5.942750812240393316e+03
5.949039423197648830e+03
5.955328062628132102e+03
5.961616703969629270e+03
5.967905317242691126e+03
5.974193924497175431e+03
5.980482559419044264e+03
5.986771203589488323e+03
5.993059822000504937e+03
5.999348426897066929e+03
6.005637056569625202e+03
6.011925702205599009e+03
6.018214326208162674e+03
6.024502930290932454e+03
6.030791554340518815e+03
6.037080199983901366e+03
6.043368829609637942e+03
6.049657434491446111e+03
6.055946052948265788e+03
6.062234697136612340e+03
6.068523332018398833e+03
6.074811939246486872e+03
6.081100552560612414e+03
6.087389193933644492e+03
6.093677833328015367e+03
6.099966444248771950e+03
6.106255053274646343e+03
6.112543690650654753e+03
6.118832333513965750e+03
6.125120949174160160e+03
6.131409555110987640e+03
6.137698187580332160e+03
6.143986832634795974e+03
6.150275453703316089e+03
6.156564058007637868e+03
6.162852684999041230e+03
6.169141330824808392e+03
6.175429957549311439e+03
6.181718561815647263e+03
6.188007183146188254e+03
6.194295828265359887e+03
6.200584460491215395e+03
6.206873066318521523e+03
6.213161682215932160e+03
6.219450325211124436e+03
6.225738962376579366e+03
6.232027571230018111e+03
6.238316182351989482e+03
6.244604821933254243e+03
6.250893463143232111e+03
6.257182076235989371e+03
6.263470683606146849e+03
6.269759318715314294e+03
6.276047962803289920e+03
6.282336581007533823e+03
6.288625185965362107e+03
