0.000000000000000000e+00
6.288610285209030870e+00
1.257727541625701306e+01
1.886594895631637669e+01
2.515457052399805704e+01
3.144317305251974659e+01
3.773182791355699095e+01
4.402050609187863017e+01
5.030914000122200491e+01
5.659773877365026351e+01
6.288638119129024062e+01
6.917506104897937291e+01
7.546370735228276772e+01
8.175230705698869826e+01
8.804093645303363758e+01
9.432961389788012241e+01
1.006182719902785010e+02
1.069068769956148515e+02
1.131954942402436615e+02
1.194841656199246955e+02
1.257728338379790785e+02
1.320614474825849527e+02
1.383500550192973719e+02
1.446387173070446295e+02
1.509273929254979976e+02
1.572160175380513465e+02
1.635046187173694534e+02
1.697932697018123633e+02
1.760819491632813367e+02
1.823705864675987698e+02
1.886591851297128812e+02
1.949478235868697595e+02
2.012365031756880285e+02
2.075251532659952147e+02
2.138137537888684108e+02
2.201023796153756393e+02
2.263910556195042432e+02
2.326797172418370394e+02
2.389683240059876539e+02
2.452569385522967309e+02
2.515456073738089913e+02
2.578342782178687003e+02
2.641228946178444517e+02
2.704115002723328303e+02
2.767001597719518600e+02
2.829888364109681902e+02
2.892774644636142511e+02
2.955660647419181259e+02
3.018547128936408512e+02
3.081433923606303438e+02
3.144320327778727915e+02
3.207206317329270178e+02
3.270092675030091982e+02
3.332979467178051323e+02
3.395865989394338840e+02
3.458752006831463746e+02
3.521638240787714835e+02
3.584524991251903998e+02
3.647411625682052545e+02
3.710297709821087437e+02
3.773183832440978449e+02
3.836070507580535605e+02
3.898957230090413759e+02
3.961843415845478944e+02
4.024729454158468798e+02
4.087616025966692632e+02
4.150502805355478131e+02
4.213389112525484279e+02
4.276275106477780810e+02
4.339161555079214168e+02
4.402048355575074652e+02
4.464934790647446334e+02
4.527820783050455589e+02
4.590707104295069598e+02
4.653593886208629442e+02
4.716480443966844405e+02
4.779366476748828632e+02
4.842252678949438973e+02
4.905139406956516268e+02
4.968026069415868733e+02
5.030912180505799824e+02
5.093798280230942055e+02
5.156684924767162101e+02
5.219571665722398848e+02
5.282457885247074501e+02
5.345343908855661539e+02
5.408230450992151646e+02
5.471117234343528253e+02
5.534003579456216357e+02
5.596889566862643051e+02
5.659775987338925916e+02
5.722662783424506188e+02
5.785549252463821404e+02
5.848435249980649360e+02
5.911321541822262589e+02
5.974208315039948047e+02
6.037094898901102624e+02
6.099980949236712604e+02
6.162867122829485425e+02
6.225753837060235583e+02
6.288640519753942044e+02
6.351526653125764597e+02
6.414412730506946900e+02
6.477299355414908177e+02
6.540186110219393640e+02
6.603072353800665724e+02
6.665958367146597539e+02
6.728844879359735387e+02
6.791731673475826483e+02
6.854618043705069113e+02
6.917504030204717083e+02
6.980390416501173831e+02
7.043277212643627081e+02
7.106163712044424301e+02
7.169049716601480213e+02
7.231935976411144793e+02
7.294822736993738772e+02
7.357709352098967202e+02
7.420595418782721708e+02
7.483481565738339896e+02
7.546368254506390940e+02
7.609254962151721884e+02
7.672141124994700476e+02
7.735027182385748574e+02
7.797913780339729328e+02
7.860800544720775633e+02
7.923686823877178540e+02
7.986572826961225928e+02
8.049459310013909317e+02
8.112346103664592647e+02
8.175232507117955265e+02
8.238118496604254233e+02
8.301004853961683239e+02
8.363891646328920615e+02
8.426778168731253800e+02
8.489664186508064176e+02
8.552550419061261664e+02
8.615437169154039339e+02
8.678323803482584253e+02
8.741209889843719338e+02
8.804096010373202716e+02
8.866982683837780996e+02
8.929869407810241455e+02
8.992755595981399210e+02
9.055641632608374039e+02
9.118528202084630720e+02
9.181414982189472767e+02
9.244301292220100095e+02
9.307187284987840030e+02
9.370073732290292128e+02
9.432960532417283730e+02
9.495846969654893428e+02
9.558732962398901236e+02
9.621619282220217428e+02
9.684506065354514703e+02
9.747392622854036972e+02
9.810278655876719540e+02
9.873164859612733153e+02
9.936051588666537100e+02
9.998938249545902863e+02
1.006182435941021936e+03
1.012471046032993286e+03
1.018759710948051634e+03
1.025048384703399279e+03
1.031337006391518571e+03
1.037625608861802903e+03
1.043914263567069156e+03
1.050202941792593492e+03
1.056491575825971495e+03
1.062780174589211811e+03
1.069068816935135601e+03
1.075357496771529213e+03
1.081646143137590116e+03
1.087934742835003817e+03
1.094223372236556997e+03
1.100512049664935830e+03
1.106800707818206774e+03
1.113089312739769866e+03
1.119377930068624437e+03
1.125666601511627732e+03
1.131955269671670749e+03
1.138243883162471775e+03
1.144532490732444330e+03
1.150821153048547558e+03
1.157109828650183090e+03
1.163398453209103081e+03
1.169687054378589437e+03
1.175975705354860111e+03
1.182264384816613983e+03
1.188553022120587229e+03
1.194841620764040272e+03
1.201130259133595700e+03
1.207418938721574705e+03
1.213707588873056466e+03
1.219996189406046597e+03
1.226284815075156303e+03
1.232573491020931897e+03
1.238862152780310453e+03
1.245150759624336160e+03
1.251439373966707080e+03
1.257728042621385157e+03
1.264016713621696681e+03
1.270305330210480633e+03
1.276593935697150982e+03
1.282882594769338994e+03
1.289171271585673821e+03
1.295459900024890658e+03
1.301748500167044540e+03
1.308037147926632542e+03
1.314325827119027508e+03
1.320614468206233596e+03
1.326903067199768429e+03
1.333191702337604511e+03
1.339480381052295797e+03
1.345769034121198047e+03
1.352057636242064063e+03
1.358346258936908271e+03
1.364634933645148976e+03
1.370923597413360312e+03
1.377212206592704888e+03
1.383500818211516844e+03
1.389789485174956326e+03
1.396078157833450405e+03
1.402366777183520753e+03
1.408655380509727593e+03
1.414944037020813312e+03
1.421232715191922352e+03
1.427521346844538584e+03
1.433809945912425292e+03
1.440098589929858008e+03
1.446387269955431066e+03
1.452675914457183808e+03
1.458964513831300792e+03
1.465253144774395878e+03
1.471541822813939007e+03
1.477830479560968115e+03
1.484119083403187688e+03
1.490407702264785712e+03
1.496696374703140691e+03
1.502985041791459935e+03
1.509273653738440544e+03
1.515562262776819352e+03
1.521850926366682188e+03
1.528139601101657263e+03
1.534428224066570920e+03
1.540716826001319987e+03
1.547005478604517975e+03
1.553294157639404602e+03
1.559582793296438467e+03
1.565871391946961239e+03
1.572160032501317801e+03
1.578448711827728403e+03
1.584737360387350463e+03
1.591025960408321453e+03
1.597314588367899432e+03
1.603603264766758230e+03
1.609891924664259477e+03
1.616180530501583462e+03
1.622469146559502860e+03
1.628757816969350642e+03
1.635046485958870335e+03
1.641335101051911806e+03
1.647623707671992634e+03
1.653912368756801470e+03
1.660201044666423741e+03
1.666489671004280353e+03
1.672778271689290477e+03
1.679066921279159487e+03
1.685355600963429652e+03
1.691644239544498305e+03
1.697932838329274546e+03
1.704221475277234276e+03
1.710510154727209738e+03
1.716798806083189902e+03
1.723087407181312983e+03
1.729376031448940921e+03
1.735664706923275389e+03
1.741953369739799200e+03
1.748241977488949033e+03
1.754530590288423809e+03
1.760819258255875638e+03
1.767107930187425836e+03
1.773396548137732907e+03
1.779685152313129038e+03
1.785973809953827185e+03
1.792262487746083934e+03
1.798551117877270372e+03
1.804839717451368415e+03
1.811128362821126757e+03
1.817417042846436743e+03
1.823705685757249057e+03
1.829994284934696225e+03
1.836282917919042575e+03
1.842571596100966872e+03
1.848860251245785093e+03
1.855148854209132878e+03
1.861437475251434307e+03
1.867726148202013746e+03
1.874014813938779753e+03
1.880303424582026310e+03
1.886592034977936237e+03
1.892880700249047322e+03
1.899169373644103644e+03
1.905457995080821092e+03
1.911746597652572063e+03
1.918035252639191413e+03
1.924323930790711302e+03
1.930612564539912000e+03
1.936901163318210820e+03
1.943189805825869598e+03
1.949478485693239236e+03
1.955767131858150151e+03
1.962055731537707743e+03
1.968344361021242094e+03
1.974633038494293487e+03
1.980921696531849420e+03
1.987210301439273962e+03
1.993498918776359915e+03
1.999787590223902043e+03
2.006076258375703219e+03
2.012364871887187064e+03
2.018653479438041131e+03
2.024942141737190695e+03
2.031230817354587543e+03
2.037519441935327905e+03
2.043808043083688972e+03
2.050096694048408608e+03
2.056385373514025105e+03
2.062674010829628060e+03
2.068962609486869042e+03
2.075251247844529189e+03
2.081539927427880230e+03
2.087828577604943348e+03
2.094117178160844105e+03
2.100405803786196429e+03
2.106694479728010265e+03
2.112983141513949704e+03
2.119271748374082563e+03
2.125560362672620158e+03
2.131849031305092922e+03
2.138137702341980457e+03
2.144426318982462362e+03
2.150714924433042597e+03
2.157003583429855553e+03
2.163292260297229404e+03
2.169580888799618606e+03
2.175869488915644524e+03
2.182158136610583824e+03
2.188446815806970790e+03
2.194735456964390323e+03
2.201024055963760020e+03
2.207312691029061170e+03
2.213601369705763773e+03
2.219890022860719455e+03
2.226178625033865501e+03
2.232467247628997484e+03
2.238755922293362801e+03
2.245044586130144125e+03
2.251333195407621588e+03
2.257621806923334134e+03
2.263910473802043725e+03
2.270199146412992377e+03
2.276487766010473024e+03
2.282776369214094757e+03
2.289065025466863062e+03
2.295353703702354323e+03
2.301642335591009669e+03
2.307930934633443030e+03
2.314219578453069062e+03
2.320508258459075932e+03
2.326796903176002161e+03
2.333085502596945389e+03
2.339374133449371129e+03
2.345662811436710854e+03
2.351951468268523968e+03
2.358240072175168734e+03
2.364528690972403183e+03
2.370817363361844855e+03
2.377106030483742416e+03
2.383394642479416689e+03
2.389683251477150407e+03
2.395971915041779084e+03
2.402260589784128570e+03
2.408549212778957553e+03
2.414837814707170310e+03
2.421126467325738759e+03
2.427415146344831101e+03
2.433703781994399833e+03
2.439992380646225683e+03
2.446281021241597500e+03
2.452569700578561424e+03
2.458858349069318592e+03
2.465146949078610305e+03
2.471435577077927064e+03
2.477724253522601884e+03
2.484012913355317778e+03
2.490301519142762572e+03
2.496590135277718218e+03
2.502878805734766502e+03
2.509167474710490296e+03
2.515456089632604744e+03
2.521744696387998829e+03
2.528033357637159042e+03
2.534322033545199702e+03
2.540610659533847866e+03
2.546899260350841359e+03
2.553187910246416777e+03
2.559476589848397452e+03
2.565765228127856517e+03
2.572053826892228699e+03
2.578342464318476686e+03
2.584631143777659418e+03
2.590919794713302053e+03
2.597208395612409277e+03
2.603497020579105538e+03
2.609785696249192824e+03
2.616074358527387631e+03
2.622362965815518692e+03
2.628651579538619899e+03
2.634940248127676114e+03
2.641228919391450290e+03
2.647517536382749313e+03
2.653806141586671401e+03
2.660094800214418228e+03
2.666383477404979203e+03
2.672672106178535159e+03
2.678960706232562643e+03
2.685249353611137394e+03
2.691538032976264276e+03
2.697826674316090703e+03
2.704115273344390516e+03
2.710403908225483065e+03
2.716692586853776902e+03
2.722981240202850131e+03
2.729269842421050726e+03
2.735558464951771839e+03
2.741847139568030798e+03
2.748135803456321810e+03
2.754424412762452448e+03
2.760713024311424761e+03
2.767001691204498457e+03
2.773290363910389260e+03
2.779578983338869875e+03
2.785867586640134050e+03
2.792156243028444351e+03
2.798444921218679156e+03
2.804733552942688675e+03
2.811022152004044528e+03
2.817310796012976880e+03
2.823599476047507324e+03
2.829888120556798185e+03
2.836176719940357088e+03
2.842465350834478159e+03
2.848754028856037166e+03
2.855042685657355833e+03
2.861331289527890021e+03
2.867619908301890518e+03
2.873908580695801902e+03
2.880197247851818702e+03
2.886485859845548475e+03
2.892774468807399899e+03
2.899063132297778338e+03
2.905351807095476488e+03
2.911640430154728165e+03
2.917929032050347359e+03
2.924217684458588337e+03
2.930506363548563058e+03
2.936794999369380093e+03
2.943083598006638567e+03
2.949372238311533692e+03
2.955660917637742841e+03
2.961949566427166246e+03
2.968238166497993461e+03
2.974526794221927048e+03
2.980815470425025524e+03
2.987104130633264049e+03
2.993392736635584697e+03
2.999681352406998030e+03
3.005970022332277040e+03
3.012258691707395883e+03
3.018547307235644894e+03
3.024835913500323841e+03
3.031124574140606455e+03
3.037413249952387559e+03
3.043701877156925093e+03
3.049990477643605573e+03
3.056279126649730642e+03
3.062567806061888859e+03
3.068856445543393420e+03
3.075145044421119110e+03
3.081433680724029728e+03
3.087722360070397826e+03
3.094011011825356945e+03
3.100299613331273576e+03
3.106588237011762430e+03
3.112876912211561830e+03
3.119165575447204446e+03
3.125454183637642473e+03
3.131742796033859577e+03
3.138031463674069528e+03
3.144320135848410700e+03
3.150608754232825504e+03
3.156897358114275448e+03
3.163186015381636480e+03
3.169474693308526639e+03
3.175763323907078757e+03
3.182051923302305113e+03
3.188340568171933683e+03
3.194629248233489761e+03
3.200917891708633306e+03
3.207206490918331838e+03
3.213495123020691153e+03
3.219783801153399509e+03
3.226072456999303995e+03
3.232361060288436875e+03
3.238649680392234131e+03
3.244938353101547364e+03
3.251227019473318251e+03
3.257515630678825801e+03
3.263804240535444023e+03
3.270092904718966565e+03
3.276381578970730061e+03
3.282670201136120340e+03
3.288958803385878582e+03
3.295247457217766168e+03
3.301536135617334367e+03
3.307824770507681933e+03
3.314113369192986283e+03
3.320402010884618903e+03
3.326690690215645191e+03
3.332979337734988349e+03
3.339267937586421340e+03
3.345556566210641904e+03
3.351845243131033840e+03
3.358133902097682039e+03
3.364422507636350019e+03
3.370711124138460491e+03
3.376999794956459937e+03
3.383288463515961666e+03
3.389577078216977952e+03
3.395865685048128398e+03
3.402154346469497341e+03
3.408443022273525003e+03
3.414731648201812732e+03
3.421020248981623354e+03
3.427308898897606923e+03
3.433597578552482446e+03
3.439886216820613299e+03
3.446174815571199360e+03
3.452463452812768082e+03
3.458752132300294761e+03
3.465040783417628973e+03
3.471329384397213289e+03
3.477618008923758225e+03
3.483906684487089933e+03
3.490195347113201024e+03
3.496483954679331873e+03
3.502772567774798063e+03
3.509061235945524459e+03
3.515349907695377624e+03
3.521638525350620966e+03
3.527927129865166989e+03
3.534215787595933307e+03
3.540504465330666790e+03
3.546793095157502194e+03
3.553081694812750357e+03
3.559370340450083404e+03
3.565659020284087546e+03
3.571947663114511215e+03
3.578236262261384582e+03
3.584524895301467495e+03
3.590813573455350252e+03
3.597102228621983159e+03
3.603390831570481168e+03
3.609679452605708775e+03
3.615968125442028395e+03
3.622256791288053137e+03
3.628545401995436350e+03
3.634834012316221560e+03
3.641122677435609603e+03
3.647411350917045638e+03
3.653699972550561597e+03
3.659988575022291116e+03
3.666277229565439939e+03
3.672565907748033624e+03
3.678854541993109251e+03
3.685143140705932183e+03
3.691431782820886838e+03
3.697720462267860967e+03
3.704009109281707424e+03
3.710297709047948501e+03
3.716586338046347464e+03
3.722875015317139514e+03
3.729163673748206747e+03
3.735452279058113618e+03
3.741740895925059249e+03
3.748029567033921921e+03
3.754318235476852806e+03
3.760606849582807627e+03
3.766895456755647501e+03
3.773184118627253156e+03
3.779472794382085794e+03
3.785761419592658967e+03
3.792050020518289330e+03
3.798338670857267516e+03
3.804627350465950258e+03
3.810915988343057961e+03
3.817204587051646740e+03
3.823493224571842802e+03
3.829781904116429359e+03
3.836070554999552769e+03
3.842359155853310767e+03
3.848647780614423027e+03
3.854936456274506781e+03
3.861225118734978423e+03
3.867513726150928960e+03
3.873802339416166888e+03
3.880091007714353509e+03
3.886379679343993303e+03
3.892668296800775806e+03
3.898956901468556680e+03
3.905245559370683623e+03
3.911534237015839153e+03
3.917822866599782174e+03
3.924111466391139402e+03
3.930400112524152064e+03
3.936688792176053539e+03
3.942977434606388215e+03
3.949266033706379858e+03
3.955554667278028774e+03
3.961843345236355617e+03
3.968132000156991580e+03
3.974420602968968069e+03
3.980709224268689923e+03
3.986997897291144000e+03
3.993286562872877766e+03
3.999575173392843226e+03
4.005863783889865317e+03
4.012152449259966033e+03
4.018441122558477218e+03
4.024729743945320479e+03
4.031018346531257976e+03
4.037307001581745681e+03
4.043595679699473749e+03
4.049884313406923866e+03
4.056172912166171955e+03
4.062461554671644990e+03
4.068750234448599713e+03
4.075038880701431026e+03
4.081327480389209086e+03
4.087616109746276379e+03
4.093904787180028961e+03
4.100193445260978478e+03
4.106482050316076311e+03
4.112770667435020187e+03
4.119059338741576539e+03
4.125348006988949237e+03
4.131636620829909589e+03
4.137925228179993610e+03
4.144213890268709292e+03
4.150502566006359302e+03
4.156791190825577360e+03
4.163079791857311648e+03
4.169368442506563042e+03
4.175657122055173204e+03
4.181945759666959930e+03
4.188234358325958056e+03
4.194522996195858468e+03
4.200811675781073063e+03
4.207100326362527994e+03
4.213388927072112892e+03
4.219677551996028342e+03
4.225966227726813486e+03
4.232254890070497822e+03
4.238543497357320120e+03
4.244832110717722571e+03
4.251120779085050344e+03
4.257409450650129656e+03
4.263698068017563855e+03
4.269986672726329743e+03
4.276275330636923172e+03
4.282564008274961452e+03
4.288852637795276678e+03
4.295141237575962805e+03
4.301429883679855266e+03
4.307718563330009601e+03
4.314007205762926787e+03
4.320295804847136424e+03
4.326584438410629446e+03
4.332873116355352977e+03
4.339161771260794012e+03
4.345450374068709607e+03
4.351738995338721907e+03
4.358027668306036503e+03
4.364316333934751128e+03
4.370604944451768461e+03
4.376893554929609309e+03
4.383182220281297305e+03
4.389470893576692106e+03
4.395759514951821984e+03
4.402048117525845555e+03
4.408336772568246488e+03
4.414625450676996479e+03
4.420914084386672585e+03
4.427202683139959845e+03
4.433491325638878152e+03
4.439780005416007953e+03
4.446068651662486445e+03
4.452357251364218428e+03
4.458645880676142042e+03
4.464934558083983575e+03
4.471223216175630114e+03
4.477511821246080217e+03
4.483800438299860616e+03
4.490089109557453412e+03
4.496377777823441647e+03
4.502666391679620574e+03
4.508954998995557617e+03
4.515243661055978009e+03
4.521532336787906388e+03
4.527820961638676636e+03
4.534109562645907317e+03
4.540398213249090986e+03
4.546686892788324258e+03
4.552975530410810279e+03
4.559264129043208413e+03
4.565552766914968743e+03
4.571841446486237146e+03
4.578130097028143609e+03
4.584418697708830223e+03
4.590707322684610517e+03
4.596995998420889919e+03
4.603284660693341721e+03
4.609573267925694381e+03
4.615861881369412004e+03
4.622150549656027579e+03
4.628439221213282508e+03
4.634727838537121897e+03
4.641016443253245598e+03
4.647305101158211073e+03
4.653593778787768315e+03
4.659882408289591694e+03
4.666171008046961106e+03
4.672459654123407745e+03
4.678748333765101961e+03
4.685036976223373131e+03
4.691325575306482278e+03
4.697614208781882553e+03
4.703902886705353012e+03
4.710191541678430440e+03
4.716480144500008464e+03
4.722768765718941722e+03
4.729057438627938609e+03
4.735346104298831960e+03
4.741634714837955471e+03
4.747923325278649827e+03
4.754211990553370015e+03
4.760500663878360683e+03
4.766789285329895392e+03
4.773077887857333735e+03
4.779366542741647208e+03
4.785655220834758438e+03
4.791943854734302477e+03
4.798232453455340874e+03
4.804521095783107739e+03
4.810809775321702546e+03
4.817098421939916989e+03
4.823387021661892504e+03
4.829675650743339247e+03
4.835964328057903003e+03
4.842252986358501403e+03
4.848541591589070777e+03
4.854830208524613226e+03
4.861118879688762718e+03
4.867407548056314226e+03
4.873696162036892929e+03
4.879984769256278014e+03
4.886273431191214513e+03
4.892562107009240208e+03
4.898850732013460402e+03
4.905139332950153403e+03
4.911427983372884228e+03
4.917716662966704462e+03
4.924005300732211253e+03
4.930293899405286538e+03
4.936582536875654114e+03
4.942871216422840007e+03
4.949159867318580837e+03
4.955448468163592224e+03
4.961737092812072660e+03
4.968025768437010811e+03
4.974314430969717250e+03
4.980603038442862271e+03
4.986891651541422107e+03
4.993180319730292467e+03
4.999468991483114223e+03
5.005757609099392539e+03
5.012046213474372962e+03
5.018334871067257154e+03
5.024623548852609019e+03
5.030912178837070314e+03
5.037200778401573189e+03
5.043489423759619967e+03
5.049778103669123993e+03
5.056066746706214872e+03
5.062355345848038269e+03
5.068643978531615176e+03
5.074932656620548187e+03
5.081221312065795246e+03
5.087509915122994244e+03
5.093798535674794039e+03
5.100087208231600016e+03
5.106375874463879882e+03
5.112664485498473368e+03
5.118953095471793858e+03
5.125241759685387478e+03
5.131530433776713835e+03
5.137819055959217621e+03
5.144107658170898503e+03
5.150396311743279512e+03
5.156684990187416588e+03
5.162973625301697211e+03
5.169262223936953887e+03
5.175550865114227236e+03
5.181839544341594774e+03
5.188128192380110704e+03
5.194416792300879024e+03
5.200705420480867360e+03
5.206994096880838697e+03
5.213282756604394308e+03
5.219571362385783686e+03
5.225859978445277193e+03
5.232148648817357753e+03
5.238437317723271008e+03
5.244725932939602899e+03
5.251014539401637194e+03
5.257303200357679998e+03
5.263591876067489466e+03
5.269880502845635419e+03
5.276169103340868787e+03
5.282457752488255210e+03
5.288746431847939675e+03
5.295035071214894742e+03
5.301323670056022820e+03
5.307612306375815933e+03
5.313900985739176576e+03
5.320189637443389074e+03
5.326478238930945736e+03
5.332766862534767824e+03
5.339055537719323183e+03
5.345344200963251751e+03
5.351632809211031599e+03
5.357921421436299170e+03
5.364210088960134271e+03
5.370498761234731319e+03
5.376787379776922535e+03
5.383075983400091900e+03
5.389364640333786156e+03
5.395653318373917500e+03
5.401941949370202565e+03
5.408230548553204244e+03
5.414519193075630938e+03
5.420807873112516063e+03
5.427096517044858956e+03
5.433385116291918166e+03
5.439673747777890640e+03
5.445962425988889663e+03
5.452251082172006136e+03
5.458539685651277068e+03
5.464828305286988325e+03
5.471116977755853441e+03
5.477405644452052002e+03
5.483694255937935850e+03
5.489982865378237875e+03
5.496271529022060349e+03
5.502560203608567463e+03
5.508848826272384940e+03
5.515137428282198925e+03
5.521426081046338368e+03
5.527714759904372841e+03
5.534003395469007955e+03
5.540291994080274890e+03
5.546580634645235477e+03
5.552869313894262632e+03
5.559157962486501674e+03
5.565446562477140105e+03
5.571735190383942609e+03
5.578023866631677265e+03
5.584312526638803320e+03
5.590601132547472844e+03
5.596889748403932572e+03
5.603178418404945660e+03
5.609467087632688163e+03
5.615755703081644242e+03
5.622044309362036074e+03
5.628332970043098612e+03
5.634621645806690140e+03
5.640910272932192129e+03
5.647198873365558939e+03
5.653487522276903292e+03
5.659776201626733382e+03
5.666064841237762266e+03
5.672353440088269053e+03
5.678642076209307561e+03
5.684930755438150300e+03
5.691219407355274598e+03
5.697508008960443476e+03
5.703796632318833872e+03
5.710085307394129813e+03
5.716373970675159399e+03
5.722662579227795504e+03
5.728951191177930014e+03
5.735239858477939379e+03
5.741528530909319670e+03
5.747817149765826798e+03
5.754105753265767817e+03
5.760394410016998336e+03
5.766683088092585422e+03
5.772971719291625959e+03
5.779260318418960196e+03
5.785548962745056997e+03
5.791837642781079012e+03
5.798126286912839532e+03
5.804414886176395157e+03
5.810703517433018533e+03
5.816992195585429727e+03
5.823280851975870974e+03
5.829569455578284760e+03
5.835858074769447740e+03
5.842146747093618615e+03
5.848435414064048018e+03
5.854724025839638671e+03
5.861012634926762075e+03
5.867301298498146934e+03
5.873589973213764097e+03
5.879878596109638238e+03
5.886167198025047583e+03
5.892455850510402342e+03
5.898744529556421185e+03
5.905033165250940328e+03
5.911321763863644264e+03
5.917610404268350976e+03
5.923899083530174721e+03
5.930187732218150813e+03
5.936476332238814393e+03
5.942764960019162572e+03
5.949053636240239939e+03
5.955342296331610669e+03
5.961630902282417082e+03
5.967919518071818857e+03
5.974208187996281595e+03
5.980496857305676713e+03
5.986785472796203067e+03
5.993074079051946683e+03
5.999362739697209690e+03
6.005651415474651913e+03
6.011940042644257119e+03
6.018228643109054246e+03
6.024517292101209023e+03
6.030805971497233259e+03
6.037094610937297148e+03
6.043383209789200919e+03
6.049671846088957864e+03
6.055960525422387036e+03
6.062249177129612690e+03
6.068537778596457429e+03
6.074826402274202337e+03
6.081115077459949134e+03
6.087403740656955961e+03
6.093692348796350416e+03
6.099980961190433845e+03
6.106269628823475614e+03
6.112558300958305153e+03
6.118846919298091052e+03
6.125135523160097364e+03
6.131424180397247255e+03
6.137712858301584674e+03
6.144001488872801929e+03
6.150290088238382850e+03
6.156578733075737546e+03
6.162867413094145377e+03
6.169156056551089932e+03
6.175444655752237850e+03
6.181733287834405019e+03
6.188021965973888655e+03
6.194310621728170190e+03
6.200599224977482663e+03
6.206887845128221670e+03
6.213176517852120924e+03
6.219465184113816576e+03
6.225753795228148192e+03
6.232042405119079376e+03
6.238331069461517473e+03
6.244619743554455454e+03
6.250908365523647262e+03
6.257196967818871599e+03
6.263485621903574611e+03
6.269774300200565449e+03
6.276062934766176113e+03
6.282351533459307575e+03
6.288640175384160102e+03
