0.000000000000000000e+00
6.288593049556872927e+00
1.257725387569919917e+01
1.886592626354126168e+01
2.515454113621354892e+01
3.144312598761416311e+01
3.773177047401111395e+01
4.402043714031896116e+01
5.030906433406545375e+01
5.659765237263822968e+01
6.288627767945257574e+01
6.917495621609376144e+01
7.546360538622606384e+01
8.175220532203898927e+01
8.804081154147090160e+01
9.432947418361634107e+01
1.006181433236071427e+02
1.069067533031382737e+02
1.131953420338230671e+02
1.194839867187025106e+02
1.257726566947962539e+02
1.320612882093529379e+02
1.383498731121340199e+02
1.446385004959699643e+02
1.509271807364224287e+02
1.572158298834581558e+02
1.635044159846002003e+02
1.697930263515866613e+02
1.760816886522881077e+02
1.823703418912383540e+02
1.886589422845675301e+02
1.949475378947813340e+02
2.012361988645780286e+02
2.075248613306427501e+02
2.138134653929340914e+02
2.201020579862401689e+02
2.263907025116388070e+02
2.326793751368097674e+02
2.389679981368816755e+02
2.452565819264122240e+02
2.515452145000939197e+02
2.578338927863770778e+02
2.641225291482065813e+02
2.704111135144686955e+02
2.766997325574619708e+02
2.829883949587984944e+02
2.892770421172418764e+02
2.955656277408673418e+02
3.018542350702477961e+02
3.081429024746304322e+02
3.144315509187557609e+02
3.207201475099548134e+02
3.270087436319761878e+02
3.332974026661389644e+02
3.395860650395935636e+02
3.458746617977328697e+02
3.521632575854865763e+02
3.584519035631489601e+02
3.647405690162753444e+02
3.710291808499504782e+02
3.773177648567657911e+02
3.836064127835904287e+02
3.898950781035559316e+02
3.961836970513963934e+02
4.024722814797982551e+02
4.087609135507212272e+02
4.150495872061309797e+02
4.213382098446932673e+02
4.276267970511862018e+02
4.339154179913668941e+02
4.402040875038562717e+02
4.464927310932176283e+02
4.527813131603987813e+02
4.590699345266971818e+02
4.653585996119067545e+02
4.716472453502636313e+02
4.779358284971684157e+02
4.842244452536952508e+02
4.905131067339330002e+02
4.968017534735860181e+02
5.030903467415794807e+02
5.093789511307134035e+02
5.156676164070183859e+02
5.219562659758909149e+02
5.282448647506669204e+02
5.345334608836649295e+02
5.408221251554078890e+02
5.471107800168546191e+02
5.533993800929703184e+02
5.596879745529886350e+02
5.659766270829655923e+02
5.722652913768002918e+02
5.785538932996728363e+02
5.848424881081514286e+02
5.911311303655069196e+02
5.974197982010986152e+02
6.037084103112659932e+02
6.099969994016033752e+02
6.162856402173928245e+02
6.225743061430263197e+02
6.288629287817996101e+02
6.351515116205324603e+02
6.414401504428964245e+02
6.477288150313628421e+02
6.540174422430613959e+02
6.603060274480563976e+02
6.665946532553987254e+02
6.728833247697511979e+02
6.791719545821204065e+02
6.854605442972912215e+02
6.917491588568385623e+02
6.980378289811882269e+02
7.043264704602008806e+02
7.106150571185343097e+02
7.169036708420979949e+02
7.231923329689495858e+02
7.294809854090215140e+02
7.357695722633594642e+02
7.420581830426443730e+02
7.483468417192777906e+02
7.546354960268444074e+02
7.609240902507220881e+02
7.672126909880333869e+02
7.735013500113977898e+02
7.797900035553850557e+02
7.860786086233423475e+02
7.923671979592103298e+02
7.986558564893656467e+02
8.049445189659388689e+02
8.112331251474129203e+02
8.175217139577509897e+02
8.238103590739383435e+02
8.300990309474609603e+02
8.363876404247237133e+02
8.426762273886629373e+02
8.489648635068376734e+02
8.552535324405221218e+02
8.615421635942806233e+02
8.678307442035453505e+02
8.741193763699515102e+02
8.804080450889746317e+02
8.866966758158896482e+02
8.929852647276975404e+02
8.992738766977527121e+02
9.055625529678757175e+02
9.118512034356949698e+02
9.181397869638689144e+02
9.244283992126042904e+02
9.307170638249024250e+02
9.370057230443630942e+02
9.432943276932527397e+02
9.495829258799525405e+02
9.558715815659272721e+02
9.621602540078595212e+02
9.684488820011065400e+02
9.747374656986099808e+02
9.810261046770224311e+02
9.873147799453554398e+02
9.936034183124689889e+02
9.998920014254861144e+02
1.006180625382811286e+03
1.012469304528943894e+03
1.018757956149635106e+03
1.025046535758649270e+03
1.031335151048023135e+03
1.037623829984896020e+03
1.043912479597338006e+03
1.050201057203910523e+03
1.056489677157324650e+03
1.062778354605851064e+03
1.069067003658211206e+03
1.075355599111388074e+03
1.081644199154078706e+03
1.087932866075081165e+03
1.094221534047675050e+03
1.100510151689623854e+03
1.106798732071710901e+03
1.113087382374432764e+03
1.119376060334642034e+03
1.125664682287220558e+03
1.131953272323801002e+03
1.138241901938412411e+03
1.144530576385822314e+03
1.150819215376744296e+03
1.157107807536444852e+03
1.163396408335466276e+03
1.169685074865581782e+03
1.175973738778874576e+03
1.182262335507562966e+03
1.188550933286989448e+03
1.194839591645440805e+03
1.201128260266644475e+03
1.207416871369351838e+03
1.213705462448986509e+03
1.219994103518943120e+03
1.226282782893210651e+03
1.232571416987157818e+03
1.238859990604737050e+03
1.245148625635174540e+03
1.251437307164299455e+03
1.257725928515909573e+03
1.264014508889966464e+03
1.270303156501147214e+03
1.276591831480877318e+03
1.282880441419598583e+03
1.289169025392550111e+03
1.295457683242049370e+03
1.301746355168764012e+03
1.308034949461623228e+03
1.314323541228017120e+03
1.320612208997741163e+03
1.326900870005440538e+03
1.333189458954612064e+03
1.339478047911236899e+03
1.345766715333920729e+03
1.352055379874569098e+03
1.358343964344728192e+03
1.364632562212447965e+03
1.370921234338781005e+03
1.377209894022357503e+03
1.383498484672754330e+03
1.389787087920716431e+03
1.396075749675434508e+03
1.402364417130409493e+03
1.408653021055216186e+03
1.414941610267088663e+03
1.421230268054332782e+03
1.427518942384289858e+03
1.433807555049832672e+03
1.440096129818515692e+03
1.446384776462009768e+03
1.452673457957410847e+03
1.458962067882654992e+03
1.465250649323946845e+03
1.471539306373940008e+03
1.477827983087667462e+03
1.484116580176119214e+03
1.490405170135187973e+03
1.496693838380632542e+03
1.502982500976441315e+03
1.509271096442396129e+03
1.515559694180646602e+03
1.521848352235776247e+03
1.528137027817300577e+03
1.534425639095179122e+03
1.540714228518455229e+03
1.547002871097855859e+03
1.553291539432352920e+03
1.559580162901550693e+03
1.565868746754000995e+03
1.572157376814497638e+03
1.578446052859344491e+03
1.584734688062145096e+03
1.591023268230795338e+03
1.597311885727983508e+03
1.603600554702661839e+03
1.609889207370889608e+03
1.616177805080187682e+03
1.622466407501923186e+03
1.628755064053584192e+03
1.635043739381502974e+03
1.641332333738674379e+03
1.647620920925196970e+03
1.653909591933824458e+03
1.660198255238869933e+03
1.666486836680117449e+03
1.672775436653955921e+03
1.679064115942808257e+03
1.685352765969288612e+03
1.691641343376864597e+03
1.697929957570215947e+03
1.704218635994009446e+03
1.710507282031376917e+03
1.716795874023024680e+03
1.723084477770575631e+03
1.729373143872641776e+03
1.735661808116958127e+03
1.741950415444532155e+03
1.748239006545656139e+03
1.754527662501278655e+03
1.760816335736669771e+03
1.767104948565921859e+03
1.773393534684867291e+03
1.779682171718188783e+03
1.785970840283078132e+03
1.792259474044815988e+03
1.798548067278304870e+03
1.804836685383341774e+03
1.811125361599952612e+03
1.817414017080677240e+03
1.823702597592593065e+03
1.829991209312898718e+03
1.836279888390462929e+03
1.842568529509958807e+03
1.848857102967444916e+03
1.855145726798166152e+03
1.861434414978391487e+03
1.867723068100758837e+03
1.874011646689795498e+03
1.880300261741864233e+03
1.886588940540815656e+03
1.892877580536279538e+03
1.899166151391944595e+03
1.905454778204205923e+03
1.911743464735427551e+03
1.918032090708886017e+03
1.924320661700882283e+03
1.930609295593165143e+03
1.936897987994990217e+03
1.943186634789848767e+03
1.949475205630549453e+03
1.955763821346226223e+03
1.962052507878651795e+03
1.968341170322106791e+03
1.974629754765667712e+03
1.980918353992134371e+03
1.987207032201839866e+03
1.993495687612191887e+03
1.999784263189687636e+03
2.006072873266611850e+03
2.012361556458803079e+03
2.018650223033411066e+03
2.024938812244194878e+03
2.031227411296551281e+03
2.037516082346990288e+03
2.043804739192664101e+03
2.050093317236960047e+03
2.056381925799844339e+03
2.062670609472188062e+03
2.068959255359734016e+03
2.075247828099787057e+03
2.081536452646438647e+03
2.087825137557995276e+03
2.094113768490171879e+03
2.100402341451076609e+03
2.106690980475535525e+03
2.112979664455478087e+03
2.119268283981045442e+03
2.125556860045307076e+03
2.131845509328783010e+03
2.138134192716065172e+03
2.144422797745893149e+03
2.150711381477472969e+03
2.157000045656318434e+03
2.163288716888676390e+03
2.169577323739979420e+03
2.175865912016405218e+03
2.182154576421065030e+03
2.188443245484158979e+03
2.194731838935906126e+03
2.201020435302695660e+03
2.207309110269967277e+03
2.213597769998361855e+03
2.219886357627733105e+03
2.226174969765477726e+03
2.232463638222198369e+03
2.238752299860454968e+03
2.245040901018765908e+03
2.251329495079170556e+03
2.257618149242729942e+03
2.263906826826306315e+03
2.270195434653254779e+03
2.276484027256355148e+03
2.282772678262127556e+03
2.289061360752624751e+03
2.295349967235549229e+03
2.301638557922254677e+03
2.307927216082312498e+03
2.314215890914205374e+03
2.320504504056153564e+03
2.326793098729332996e+03
2.333081744448259997e+03
2.339370420097368878e+03
2.345659054499100876e+03
2.351947645714309601e+03
2.358236266759628961e+03
2.364524941262745870e+03
2.370813594541236398e+03
2.377102180152953679e+03
2.383390796487012722e+03
2.389679456410359307e+03
2.395968107179453455e+03
2.402256704766536132e+03
2.408545302251556222e+03
2.414833967575766565e+03
2.421122630419190955e+03
2.427411231280619177e+03
2.433699826806407600e+03
2.439988475307301542e+03
2.446277144916435645e+03
2.452565750192864471e+03
2.458854343702855658e+03
2.465142986164689319e+03
2.471431660509306312e+03
2.477720284860792162e+03
2.484008865849442373e+03
2.490297510562786101e+03
2.496586187054975198e+03
2.502874815965944890e+03
2.509163405783627695e+03
2.515452025972186220e+03
2.521740696156064587e+03
2.528029346771780183e+03
2.534317936292686227e+03
2.540606549826576611e+03
2.546895219286641805e+03
2.553183879628204522e+03
2.559472479615095381e+03
2.565761084312797266e+03
2.572049743763896913e+03
2.578338418028320120e+03
2.584627041003065642e+03
2.590915624066497912e+03
2.597204278189895376e+03
2.603492960434274664e+03
2.609781587415795002e+03
2.616070168584760268e+03
2.622358814942433128e+03
2.628647497736380956e+03
2.634936117850238134e+03
2.641224699091742423e+03
2.647513354149132738e+03
2.653802033658708297e+03
2.660090664207015834e+03
2.666379259304922925e+03
2.672667890359982266e+03
2.678956562251562900e+03
2.685245226937568077e+03
2.691533843528646230e+03
2.697822441880195584e+03
2.704111085454559543e+03
2.710399768551562829e+03
2.716688405704926481e+03
2.722977000556252733e+03
2.729265620708641563e+03
2.735554291922526318e+03
2.741842943600086983e+03
2.748131538406446907e+03
2.754420142189914259e+03
2.760708812953979759e+03
2.766997484543267092e+03
2.773286084456108256e+03
2.779574685200479507e+03
2.785863337794631661e+03
2.792152021452995541e+03
2.798440646033951452e+03
2.804729240502279936e+03
2.811017875039313367e+03
2.817306554155206413e+03
2.823595197672201721e+03
2.829883795085256224e+03
2.836172405198459728e+03
2.842461075138060551e+03
2.848749738165069630e+03
2.855038338410983670e+03
2.861326934738409363e+03
2.867615599450694845e+03
2.873904276390856012e+03
2.880192890112478381e+03
2.886481484985220959e+03
2.892770127801053150e+03
2.899058801941841011e+03
2.905347445468198657e+03
2.911636034954655315e+03
2.917924656292429063e+03
2.924213329627885742e+03
2.930501977547311071e+03
2.936790580238708571e+03
2.943079178288179719e+03
2.949367841812130337e+03
2.955656513757257471e+03
2.961945121574078257e+03
2.968233718233104355e+03
2.974522368253343302e+03
2.980811042606827414e+03
2.987099664739163018e+03
2.993388252339352221e+03
2.999676887289811475e+03
3.005965565329008314e+03
3.012254203275670534e+03
3.018542785736485257e+03
3.024831412179229119e+03
3.031120081754838793e+03
3.037408727797371284e+03
3.043697318554680805e+03
3.049985928357292778e+03
3.056274599054045666e+03
3.062563254446258270e+03
3.068851850703756099e+03
3.075140454670612144e+03
3.081429112052623623e+03
3.087717776208267878e+03
3.094006383043981714e+03
3.100294972866827720e+03
3.106583627668703684e+03
3.112872290242870804e+03
3.119160907145427245e+03
3.125449493921390513e+03
3.131738144989664761e+03
3.138026818370087312e+03
3.144315435105012966e+03
3.150604024817020218e+03
3.156892653439356309e+03
3.163181322610037569e+03
3.169469964007379076e+03
3.175758548118650651e+03
3.182047177736000776e+03
3.188335844552284016e+03
3.194624487462291654e+03
3.200913073646670455e+03
3.207201692524458394e+03
3.213490363177098516e+03
3.219779006100951392e+03
3.226067600964726807e+03
3.232356205270935334e+03
3.238644873202008057e+03
3.244933530544305540e+03
3.251222124014226210e+03
3.257510727961575412e+03
3.263799383511412998e+03
3.270088049105144364e+03
3.276376652601867136e+03
3.282665244420432373e+03
3.288953899888829710e+03
3.295242562945877580e+03
3.301531178378388631e+03
3.307819765121445016e+03
3.314108409352012586e+03
3.320397088483058269e+03
3.326685714158568771e+03
3.332974300789224799e+03
3.339262931473167555e+03
3.345551602678705422e+03
3.351840243558076509e+03
3.358128835237197563e+03
3.364417446733529687e+03
3.370706113527437992e+03
3.376994773562419596e+03
3.383283366238610597e+03
3.389571974611957557e+03
3.395860632791425360e+03
3.402149292007923577e+03
3.408437893524065203e+03
3.414726485708603832e+03
3.421015145586197832e+03
3.427303811495474747e+03
3.433592421624787221e+03
3.439881009821506723e+03
3.446169655936483650e+03
3.452458330923503581e+03
3.458746951675279433e+03
3.465035539305702514e+03
3.471324177911073548e+03
3.477612846486536910e+03
3.483901480376710879e+03
3.490190061803778462e+03
3.496478689138672507e+03
3.502767364564787385e+03
3.509056006431576861e+03
3.515344592886917781e+03
3.521633205346155137e+03
3.527921867563840351e+03
3.534210524470967357e+03
3.540499124643493815e+03
3.546787721568173311e+03
3.553076385364746784e+03
3.559365042196431205e+03
3.565653646843804381e+03
3.571942238379780520e+03
3.578230888545684138e+03
3.584519561576428259e+03
3.590808170398385755e+03
3.597096763711790572e+03
3.603385406982371933e+03
3.609674079129596976e+03
3.615962694292372817e+03
3.622251284486786972e+03
3.628539923941726556e+03
3.634828591588713607e+03
3.641117219245343222e+03
3.647405803695096893e+03
3.653694440915241557e+03
3.659983108567737418e+03
3.666271741650514286e+03
3.672560325261777507e+03
3.678848956732168062e+03
3.685137625923101041e+03
3.691426260911358895e+03
3.697714850038773420e+03
3.704003467362434094e+03
3.710292140767320689e+03
3.716580781918346020e+03
3.722869373226467360e+03
3.729157984511756240e+03
3.735446654513792055e+03
3.741735305731846438e+03
3.748023895293149963e+03
3.754312504295580311e+03
3.760601164774489462e+03
3.766889823982050984e+03
3.773178417713760155e+03
3.779467022082901167e+03
3.785755679305352260e+03
3.792044338962459733e+03
3.798332944391711408e+03
3.804621538831070666e+03
3.810910197284002152e+03
3.817198858086017935e+03
3.823487469121575941e+03
3.829776058267857479e+03
3.836064713971780293e+03
3.842353377329159684e+03
3.848641990584496853e+03
3.854930579172003490e+03
3.861219222689710932e+03
3.867507894107832271e+03
3.873796509986050751e+03
3.880085100613761369e+03
3.886373733516136326e+03
3.892662409274169931e+03
3.898951035256141950e+03
3.905239622844881524e+03
3.911528252637406240e+03
3.917816920426087563e+03
3.924105559351129159e+03
3.930394140268281717e+03
3.936682766818039909e+03
3.942971431892795408e+03
3.949260073292708057e+03
3.955548661302707387e+03
3.961837274470088687e+03
3.968125947124176037e+03
3.974414592658356014e+03
3.980703187495247221e+03
3.986991791957530495e+03
3.993280459749583315e+03
3.999569112534667511e+03
4.005857707234620648e+03
4.012146310098883077e+03
4.018434966364664433e+03
4.024723629996202817e+03
4.031012227293546403e+03
4.037300827419904635e+03
4.043589478648824752e+03
4.049878143814842588e+03
4.056166751192749871e+03
4.062455344539304861e+03
4.068743994837073387e+03
4.075032657481629485e+03
4.081321275353184774e+03
4.087609860891566314e+03
4.093898508013765877e+03
4.100187175283878787e+03
4.106475795223094792e+03
4.112764381348723873e+03
4.119053019848973236e+03
4.125341692299478382e+03
4.131630314205123796e+03
4.137918903473710998e+03
4.144207530056841279e+03
4.150496204249601760e+03
4.156784834756894270e+03
4.163073422641203251e+03
4.169362044716006494e+03
4.175650713831575558e+03
4.181939358143963545e+03
4.188227941341782753e+03
4.194516562494161008e+03
4.200805226649034921e+03
4.207093875750229927e+03
4.213382462564176421e+03
4.219671077115180196e+03
4.225959740686430450e+03
4.232248389586477970e+03
4.238536987141645113e+03
4.244825588205393615e+03
4.251114254403701125e+03
4.257402906698988772e+03
4.263691508324945971e+03
4.269980103007958860e+03
4.276268763999236398e+03
4.282557426783965639e+03
4.288846027749357745e+03
4.295134624568475374e+03
4.301423272924541379e+03
4.307711940638244414e+03
4.314000548466397959e+03
4.320289142031050687e+03
4.326577784375424926e+03
4.332866451784369019e+03
4.339155072716517680e+03
4.345443657887654808e+03
4.351732300285514611e+03
4.358020965275850358e+03
4.364309593216011308e+03
4.370598176813127793e+03
4.376886811307760581e+03
4.383175480249596148e+03
4.389464109712173013e+03
4.395752699328553717e+03
4.402041319729171846e+03
4.408329993742155239e+03
4.414618628557712327e+03
4.420907219377098045e+03
4.427195832793219779e+03
4.433484503408953060e+03
4.439773149162589107e+03
4.446061737224648823e+03
4.452350350725156204e+03
4.458639012152048053e+03
4.464927666777801278e+03
4.471216257154723280e+03
4.477504865398043876e+03
4.483793525118078833e+03
4.490082180729433276e+03
4.496370781585554141e+03
4.502659378587743049e+03
4.508948038202987846e+03
4.515236695166536265e+03
4.521525303057484052e+03
4.527813894389857523e+03
4.534102546183313279e+03
4.540391214249703808e+03
4.546679821571616230e+03
4.552968415246644327e+03
4.559257054860822791e+03
4.565545725056760602e+03
4.571834343335379344e+03
4.578122932315956859e+03
4.584411568549130607e+03
4.590700233625660076e+03
4.596988866451381909e+03
4.603277450310111817e+03
4.609566081660754207e+03
4.615854749667382748e+03
4.622143383556726803e+03
4.628431975356696967e+03
4.634720588666794356e+03
4.641009258194930226e+03
4.647297904203143844e+03
4.653586494622250029e+03
4.659875105620722934e+03
4.666163766415196733e+03
4.672452423065738003e+03
4.678741015029750088e+03
4.685029621639099787e+03
4.691318278977019872e+03
4.697606934654394536e+03
4.703895541106529890e+03
4.710184132911371307e+03
4.716472789842698148e+03
4.722761451936694357e+03
4.729050061064248439e+03
4.735338653989282648e+03
4.741627296529595696e+03
4.747915967360516333e+03
4.754204581702558244e+03
4.760493172575328572e+03
4.766781808716828891e+03
4.773070475856754456e+03
4.779359105670362624e+03
4.785647689158776302e+03
4.791936322231120357e+03
4.798224989355399885e+03
4.804513623585247842e+03
4.810802212478094589e+03
4.817090833118238152e+03
4.823379504584453571e+03
4.829668141761218067e+03
4.835956734656802837e+03
4.842245345072434247e+03
4.848534011160936643e+03
4.854822662674848289e+03
4.861111253394779851e+03
4.867399862850247700e+03
4.873688520301344397e+03
4.879977178692083726e+03
4.886265776893764269e+03
4.892554378483814617e+03
4.898843035334783963e+03
4.905131692084049973e+03
4.911420301491520149e+03
4.917708891532052803e+03
4.923997543814545679e+03
4.930286211012496096e+03
4.936574821870612141e+03
4.942863414471131364e+03
4.949152053181106567e+03
4.955440724042212423e+03
4.961729345033035315e+03
4.968017932950430804e+03
4.974306567266724414e+03
4.980595233262345573e+03
4.986883867637058756e+03
4.993172452254139898e+03
4.999461080238783325e+03
5.005749749093894934e+03
5.012038385574278436e+03
5.018326978134683486e+03
5.024615591067028618e+03
5.030904261463222610e+03
5.037192906827919614e+03
5.043481498830447890e+03
5.049770108178093324e+03
5.056058769016754923e+03
5.062347425861685224e+03
5.068636021268185686e+03
5.074924625798475972e+03
5.081213282979143514e+03
5.087501940001027833e+03
5.093790547404834797e+03
5.100079140942024424e+03
5.106367795819721323e+03
5.112656457684373891e+03
5.118945068992434244e+03
5.125233660989348209e+03
5.131522301996564238e+03
5.137810973880919846e+03
5.144099592313924404e+03
5.150388182632878852e+03
5.156676817416685481e+03
5.162965483622726424e+03
5.169254116158791476e+03
5.175542700552652605e+03
5.181831330724583495e+03
5.188119999307356920e+03
5.194408636104757534e+03
5.200697225399827403e+03
5.206985843051968004e+03
5.213274514534335140e+03
5.219563156008932310e+03
5.225851749179005310e+03
5.232140358761596872e+03
5.238429022278233788e+03
5.244717678481672920e+03
5.251006270729218159e+03
5.257294878095469358e+03
5.263583535364823547e+03
5.269872193879261431e+03
5.276160797701644697e+03
5.282449393932575731e+03
5.288738050223652863e+03
5.295026710434942288e+03
5.301315321489264534e+03
5.307603912429232878e+03
5.313892561081685926e+03
5.320181229654029266e+03
5.326469843295815735e+03
5.332758435649981948e+03
5.339047071503300685e+03
5.345335741060508553e+03
5.351624369147253674e+03
5.357912955913825499e+03
5.364201589125103965e+03
5.370490254392664610e+03
5.376778890313707961e+03
5.383067478253458830e+03
5.389356100619776953e+03
5.395644771536137341e+03
5.401933410984262082e+03
5.408222003337897149e+03
5.414510614905852890e+03
5.420799286544070128e+03
5.427087932945843932e+03
5.433376525822958683e+03
5.439665133770471584e+03
5.445953794062607813e+03
5.452242452280877842e+03
5.458531047323534949e+03
5.464819651594479183e+03
5.471108307639598024e+03
5.477396968428421133e+03
5.483685573443503927e+03
5.489974169763812824e+03
5.496262825894135858e+03
5.502551485661228980e+03
5.508840097710764894e+03
5.515128687309485940e+03
5.521417336389634329e+03
5.527706004021386434e+03
5.533994618457359138e+03
5.540283208336262760e+03
5.546571845686748929e+03
5.552860520710145465e+03
5.559149141032850821e+03
5.565437730027748330e+03
5.571726361427601660e+03
5.578015032469886137e+03
5.584303664295246563e+03
5.590592249661001915e+03
5.596880878310312255e+03
5.603169543997761139e+03
5.609458184388503469e+03
5.615746770985207149e+03
5.622035392849754317e+03
5.628324060040420591e+03
5.634612702331744003e+03
5.640901296140827071e+03
5.647189904980876236e+03
5.653478573503711232e+03
5.659767222994546501e+03
5.666055818187276600e+03
5.672344421775370392e+03
5.678633081899608442e+03
5.684921742616481424e+03
5.691210338835067887e+03
5.697498941284298780e+03
5.703787593837706481e+03
5.710076256267206190e+03
5.716364865193003425e+03
5.722653456938712225e+03
5.728942109076116139e+03
5.735230772140071167e+03
5.741519388687415812e+03
5.747807974934647063e+03
5.754096622042192394e+03
5.760385289573684531e+03
5.766673907648509157e+03
5.772962497553606227e+03
5.779251129070400566e+03
5.785539803092561669e+03
5.791828429445190523e+03
5.798117017316089914e+03
5.804405643743893961e+03
5.810694315317273322e+03
5.816982953482453013e+03
5.823271537778890888e+03
5.829560162625713929e+03
5.835848826877667307e+03
5.842137470613000005e+03
5.848426059052663732e+03
5.854714675186218301e+03
5.861003341067656038e+03
5.867291986951578110e+03
5.873580582706161294e+03
5.879869187236574362e+03
5.886157855454872333e+03
5.892446505830519527e+03
5.898735104397428586e+03
5.905023704033973445e+03
5.911312363374843699e+03
5.917601024468570358e+03
5.923889623459723225e+03
5.930178222803857352e+03
5.936466870965869020e+03
5.942755536921644307e+03
5.949044145887476589e+03
5.955332739072489858e+03
5.961621385806754915e+03
5.967910049808566328e+03
5.974198669849532962e+03
5.980487255143864786e+03
5.986775897506505316e+03
5.993064565156049866e+03
5.999353188153091651e+03
6.005641776668045168e+03
6.011930405402029464e+03
6.018219078282390001e+03
6.024507707191553891e+03
6.030796296794545924e+03
6.037084918670823754e+03
6.043373584736325029e+03
6.049662230008015285e+03
6.055950816034069248e+03
6.062239433461745648e+03
6.068528096804059714e+03
6.074816743878640409e+03
6.081105341698895245e+03
6.087393942980678730e+03
6.093682608046426139e+03
6.099971262632691833e+03
6.106259861900442957e+03
6.112548461405006492e+03
6.118837114770035441e+03
6.125125778926484600e+03
6.131414383300998452e+03
6.137702978703123335e+03
6.143991625058896716e+03
6.150280287957642940e+03
6.156568908257780095e+03
6.162857494187348493e+03
6.169146136628514796e+03
6.175434803242266753e+03
6.181723426127518906e+03
6.188012016929406855e+03
6.194300641576319322e+03
6.200589312530723873e+03
6.206877948430721517e+03
6.213166535718874002e+03
6.219455158170475443e+03
6.225743821104748349e+03
6.232032466464235767e+03
6.238321058815694414e+03
6.244609667482613077e+03
6.250898333149661994e+03
6.257186982315446585e+03
6.263475581533415607e+03
6.269764182434078975e+03
6.276052839294528894e+03
6.282341502008693169e+03
6.288630101501541503e+03
