0.000000000000000000e+00
6.288594190425384589e+00
1.257726969538349948e+01
1.886595195276065695e+01
2.515455376025752088e+01
3.144313309937762924e+01
3.773179150640967805e+01
4.402048482180046562e+01
5.030911051445296067e+01
5.659768144277970947e+01
6.288631860758181347e+01
6.917501014803818293e+01
7.546365368490501169e+01
8.175223225221463963e+01
8.804085567331520679e+01
9.432953670607656704e+01
1.006181931364459246e+02
1.069067767552303110e+02
1.131953864972382178e+02
1.194840712437230934e+02
1.257727362238049409e+02
1.320613267507408750e+02
1.383499238365870951e+02
1.446385951029804460e+02
1.509272705847008069e+02
1.572158720417540678e+02
1.635044500594984243e+02
1.697931028703563925e+02
1.760817875794366216e+02
1.823704138099682268e+02
1.886589898787191544e+02
1.949476268753028023e+02
2.012363200655501601e+02
2.075249666452079111e+02
2.138135419874233207e+02
2.201021616290969689e+02
2.263908448440411405e+02
2.326795100750506720e+02
2.389680949081241295e+02
2.452566948508943199e+02
2.515453614477502526e+02
2.578340394104210986e+02
2.641226444422021586e+02
2.704112262775849445e+02
2.766998828058053164e+02
2.829885725798259841e+02
2.892771941586515254e+02
2.955657646969983716e+02
3.018544034330167847e+02
3.081430921923937944e+02
3.144317354291902120e+02
3.207203103933114789e+02
3.270089310694290248e+02
3.332976186024304752e+02
3.395862814022830207e+02
3.458748646274834755e+02
3.521634706268672517e+02
3.584521434368621158e+02
3.647408215664322029e+02
3.710294210488211206e+02
3.773180086452738351e+02
3.836066699120351586e+02
3.898953605566133547e+02
3.961839777477875373e+02
4.024725527631597970e+02
4.087611956559424584e+02
4.150498916272436531e+02
4.213385322661593477e+02
4.276271047603537454e+02
4.339157300176651688e+02
4.402044211086231371e+02
4.464930820272729193e+02
4.527816624494604980e+02
4.590702703600165364e+02
4.653589465645617338e+02
4.716476239385746112e+02
4.779362173615101028e+02
4.842248087247132844e+02
4.905134647721145598e+02
4.968021466395954917e+02
5.030907651545215913e+02
5.093793455266286969e+02
5.156679892123055424e+02
5.219566811452632464e+02
5.282453190158878442e+02
5.345338927725422309e+02
5.408225224828991031e+02
5.471112109185578447e+02
5.533998677350941762e+02
5.596884478750442895e+02
5.659770595217146365e+02
5.722657365870392141e+02
5.785544090183321941e+02
5.848430024787749062e+02
5.911315996186572193e+02
5.974202656464692609e+02
6.037089495511823998e+02
6.099975622351860238e+02
6.162861467535874453e+02
6.225747938116097657e+02
6.288634860956035482e+02
6.351521194737181304e+02
6.414406941914060098e+02
6.477293323617851684e+02
6.540180161948962905e+02
6.603066648273660348e+02
6.665952442480214586e+02
6.728838677081307651e+02
6.791725496450433184e+02
6.854612100220173261e+02
6.917498032124159408e+02
6.980384062021690852e+02
7.043270753518471565e+02
7.106157467706333364e+02
7.169043543247580601e+02
7.231929423079852768e+02
7.294816014379675835e+02
7.357702825393299690e+02
7.420589047761816346e+02
7.483474820000128602e+02
7.546361322660193309e+02
7.609248239187129457e+02
7.672134541778798393e+02
7.735020295971081623e+02
7.797906591862614505e+02
7.860793551164246082e+02
7.923680102416864202e+02
7.986565865792695149e+02
8.049451967520421931e+02
8.112338786518947700e+02
8.175225478399970598e+02
8.238111364129226786e+02
8.300997385382543143e+02
8.363884149312464160e+02
8.426770856036137047e+02
8.489656860282933621e+02
8.552542723771357487e+02
8.615429446079228910e+02
8.678316342188239787e+02
8.741202431775393507e+02
8.804088216883869791e+02
8.866974702576968639e+02
8.929861634602136746e+02
8.992747942958212661e+02
9.055633693964508666e+02
9.118520108571154879e+02
9.181406987748280244e+02
9.244293379627504237e+02
9.307179142177726590e+02
9.370065406893435238e+02
9.432952343294256252e+02
9.495838885988222273e+02
9.558724718004808665e+02
9.621610749833417913e+02
9.684497609673810530e+02
9.747384360562125494e+02
9.810270276631550814e+02
9.873156141599599778e+02
9.936042838597749096e+02
9.998929728410084863e+02
1.006181582382340139e+03
1.012470165694649836e+03
1.018758811969248541e+03
1.025047506021562640e+03
1.031336138876043151e+03
1.037624715401214644e+03
1.043913345630574213e+03
1.050202036887354097e+03
1.056490690797416619e+03
1.062779270044825125e+03
1.069067882461603858e+03
1.075356565277510754e+03
1.081645234926962530e+03
1.087933822685112091e+03
1.094222424739445842e+03
1.100511100982593916e+03
1.106799771968793493e+03
1.113088371111940887e+03
1.119376957689727533e+03
1.125665629263800383e+03
1.131954319077945456e+03
1.138242928940629781e+03
1.144531506816065757e+03
1.150820154933998310e+03
1.157108847897025953e+03
1.163397479235859464e+03
1.169686056115676365e+03
1.175974693995677399e+03
1.182263378958020212e+03
1.188552021695921667e+03
1.194840596287119297e+03
1.201129223320170240e+03
1.207417917156472186e+03
1.213706573137426176e+03
1.219995153014357584e+03
1.226283755350032379e+03
1.232572440161901568e+03
1.238861114371067742e+03
1.245149704871895210e+03
1.251438302385350426e+03
1.257726975465131318e+03
1.264015650855945296e+03
1.270304254778752693e+03
1.276592840107000029e+03
1.282881506993765470e+03
1.289170194965339988e+03
1.295458810638329169e+03
1.301747383387598120e+03
1.308036032169827195e+03
1.314324728822709858e+03
1.320613364264775100e+03
1.326901940849600805e+03
1.333190567092921128e+03
1.339479255351752954e+03
1.345767907925278223e+03
1.352056485092251705e+03
1.358345105489738899e+03
1.364633794633548860e+03
1.370922451598062707e+03
1.377211034681155752e+03
1.383499635806911328e+03
1.389788320563801562e+03
1.396076999940921041e+03
1.402365594866557558e+03
1.408654183528565682e+03
1.414942848163090730e+03
1.421231530846717760e+03
1.427520139762161762e+03
1.433808722730853106e+03
1.440097383990719663e+03
1.446386072145025992e+03
1.452674690979349862e+03
1.458963263350342231e+03
1.465251908852701490e+03
1.471540605721903830e+03
1.477829245414463458e+03
1.484117820678312228e+03
1.490406444511023665e+03
1.496695133195005610e+03
1.502983791417700104e+03
1.509272374289083700e+03
1.515560984354453240e+03
1.521849661617669881e+03
1.528138330771903838e+03
1.534426922498125577e+03
1.540715522003346450e+03
1.547004193945505904e+03
1.553292867159986827e+03
1.559581474554415081e+03
1.565870062563660667e+03
1.572158720153436661e+03
1.578447401578710242e+03
1.584736032055357327e+03
1.591024613104698346e+03
1.597313247944927070e+03
1.603601932115279396e+03
1.609890583448320513e+03
1.616179165303225545e+03
1.622467781556257478e+03
1.628756459664644126e+03
1.635045123336649340e+03
1.641333712419075255e+03
1.647622313967582841e+03
1.653910990472715866e+03
1.660199663674785597e+03
1.666488265938733548e+03
1.672776855065670816e+03
1.679065518025473011e+03
1.685354197848353579e+03
1.691642819875674832e+03
1.697931402190233939e+03
1.704220044469191862e+03
1.710508727764872219e+03
1.716797373899604054e+03
1.723085955474346065e+03
1.729374575108842691e+03
1.735663255915467516e+03
1.741951920075541921e+03
1.748240506987205890e+03
1.754529109501193261e+03
1.760817788564899047e+03
1.767106460758740241e+03
1.773395058683939396e+03
1.779683647763681165e+03
1.785972315692921939e+03
1.792260998420025771e+03
1.798549608656029250e+03
1.804838187712737863e+03
1.811126837636938035e+03
1.817415529740742613e+03
1.823704162101994143e+03
1.829992733095099993e+03
1.836281363052590905e+03
1.842570057365580851e+03
1.848858710798978791e+03
1.855147286518503961e+03
1.861435895120120449e+03
1.867724580223886278e+03
1.874013252517093406e+03
1.880301843091116780e+03
1.886590433306572777e+03
1.892879102267738745e+03
1.899167787182123675e+03
1.905456395805428429e+03
1.911744971785733242e+03
1.918033623840163955e+03
1.924322315600482170e+03
1.930610945622656345e+03
1.936899516122619616e+03
1.943188147552708870e+03
1.949476841012767181e+03
1.955765491580279104e+03
1.962054066785399527e+03
1.968342679865215359e+03
1.974631365046706378e+03
1.980920033749768436e+03
1.987208620391385921e+03
1.993497215312135722e+03
1.999785888719121886e+03
2.006074571265729446e+03
2.012363175175008791e+03
2.018651754010275909e+03
2.024940411013379617e+03
2.031229104841281242e+03
2.037517731071175831e+03
2.043806303233388235e+03
2.050094939271330531e+03
2.056383631057750790e+03
2.062672274953549277e+03
2.068960850981339263e+03
2.075249477092664620e+03
2.081538163526201970e+03
2.087826812900706045e+03
2.094115391141497639e+03
2.100404001964053350e+03
2.106692692013672968e+03
2.112981363352842891e+03
2.119269949070066559e+03
2.125558544412992433e+03
2.131847215006034276e+03
2.138135894389969053e+03
2.144424496296425332e+03
2.150713082416432371e+03
2.157001751201837124e+03
2.163290434089006794e+03
2.169579041166998195e+03
2.175867620472933595e+03
2.182156274243507141e+03
2.188444969553310784e+03
2.194733599325243631e+03
2.201022169886373376e+03
2.207310803049003425e+03
2.213599494639097884e+03
2.219888143119282631e+03
2.226176719938863698e+03
2.232465341754991641e+03
2.238754025588515105e+03
2.245042681513390107e+03
2.251331264213505619e+03
2.257619870740687020e+03
2.263908557519037458e+03
2.270197231246534557e+03
2.276485817454309199e+03
2.282774408946162566e+03
2.289063078389648126e+03
2.295351762995844183e+03
2.301640371087079075e+03
2.307928952911897795e+03
2.314217611460529952e+03
2.320506292482231402e+03
2.326794911940413385e+03
2.333083489561161969e+03
2.339372139254986450e+03
2.345660831977491398e+03
2.351949461177528065e+03
2.358238036038998871e+03
2.364526663995777199e+03
2.370815359638112568e+03
2.377104014947090491e+03
2.383392590273037968e+03
2.389681202651113381e+03
2.395969882350875196e+03
2.402258549092624889e+03
2.408547137462318915e+03
2.414835737981643433e+03
2.421124416643067889e+03
2.427413087087039457e+03
2.433701682513047217e+03
2.439990269470201838e+03
2.446278939976908077e+03
2.452567629018619755e+03
2.458856237175005390e+03
2.465144816577535494e+03
2.471433464263733185e+03
2.477722158590274375e+03
2.484010789052772452e+03
2.490299366370377356e+03
2.496587992563306216e+03
2.502876686193743808e+03
2.509165337176882076e+03
2.515453916178725649e+03
2.521742521654203301e+03
2.528031208764157327e+03
2.534319882226354821e+03
2.540608469001191679e+03
2.546897062683635340e+03
2.553185733192034149e+03
2.559474419928640145e+03
2.565763027163799052e+03
2.572051609601001019e+03
2.578340258851535509e+03
2.584628951330154905e+03
2.590917578877090364e+03
2.597206155646969364e+03
2.603494781829952899e+03
2.609783473854362001e+03
2.616072124421043554e+03
2.622360703444891442e+03
2.628649310254648299e+03
2.634937997384648042e+03
2.641226668146176053e+03
2.647515253022815614e+03
2.653803850556174439e+03
2.660092520542038528e+03
2.666381204586527929e+03
2.672669807694781866e+03
2.678958391506433600e+03
2.685247044355958224e+03
2.691535737150132718e+03
2.697824362763507906e+03
2.704112938975652469e+03
2.710401575270555895e+03
2.716690267418697658e+03
2.722978914763846660e+03
2.729267491512205652e+03
2.735556107961725047e+03
2.741844790983726398e+03
2.748133453562018531e+03
2.754422036401733749e+03
2.760710644903859247e+03
2.766999324748599520e+03
2.773287988338374817e+03
2.779576583302338804e+03
2.785865173719257200e+03
2.792153849777243522e+03
2.798442534849100866e+03
2.804731136329597120e+03
2.811019716859761502e+03
2.817308371879385959e+03
2.823597065246520742e+03
2.829885690505428101e+03
2.836174267206190962e+03
2.842462900534918845e+03
2.848751592277702457e+03
2.855040239552385628e+03
2.861328816684399953e+03
2.867617433378119131e+03
2.873906120102147270e+03
2.880194786857987765e+03
2.886483372156505538e+03
2.892771970385051191e+03
2.899060640742842224e+03
2.905349319486230343e+03
2.911637919180860990e+03
2.917926510406181478e+03
2.924215168638922933e+03
2.930503854309231883e+03
2.936792475154946715e+03
2.943081056175576578e+03
2.949369696842941721e+03
2.955658382871241884e+03
2.961947024596525353e+03
2.968235600515636179e+03
2.974524230721263393e+03
2.980812912124084960e+03
2.987101563074729256e+03
2.993390143427484418e+03
2.999678757627244977e+03
3.005967442665421459e+03
3.012256106193165579e+03
3.018544697022313358e+03
3.024833291058999293e+03
3.031121969218004324e+03
3.037410651389465784e+03
3.043699253526713619e+03
3.049987831562732026e+03
3.056276491310613892e+03
3.062565183524113309e+03
3.068853803738837087e+03
3.075142381930067131e+03
3.081431025751378911e+03
3.087719710277581726e+03
3.094008344063399363e+03
3.100296916038007566e+03
3.106585552963705140e+03
3.112874249473160035e+03
3.119162896205622019e+03
3.125451472303873743e+03
3.131740083711563329e+03
3.138028770777865702e+03
3.144317434456209867e+03
3.150606015965938241e+03
3.156894624168206064e+03
3.163183307467402756e+03
3.169471973872892249e+03
3.175760564034851996e+03
3.182049153625158397e+03
3.188337830805844078e+03
3.194626516898760656e+03
3.200915120442983607e+03
3.207203703471074277e+03
3.213492361694195552e+03
3.219781044616240706e+03
3.226069661816717144e+03
3.232358238693092972e+03
3.238646891882882301e+03
3.244935585572613945e+03
3.251224214785908771e+03
3.257512784873390956e+03
3.263801416597671050e+03
3.270090110381770501e+03
3.276378758858331821e+03
3.282667336078265180e+03
3.288955956386578237e+03
3.295244641603839227e+03
3.301533296985440757e+03
3.307821875399091368e+03
3.314110483986181862e+03
3.320399171203722744e+03
3.326687843936689205e+03
3.332976434868329306e+03
3.339265021609343421e+03
3.345553692554941790e+03
3.351842375483909109e+03
3.358130978372399568e+03
3.364419564520499989e+03
3.370708228897626213e+03
3.376996912607664399e+03
3.383285526127468074e+03
3.389574098357753428e+03
3.395862750503942607e+03
3.402151446084805229e+03
3.408440077856694188e+03
3.414728652575587148e+03
3.421017287738775394e+03
3.427305974808884912e+03
3.433594616408383899e+03
3.439883188859660549e+03
3.446171814821273074e+03
3.452460509833462766e+03
3.458749168391427247e+03
3.465037746529702872e+03
3.471326352841721018e+03
3.477615034277157065e+03
3.483903701862247090e+03
3.490192287496959125e+03
3.496480887314614847e+03
3.502769569902532567e+03
3.509058248395241208e+03
3.515346843182681823e+03
3.521635426061229737e+03
3.527924092805133569e+03
3.534212779076692641e+03
3.540501387558461829e+03
3.546789968869440145e+03
3.553078629425062900e+03
3.559367319003622924e+03
3.565655938019509449e+03
3.571944507602318481e+03
3.578233152453211005e+03
3.584521846300916877e+03
3.590810481892732696e+03
3.597099057097000241e+03
3.603387690356000803e+03
3.609676381691341248e+03
3.615965025945095022e+03
3.622253596123143780e+03
3.628542215384962219e+03
3.634830906811755540e+03
3.641119569324011536e+03
3.647408151186822124e+03
3.653696757121659630e+03
3.659985440070205641e+03
3.666274105997565130e+03
3.672562690334711988e+03
3.678851285450863543e+03
3.685139964966018852e+03
3.691428648368619633e+03
3.697717248755775017e+03
3.704005832380968513e+03
3.710294496559406525e+03
3.716583178002179920e+03
3.722871786627423717e+03
3.729160365438026020e+03
3.735449023835359185e+03
3.741737718479259911e+03
3.748026344474003963e+03
3.754314915170060885e+03
3.760603554455301492e+03
3.766892242636679384e+03
3.773180880022308429e+03
3.779469455692441443e+03
3.785758086292112239e+03
3.792046780407623373e+03
3.798335431608763884e+03
3.804624002971010214e+03
3.810912615703535721e+03
3.817201301475958189e+03
3.823489967476793481e+03
3.829778553855465361e+03
3.836067155599629587e+03
3.842355837014307781e+03
3.848644507187837917e+03
3.854933094809441172e+03
3.861221685649247320e+03
3.867510359043685639e+03
3.873799046568581161e+03
3.880087654404744626e+03
3.886376233141918874e+03
3.892664889340994250e+03
3.898953573634498753e+03
3.905242192244095804e+03
3.911530769373950989e+03
3.917819418866231445e+03
3.924108113141685863e+03
3.930396744613346982e+03
3.936685315111014916e+03
3.942973944522338115e+03
3.949262638174756830e+03
3.955551290931190124e+03
3.961839867621141821e+03
3.968128485119026664e+03
3.974417168089531060e+03
3.980705825355569687e+03
3.986994407802468686e+03
3.993283011713789620e+03
3.999571698254586863e+03
4.005860374974935894e+03
4.012148964674193394e+03
4.018437554729071962e+03
4.024726221411280676e+03
4.031014904006843153e+03
4.037303510793763053e+03
4.043592092969275200e+03
4.049880757928384810e+03
4.056169445500000165e+03
4.062458056896989092e+03
4.068746632192897778e+03
4.075035279417457332e+03
4.081323975628757125e+03
4.087612611246224787e+03
4.093901183769710315e+03
4.100189818686853869e+03
4.106478504816792338e+03
4.112767146889647847e+03
4.119055723549332470e+03
4.125344344969038502e+03
4.131633038778255468e+03
4.137921699702966180e+03
4.144210277113366828e+03
4.150498880495691083e+03
4.156787559836496257e+03
4.163076232850761699e+03
4.169364825234475575e+03
4.175653419754788956e+03
4.181942094776110025e+03
4.188230770645802295e+03
4.194519370230515960e+03
4.200807952985421252e+03
4.207096618485255021e+03
4.213385310708729776e+03
4.219673927346895653e+03
4.225962503157805259e+03
4.232251144985248175e+03
4.238539835760302594e+03
4.244828470644947629e+03
4.251117044523287404e+03
4.257405682208612234e+03
4.263694373522936075e+03
4.269983013041314734e+03
4.276271588326068013e+03
4.282560206170408492e+03
4.288848899515120138e+03
4.295137563554309054e+03
4.301426143796188626e+03
4.307714750186597485e+03
4.314003426943910199e+03
4.320292094442415873e+03
4.326580686564439020e+03
4.332869280456938213e+03
4.339157959278306407e+03
4.345446641472669398e+03
4.351735239355365593e+03
4.358023821141142434e+03
4.364312480831263201e+03
4.370601171508656989e+03
4.376889790710663874e+03
4.383178367449458165e+03
4.389467017488124839e+03
4.395755703255299522e+03
4.402044331482093185e+03
4.408332905817937899e+03
4.414621543295583251e+03
4.420910238795515397e+03
4.427198882780696295e+03
4.433487459552417931e+03
4.439776072091148308e+03
4.446064762736719786e+03
4.452353429979619250e+03
4.458642012122962115e+03
4.464930616794605157e+03
4.471219287972105121e+03
4.477507960855804413e+03
4.483796558888407162e+03
4.490085149523419204e+03
4.496373821658850829e+03
4.502662500364293919e+03
4.508951104288003080e+03
4.515239683393835548e+03
4.521528342344499833e+03
4.527817036316213489e+03
4.534105659389404536e+03
4.540394234321626755e+03
4.546682867841839652e+03
4.552971561426053086e+03
4.559260207467711552e+03
4.565548783704407469e+03
4.571837401150277401e+03
4.578126085903475541e+03
4.584414747742476720e+03
4.590703329438302717e+03
4.596991938626064439e+03
4.603280620351092693e+03
4.609569283412440200e+03
4.615857875401531601e+03
4.622146466418198543e+03
4.628435144093950839e+03
4.634723829860214209e+03
4.641012430980034878e+03
4.647301014397671679e+03
4.653589667910308890e+03
4.659878357779427461e+03
4.666166980573267210e+03
4.672455557465817947e+03
4.678744204274903495e+03
4.685032888924391045e+03
4.691321520158287058e+03
4.697610093480540854e+03
4.703898727592719297e+03
4.710187423030219179e+03
4.716476071682077418e+03
4.722764647713252998e+03
4.729053257545992892e+03
4.735341945114834743e+03
4.741630613592044938e+03
4.747919199399280842e+03
4.754207799900741520e+03
4.760496469803387299e+03
4.766785146592807905e+03
4.773073748630336013e+03
4.779362339829836856e+03
4.785650994747839832e+03
4.791939679250378504e+03
4.798228302791286296e+03
4.804516886506508854e+03
4.810805517859801512e+03
4.817094210804475551e+03
4.823382856630852984e+03
4.829671436483555226e+03
4.835960047194148501e+03
4.842248735998361553e+03
4.848537402183707854e+03
4.854825987359082319e+03
4.861114585066851760e+03
4.867403260609013159e+03
4.873691941755151674e+03
4.879980541990020356e+03
4.886269127909264171e+03
4.892557783133270277e+03
4.898846471269457652e+03
4.905135091031236698e+03
4.911423672541283850e+03
4.917712309750546410e+03
4.924001001816606731e+03
4.930289641683923946e+03
4.936578220216821137e+03
4.942866834422657121e+03
4.949155522878939337e+03
4.955444183688390694e+03
4.961732771067961949e+03
4.968021367840142375e+03
4.974310048640706555e+03
4.980598725869755071e+03
4.986887325774454439e+03
4.993175907008183458e+03
4.999464571719514424e+03
5.005753257812024458e+03
5.012041875431895278e+03
5.018330445731897271e+03
5.024619087821869471e+03
5.030907781551648441e+03
5.037196418070475374e+03
5.043484990774754806e+03
5.049773614079957952e+03
5.056062305321754138e+03
5.062350958585823719e+03
5.068639542296537911e+03
5.074928144982681260e+03
5.081216825647701626e+03
5.087505493207055224e+03
5.093794092552587244e+03
5.100082678714841677e+03
5.106371344522809522e+03
5.112660024628713472e+03
5.118948647127796903e+03
5.125237224290162885e+03
5.131525870206587570e+03
5.137814558258281977e+03
5.144103193978505260e+03
5.150391771106013039e+03
5.156680397318618816e+03
5.162969081344283040e+03
5.169257730650716439e+03
5.175546308967966979e+03
5.181834924245003094e+03
5.188123604721844458e+03
5.194412246142131153e+03
5.200700819557156137e+03
5.206989442690372925e+03
5.213278128931631727e+03
5.219566760538318704e+03
5.225855333234126192e+03
5.232143968319717715e+03
5.238432653929381559e+03
5.244721276771264456e+03
5.251009850447373537e+03
5.257298499191380870e+03
5.263587180219931724e+03
5.269875787278170719e+03
5.276164369393161905e+03
5.282453027057493273e+03
5.288741699290715587e+03
5.295030296328825898e+03
5.301318887042189090e+03
5.307607557629688927e+03
5.313896234977772110e+03
5.320184838319617484e+03
5.326473423383906265e+03
5.332762084992989912e+03
5.339050767234180967e+03
5.345339380554506533e+03
5.351627954256624434e+03
5.357916609738749685e+03
5.364205288727742300e+03
5.370493886239172753e+03
5.376782468413227434e+03
5.383071129025473056e+03
5.389359800319801252e+03
5.395648392675607283e+03
5.401936985169319996e+03
5.408225658320958246e+03
5.414514332133692733e+03
5.420802929858800780e+03
5.427091523109167611e+03
5.433380193869901632e+03
5.439668871519049389e+03
5.445957475597719167e+03
5.452246069013556735e+03
5.458534733055285869e+03
5.464823410617556874e+03
5.471112022142490787e+03
5.477400607895119720e+03
5.483689269643894477e+03
5.489977950605523802e+03
5.496266565842636737e+03
5.502555147949798993e+03
5.508843807703950006e+03
5.515132492550706047e+03
5.521421104232820653e+03
5.527709683531714290e+03
5.533998341082573461e+03
5.540287027376430160e+03
5.546575641980446562e+03
5.552864219623562349e+03
5.559152871656676325e+03
5.565441557512332110e+03
5.571730179932859755e+03
5.578018755281907033e+03
5.584307403817636441e+03
5.590596088820859222e+03
5.596884716436722556e+03
5.603173289476417267e+03
5.609461935816414552e+03
5.615750619481276772e+03
5.622039250801191884e+03
5.628327827147702919e+03
5.634616470858180037e+03
5.640905159819529217e+03
5.647193790680951679e+03
5.653482366357872706e+03
5.659771010860737988e+03
5.666059697865867747e+03
5.672348329479087624e+03
5.678636912678266526e+03
5.684925552016874462e+03
5.691214241163289444e+03
5.697502880761216147e+03
5.703791460603478299e+03
5.710080095956152036e+03
5.716368785961066351e+03
5.722657425975336082e+03
5.728946005359095579e+03
5.735234639965657152e+03
5.741523329358868978e+03
5.747811974722135346e+03
5.754100556595200032e+03
5.760389185267250468e+03
5.766677874488056659e+03
5.772966522009567598e+03
5.779255100845094603e+03
5.785543728993968216e+03
5.791832417014564271e+03
5.798121067025346747e+03
5.804409651580182981e+03
5.810698273246121062e+03
5.816986960192267361e+03
5.823275615707960242e+03
5.829564196584599813e+03
5.835852816508284377e+03
5.842141503336888491e+03
5.848430158499535537e+03
5.854718744634404175e+03
5.861007360885180788e+03
5.867296047226537667e+03
5.873584708401150237e+03
5.879873293247598667e+03
5.886161905859541548e+03
5.892450591504531076e+03
5.898739253698676293e+03
5.905027842592628076e+03
5.911316452257916353e+03
5.917605136225150090e+03
5.923893802379062436e+03
5.930182391447963710e+03
5.936470998512127153e+03
5.942759681596369774e+03
5.949048349881878494e+03
5.955336941937578558e+03
5.961625545648263142e+03
5.967914226919390785e+03
5.974202898130438371e+03
5.980491491727012544e+03
5.986780092442213572e+03
5.993068772136833104e+03
5.999357445282570552e+03
6.005646041328008323e+03
6.011934639730828167e+03
6.018223317520878481e+03
6.024511992981994808e+03
6.030800591803510542e+03
6.037089186522301134e+03
6.043377861790354473e+03
6.049666539260512764e+03
6.055955139827085986e+03
6.062243733085451822e+03
6.068532406670138698e+03
6.074821085751334977e+03
6.081109690315068292e+03
6.087398280007101675e+03
6.093686950189938216e+03
6.099975631761706609e+03
6.106264237267942917e+03
6.112552825853053946e+03
6.118841494691738262e+03
6.125130176888726965e+03
6.131418787786298708e+03
6.137707372317296176e+03
6.143996036023221677e+03
6.150284721121390248e+03
6.156573330960810381e+03
6.162861914517427067e+03
6.169150578427026630e+03
6.175439263067354659e+03
6.181727879810717241e+03
6.188016461588642414e+03
6.194305120864330092e+03
6.200593808267053646e+03
6.206882425338203575e+03
6.213171006146401851e+03
6.219459664390506077e+03
6.225748351553796965e+03
6.232036974816149268e+03
6.238325553273854894e+03
6.244614205874073377e+03
6.250902895351374355e+03
6.257191518278592412e+03
6.263480096642641911e+03
6.269768749076612039e+03
6.276057437334989118e+03
6.282346067156757272e+03
6.288634643486605455e+03
