0.000000000000000000e+00
6.288598454163982332e+00
1.257727691521864877e+01
1.886596868582769204e+01
2.515457988964583791e+01
3.144316674697461877e+01
3.773182956282873590e+01
4.402052802137371401e+01
5.030915844160121253e+01
5.659773884947599498e+01
6.288638394860965519e+01
6.917508439071494308e+01
7.546373413350002579e+01
8.175231406368261844e+01
8.804094107065694175e+01
9.432963858317538097e+01
1.006183060370533298e+02
1.069068914730276845e+02
1.131955017149375919e+02
1.194841914140938002e+02
1.257728735873630370e+02
1.320614704407808233e+02
1.383500664137849299e+02
1.446387437355612917e+02
1.509274367596088382e+02
1.572160496704009915e+02
1.635046353813727649e+02
1.697932965629534010e+02
1.760819958759631731e+02
1.823706276349370796e+02
1.886592083259478443e+02
1.949478510300456833e+02
2.012365517496072016e+02
2.075252028202726819e+02
2.138137844770979257e+02
2.201024083192864680e+02
2.263911055102904584e+02
2.326797742312832042e+02
2.389683626377802170e+02
2.452569692480304298e+02
2.515456581244803829e+02
2.578343414219817191e+02
2.641229414959479413e+02
2.704115343344318489e+02
2.767002105562283418e+02
2.829889043184415414e+02
2.892775199939374033e+02
2.955661037881995981e+02
3.018547636990555816e+02
3.081434633044667066e+02
3.144320970747173192e+02
3.207206773055985991e+02
3.270093184599232927e+02
3.332980190025213005e+02
3.395866715260167439e+02
3.458752541471858422e+02
3.521638758690900772e+02
3.584525724565204996e+02
3.647412423674027195e+02
3.710298330239828601e+02
3.773184369259089408e+02
3.836071248635894904e+02
3.898958090728628463e+02
3.961844123483564317e+02
4.024730022931950089e+02
4.087616773258651506e+02
4.150503716341414702e+02
4.213389906503387579e+02
4.276275720657127408e+02
4.339162307445407123e+02
4.402049303711797847e+02
4.464935668918270721e+02
4.527821460136470932e+02
4.590707860033775773e+02
4.653594859837995159e+02
4.716481404474514534e+02
4.779367233228646796e+02
4.842253438295979890e+02
4.905140393655075854e+02
4.968027105664810392e+02
5.030913027283874612e+02
5.093799050343601493e+02
5.156685916398743075e+02
5.219572767532341686e+02
5.282458825671268414e+02
5.345344704608407937e+02
5.408231440783016524e+02
5.471118388909658279e+02
5.534004610949139078e+02
5.596890404364619371e+02
5.659776977351369851e+02
5.722663973421905439e+02
5.785550369391553431e+02
5.848436145910603727e+02
5.911322534366443051e+02
5.974209527636680832e+02
6.037096096057907744e+02
6.099981921403983733e+02
6.162868117758092694e+02
6.225755060531830622e+02
6.288641788104363286e+02
6.351527717926433070e+02
6.414413733752502367e+02
6.477300583102218070e+02
6.540187443371603422e+02
6.603073519079805465e+02
6.665959388772677130e+02
6.728846107268057040e+02
6.791733060521635252e+02
6.854619307329305684e+02
6.917505088396889050e+02
6.980391645396869080e+02
7.043278642164375469e+02
7.106165066881887924e+02
7.169050831237096872e+02
7.231937205981674879e+02
7.294824194223704126e+02
7.357710788401199125e+02
7.420596607750717340e+02
7.483482795257535827e+02
7.546369726374302900e+02
7.609256472486736129e+02
7.672142405463057457e+02
7.735028417525170426e+02
7.797915249457955724e+02
7.860802120308196663e+02
7.923688207846049636e+02
7.986574075925132092e+02
8.049460774332407027e+02
8.112347732520607906e+02
8.175233997025134158e+02
8.238119775139418834e+02
8.301006313528961300e+02
8.363893311197732601e+02
8.426779757437856233e+02
8.489665516764360973e+02
8.552551876460157700e+02
8.615438861337817116e+02
8.678325478567612663e+02
8.741211293539348617e+02
8.804097470348532397e+02
8.866984392164340534e+02
8.929871156524692424e+02
8.992757090925473449e+02
9.055643098476720070e+02
9.118529914821732518e+02
9.181416797856302310e+02
9.244302892920021577e+02
9.307188762725216975e+02
9.370075440634058168e+02
9.432962404439764441e+02
9.495848681924842367e+02
9.558734462925127673e+02
9.621620981038324771e+02
9.684507979934236346e+02
9.747394442766909606e+02
9.810280203944400910e+02
9.873166546061152076e+02
9.936053528560535142e+02
9.998940164021223609e+02
1.006182597930224802e+03
1.012471214363946274e+03
1.018759905863634003e+03
1.025048584050311092e+03
1.031337177584299525e+03
1.037625777749548661e+03
1.043914458097329771e+03
1.050203147629172008e+03
1.056491757691104567e+03
1.062780344748882726e+03
1.069069010740860676e+03
1.075357707774158371e+03
1.081646336503565863e+03
1.087934915284999761e+03
1.094223564938859909e+03
1.100512264961095070e+03
1.106800912479799308e+03
1.113089489306351652e+03
1.119378121623685956e+03
1.125666819658465101e+03
1.131955484586904049e+03
1.138244066585184100e+03
1.144532681625109944e+03
1.150821372584542587e+03
1.157110052191123714e+03
1.163398646063905971e+03
1.169687245411538697e+03
1.175975924768927371e+03
1.182264615448700170e+03
1.188553225953618039e+03
1.194841812991683582e+03
1.201130477412999880e+03
1.207419175125058473e+03
1.213707804568245820e+03
1.219996384087690330e+03
1.226285031664995131e+03
1.232573731893266768e+03
1.238862380427654898e+03
1.245150958259087247e+03
1.251439588528590320e+03
1.257728286407121459e+03
1.264016952408879888e+03
1.270305535321803518e+03
1.276594148770166839e+03
1.282882839294210498e+03
1.289171519984528231e+03
1.295460114464101707e+03
1.301748712848191644e+03
1.308037391475835648e+03
1.314326083094564865e+03
1.320614694078197317e+03
1.326903280858768994e+03
1.333191944126665248e+03
1.339480642395159975e+03
1.345769272456550425e+03
1.352057852434945517e+03
1.358346498416711711e+03
1.364635198847407764e+03
1.370923848103418777e+03
1.377212426919485551e+03
1.383501055384793062e+03
1.389789753108202831e+03
1.396078419908046271e+03
1.402367003895801190e+03
1.408655615768518146e+03
1.414944305941771290e+03
1.421232987415406797e+03
1.427521582731386161e+03
1.433810180110965575e+03
1.440098858163699106e+03
1.446387550471761415e+03
1.452676162074440754e+03
1.458964748476834984e+03
1.465253410820647105e+03
1.471542109588705443e+03
1.477830740197841578e+03
1.484119320521770533e+03
1.490407965161398806e+03
1.496696665749934937e+03
1.502985315629038723e+03
1.509273895514123751e+03
1.515562522220114488e+03
1.521851219813474017e+03
1.528139887327988617e+03
1.534428472597463269e+03
1.540717082759158075e+03
1.547005772573583954e+03
1.553294454709556703e+03
1.559583051180541588e+03
1.565871647312887035e+03
1.572160324832070728e+03
1.578449017721710334e+03
1.584737630128155160e+03
1.591026215967029657e+03
1.597314877557669433e+03
1.603603576702350438e+03
1.609892207876439898e+03
1.616180788336299429e+03
1.622469431943029576e+03
1.628758132659226021e+03
1.635046783083340188e+03
1.641335363692270676e+03
1.647623989067687035e+03
1.653912686555308028e+03
1.660201354613916237e+03
1.666489940973748844e+03
1.672778549743331041e+03
1.679067239280636159e+03
1.685355921878899153e+03
1.691644519364985854e+03
1.697933114456902558e+03
1.704221791602302346e+03
1.710510484836670912e+03
1.716799097947354539e+03
1.723087683312174249e+03
1.729376344442296613e+03
1.735665043807793381e+03
1.741953675541680241e+03
1.748242256013245651e+03
1.754530898853196504e+03
1.760819599615983407e+03
1.767108250466146274e+03
1.773396831631338273e+03
1.779685455995346047e+03
1.785974153382343047e+03
1.792262821844572954e+03
1.798551409158829529e+03
1.804840016751155645e+03
1.811128706039847430e+03
1.817417389012615331e+03
1.823705987439725050e+03
1.829994581581377815e+03
1.836283258418086461e+03
1.842571951916030912e+03
1.848860565831525719e+03
1.855149150640499556e+03
1.861437811345287628e+03
1.867726510859693008e+03
1.874015143091023674e+03
1.880303723499621128e+03
1.886592365843559719e+03
1.892881066633517776e+03
1.899169717883022940e+03
1.905458299459787668e+03
1.911746923047705650e+03
1.918035620315940832e+03
1.924324289102642069e+03
1.930612877147908648e+03
1.936901483847595046e+03
1.943190172921869134e+03
1.949478856178232945e+03
1.955767455402324458e+03
1.962056048731743658e+03
1.968344725310631020e+03
1.974633418986883044e+03
1.980922033559475949e+03
1.987210617891296124e+03
1.993499278312404840e+03
1.999787977929882118e+03
2.006076610595366674e+03
2.012365190895246769e+03
2.018653832853539825e+03
2.024942533621025859e+03
2.031231185180914963e+03
2.037519766991748384e+03
2.043808390069316147e+03
2.050097087257255225e+03
2.056385756257947833e+03
2.062674344757468589e+03
2.068962950905121943e+03
2.075251639831383272e+03
2.081540323262611764e+03
2.087828923058296368e+03
2.094117515842777721e+03
2.100406192223701055e+03
2.106694886035168111e+03
2.112983501142147361e+03
2.119272085077621796e+03
2.125560745280194624e+03
2.131849444948075416e+03
2.138138077973546842e+03
2.144426658184909229e+03
2.150715299884974684e+03
2.157004000636678484e+03
2.163292652403600187e+03
2.169581234331627911e+03
2.175869857113118542e+03
2.182158554223619831e+03
2.188447223374018904e+03
2.194735812190135221e+03
2.201024417968837042e+03
2.207313106789546964e+03
2.213601790341558626e+03
2.219890390612414194e+03
2.226178982961888778e+03
2.232467659222098064e+03
2.238756353123124427e+03
2.245044968582278671e+03
2.251333552253151538e+03
2.257622212315646266e+03
2.263910912028343773e+03
2.270199545233437675e+03
2.276488125378496079e+03
2.282776766985697577e+03
2.289065467745428123e+03
2.295354119599022852e+03
2.301642701574897728e+03
2.307931324255044728e+03
2.314220021360347801e+03
2.320508690566550740e+03
2.326797279466308282e+03
2.333085885139803850e+03
2.339374573925325876e+03
2.345663257531652562e+03
2.351951857873560584e+03
2.358240450146380226e+03
2.364529126365913271e+03
2.370817820289593783e+03
2.377106435862735452e+03
2.383395019455714646e+03
2.389683679494491116e+03
2.395972379214415014e+03
2.402261012506192401e+03
2.408549592620513522e+03
2.414838234188530350e+03
2.421126934932360655e+03
2.427415586847036593e+03
2.433704168828836373e+03
2.439992791450818913e+03
2.446281488539727889e+03
2.452570157781161470e+03
2.458858746746301676e+03
2.465147352330631747e+03
2.471436041106301673e+03
2.477724724743814022e+03
2.484013325126909876e+03
2.490301917323492944e+03
2.496590593540066493e+03
2.502879287481428491e+03
2.509167903038168333e+03
2.515456486621738804e+03
2.521745146663053674e+03
2.528033846394876036e+03
2.534322479649064917e+03
2.540611059764441052e+03
2.546899701356630430e+03
2.553188402112209133e+03
2.559477053993880872e+03
2.565765635916151041e+03
2.572054258611647128e+03
2.578342955733768122e+03
2.584631624921921230e+03
2.590920213732762022e+03
2.597208819470774415e+03
2.603497508304342773e+03
2.609786191891930230e+03
2.616074792040278680e+03
2.622363384454388779e+03
2.628652060762693509e+03
2.634940754660626226e+03
2.641229369954367939e+03
2.647517953717670935e+03
2.653806613864951942e+03
2.660095313571471706e+03
2.666383946620911956e+03
2.672672526770637887e+03
2.678961168531736348e+03
2.685249869326778480e+03
2.691538521017319454e+03
2.697827102798559736e+03
2.704115725786975418e+03
2.710404423012338611e+03
2.716693092066721420e+03
2.722981680449197484e+03
2.729270286639260121e+03
2.735558975667912819e+03
2.741847659104015747e+03
2.748136258561530667e+03
2.754424851557008424e+03
2.760713528116583348e+03
2.767002221910505341e+03
2.773290836521757683e+03
2.779579420740186379e+03
2.785868081192843874e+03
2.792156780830205662e+03
2.798445413384851690e+03
2.804733993615367581e+03
2.811022635780121618e+03
2.817311336607082922e+03
2.823599987929555482e+03
2.829888569399258813e+03
2.836177193003945831e+03
2.842465890346500146e+03
2.848754559110951959e+03
2.855043146723928203e+03
2.861331753763991401e+03
2.867620443012850956e+03
2.873909126169703086e+03
2.880197724849091173e+03
2.886486318560245309e+03
2.892774995432724609e+03
2.899063689018731566e+03
2.905352302841359688e+03
2.911640887583476797e+03
2.917929548441899442e+03
2.924218247966220588e+03
2.930506879917516017e+03
2.936795460183428531e+03
2.943084102970159165e+03
2.949372803836767616e+03
2.955661454679143844e+03
2.961950035584151010e+03
2.968238660181043088e+03
2.974527357727106846e+03
2.980816026072296609e+03
2.987104612657563848e+03
2.993393220893733996e+03
2.999681910490769042e+03
3.005970593235500019e+03
3.012259190682343615e+03
3.018547785627526082e+03
3.024836462929662503e+03
3.031125156151127612e+03
3.037413768939527472e+03
3.043702354371599540e+03
3.049991015848296684e+03
3.056279715130121076e+03
3.062568346392159583e+03
3.068856926637000470e+03
3.075145570299675910e+03
3.081434271124940551e+03
3.087722921406301339e+03
3.094011501517358283e+03
3.100300127440246342e+03
3.106588825154760798e+03
3.112877492934646853e+03
3.119166078241233663e+03
3.125454688048051139e+03
3.131743377993649574e+03
3.138032060173986793e+03
3.144320656358910128e+03
3.150609252605519941e+03
3.156897930360253667e+03
3.163186623078975572e+03
3.169475235020890068e+03
3.175763821009515596e+03
3.182052483191959254e+03
3.188341182118611414e+03
3.194629812722899260e+03
3.200918392841069817e+03
3.207207037608686733e+03
3.213495738310585239e+03
3.219784388063192637e+03
3.226072967287283063e+03
3.232361594665514986e+03
3.238650292483067460e+03
3.244938959653200982e+03
3.251227543963734661e+03
3.257516155128797891e+03
3.263804845376530011e+03
3.270093526962710712e+03
3.276382122141703803e+03
3.282670719462931629e+03
3.288959397724008340e+03
3.295248089854881982e+03
3.301536701118951896e+03
3.307825287498025318e+03
3.314113950502858643e+03
3.320402649061472403e+03
3.326691279055537507e+03
3.332979858766193047e+03
3.339268504893678255e+03
3.345557205476532545e+03
3.351845854591240823e+03
3.358134432804522476e+03
3.364423061891513498e+03
3.370711759899968001e+03
3.377000426242342201e+03
3.383289009242743305e+03
3.389577622234782666e+03
3.395866312910920897e+03
3.402154993508696862e+03
3.408443587702257901e+03
3.414732186200539672e+03
3.421020865290145139e+03
3.427309556458437783e+03
3.433598166901997956e+03
3.439886753642027088e+03
3.446175418112768511e+03
3.452464116002017363e+03
3.458752745284637513e+03
3.465041324048695060e+03
3.471329972485511462e+03
3.477618672848283040e+03
3.483907320782106126e+03
3.490195897692422477e+03
3.496484529338360971e+03
3.502773227575593410e+03
3.509061892456199530e+03
3.515350474163446961e+03
3.521639089397158386e+03
3.527927780732678457e+03
3.534216459670016320e+03
3.540505053136666447e+03
3.546793652795026446e+03
3.553082333122882574e+03
3.559371022970109607e+03
3.565659632722800325e+03
3.571948219428147695e+03
3.578236885881789931e+03
3.584525582961619421e+03
3.590814211231550416e+03
3.597102789336031492e+03
3.603391440122057702e+03
3.609680140276936072e+03
3.615968786795080177e+03
3.622257362748777723e+03
3.628545996760727121e+03
3.634834695222238224e+03
3.641123358349383579e+03
3.647411939632301710e+03
3.653700556381586921e+03
3.659989248415291513e+03
3.666277925682563819e+03
3.672566518779197850e+03
3.678855119170681519e+03
3.685143800812906193e+03
3.691432489365637139e+03
3.697721098636460738e+03
3.704009685125354281e+03
3.710298353527354720e+03
3.716587049941996156e+03
3.722875677012859342e+03
3.729164254699071080e+03
3.735452907623266128e+03
3.741741607628441670e+03
3.748030252517631197e+03
3.754318828196413961e+03
3.760607464023167722e+03
3.766896162753856970e+03
3.773184824011362252e+03
3.779473405324812575e+03
3.785762023205784317e+03
3.792050715998436772e+03
3.798339391653104030e+03
3.804627984628815739e+03
3.810916585358320390e+03
3.817205268384516330e+03
3.823493955841119714e+03
3.829782564376687333e+03
3.836071150870553538e+03
3.842359821012824341e+03
3.848648516914076936e+03
3.854937142684397259e+03
3.861225720273655952e+03
3.867514374998859694e+03
3.873803074923422173e+03
3.880091717938895727e+03
3.886380293957886352e+03
3.892668931128333043e+03
3.898957630204770794e+03
3.905246289513284410e+03
3.911534871089171247e+03
3.917823489850168244e+03
3.924112183496086800e+03
3.930400857590690066e+03
3.936689450476262664e+03
3.942978051510313890e+03
3.949266735885646540e+03
3.955555422427773465e+03
3.961844030001357169e+03
3.968132616702433552e+03
3.974421288465724047e+03
3.980709983937093966e+03
3.986998608071678973e+03
3.993287186113721873e+03
3.999575842305534934e+03
4.005864542203255041e+03
4.012153183168020860e+03
4.018441759840839495e+03
4.024730398132277514e+03
4.031019097608698303e+03
4.037307755008688673e+03
4.043596336985946436e+03
4.049884956362943285e+03
4.056173650967911726e+03
4.062462323639893839e+03
4.068750916105850592e+03
4.075039517646841432e+03
4.081328203354958532e+03
4.087616889092138990e+03
4.093905495446244913e+03
4.100194082687438822e+03
4.106482755921835633e+03
4.112771451037671795e+03
4.119060073092619859e+03
4.125348652185829451e+03
4.131637309639258092e+03
4.137926009539749430e+03
4.144214648246197612e+03
4.150503225837323043e+03
4.156791865116497320e+03
4.163080565049789584e+03
4.169369220483876234e+03
4.175657802857715069e+03
4.181946422939555305e+03
4.188235118464767766e+03
4.194523789882588972e+03
4.200812381566147451e+03
4.207100983886866743e+03
4.213389670872796160e+03
4.219678355861118689e+03
4.225966960411875334e+03
4.232255548893493142e+03
4.238544223414598491e+03
4.244832918166528543e+03
4.251121537745742899e+03
4.257410118292684274e+03
4.263698776908497166e+03
4.269987476790400251e+03
4.276276113069040548e+03
4.282564691825950831e+03
4.288853331954117493e+03
4.295142032391816429e+03
4.301430685957227979e+03
4.307719268271902365e+03
4.314007889416689977e+03
4.320296585847332608e+03
4.326585256035963539e+03
4.332873846402821073e+03
4.339162450179907864e+03
4.345451138364261169e+03
4.351739822619901133e+03
4.358028424415143490e+03
4.364317015116208495e+03
4.370605690883475290e+03
4.376894385168649023e+03
4.383183001820216305e+03
4.389471584349937984e+03
4.395760244115393107e+03
4.402048943966336083e+03
4.408337577684469579e+03
4.414626157495478765e+03
4.420914798871183848e+03
4.427203499646908313e+03
4.433492151638992254e+03
4.439780733416059775e+03
4.446069356076139229e+03
4.452358053278226180e+03
4.458646722445866544e+03
4.464935310773964375e+03
4.471223916842837752e+03
4.477512605921833710e+03
4.483801289383373842e+03
4.490089888673974201e+03
4.496378481656994154e+03
4.502667158359885434e+03
4.508955852128231527e+03
4.515244466263737195e+03
4.521533050679900953e+03
4.527821711413906996e+03
4.534110411004734488e+03
4.540399043068647188e+03
4.546687623193388390e+03
4.552976265941733800e+03
4.559264966838666624e+03
4.565553617619109900e+03
4.571842198294435548e+03
4.578130823080195114e+03
4.584419520705674586e+03
4.590708188936866463e+03
4.596996775008775330e+03
4.603285383702830586e+03
4.609574073485809095e+03
4.615862756014023944e+03
4.622151352805722127e+03
4.628439948316152368e+03
4.634728625890563308e+03
4.641017318806842923e+03
4.647305930950420588e+03
4.653594516683527218e+03
4.659883178727562154e+03
4.666171877742753168e+03
4.672460508352894067e+03
4.678749088345420205e+03
4.685037733117643256e+03
4.691326433879474280e+03
4.697615083576710276e+03
4.703903662350912782e+03
4.710192290127701199e+03
4.716480988072318723e+03
4.722769655001276988e+03
4.729058238774789970e+03
4.735346850522755631e+03
4.741635541000310695e+03
4.747924222175374780e+03
4.754212816779503555e+03
4.760501414652277163e+03
4.766790093378837810e+03
4.773078785000076095e+03
4.779367395738403502e+03
4.785655982272239271e+03
4.791944646162163735e+03
4.798233344337698327e+03
4.804521973820699714e+03
4.810810552818989891e+03
4.817099200508404465e+03
4.823387900989409900e+03
4.829676549259565036e+03
4.835965126420381239e+03
4.842253757398406378e+03
4.848542455604566385e+03
4.854831120807958541e+03
4.861119702674553082e+03
4.867408317480001642e+03
4.873697008703450592e+03
4.879985687886583037e+03
4.886274281389607495e+03
4.892562880878387659e+03
4.898851561064295311e+03
4.905140251069455189e+03
4.911428860774015448e+03
4.917717447424752208e+03
4.924006113806462963e+03
4.930294810937260991e+03
4.936583439181487847e+03
4.942872017241880712e+03
4.949160668006175911e+03
4.955449368194762428e+03
4.961738014563056822e+03
4.968026590368041070e+03
4.974315224645258240e+03
4.980603923200535064e+03
4.986892585878368664e+03
4.993181167099255617e+03
4.999469784123441968e+03
5.005758476384741698e+03
5.012047153205959148e+03
5.018335746042205756e+03
5.024624346538761529e+03
5.030913028797969673e+03
5.037201716868745279e+03
5.043490325766601927e+03
5.049778912118541484e+03
5.056067581445126052e+03
5.062356277611890619e+03
5.068644903894071831e+03
5.074933481416540417e+03
5.081222135482102203e+03
5.087510835474254236e+03
5.093799478976315186e+03
5.100088054808667948e+03
5.106376691660292636e+03
5.112665390714203568e+03
5.118954050363306123e+03
5.125242631661958512e+03
5.131531250352755706e+03
5.137819944059508998e+03
5.144108618124068016e+03
5.150397210895584976e+03
5.156685811871758233e+03
5.162974496460168666e+03
5.169263182906810471e+03
5.175551790189783787e+03
5.181840376927746547e+03
5.188129049059003592e+03
5.194417744455494358e+03
5.200706367828151997e+03
5.206994946143890957e+03
5.213283602853502089e+03
5.219572302776215110e+03
5.225860942642458213e+03
5.232149519617551050e+03
5.238438158428717543e+03
5.244726858191075735e+03
5.251015514458811595e+03
5.257304096625354759e+03
5.263592716299189306e+03
5.269881411575315724e+03
5.276170083373926900e+03
5.282458675214099458e+03
5.288747277263822980e+03
5.295035963958299362e+03
5.301324649104361015e+03
5.307613253891056047e+03
5.313901842099589885e+03
5.320190516475686309e+03
5.326479211309418133e+03
5.332767830921411587e+03
5.339056411357304569e+03
5.345345069947516095e+03
5.351633769881761509e+03
5.357922406131918251e+03
5.364210984826326239e+03
5.370499624957253218e+03
5.376788325415366671e+03
5.383076978931982921e+03
5.389365561155078467e+03
5.395654182351772761e+03
5.401942878854125411e+03
5.408231548942412701e+03
5.414520139018522968e+03
5.420808743004035932e+03
5.427097431339053401e+03
5.433386115488668111e+03
5.439674716748709216e+03
5.445963307814886321e+03
5.452251983782859497e+03
5.458540677985148250e+03
5.464829294008302895e+03
5.471117876929792146e+03
5.477406536924340799e+03
5.483695236737557025e+03
5.489983869863869586e+03
5.496272449738112300e+03
5.502561091559203305e+03
5.508849792390871698e+03
5.515138443842866764e+03
5.521427025153008799e+03
5.527715648649422292e+03
5.534004346088065176e+03
5.540293014826490435e+03
5.546581601833065179e+03
5.552870209245942533e+03
5.559158898729299835e+03
5.565447581708924190e+03
5.571736179484434615e+03
5.578024773828370598e+03
5.584313451113357587e+03
5.590602144392909395e+03
5.596890757082116579e+03
5.603179342396688298e+03
5.609468004026751260e+03
5.615756703209330226e+03
5.622045334129363255e+03
5.628333914124757030e+03
5.634622558402777031e+03
5.640911259231402255e+03
5.647199909115471200e+03
5.653488488157312531e+03
5.659777115398631395e+03
5.666065813323160910e+03
5.672354480439750660e+03
5.678643064425577904e+03
5.684931675779051147e+03
5.691220366200758690e+03
5.697509047522124092e+03
5.703797642202838688e+03
5.710086239897491396e+03
5.716374918562442872e+03
5.722663610187133600e+03
5.728952220899540407e+03
5.735240807352814045e+03
5.741529471319410732e+03
5.747818169473126545e+03
5.754106798858896582e+03
5.760395377630063194e+03
5.766684025617155385e+03
5.772972726082816735e+03
5.779261374121153494e+03
5.785549951031623095e+03
5.791838582396640049e+03
5.798127280671674271e+03
5.804415945545920295e+03
5.810704527156563927e+03
5.816993142353819167e+03
5.823281833770159210e+03
5.829570512467952540e+03
5.835859105761429419e+03
5.842147705460644829e+03
5.848436386127968944e+03
5.854725075663584903e+03
5.861013685161087778e+03
5.867302271526295044e+03
5.873590938823337638e+03
5.879879635657173822e+03
5.886168263294681310e+03
5.892456841052056916e+03
5.898745492934613139e+03
5.905034193046758446e+03
5.911322838489212700e+03
5.917611414068800514e+03
5.923900049358857359e+03
5.930188748072700037e+03
5.936477409599169732e+03
5.942765990789639545e+03
5.949054608473766166e+03
5.955343301282137872e+03
5.961631977019187616e+03
5.967920569752196570e+03
5.974209170297915080e+03
5.980497853650015713e+03
5.986786540924441397e+03
5.993075149074767069e+03
5.999363735509958133e+03
6.005652406221186538e+03
6.011941101978029110e+03
6.018229726842465425e+03
6.024518304501354578e+03
6.030806960114201502e+03
6.037095660081306050e+03
6.043384301498503191e+03
6.049672877888669063e+03
6.055961515926783250e+03
6.062250215426156501e+03
6.068538872993336554e+03
6.074827454674731598e+03
6.081116073951151520e+03
6.087404768736078040e+03
6.093693441220975728e+03
6.099982033350578604e+03
6.106270635001437768e+03
6.112559321115407329e+03
6.118848006580114998e+03
6.125136612047246672e+03
6.131425199710703964e+03
6.137713873663307822e+03
6.144002568636990873e+03
6.150291188945126123e+03
6.156579768897271606e+03
6.162868427174845237e+03
6.169157127154808222e+03
6.175445763896902463e+03
6.181734342238110912e+03
6.188022982228693763e+03
6.194311682670088885e+03
6.200600336355776562e+03
6.206888918529585681e+03
6.213177539619568961e+03
6.219466236093066072e+03
6.225754906235187264e+03
6.232043496293495991e+03
6.238332100224234637e+03
6.244620788575109145e+03
6.250909472732035283e+03
6.257198073753425888e+03
6.263486664940841365e+03
6.269775341002413370e+03
6.276064035180193969e+03
6.282352650882864509e+03
6.288641233963199738e+03
