0.000000000000000000e+00
6.288605059879128767e+00
1.257729781959407767e+01
1.886593764980214161e+01
2.515451686865841197e+01
3.144318399933407804e+01
3.773186195288150913e+01
4.402044839841333612e+01
5.030907801112275024e+01
5.659777612302978866e+01
6.288639609879849957e+01
6.917498875855146423e+01
7.546367360320793694e+01
8.175233501831407068e+01
8.804091680897529670e+01
9.432956725556607580e+01
1.006182644784076530e+02
1.069068677501704343e+02
1.131954758610569769e+02
1.194841695400027675e+02
1.257728172763544450e+02
1.320614011486008792e+02
1.383500663045853685e+02
1.446387454849237884e+02
1.509273292036435237e+02
1.572159585745503136e+02
1.635046565588328917e+02
1.697932775985829323e+02
1.760818697748827617e+02
1.823705526434812327e+02
1.886592228262424271e+02
1.949478058171537782e+02
2.012364546538503589e+02
2.075251502505269059e+02
2.138137660163028784e+02
2.201023724453802117e+02
2.263910540625005012e+02
2.326797336068578375e+02
2.389683375292682967e+02
2.452569539436970842e+02
2.515456438178959786e+02
2.578343009685322045e+02
2.641228932462428816e+02
2.704115262532326938e+02
2.767002104580589616e+02
2.829888722932520864e+02
2.892774568807429318e+02
2.955661077900202258e+02
3.018548018259286323e+02
3.081434049337878491e+02
3.144320209012956866e+02
3.207206912954529230e+02
3.270093603963575788e+02
3.332979981419941282e+02
3.395865909179117921e+02
3.458752244878031092e+02
3.521639006797781235e+02
3.584525719953365979e+02
3.647411862599793722e+02
3.710297871804495458e+02
3.773184586721214941e+02
3.836071354478665967e+02
3.898957721785526473e+02
3.961843775769959279e+02
4.024729956684250851e+02
4.087616862783249303e+02
4.150503429275759117e+02
4.213389293553034349e+02
4.276275903438103114e+02
4.339162801921432333e+02
4.402049133661371343e+02
4.464935049694850591e+02
4.527821533876104354e+02
4.590708509600909224e+02
4.653594740434682535e+02
4.716480666498697474e+02
4.779367542885167381e+02
4.842254151266160420e+02
4.905139989706880215e+02
4.968026530656737236e+02
5.030913468086666285e+02
5.093799506526636378e+02
5.156685647751637589e+02
5.219572616321291889e+02
5.282459040123040950e+02
5.345344863266443554e+02
5.408231543610640983e+02
5.471118338521857822e+02
5.534004194046984821e+02
5.596890450928650580e+02
5.659777387448041281e+02
5.722663546239501784e+02
5.785549450904103423e+02
5.848436287924124599e+02
5.911322843370165856e+02
5.974208574395305504e+02
6.037095139266150454e+02
6.099982001032618655e+02
6.162867867314625983e+02
6.225754058284484245e+02
6.288641018832786358e+02
6.351527250575470589e+02
6.414413135499908094e+02
6.477299957098254026e+02
6.540186584014279561e+02
6.603072344665861237e+02
6.665958820543302181e+02
6.728845724993224167e+02
6.791731714679470997e+02
6.854617805203741909e+02
6.917504746999208010e+02
6.980391159384998900e+02
7.043277036668608844e+02
7.106163724748674895e+02
7.169050606126407956e+02
7.231936772132177111e+02
7.294822849155292488e+02
7.357709505862256947e+02
7.420596409699887772e+02
7.483482483506319340e+02
7.546368593178405035e+02
7.609255534319638627e+02
7.672142051312138165e+02
7.735027851391089371e+02
7.797914504680600203e+02
7.860801310881112158e+02
7.923687172171951261e+02
7.986573435404292240e+02
8.049460413027302366e+02
8.112346643853111345e+02
8.175232539411761081e+02
8.238119364710678383e+02
8.301006001187353149e+02
8.363891772033357483e+02
8.426778248742830328e+02
8.489665159555977425e+02
8.552551150511128526e+02
8.615437279809825668e+02
8.678324243747641731e+02
8.741210767167916629e+02
8.804096667070999729e+02
8.866983191024272628e+02
8.929870106246453361e+02
8.992756349102065769e+02
9.055642413274389355e+02
9.118528715162867684e+02
9.181415368685209160e+02
9.244302043005600353e+02
9.307188442499312941e+02
9.370074484415589495e+02
9.432960642859457039e+02
9.495847543551101353e+02
9.558734133259889632e+02
9.621620204649783545e+02
9.684506333021922728e+02
9.747393277667341636e+02
9.810279874356776872e+02
9.873165906114553536e+02
9.936052105482530123e+02
9.998938854432382186e+02
1.006182551601963155e+03
1.012471194148322866e+03
1.018759779984909869e+03
1.025048439476301837e+03
1.031337130672265857e+03
1.037625754806778559e+03
1.043914361525929280e+03
1.050202979398419984e+03
1.056491636177814826e+03
1.062780302110511684e+03
1.069068951640628484e+03
1.075357561926012977e+03
1.081646160349435149e+03
1.087934805039294815e+03
1.094223491572215835e+03
1.100512143895586860e+03
1.106800743956062888e+03
1.113089361135926538e+03
1.119378042891411496e+03
1.125666722513437890e+03
1.131955318960747263e+03
1.138243948262574804e+03
1.144532646386541501e+03
1.150821270515309607e+03
1.157109870400479849e+03
1.163398529849315992e+03
1.169687226678213392e+03
1.175975843069513303e+03
1.182264450252510414e+03
1.188553129461373601e+03
1.194841806000193628e+03
1.201130437255689230e+03
1.207419026048483829e+03
1.213707675183908350e+03
1.219996369716789559e+03
1.226284981769763135e+03
1.232573584294774719e+03
1.238862276178708271e+03
1.245150931286774949e+03
1.251439508731373053e+03
1.257728168299960998e+03
1.264016855181810797e+03
1.270305440375834451e+03
1.276594061814650104e+03
1.282882758808045310e+03
1.289171376716073610e+03
1.295459964392659913e+03
1.301748645533784384e+03
1.308037300347719793e+03
1.314325870118093917e+03
1.320614534699309615e+03
1.326903208337938167e+03
1.333191779852957552e+03
1.339480418968386630e+03
1.345769112319060469e+03
1.352057706100398946e+03
1.358346310743402455e+03
1.364635007716657810e+03
1.370923622290865296e+03
1.377212207787847092e+03
1.383500891962965170e+03
1.389789546598927018e+03
1.396078115134337850e+03
1.402366780011959463e+03
1.408655453086345005e+03
1.414944024287912271e+03
1.421232669348664786e+03
1.427521356442885690e+03
1.433809936665896203e+03
1.440098558206776943e+03
1.446387252793176003e+03
1.452675865608217237e+03
1.458964451845732356e+03
1.465253143772607700e+03
1.471541778531646969e+03
1.477830351945248822e+03
1.484119031106419015e+03
1.490407695920993092e+03
1.496696266053154659e+03
1.502984911336440973e+03
1.509273598279812404e+03
1.515562177779507692e+03
1.521850801963279309e+03
1.528139494510839086e+03
1.534428107245204274e+03
1.540716693930615975e+03
1.547005385900791453e+03
1.553294020938854828e+03
1.559582595366307942e+03
1.565871275830589866e+03
1.572159932403889798e+03
1.578448508931718834e+03
1.584737157584574561e+03
1.591025846312791828e+03
1.597314443056116716e+03
1.603603051773097377e+03
1.609891748527388245e+03
1.616180377569597795e+03
1.622468953002527314e+03
1.628757633721661250e+03
1.635046288906987229e+03
1.641334857056693181e+03
1.647623520781315847e+03
1.653912199495538061e+03
1.660200778326021464e+03
1.666489403317787719e+03
1.672778098524171810e+03
1.679066694094812192e+03
1.685355297038015806e+03
1.691643991242905713e+03
1.697932622399875754e+03
1.704221197253324817e+03
1.710509878144395088e+03
1.716798533274397187e+03
1.723087102903617279e+03
1.729375767284098629e+03
1.735664440853019642e+03
1.741953015195965918e+03
1.748241649099595861e+03
1.754530343885638786e+03
1.760818938748273013e+03
1.767107543012293263e+03
1.773396240091996333e+03
1.779684859365701186e+03
1.785973444105636418e+03
1.792262126103271612e+03
1.798550783525653515e+03
1.804839359007322855e+03
1.811128008456433463e+03
1.817416695468672287e+03
1.823705276720207621e+03
1.829993900697771096e+03
1.836282592050724816e+03
1.842571208297736348e+03
1.848859798083769419e+03
1.855148483811215556e+03
1.861437139257220451e+03
1.867725714973254526e+03
1.874014374179621882e+03
1.880303060670047898e+03
1.886591652535534422e+03
1.892880271885687989e+03
1.899168969149954592e+03
1.905457601838151277e+03
1.911746186911016366e+03
1.918034867544725557e+03
1.924323534239045784e+03
1.930612113227514328e+03
1.936900759270779417e+03
1.943189454196434099e+03
1.949478069016918425e+03
1.955766673281086696e+03
1.962055360585901326e+03
1.968344032676492361e+03
1.974632623044658430e+03
1.980921258983420330e+03
1.987209955992998630e+03
1.993498574488804934e+03
1.999787172872096562e+03
2.006075862564371391e+03
2.012364525012301556e+03
2.018653137554227669e+03
2.024941742608426921e+03
2.031230422847018190e+03
2.037519098612179732e+03
2.043807686249065000e+03
2.050096326806646630e+03
2.056385021454798334e+03
2.062673635968030794e+03
2.068962230323331823e+03
2.075250920498975120e+03
2.081539574456790888e+03
2.087828149355599635e+03
2.094116807230369886e+03
2.100405493971265059e+03
2.106694081366137652e+03
2.112982703904184291e+03
2.119271399420968919e+03
2.125560033491804006e+03
2.131848623315796431e+03
2.138137306033359437e+03
2.144425980058993446e+03
2.150714585120679203e+03
2.157003204256257504e+03
2.163291904555685505e+03
2.169580550713287721e+03
2.175869148583707101e+03
2.182157762767468284e+03
2.188446443671200086e+03
2.194735117434400308e+03
2.201023722958605049e+03
2.207312332705981134e+03
2.213600968630691568e+03
2.219889636313215306e+03
2.226178304986096919e+03
2.232466933114304538e+03
2.238755533105162158e+03
2.245044155736784887e+03
2.251332820827748947e+03
2.257621490186355459e+03
2.263910126448166920e+03
2.270198726178921788e+03
2.276487344935700548e+03
2.282776003597748968e+03
2.289064675686192913e+03
2.295353317211175181e+03
2.301641920034025134e+03
2.307930531934219289e+03
2.314219188185272742e+03
2.320507861704909828e+03
2.326796506507926097e+03
2.333085111971846345e+03
2.339373721608711094e+03
2.345662373368650151e+03
2.351951046828244216e+03
2.358239698050627794e+03
2.364528303436477017e+03
2.370816911373621224e+03
2.377105558691811439e+03
2.383394234249360579e+03
2.389682887522269993e+03
2.395971493038227891e+03
2.402260106727746916e+03
2.408548798762977185e+03
2.414837463066862711e+03
2.421126076318434116e+03
2.427414678283054855e+03
2.433703358378973917e+03
2.439992031412465167e+03
2.446280657102333862e+03
2.452569264915437543e+03
2.458857877034643479e+03
2.465146535561291330e+03
2.471435215659691039e+03
2.477723859994247505e+03
2.484012458603286632e+03
2.490301087686812480e+03
2.496589767071131519e+03
2.502878438923524300e+03
2.509167023063723263e+03
2.515455668886426338e+03
2.521744363000840167e+03
2.528032987592765039e+03
2.534321588312739095e+03
2.540610248695636528e+03
2.546898920338892822e+03
2.553187573111095389e+03
2.559476183764850703e+03
2.565764789638511502e+03
2.572053470434420433e+03
2.578342150429108642e+03
2.584630759026612395e+03
2.590919370979843279e+03
2.597208044314938888e+03
2.603496715263848273e+03
2.609785353077281343e+03
2.616073941522474797e+03
2.622362606064781176e+03
2.628651297487176180e+03
2.634939907399722415e+03
2.641228515422732016e+03
2.647517207037569733e+03
2.653805875558526623e+03
2.660094482057636014e+03
2.666383099935964765e+03
2.672671791335093076e+03
2.678960460631366459e+03
2.685249061267972138e+03
2.691537687017124881e+03
2.697826375281850233e+03
2.704115035906600951e+03
2.710403626156401515e+03
2.716692277217942774e+03
2.722980974345328377e+03
2.729269593583950609e+03
2.735558193167697482e+03
2.741846847466300005e+03
2.748135544739091074e+03
2.754424178539532022e+03
2.760712773902320805e+03
2.767001441768650693e+03
2.773290129904074547e+03
2.779578735689302448e+03
2.785867350170904501e+03
2.792156006072069431e+03
2.798444689494109298e+03
2.804733330925570044e+03
2.811021916981744198e+03
2.817310581534499306e+03
2.823599267205262549e+03
2.829887877301699973e+03
2.836176488563859948e+03
2.842465122924068510e+03
2.848753785632281961e+03
2.855042450805959106e+03
2.861331091734514757e+03
2.867619683947072190e+03
2.873908333072996356e+03
2.880197029453520372e+03
2.886485639973916022e+03
2.892774244877761248e+03
2.899062936457538854e+03
2.905351593635030440e+03
2.911640180538128334e+03
2.917928843426828280e+03
2.924217531611871891e+03
2.930506132417323442e+03
2.936794747804406597e+03
2.943083447942860857e+03
2.949372094929230116e+03
2.955660684474522895e+03
2.961949333753746942e+03
2.968238024060634416e+03
2.974526661519927075e+03
2.980815258035953775e+03
2.987103889411508135e+03
2.993392584518090189e+03
2.999681219365669676e+03
3.005969807863970345e+03
3.012258489451611240e+03
3.018547165865836178e+03
3.024835768801831819e+03
3.031124386813584806e+03
3.037413067088464686e+03
3.043701737420518839e+03
3.049990363514247292e+03
3.056278965184531444e+03
3.062567593658337501e+03
3.068856260499079781e+03
3.075144930956522330e+03
3.081433561910911976e+03
3.087722171658059324e+03
3.094010783449557493e+03
3.100299435178268141e+03
3.106588117416027217e+03
3.112876768156625985e+03
3.119165357550612498e+03
3.125454003270642261e+03
3.131742677339436796e+03
3.138031331162397237e+03
3.144319950993327438e+03
3.150608542289889556e+03
3.156897209272131022e+03
3.163185894652107891e+03
3.169474515094066646e+03
3.175763116396213263e+03
3.182051756506123183e+03
3.188340435131634877e+03
3.194629096291058886e+03
3.200917720762072804e+03
3.207206321776319783e+03
3.213494979222161419e+03
3.219783676137478778e+03
3.226072291208643037e+03
3.232360896078952919e+03
3.238649576291943958e+03
3.244938250478099235e+03
3.251226861240974813e+03
3.257515477321471735e+03
3.263804167232091459e+03
3.270092827733216382e+03
3.276381419324661238e+03
3.282670058759657422e+03
3.288958760541043830e+03
3.295247395236559896e+03
3.301535989194759168e+03
3.307824655812030414e+03
3.314113341110237343e+03
3.320401935860747926e+03
3.326690563979947910e+03
3.332979252426422136e+03
3.339267917509905601e+03
3.345556523938025293e+03
3.351845142723233494e+03
3.358133820395777548e+03
3.364422494725602974e+03
3.370711115140074071e+03
3.376999715249934070e+03
3.383288401768107633e+03
3.389577071947644072e+03
3.395865653513565121e+03
3.402154300931627404e+03
3.408442991206832176e+03
3.414731591226410274e+03
3.421020199144638809e+03
3.427308893911775613e+03
3.433597534282179822e+03
3.439886115113974483e+03
3.446174783539569944e+03
3.452463468114717671e+03
3.458752059396417735e+03
3.465040686165136322e+03
3.471329385276402718e+03
3.477618026555941924e+03
3.483906607854643426e+03
3.490195281562380387e+03
3.496483956168020541e+03
3.502772536070612205e+03
3.509061173061670615e+03
3.515349868595711541e+03
3.521638474062930527e+03
3.527927072881489948e+03
3.534215765345552427e+03
3.540504407357325817e+03
3.546792986134423245e+03
3.553081652915688665e+03
3.559370328586985579e+03
3.565658914659141828e+03
3.571947542930994132e+03
3.578236238854866315e+03
3.584524856710128915e+03
3.590813448072638039e+03
3.597102133194985072e+03
3.603390789792938904e+03
3.609679369234414025e+03
3.615968025256426245e+03
3.622256715176295529e+03
3.628545319587692120e+03
3.634833931952403873e+03
3.641122627322429707e+03
3.647411265986185299e+03
3.653699845300196557e+03
3.659988518281045799e+03
3.666277192106852908e+03
3.672565775402942563e+03
3.678854412777168818e+03
3.685143109179169187e+03
3.691431726234929556e+03
3.697720326365276833e+03
3.704009019915283261e+03
3.710297679546618838e+03
3.716586261108234339e+03
3.722874917406102668e+03
3.729163605629574704e+03
3.735452202743370435e+03
3.741740813114171488e+03
3.748029510812101307e+03
3.754318145443480716e+03
3.760606726721088762e+03
3.766895401568700890e+03
3.773184075762961584e+03
3.779472658512652743e+03
3.785761301262636152e+03
3.792049998535224859e+03
3.798338618155642507e+03
3.804627219220436928e+03
3.810915902452913542e+03
3.817204581462145597e+03
3.823493174524940969e+03
3.829781805172739496e+03
3.836070468669443017e+03
3.842359153700278966e+03
3.848647752842967748e+03
3.854936375850977129e+03
3.861225075135922452e+03
3.867513716569441840e+03
3.873802304925696717e+03
3.880090978748205998e+03
3.886379662970949994e+03
3.892668263827848477e+03
3.898956878928882816e+03
3.905245573890118976e+03
3.911534225613698254e+03
3.917822806956223758e+03
3.924111475388782310e+03
3.930400163310933749e+03
3.936688760232390905e+03
3.942977378880873403e+03
3.949266076064233403e+03
3.955554711130304895e+03
3.961843296273184933e+03
3.968131977807900057e+03
3.974420657475953249e+03
3.980709250351425453e+03
3.986997883770882254e+03
3.993286585284177818e+03
3.999575214701620553e+03
4.005863817890435712e+03
4.012152448811910745e+03
4.018441111506851030e+03
4.024729785324638669e+03
4.031018408935811749e+03
4.037307007381220956e+03
4.043595656865105866e+03
4.049884338134454993e+03
4.056172998206045122e+03
4.062461587574256555e+03
4.068750234834545154e+03
4.075038903800027128e+03
4.081327571281789915e+03
4.087616190387929237e+03
4.093904797079560467e+03
4.100193463442093162e+03
4.106482144020464148e+03
4.112770770808213456e+03
4.119059370143939304e+03
4.125348052688638745e+03
4.131636727695115951e+03
4.137925324775735135e+03
4.144213951562230250e+03
4.150502625037495818e+03
4.156791292067148788e+03
4.163079921655898033e+03
4.169368510260365838e+03
4.175657188057528401e+03
4.181945873143196877e+03
4.188234486731778816e+03
4.194523093492774024e+03
4.200811766391904712e+03
4.207100452632208544e+03
4.213389070083220759e+03
4.219677674773562103e+03
4.225966354624430096e+03
4.232255027940524087e+03
4.238543658037086971e+03
4.244832261315497817e+03
4.251120881507190461e+03
4.257409527457532022e+03
4.263698196006836952e+03
4.269986859857382115e+03
4.276275488283505183e+03
4.282564087175108398e+03
4.288852733889255433e+03
4.295141415829216385e+03
4.301430069099475077e+03
4.307718660822522907e+03
4.314007312162458220e+03
4.320296006251145627e+03
4.326584641022577671e+03
4.332873236833832379e+03
4.339161868520691314e+03
4.345450538203585893e+03
4.351739220320254390e+03
4.358027826107037072e+03
4.364316440233596950e+03
4.370605122938553905e+03
4.376893798859769959e+03
4.383182419857767854e+03
4.389471012646041345e+03
4.395759679467386377e+03
4.402048370542448538e+03
4.408336991934171238e+03
4.414625591170706684e+03
4.420914224345061484e+03
4.427202888379365504e+03
4.433491554979124885e+03
4.439780193431913176e+03
4.446068799326272710e+03
4.452357408073567967e+03
4.458646070380989840e+03
4.464934747852151304e+03
4.471223394912403819e+03
4.477511982992959929e+03
4.483800646757869799e+03
4.490089336485029889e+03
4.496377934735583040e+03
4.502666550486615961e+03
4.508955250605013134e+03
4.515243893240940452e+03
4.521532478254565831e+03
4.527821151815864141e+03
4.534109833633464405e+03
4.540398426103224665e+03
4.546687058569552391e+03
4.552975736820405473e+03
4.559264395866968698e+03
4.565553026878984383e+03
4.571841616879506546e+03
4.578130281241268676e+03
4.584418972240251605e+03
4.590707593347680813e+03
4.596996198316152913e+03
4.603284855042871641e+03
4.609573543868021261e+03
4.615862183656069647e+03
4.622150778175177948e+03
4.628439416660141433e+03
4.634728119298838465e+03
4.641016746569270254e+03
4.647305342672594634e+03
4.653594027555786852e+03
4.659882701316728344e+03
4.666171306212804666e+03
4.672459926061105762e+03
4.678748596407504920e+03
4.685037277947079019e+03
4.691325904480727331e+03
4.697614510566185345e+03
4.703903137293606960e+03
4.710191828400226768e+03
4.716480489238119844e+03
4.722769082703896856e+03
4.729057727683585654e+03
4.735346430137667994e+03
4.741635065299687994e+03
4.747923658855424037e+03
4.754212318502981361e+03
4.760501016456883008e+03
4.766789641407845011e+03
4.773078237475207061e+03
4.779366904705590059e+03
4.785655590924916396e+03
4.791944215261039062e+03
4.798232816252266275e+03
4.804521459003056407e+03
4.810810133195022900e+03
4.817098804864946032e+03
4.823387395492641190e+03
4.829676024930245148e+03
4.835964689237385755e+03
4.842253356868755873e+03
4.848541999678721368e+03
4.854830601651935467e+03
4.861119215567410720e+03
4.867407881222768083e+03
4.873696565281274161e+03
4.879985205548888189e+03
4.886273797213190846e+03
4.892562430281082925e+03
4.898851099149601396e+03
4.905139773444768252e+03
4.911428396162799800e+03
4.917717001160757718e+03
4.924005632623952806e+03
4.930294334157022604e+03
4.936582977245351685e+03
4.942871562812844786e+03
4.949160233521406553e+03
4.955448922289029724e+03
4.961737530823806992e+03
4.968026144165827645e+03
4.974314804626778823e+03
4.980603486181721564e+03
4.986892117567338573e+03
4.993180710055480631e+03
4.999469392791963401e+03
5.005758067680826571e+03
5.012046662849794302e+03
5.018335295231873715e+03
5.024623975638805859e+03
5.030912640383513462e+03
5.037201250001171502e+03
5.043489864502507771e+03
5.049778554363309013e+03
5.056067221805378722e+03
5.062355818866937625e+03
5.068644442438478109e+03
5.074933102174940359e+03
5.081221784412348825e+03
5.087510420928911117e+03
5.093799018651953702e+03
5.100087642843756839e+03
5.106376314103082223e+03
5.112664984825341890e+03
5.118953621158785609e+03
5.125242226290203689e+03
5.131530833882196930e+03
5.137819523029758784e+03
5.144108196980942921e+03
5.150396806829456182e+03
5.156685418499982006e+03
5.162974082135739991e+03
5.169262768921737916e+03
5.175551378018711148e+03
5.181839989751797475e+03
5.188128683879896926e+03
5.194417344201280685e+03
5.200705924316749588e+03
5.206994583211375357e+03
5.213283273679980994e+03
5.219571875645567161e+03
5.225860492746708587e+03
5.232149193553477744e+03
5.238437841402555932e+03
5.244726432871570978e+03
5.251015082051558238e+03
5.257303781277362759e+03
5.263592421604577794e+03
5.269881023580243891e+03
5.276169650081912550e+03
5.282458349590290709e+03
5.288746990968085811e+03
5.295035572371597482e+03
5.301324245250908461e+03
5.307612919783828147e+03
5.313901505191809520e+03
5.320190143237126904e+03
5.326478838911273670e+03
5.332767450422166803e+03
5.339056046252404485e+03
5.345344739811633190e+03
5.351633397456378589e+03
5.357921987595498649e+03
5.364210642420534896e+03
5.370499341220206588e+03
5.376787955996381243e+03
5.383076562502896195e+03
5.389365240182987691e+03
5.395653916857669174e+03
5.401942544565819844e+03
5.408231135753149829e+03
5.414519803532833066e+03
5.420808491972528827e+03
5.427097095800849274e+03
5.433385705989625421e+03
5.439674364397585123e+03
5.445963046085065798e+03
5.452251688179346274e+03
5.458540280494260514e+03
5.464828912062603194e+03
5.471117577402858842e+03
5.477406244494281054e+03
5.483694883837377347e+03
5.489983475926824212e+03
5.496272151527263304e+03
5.502560840125178402e+03
5.508849446671521946e+03
5.515138062796346276e+03
5.521426746298156104e+03
5.527715422849074457e+03
5.534004023575901556e+03
5.540292655298008867e+03
5.546581356165326724e+03
5.552869977029054098e+03
5.559158570204595890e+03
5.565447255623762430e+03
5.571735917748424981e+03
5.578024497472971234e+03
5.584313146969231639e+03
5.590601836945113973e+03
5.596890438234228895e+03
5.603179050442311564e+03
5.609467749604788878e+03
5.615756396406731255e+03
5.622044993323443123e+03
5.628333649033439542e+03
5.634622343904214176e+03
5.640910946438677456e+03
5.647199564988299244e+03
5.653488257385377437e+03
5.659776915335884951e+03
5.666065505011160894e+03
5.672354164800056424e+03
5.678642855888787381e+03
5.684931483128019863e+03
5.691220088687640782e+03
5.697508737743045458e+03
5.703797407178530193e+03
5.710086078240435199e+03
5.716374673833528504e+03
5.722663300515621813e+03
5.728951972202640718e+03
5.735240644873792007e+03
5.741529252264123897e+03
5.747817869617678298e+03
5.754106568611673538e+03
5.760395209785083352e+03
5.766683793472447178e+03
5.772972465963436662e+03
5.779261142277203362e+03
5.785549725805754861e+03
5.791838357724750495e+03
5.798127054455369034e+03
5.804415669336575775e+03
5.810704263051323323e+03
5.816992954394388107e+03
5.823281607074241947e+03
5.829570182908474635e+03
5.835858845330360964e+03
5.842147533112065503e+03
5.848436128803116844e+03
5.854724755263127008e+03
5.861013451447501211e+03
5.867302085789406192e+03
5.873590671295203720e+03
5.879879351526756182e+03
5.886168026758977248e+03
5.892456614634043035e+03
5.898745257649835366e+03
5.905033945770274840e+03
5.911322598777822350e+03
5.917611209878737100e+03
5.923899814715543471e+03
5.930188488133198007e+03
5.936477177421844317e+03
5.942765803633372343e+03
5.949054406645984272e+03
5.955343038306852577e+03
5.961631706312523420e+03
5.967920385467144115e+03
5.974209005742761292e+03
5.980497606566690592e+03
5.986786290221059062e+03
5.993074966799497815e+03
5.999363565591709630e+03
6.005652192576416383e+03
6.011940894161579308e+03
6.018229542858248351e+03
6.024518134487132556e+03
6.030806787815612552e+03
6.037095483483565658e+03
6.043384116431023358e+03
6.049672714929926769e+03
6.055961359517411438e+03
6.062250041017704461e+03
6.068538691448253303e+03
6.074827296446083892e+03
6.081115911306465932e+03
6.087404607121724439e+03
6.093693266741444859e+03
6.099981854934402691e+03
6.106270506541067334e+03
6.112559197810407568e+03
6.118847835629989277e+03
6.125136426516701249e+03
6.131425106168361708e+03
6.137713781294836735e+03
6.144002379890893280e+03
6.150291008464301740e+03
6.156579702600363817e+03
6.162868363570854854e+03
6.169156955476996700e+03
6.175445597159140561e+03
6.181734296025801086e+03
6.188022945363161853e+03
6.194311543202561552e+03
6.200600181123215407e+03
6.206888851027462806e+03
6.213177528811470438e+03
6.219466157823761023e+03
6.225754747009345010e+03
6.232043415348431154e+03
6.238332103923284194e+03
6.244620701151438880e+03
6.250909320208133977e+03
6.257198017405974497e+03
6.263486651004677697e+03
6.269775234209416340e+03
6.276063914478613697e+03
6.282352585731256113e+03
6.288641163387911547e+03
