0.000000000000000000e+00
6.288608024329905177e+00
1.257725720330058827e+01
1.886594333891733299e+01
2.515460241445283884e+01
3.144319610347731597e+01
3.773183132426304098e+01
4.402053108489289457e+01
5.030915254249423896e+01
5.659775716795885359e+01
6.288642730333500452e+01
6.917511131180584982e+01
7.546373716487940442e+01
8.175233616018790883e+01
8.804102156185707884e+01
9.432969838124716944e+01
1.006183142801870360e+02
1.069069182780136060e+02
1.131955638267594253e+02
1.194842575395188078e+02
1.257728991460137706e+02
1.320614902550063903e+02
1.383501581742490032e+02
1.446388445407236816e+02
1.509274652729283730e+02
1.572160650422060542e+02
1.635047567190772213e+02
1.697934161036151011e+02
1.760820086933355242e+02
1.823706623538682834e+02
1.886593595168348543e+02
1.949479981931201849e+02
2.012366044893651917e+02
2.075252204725208003e+02
2.138138784245074646e+02
2.201025680733746128e+02
2.263911768773769211e+02
2.326797931267691411e+02
2.389684494869403579e+02
2.452571400561500070e+02
2.515457590072409459e+02
2.578343644342832022e+02
2.641230561276293543e+02
2.704117271875970232e+02
2.767003123197860077e+02
2.829889611283023214e+02
2.892776553159846458e+02
2.955662558480966027e+02
3.018548614096606570e+02
3.081435559425746078e+02
3.144321990650957446e+02
3.207207837635666010e+02
3.270094531790001611e+02
3.332981347253526110e+02
3.395867239699999232e+02
3.458753514373669304e+02
3.521640467099047669e+02
3.584526647109146325e+02
3.647412619084871608e+02
3.710299511768581624e+02
3.773186155154418771e+02
3.836072003538342869e+02
3.898958517636233410e+02
3.961845416424997666e+02
4.024731416741215639e+02
4.087617517552457684e+02
4.150504490921103411e+02
4.213390895689572062e+02
4.276276721660575504e+02
4.339163427684980547e+02
4.402050200039018364e+02
4.464936078552466370e+02
4.527822409687683489e+02
4.590709384450627795e+02
4.653595529405475304e+02
4.716481474896137343e+02
4.779368406044491167e+02
4.842255004917680594e+02
4.905140965155027857e+02
4.968027472858082660e+02
5.030914386127034277e+02
5.093800870457008045e+02
5.156686795000617849e+02
5.219573310130789423e+02
5.282460257804966659e+02
5.345346508655861726e+02
5.408232504816270421e+02
5.471119282219256093e+02
5.534006135679268255e+02
5.596892336015802130e+02
5.659778366885590231e+02
5.722664780923768149e+02
5.785551730118560272e+02
5.848438245308793739e+02
5.911324194677447394e+02
5.974210702958312140e+02
6.037097657168961859e+02
6.099983835882269432e+02
6.162869831679564641e+02
6.225756770858474738e+02
6.288643459994543718e+02
6.351529616391321724e+02
6.414415664604385938e+02
6.477302335414403842e+02
6.540189089856700093e+02
6.603075469355842415e+02
6.665961535199708123e+02
6.728847699907952347e+02
6.791734426010185643e+02
6.854621293203655341e+02
6.917507522248425857e+02
6.980393597755024757e+02
7.043279854454688120e+02
7.106166861337453611e+02
7.169053389941958585e+02
7.231939465301675227e+02
7.294825636625640755e+02
7.357712482141043893e+02
7.420599285207208595e+02
7.483485399815598385e+02
7.546371474627653697e+02
7.609258103564652629e+02
7.672144836481772927e+02
7.735031397218284610e+02
7.797917418331695671e+02
7.860803703098852111e+02
7.923690350707237258e+02
7.986577112675215631e+02
8.049463286784075535e+02
8.112349378293046129e+02
8.175235983266161384e+02
8.238122875010773214e+02
8.301009221354074725e+02
8.363895277770333223e+02
8.426781504367318121e+02
8.489668085342573249e+02
8.552554909354065558e+02
8.615441245198514935e+02
8.678327164076362124e+02
8.741213891293540428e+02
8.804100737973058131e+02
8.866986629601833556e+02
8.929872982114669639e+02
8.992759883204900007e+02
9.055646476502126916e+02
9.118532442511758518e+02
9.181418875572859406e+02
9.244305837986556753e+02
9.307192195097273952e+02
9.370078103768064466e+02
9.432964913856394560e+02
9.495851653753920800e+02
9.558737538907436146e+02
9.621623981449708936e+02
9.684510986037702196e+02
9.747397388345758600e+02
9.810283341751584203e+02
9.873169856545313223e+02
9.936056839287176672e+02
9.998943064854591967e+02
1.006182910966982604e+03
1.012471570507711704e+03
1.018760268321646663e+03
1.025048874813659040e+03
1.031337484760581674e+03
1.037626178564173642e+03
1.043914838188827389e+03
1.050203432982067852e+03
1.056492078630186370e+03
1.062780776878698362e+03
1.069069423977290171e+03
1.075358024291425409e+03
1.081646649766588553e+03
1.087935321458494855e+03
1.094223989674020004e+03
1.100512631433492288e+03
1.106801240445577605e+03
1.113089856062478020e+03
1.119378547244194351e+03
1.125667213698058504e+03
1.131955812488767378e+03
1.138244431443039048e+03
1.144533125560603821e+03
1.150821794910904146e+03
1.157110395719952976e+03
1.163399022240152135e+03
1.169687715476440189e+03
1.175976376965159034e+03
1.182264961002808604e+03
1.188553621870974212e+03
1.194842313312921760e+03
1.201130921265538518e+03
1.207419537629321894e+03
1.213708196360901866e+03
1.219996893558828106e+03
1.226285521209755871e+03
1.232574123923212483e+03
1.238862757671168310e+03
1.245151451436521711e+03
1.251440106975607023e+03
1.257728697946904731e+03
1.264017356732402732e+03
1.270306048085030852e+03
1.276594675063191062e+03
1.282883275697577801e+03
1.289171958838789578e+03
1.295460634028241202e+03
1.301749226877386718e+03
1.308037869079608299e+03
1.314326565767818465e+03
1.320615200969623629e+03
1.326903791219165896e+03
1.333192472511741698e+03
1.339481145622018857e+03
1.345769729151413003e+03
1.352058373450577164e+03
1.358347069650572394e+03
1.364635678477480951e+03
1.370924279514602631e+03
1.377212972589374203e+03
1.383501626293658319e+03
1.389790208608635112e+03
1.396078873964757349e+03
1.402367562704342390e+03
1.408656161730128360e+03
1.414944783011320851e+03
1.421233481584378296e+03
1.427522120122837350e+03
1.433810708690291449e+03
1.440099388839867288e+03
1.446388068854137373e+03
1.452676666013587919e+03
1.458965294496464821e+03
1.465253993377686584e+03
1.471542623000862022e+03
1.477831212843491812e+03
1.484119894979623268e+03
1.490408564271576552e+03
1.496697142927891491e+03
1.502985790642115489e+03
1.509274481828071202e+03
1.515563081770975032e+03
1.521851689950871105e+03
1.528140385132362780e+03
1.534429029135862493e+03
1.540717614778478264e+03
1.547006284715802394e+03
1.553294964635214001e+03
1.559583553121146906e+03
1.565872184297506692e+03
1.572160885381033950e+03
1.578449513750164670e+03
1.584738115693313375e+03
1.591026780319624322e+03
1.597315465073871110e+03
1.603604106186952777e+03
1.609892710683712266e+03
1.616181338317012660e+03
1.622470027968876366e+03
1.628758689412015201e+03
1.635047320005961637e+03
1.641335922027092238e+03
1.647624538501508823e+03
1.653913215682650161e+03
1.660201884411468427e+03
1.666490523905413511e+03
1.672779117196637344e+03
1.679067764669384587e+03
1.685356434815324747e+03
1.691645098444037558e+03
1.697933718309340293e+03
1.704222327843903940e+03
1.710510951956716553e+03
1.716799618235142134e+03
1.723088293658225666e+03
1.729376932024219286e+03
1.735665527991748377e+03
1.741954157892745343e+03
1.748242846578207264e+03
1.754531509057412222e+03
1.760820121205878650e+03
1.767108728254680045e+03
1.773397363926712842e+03
1.779686046917229760e+03
1.785974713123720903e+03
1.792263336759428739e+03
1.798551931863424215e+03
1.804840564536712463e+03
1.811129236070916022e+03
1.817417910841008052e+03
1.823706522860447876e+03
1.829995140538168243e+03
1.836283833778699318e+03
1.842572495356604577e+03
1.848861090925747249e+03
1.855149732618549706e+03
1.861438433416662974e+03
1.867727057173165804e+03
1.874015654239955438e+03
1.880304346864468016e+03
1.886593011065075189e+03
1.892881604886029663e+03
1.899170247005665487e+03
1.905458945736611895e+03
1.911747597265792820e+03
1.918036199566616688e+03
1.924324803508145578e+03
1.930613476284271883e+03
1.936902165780931000e+03
1.943190786374460913e+03
1.949479390918520039e+03
1.955768071930439419e+03
1.962056747794456214e+03
1.968345377615276220e+03
1.974633975444029375e+03
1.980922607278877649e+03
1.987211286903661403e+03
1.993499948541055346e+03
1.999788573751555987e+03
2.006077174054657462e+03
2.012365821566594150e+03
2.018654510828641833e+03
2.024943164338927090e+03
2.031231783417399583e+03
2.037520389320413415e+03
2.043809041364542281e+03
2.050097738813069100e+03
2.056386361133119408e+03
2.062674965994359809e+03
2.068963642048557176e+03
2.075252328720768674e+03
2.081540935326194358e+03
2.087829543756802650e+03
2.094118212864501857e+03
2.100406902905757306e+03
2.106695500730506865e+03
2.112984124180930394e+03
2.119272821777725767e+03
2.125561459770864531e+03
2.131850052176571808e+03
2.138138725991121191e+03
2.144427412313492368e+03
2.150716002832460617e+03
2.157004633062776065e+03
2.163293331336742085e+03
2.169581950970772596e+03
2.175870542189393291e+03
2.182159227719113915e+03
2.188447889264935384e+03
2.194736471133591749e+03
2.201025123067005097e+03
2.207313815044568855e+03
2.213602417059830259e+03
2.219891030232716730e+03
2.226179729849226987e+03
2.232468376844141858e+03
2.238756972165613661e+03
2.245045619682554388e+03
2.251334296736954457e+03
2.257622958263431428e+03
2.263911576705830157e+03
2.270200182215655786e+03
2.276488816155643235e+03
2.282777498009952524e+03
2.289066166703991712e+03
2.295354782190306651e+03
2.301643380403377250e+03
2.307932048824385220e+03
2.314220730526159514e+03
2.320509368032998282e+03
2.326797963066481316e+03
2.333086612746658830e+03
2.339375292253376756e+03
2.345663951787733367e+03
2.351952561147475080e+03
2.358241175896908771e+03
2.364529847680083549e+03
2.370818532716205027e+03
2.377107162782624982e+03
2.383395756924473062e+03
2.389684410592019958e+03
2.395973107376802091e+03
2.402261721422406026e+03
2.408550324852942595e+03
2.414839019815255142e+03
2.421127681164508886e+03
2.427416264838169809e+03
2.433704922749833713e+03
2.439993615179227163e+03
2.446282217978772223e+03
2.452570829839123689e+03
2.458859527656732553e+03
2.465148168358063685e+03
2.471436751255773288e+03
2.477725426751957912e+03
2.484014103959478689e+03
2.490302688845081320e+03
2.496591322638932979e+03
2.502880019770680519e+03
2.509168633883799885e+03
2.515457231720641630e+03
2.521745926728553968e+03
2.528034587489220485e+03
2.534323176236822746e+03
2.540611829071327065e+03
2.546900525415890115e+03
2.553189166119770107e+03
2.559477764426241265e+03
2.565766397945441440e+03
2.572055100614814364e+03
2.578343737390985552e+03
2.584632341822167746e+03
2.590920961929020450e+03
2.597209624701280063e+03
2.603498301089759934e+03
2.609786939869765774e+03
2.616075543236753674e+03
2.622364170863713753e+03
2.628652871251873421e+03
2.634941513450142338e+03
2.641230096087855600e+03
2.647518771854047827e+03
2.653807447892800155e+03
2.660096030384729147e+03
2.666384668402424722e+03
2.672673365946587182e+03
2.678961980650438363e+03
2.685250579481202749e+03
2.691539274840539292e+03
2.697827935680465544e+03
2.704116534831296576e+03
2.710405156842537508e+03
2.716693817691193999e+03
2.722982501623986536e+03
2.729271140952652331e+03
2.735559732991682722e+03
2.741848413458270898e+03
2.748137091831005819e+03
2.754425679064708220e+03
2.760714315491057732e+03
2.767003014845614416e+03
2.773291635475231942e+03
2.779580233221310209e+03
2.785868924666050589e+03
2.792157584150946604e+03
2.798446176467086389e+03
2.804734833944863567e+03
2.811023532864872777e+03
2.817312141260843418e+03
2.823600748268278949e+03
2.829889443390427914e+03
2.836178101538314422e+03
2.842466683342042870e+03
2.848755346535416720e+03
2.855044035525468644e+03
2.861332624938279423e+03
2.867621246066510139e+03
2.873909944089143210e+03
2.880198572818122102e+03
2.886487164163012949e+03
2.892775848001502709e+03
2.899064523712674600e+03
2.905353110734510665e+03
2.911641756394640652e+03
2.917930453192000641e+03
2.924219062612695780e+03
2.930507663698953820e+03
2.936796357230091871e+03
2.943085010992555453e+03
2.949373592749458112e+03
2.955662258315301187e+03
2.961950946113560349e+03
2.968239542444358904e+03
2.974528169901626370e+03
2.980816866848687368e+03
2.987105517796152071e+03
2.993394124626651319e+03
2.999682744505502342e+03
3.005971413690331701e+03
3.012260099086125592e+03
3.018548726882736901e+03
3.024837328045277445e+03
3.031125976453384283e+03
3.037414658659187808e+03
3.043703318837343431e+03
3.049991920704963377e+03
3.056280545524989066e+03
3.062569218355216435e+03
3.068857891261768145e+03
3.075146507306051262e+03
3.081435120197914785e+03
3.087723815742210718e+03
3.094012480224846058e+03
3.100301074597531169e+03
3.106589715720289405e+03
3.112878406595412343e+03
3.119167058921446369e+03
3.125455671668701598e+03
3.131744284430875268e+03
3.138032924910991369e+03
3.144321600240723910e+03
3.150610273779892850e+03
3.156898872365592979e+03
3.163187494078562395e+03
3.169476169196771480e+03
3.175764854056666536e+03
3.182053449166603059e+03
3.188342082367996227e+03
3.194630754835469361e+03
3.200919437645171911e+03
3.207208036742807963e+03
3.213496668407254219e+03
3.219785364212885725e+03
3.226074014328148223e+03
3.232362613789224270e+03
3.238651235477362661e+03
3.244939909804204035e+03
3.251228579054715283e+03
3.257517218153390786e+03
3.263805826067798534e+03
3.270094438056635681e+03
3.276383102612947368e+03
3.282671796706421446e+03
3.288960417689898350e+03
3.295249022533585503e+03
3.301537669044437735e+03
3.307826342424733411e+03
3.314115006009587887e+03
3.320403622359288875e+03
3.326692226792731617e+03
3.332980886033228671e+03
3.339269578178376833e+03
3.345558206299200720e+03
3.351846803237432141e+03
3.358135487532025309e+03
3.364424164859750817e+03
3.370712752042208194e+03
3.377001397253181494e+03
3.383290094452041103e+03
3.389578730673455993e+03
3.395867332906886531e+03
3.402155963183281983e+03
3.408444642949567424e+03
3.414733308649218998e+03
3.421021938478393622e+03
3.427310543117802354e+03
3.433599169906206953e+03
3.439887837589663832e+03
3.446176508525349163e+03
3.452465141687634514e+03
3.458753746339215922e+03
3.465042370172148367e+03
3.471331028823728502e+03
3.477619718252170969e+03
3.483908357351469476e+03
3.490196958517065468e+03
3.496485586149937717e+03
3.502774266203916341e+03
3.509062940396482190e+03
3.515351557402348135e+03
3.521640160460124662e+03
3.527928811994568605e+03
3.534217501914247350e+03
3.540506144620600935e+03
3.546794743089258645e+03
3.553083400308206365e+03
3.559372100493915241e+03
3.565660722478342905e+03
3.571949327189036467e+03
3.578237981419540574e+03
3.584526672215045892e+03
3.590815315571726387e+03
3.597103917975110562e+03
3.603392538894652716e+03
3.609681193434518718e+03
3.615969872041862345e+03
3.622258523687577053e+03
3.628547118181202222e+03
3.634835784165790301e+03
3.641124473958022463e+03
3.647413099730109479e+03
3.653701697862277342e+03
3.659990387022204231e+03
3.666279058466983315e+03
3.672567667934085875e+03
3.678856267859863237e+03
3.685144929877503273e+03
3.691433613223358861e+03
3.697722250696363972e+03
3.704010859669575893e+03
3.710299471227458525e+03
3.716588135395927111e+03
3.722876817034650685e+03
3.729165460338258526e+03
3.735454067168971960e+03
3.741742684846376051e+03
3.748031356651777969e+03
3.754320047455366421e+03
3.760608648908491432e+03
3.766897272623178196e+03
3.773185973628379088e+03
3.779474629807676592e+03
3.785763219037328327e+03
3.792051878757683426e+03
3.798340561299898582e+03
3.804629206423463984e+03
3.810917804147212792e+03
3.817206462635619573e+03
3.823495154341258058e+03
3.829783797680956468e+03
3.836072397344255023e+03
3.842361055143052909e+03
3.848649754898026004e+03
3.854938363987887442e+03
3.861226971595566283e+03
3.867515666701432110e+03
3.873804328962208274e+03
3.880092927826997766e+03
3.886381558543817846e+03
3.892670229736147576e+03
3.898958906389464119e+03
3.905247533293584638e+03
3.911536131732086687e+03
3.917824823596776241e+03
3.924113485189552193e+03
3.930402067769749010e+03
3.936690721260883038e+03
3.942979412656679415e+03
3.949268011419347658e+03
3.955556623774253239e+03
3.961845324934538894e+03
3.968133967142749043e+03
3.974422560980917297e+03
3.980711229349217319e+03
3.986999919622655398e+03
3.993288513665480423e+03
3.999577139463012372e+03
4.005865839505490385e+03
4.012154482210443348e+03
4.018443072585310802e+03
4.024731735511927582e+03
4.031020430325209418e+03
4.037309037163027369e+03
4.043597652076698523e+03
4.049886352136778441e+03
4.056174997679949229e+03
4.062463583673278663e+03
4.068752255185699596e+03
4.075040939813467503e+03
4.081329528730766924e+03
4.087618164003763468e+03
4.093906863062880348e+03
4.100195494917705219e+03
4.106484086936467065e+03
4.112772770515281081e+03
4.119061443988028259e+03
4.125350026091311520e+03
4.131638673679490239e+03
4.137927370864267687e+03
4.144215985287460171e+03
4.150504592368552949e+03
4.156793285873126479e+03
4.163081941251256467e+03
4.169370524462786307e+03
4.175659191920184639e+03
4.181947883011203885e+03
4.188236497960422639e+03
4.194525106727047387e+03
4.200813760232546883e+03
4.207102453131838047e+03
4.213391088215391392e+03
4.219679688815418558e+03
4.225968334794089969e+03
4.232257038811405437e+03
4.238545666542854633e+03
4.244834266662808659e+03
4.251122939652611421e+03
4.257411630427543059e+03
4.263700237705250402e+03
4.269988857098598601e+03
4.276277546055471248e+03
4.282566210740555107e+03
4.288854825460337452e+03
4.295143436173620103e+03
4.301432103008482045e+03
4.307720792181570687e+03
4.314009420422352377e+03
4.320298026077663053e+03
4.326586685135362131e+03
4.332875375675094801e+03
4.339164022560154081e+03
4.345452622000576412e+03
4.351741269977112097e+03
4.358029942072806989e+03
4.364318604405488259e+03
4.370607236110041413e+03
4.376895846423318289e+03
4.383184459534607413e+03
4.389473143147070914e+03
4.395761821978689113e+03
4.402050411201563293e+03
4.408339048839842690e+03
4.414627751692627498e+03
4.420916385970349438e+03
4.427204986946117970e+03
4.433493643719570173e+03
4.439782338860442906e+03
4.446070961607599202e+03
4.452359563480151337e+03
4.458648256885167029e+03
4.464936923881911753e+03
4.471225519913759854e+03
4.477514145403104521e+03
4.483802848545287816e+03
4.490091492273907534e+03
4.496380079486303657e+03
4.502668752669429523e+03
4.508957439741486269e+03
4.515246033200925012e+03
4.521534664536549826e+03
4.527823350237904378e+03
4.534112016163227963e+03
4.540400631873012571e+03
4.546689242293338793e+03
4.552977901471996120e+03
4.559266575777985963e+03
4.565555223490692697e+03
4.571843841357977908e+03
4.578132446481284205e+03
4.584421069584431280e+03
4.590709725363404687e+03
4.596998394758992617e+03
4.603287051578578939e+03
4.609575653107094695e+03
4.615864284400340694e+03
4.622152955088813542e+03
4.628441635715923439e+03
4.634730252820241731e+03
4.641018860305027374e+03
4.647307543112557141e+03
4.653596219325873790e+03
4.659884807377839024e+03
4.666173453803303346e+03
4.672462152312211401e+03
4.678750767772959989e+03
4.685039368392573124e+03
4.691328064225096568e+03
4.697616725412815867e+03
4.703905333678060742e+03
4.710193952807917412e+03
4.716482617546973415e+03
4.722771305184205630e+03
4.729059937496695966e+03
4.735348536296124621e+03
4.741637208459356771e+03
4.747925898916118058e+03
4.754214501612600543e+03
4.760503124304861558e+03
4.766791825310598142e+03
4.773080466635525227e+03
4.779369061862536910e+03
4.785657719477519095e+03
4.791946406832299544e+03
4.798235035553920170e+03
4.804523642747512895e+03
4.810812326359938197e+03
4.817101001979978719e+03
4.823389586007639082e+03
4.829678231536837302e+03
4.835966927801405291e+03
4.842255546788082029e+03
4.848544150666797577e+03
4.854832846321308352e+03
4.861121507364416175e+03
4.867410099059159620e+03
4.873698740792418903e+03
4.879987426207482713e+03
4.886276088454913406e+03
4.892564689848737544e+03
4.898853311270569066e+03
4.905141971410502265e+03
4.911430646653297117e+03
4.917719294463503502e+03
4.924007901416714958e+03
4.930296512797678588e+03
4.936585166438884698e+03
4.942873840863507212e+03
4.949162490391278880e+03
4.955451097266023680e+03
4.961739707417594218e+03
4.968028357498399600e+03
4.974317034702400633e+03
4.980605690453357965e+03
4.986894306948644044e+03
4.993182911554822567e+03
4.999471560950338244e+03
5.005760239159026241e+03
5.012048900719761150e+03
5.018337508717760102e+03
5.024626127548995100e+03
5.030914820578285799e+03
5.037203489219612493e+03
5.043492095712091213e+03
5.049780713280985765e+03
5.056069413521984643e+03
5.062358055781049188e+03
5.068646652779971191e+03
5.074935314075231872e+03
5.081224006046189970e+03
5.087512631004069590e+03
5.093801234244904663e+03
5.100089921245434198e+03
5.106378590363121475e+03
5.112667175177349236e+03
5.118955827007306652e+03
5.125244524378779715e+03
5.131533127110868008e+03
5.137821734198864760e+03
5.144110430266313415e+03
5.150399076088480797e+03
5.156687663429909662e+03
5.162976335888588437e+03
5.169265022138907625e+03
5.175553611805918081e+03
5.181842241723301413e+03
5.188130938217516814e+03
5.194419560353745510e+03
5.200708157941601712e+03
5.206996845756219955e+03
5.213285520418153283e+03
5.219574115758381595e+03
5.225862749134764272e+03
5.232151449275926097e+03
5.238440098437109555e+03
5.244728693680957804e+03
5.251017363532823765e+03
5.257306053061804050e+03
5.263594646124280189e+03
5.269883273315987935e+03
5.276171970995776974e+03
5.282460611935463021e+03
5.288749203253327323e+03
5.295037884088248575e+03
5.301326560785179026e+03
5.307615153596785603e+03
5.313903792603634429e+03
5.320192493340087822e+03
5.326481131045376969e+03
5.332769727650722416e+03
5.339058402985026987e+03
5.345347093281337038e+03
5.351635690977364902e+03
5.357924319346315315e+03
5.364213020036283524e+03
5.370501665975313699e+03
5.376790261200403620e+03
5.383078914036590504e+03
5.389367608024220317e+03
5.395656242069250766e+03
5.401944843488947299e+03
5.408233492053801456e+03
5.414522179837439580e+03
5.420810839512769235e+03
5.427099437609142115e+03
5.433388062274912954e+03
5.439676726193710238e+03
5.445965409230000660e+03
5.452254029115976664e+03
5.458542636194757506e+03
5.464831318905646185e+03
5.471119996132088090e+03
5.477408604616729463e+03
5.483697216778748952e+03
5.489985854285305322e+03
5.496274521505814846e+03
5.502563190981752996e+03
5.508851833760957561e+03
5.515140450734937076e+03
5.521429057124254541e+03
5.527717704383351702e+03
5.534006377486139172e+03
5.540295041425137242e+03
5.546583672820782340e+03
5.552872278041686513e+03
5.559160903445312215e+03
5.565449563555013810e+03
5.571738236680087539e+03
5.578026891841041106e+03
5.584315510593857653e+03
5.590604116719744525e+03
5.596892754531964783e+03
5.603181420902624268e+03
5.609470093512952189e+03
5.615758730564096368e+03
5.622047341056292680e+03
5.628335955349579308e+03
5.634624615172941958e+03
5.640913289627929771e+03
5.647201942919523390e+03
5.653490562557669364e+03
5.659779168113978812e+03
5.666067805506502737e+03
5.672356471423697258e+03
5.678645140198173976e+03
5.684933783653926184e+03
5.691222391066232376e+03
5.697511006433312104e+03
5.703799666448178868e+03
5.710088341201821095e+03
5.716376993782043428e+03
5.722665602928847875e+03
5.728954215206169465e+03
5.735242865765745591e+03
5.741531543867727123e+03
5.747820202410782258e+03
5.754108822503644660e+03
5.760397429092199673e+03
5.766686067851516782e+03
5.772974740693497552e+03
5.779263405558134764e+03
5.785552029627784577e+03
5.791840630582290032e+03
5.798129266193664989e+03
5.804417937135293869e+03
5.810706605461416984e+03
5.816995233553538128e+03
5.823283832998818980e+03
5.829572465681651920e+03
5.835861133362906003e+03
5.842149804728304844e+03
5.848438447532816099e+03
5.854727055979227771e+03
5.861015669328025979e+03
5.867304327109323822e+03
5.873593001484091474e+03
5.879881654212177637e+03
5.886170263158746820e+03
5.892458874021958763e+03
5.898747523621099390e+03
5.905036201706724569e+03
5.911324857271008113e+03
5.917613467886420040e+03
5.923902075193298515e+03
5.930190725077215575e+03
5.936479396558060216e+03
5.942768060333687572e+03
5.949056689961983466e+03
5.955345290895253129e+03
5.961633920668166866e+03
5.967922589169274943e+03
5.974211261857833961e+03
5.980499895895377449e+03
5.986788498731343680e+03
5.993077122962383328e+03
5.999365787239575184e+03
6.005654459385837981e+03
6.011943094527715402e+03
6.018231694979825079e+03
6.024520316293331234e+03
6.030808980395049730e+03
6.037097653971418367e+03
6.043386294438708319e+03
6.049674897508253707e+03
6.055963518163471235e+03
6.062252178557877414e+03
6.068540854031150957e+03
6.074829502628817863e+03
6.081118111497003156e+03
6.087406724536540423e+03
6.093695375775522734e+03
6.099984053887643313e+03
6.106272709761599799e+03
6.112561326650909905e+03
6.118849935432550410e+03
6.125138573799817095e+03
6.131427261024663494e+03
6.137715924881717910e+03
6.144004535023624157e+03
6.150293146991085450e+03
6.156581802575970869e+03
6.162870493676747174e+03
6.169159139958580454e+03
6.175447737734817565e+03
6.181736397357224632e+03
6.188025087033966884e+03
6.194313735441412064e+03
6.200602332080123233e+03
6.206890967199858096e+03
6.213179627669505862e+03
6.219468294284133663e+03
6.225756930142429155e+03
6.232045534474636042e+03
6.238334155666937477e+03
6.244622820488076286e+03
6.250911510795740469e+03
6.257200119311272829e+03
6.263488730539042081e+03
6.269777387213944166e+03
6.276066077858115023e+03
6.282354700994671475e+03
6.288643302296392903e+03
