0.000000000000000000e+00
6.288601328549287217e+00
1.257725034508966644e+01
1.886590764777039553e+01
2.515451885701579471e+01
3.144311408447369871e+01
3.773175360848284043e+01
4.402041375179892668e+01
5.030903657000721552e+01
5.659762868176562023e+01
6.288625641300408375e+01
6.917491880979284247e+01
7.546355296606321872e+01
8.175214588651687109e+01
8.804076290543451933e+01
9.432942171959918198e+01
1.006180659963524562e+02
1.069066643829443137e+02
1.131952704000025847e+02
1.194839233942885386e+02
1.257725772433899323e+02
1.320611834102648174e+02
1.383497814536343640e+02
1.446384264437446348e+02
1.509270849232653688e+02
1.572157016382175527e+02
1.635042948463547532e+02
1.697929284573409916e+02
1.760815906693058537e+02
1.823702189873734767e+02
1.886588108448668777e+02
1.949474337205093946e+02
2.012360945909592260e+02
2.075247334040872715e+02
2.138133285832994659e+02
2.201019400216835038e+02
2.263905963554402376e+02
2.326792459108581852e+02
2.389678475257777279e+02
2.452564493428451158e+02
2.515450992777020645e+02
2.578337553084859906e+02
2.641223661613105378e+02
2.704109615936400246e+02
2.766996008138987122e+02
2.829882618534450103e+02
2.892768843583766056e+02
2.955654761779837258e+02
3.018541049874677924e+02
3.081427669969438625e+02
3.144314000348072682e+02
3.207199930584371828e+02
3.270086103695686575e+02
3.332972691034420905e+02
3.395859136728712997e+02
3.458745115442958991e+02
3.521631179273256862e+02
3.584517721752338275e+02
3.647404248158607629e+02
3.710290303165939463e+02
3.773176290105384396e+02
3.836062735235498167e+02
3.898949323500879132e+02
3.961835490584119270e+02
4.024721419350944984e+02
4.087607765888882341e+02
4.150494388379378279e+02
4.213380658415330231e+02
4.276266578528322384e+02
4.339152812257140113e+02
4.402039415737604031e+02
4.464925807020420621e+02
4.527811757060458149e+02
4.590697871209723075e+02
4.653584448474043711e+02
4.716470934150164567e+02
4.779356942170402363e+02
4.842242969898268257e+02
4.905129461991393214e+02
4.968016020361571918e+02
5.030902131922145486e+02
5.093788082468734615e+02
5.156674483737899664e+02
5.219561098277486053e+02
5.282447308918945055e+02
5.345333230132865765e+02
5.408219523887140667e+02
5.471106134519047828e+02
5.533992468227438621e+02
5.596878398518297217e+02
5.659764567752887388e+02
5.722651169963914981e+02
5.785537608943125178e+02
5.848423578455128791e+02
5.911309654160575064e+02
5.974196187307079526e+02
6.037082708477199731e+02
6.099968769242943836e+02
6.162854751224300571e+02
6.225741202610975051e+02
6.288627798745242217e+02
6.351513952726368188e+02
6.414399884908639251e+02
6.477286237742848698e+02
6.540172846462429561e+02
6.603059120210258470e+02
6.665945041843600620e+02
6.728831269206867773e+02
6.791717886172867793e+02
6.854604272564292842e+02
6.917490213731871336e+02
6.980376341974406387e+02
7.043262910262666310e+02
7.106149387338565475e+02
7.169035402668317829e+02
7.231921424983244151e+02
7.294807921866929519e+02
7.357694489791480237e+02
7.420580589222414574e+02
7.483466543037211522e+02
7.546352952355235857e+02
7.609239551744522032e+02
7.672125764307464806e+02
7.735011688492035091e+02
7.797897974486153316e+02
7.860784596826119923e+02
7.923670928281818533e+02
7.986556851014495351e+02
8.049443033867148642e+02
8.112329629769494659e+02
8.175216057823696474e+02
8.238102034670304192e+02
8.300988105522494607e+02
8.363874640658076487e+02
8.426761171238277939e+02
8.489647221198570151e+02
8.552533206844809683e+02
8.615419668737741858e+02
8.678306249634697451e+02
8.741192401977373265e+02
8.804078339549668044e+02
8.866964684800966552e+02
8.929851302490292255e+02
8.992737575418324241e+02
9.055623489636777776e+02
9.118509730658239505e+02
9.181396345618427404e+02
9.244282718990067451e+02
9.307168666141826634e+02
9.370054792222330207e+02
9.432941358213082594e+02
9.495827843994750310e+02
9.558713851217905813e+02
9.621599875993314299e+02
9.684486385583559240e+02
9.747372939656154358e+02
9.810259035247073598e+02
9.873144996960091930e+02
9.936031399286177930e+02
9.998918002530537024e+02
1.006180421677872687e+03
1.012469013393445152e+03
1.018757643324750916e+03
1.025046305807943781e+03
1.031334937395974976e+03
1.037623530198577782e+03
1.043912148640860323e+03
1.050200807580836909e+03
1.056489451134397314e+03
1.062778048243186049e+03
1.069066655305633731e+03
1.075355310325994196e+03
1.081643962393006404e+03
1.087932566826293623e+03
1.094221166359300696e+03
1.100509811769900352e+03
1.106798469843815838e+03
1.113087085582430291e+03
1.119375678635717577e+03
1.125664314173507137e+03
1.131952976562496588e+03
1.138241602432672153e+03
1.144530194436546026e+03
1.150818818866048787e+03
1.157107479209055100e+03
1.163396117368507248e+03
1.169684711818967344e+03
1.175973324026114597e+03
1.182261982156586328e+03
1.188550630165654866e+03
1.194839230273112889e+03
1.201127833892529679e+03
1.207416483968808052e+03
1.213705138996568621e+03
1.219993749389142522e+03
1.226282344752451081e+03
1.232570985570479024e+03
1.238859646883776350e+03
1.245148267068758514e+03
1.251436859338829663e+03
1.257725489716065113e+03
1.264014150859265101e+03
1.270302783226788279e+03
1.276591375989310336e+03
1.282879993811664235e+03
1.289168654149888880e+03
1.295457297381496574e+03
1.301745893986188548e+03
1.308034502281274172e+03
1.314323156494669320e+03
1.320611807815462271e+03
1.326900413110112595e+03
1.333189011856846264e+03
1.339477657654434324e+03
1.345766316841945354e+03
1.352054931391171294e+03
1.358343525065822632e+03
1.364632161270249526e+03
1.370920822292331422e+03
1.377209448646694000e+03
1.383498040700364299e+03
1.389786664476068609e+03
1.396075326060446741e+03
1.402363963941479597e+03
1.408652557869227394e+03
1.414941171479470313e+03
1.421229829110740184e+03
1.427518476072067187e+03
1.433807076772907521e+03
1.440095679892125872e+03
1.446384330187503110e+03
1.452672986240204636e+03
1.458961595463203594e+03
1.465250191555620177e+03
1.471538833393147115e+03
1.477827493275553934e+03
1.484116113547851000e+03
1.490404706015462352e+03
1.496693335983507041e+03
1.502981997806896288e+03
1.509270629895931961e+03
1.515559222198526641e+03
1.521847841513445019e+03
1.528136501800438509e+03
1.534425143724279224e+03
1.540713740626442359e+03
1.547002348877555050e+03
1.553291003059036939e+03
1.559579655130829224e+03
1.565868259452362281e+03
1.572156858845698935e+03
1.578445505932450715e+03
1.584734163855303450e+03
1.591022778091812597e+03
1.597311372174868211e+03
1.603600008121834207e+03
1.609888669314174194e+03
1.616177295456070169e+03
1.622465887250011065e+03
1.628754512280018616e+03
1.635043174268625762e+03
1.641331810828880407e+03
1.647620404944909069e+03
1.653909018781301256e+03
1.660197675964813016e+03
1.666486323420962208e+03
1.672774923547305434e+03
1.679063527067503856e+03
1.685352178724897385e+03
1.691640833819825502e+03
1.697929442412116032e+03
1.704218039091652827e+03
1.710506680746998200e+03
1.716795340454754751e+03
1.723083960591059622e+03
1.729372552871928747e+03
1.735661183774384199e+03
1.741949846439864587e+03
1.748238477336890810e+03
1.754527069763184727e+03
1.760815689560022520e+03
1.767104348908537077e+03
1.773392991217320287e+03
1.779681587994157780e+03
1.785970196312520329e+03
1.792258851751847487e+03
1.798547503255565971e+03
1.804836106894488466e+03
1.811124707021631366e+03
1.817413353901993105e+03
1.823702011281045316e+03
1.829990625663581568e+03
1.836279219495493408e+03
1.842567856028369761e+03
1.848856518335075407e+03
1.855145143418138559e+03
1.861433735294984217e+03
1.867722361056919226e+03
1.874011021870757304e+03
1.880299658560091984e+03
1.886588252778189599e+03
1.892876866439778723e+03
1.899165524792786982e+03
1.905454172053429829e+03
1.911742771476911457e+03
1.918031375769913211e+03
1.924320027231332006e+03
1.930608681634537788e+03
1.936897290521798368e+03
1.943185886970326692e+03
1.949474528757227972e+03
1.955763189614095381e+03
1.962051808931745427e+03
1.968340401332422289e+03
1.974629033078528209e+03
1.980917694479012653e+03
1.987206325207574082e+03
1.993494917811501864e+03
1.999783537349778953e+03
2.006072197683152581e+03
2.012360839950286618e+03
2.018649436022802092e+03
2.024938045134814956e+03
2.031226700572764003e+03
2.037515351171776956e+03
2.043803955010676873e+03
2.050092555073401854e+03
2.056381201754465565e+03
2.062669860117492135e+03
2.068958473830012736e+03
2.075247067730725121e+03
2.081535705380678337e+03
2.087824366506780734e+03
2.094112991062306264e+03
2.100401583169651531e+03
2.106690208772988626e+03
2.112978870158357040e+03
2.119267506880471046e+03
2.125556100565121142e+03
2.131844714972114161e+03
2.138133373675656458e+03
2.144422019758796523e+03
2.150710619194568608e+03
2.156999223761534267e+03
2.163287874772295709e+03
2.169576529751591352e+03
2.175865138182747614e+03
2.182153734609925777e+03
2.188442377729621967e+03
2.194731037745283629e+03
2.201019656182367271e+03
2.207308248871583601e+03
2.213596880459680960e+03
2.219885542017821081e+03
2.226174172875904333e+03
2.232462765049741847e+03
2.238751385162777751e+03
2.245040046236571015e+03
2.251328687196708415e+03
2.257617283020484138e+03
2.263905892877477072e+03
2.270194547543688259e+03
2.276483198365915086e+03
2.282771802038313581e+03
2.289060402003962281e+03
2.295349050078602886e+03
2.301637707999418581e+03
2.307926320633090654e+03
2.314214915094785283e+03
2.320503552488233709e+03
2.326792213209321289e+03
2.333080838213360494e+03
2.339369430000499051e+03
2.345658055835514006e+03
2.351946718306286130e+03
2.358235353871273219e+03
2.364523947160495027e+03
2.370812562564264226e+03
2.377101220149001165e+03
2.383389866281690502e+03
2.389678466009534532e+03
2.395967070067792520e+03
2.402255722323960981e+03
2.408544377463231285e+03
2.414832984850295361e+03
2.421121581845026867e+03
2.427410224676438702e+03
2.433698883819913590e+03
2.439987503024487069e+03
2.446276095516818714e+03
2.452564726857076494e+03
2.458853389733505537e+03
2.465142019900012656e+03
2.471430611747360217e+03
2.477719232688775719e+03
2.484007892533986251e+03
2.490296533582238226e+03
2.496585130093107637e+03
2.502873738870052875e+03
2.509162394505787233e+03
2.515451046058860811e+03
2.521739648828710870e+03
2.528028249194234377e+03
2.534316896983936203e+03
2.540605553931796294e+03
2.546894167528179423e+03
2.553182761705789744e+03
2.559471398373987540e+03
2.565760060562643957e+03
2.572048685298841065e+03
2.578337276708784430e+03
2.584625903279207250e+03
2.590914564600127051e+03
2.597203200223209478e+03
2.603491794267438763e+03
2.609780408435327445e+03
2.616069066570659288e+03
2.622357713674774004e+03
2.628646312575100183e+03
2.634934917049117757e+03
2.641223569355018299e+03
2.647512223306911892e+03
2.653800831484491482e+03
2.660089428417553336e+03
2.666378070347866469e+03
2.672666730775446013e+03
2.678955349910020686e+03
2.685243941914804054e+03
2.691532574156859482e+03
2.697821236225077882e+03
2.704109866052062443e+03
2.710398458630464120e+03
2.716687078539557206e+03
2.722975738447838467e+03
2.729264380532527866e+03
2.735552976312773808e+03
2.741841585379078879e+03
2.748130241540789939e+03
2.754418891894334138e+03
2.760707495100250071e+03
2.766996095676687219e+03
2.773284742451729471e+03
2.779573400235930421e+03
2.785862013875719640e+03
2.792150607555627175e+03
2.798439245302713516e+03
2.804727907140507341e+03
2.811016531066643893e+03
2.817305123210705915e+03
2.823593749113628746e+03
2.829882410030950723e+03
2.836171046682482483e+03
2.842459640134710298e+03
2.848748254333045224e+03
2.855036913516764344e+03
2.861325559779904324e+03
2.867614158825408140e+03
2.873902763715758738e+03
2.880191414753883237e+03
2.886480069195455144e+03
2.892768677976404888e+03
2.899057274093810975e+03
2.905345916874261547e+03
2.911634577549520145e+03
2.917923195841068718e+03
2.924211788534939842e+03
2.930500420398333972e+03
2.936789081506004095e+03
2.943077712486587188e+03
2.949366304653534371e+03
2.955654924291539373e+03
2.961943585542710935e+03
2.968232227080851317e+03
2.974520822822340506e+03
2.980809432554846808e+03
2.987098087421607033e+03
2.993386737908563191e+03
2.999675342001298304e+03
3.005963941525918926e+03
3.012252588950651443e+03
3.018541247590964758e+03
3.024829860495784487e+03
3.031118454741447295e+03
3.037407092275420382e+03
3.043695752976071617e+03
3.049984378143938102e+03
3.056272970037624418e+03
3.062561595202223543e+03
3.068850257498451356e+03
3.075138893935207761e+03
3.081427487337269667e+03
3.087716102257199054e+03
3.094004760289147725e+03
3.100293406376532857e+03
3.106582006302773607e+03
3.112870610136096275e+03
3.119159261567812791e+03
3.125447917195368063e+03
3.131736525089382667e+03
3.138025121832857621e+03
3.144313764724644443e+03
3.150602424206685555e+03
3.156891043509003794e+03
3.163179636060631310e+03
3.169468266968771786e+03
3.175756929270964065e+03
3.182045560249910068e+03
3.188334152216165421e+03
3.194622772652529875e+03
3.200911433122019389e+03
3.207200074262459111e+03
3.213488670737658140e+03
3.219777279620018362e+03
3.226065934477942847e+03
3.232354586139162166e+03
3.238643189539315699e+03
3.244931789606878738e+03
3.251220437464636689e+03
3.257509094942434785e+03
3.263797708556909583e+03
3.270086302774628166e+03
3.276374939385557354e+03
3.282663600725798460e+03
3.288952226086774772e+03
3.295240817700596381e+03
3.301529443700541378e+03
3.307818105822357211e+03
3.314106741609078654e+03
3.320395335500901183e+03
3.326683949919976385e+03
3.332972607548939777e+03
3.339261254638273385e+03
3.345549854143444918e+03
3.351838458188306049e+03
3.358127110436777002e+03
3.364415765215798729e+03
3.370704373377903721e+03
3.376992970264015639e+03
3.383281612333038083e+03
3.389570272043448767e+03
3.395858891705559927e+03
3.402147483983322672e+03
3.408436115462661292e+03
3.414724778258364495e+03
3.421013408647918823e+03
3.427302001056076278e+03
3.433590621174332682e+03
3.439879280781300622e+03
3.446167922874210035e+03
3.452456519283827220e+03
3.458745127910403880e+03
3.465033783735024372e+03
3.471322435068399500e+03
3.477611038427920903e+03
3.483899638828515890e+03
3.490188285916387940e+03
3.496476943269055482e+03
3.502765557387774152e+03
3.509054151235806785e+03
3.515342788088252291e+03
3.521631450493310240e+03
3.527920075384759912e+03
3.534208667303195853e+03
3.540497293203965455e+03
3.546785954118663085e+03
3.553074590793407879e+03
3.559363184873130649e+03
3.565651798657528616e+03
3.571940457126323054e+03
3.578229104330278915e+03
3.584517703736741169e+03
3.590806308157608328e+03
3.597094959762092913e+03
3.603383614112612122e+03
3.609672222961061379e+03
3.615960819345391428e+03
3.622249461280297055e+03
3.628538122246908642e+03
3.634826741571969706e+03
3.641115334017486930e+03
3.647403965678496206e+03
3.653692627233114763e+03
3.659981258141378476e+03
3.666269850673514156e+03
3.672558470074265642e+03
3.678847130365685643e+03
3.685135772792150419e+03
3.691424369112663044e+03
3.697712977967977622e+03
3.704001633455923184e+03
3.710290284260972840e+03
3.716578888203752740e+03
3.722867488079031773e+03
3.729156134604396811e+03
3.735444793117457721e+03
3.741733407136560800e+03
3.748022001036198162e+03
3.754310638298731192e+03
3.760599299662461817e+03
3.766887924616858982e+03
3.773176516615699256e+03
3.779465142003246910e+03
3.785753803239444096e+03
3.792042440303498097e+03
3.798331034241909038e+03
3.804619648215465531e+03
3.810908306928930415e+03
3.817196953502635097e+03
3.823485553108773729e+03
3.829774157363897757e+03
3.836062808135599880e+03
3.842351463328714544e+03
3.848640072354008225e+03
3.854928668554584874e+03
3.861217311136157605e+03
3.867505971525885798e+03
3.873794590529200832e+03
3.880083183050654497e+03
3.886371814390425243e+03
3.892660475800144013e+03
3.898949107176512371e+03
3.905237699665727632e+03
3.911526319060024434e+03
3.917814980173011008e+03
3.924103621926447431e+03
3.930392218015997514e+03
3.936680827249692811e+03
3.942969481748897579e+03
3.949258132923238918e+03
3.955546737258846861e+03
3.961835336744653887e+03
3.968123984095578180e+03
3.974412642698786840e+03
3.980701256076539266e+03
3.986989850132458741e+03
3.993278487113257597e+03
3.999567147978465982e+03
4.005855773624441099e+03
4.012144365578807538e+03
4.018432990456836251e+03
4.024721652916020957e+03
4.031010289594041751e+03
4.037298883123162796e+03
4.043587497676056500e+03
4.049876155155548076e+03
4.056164801808346965e+03
4.062453402030024790e+03
4.068742005631400389e+03
4.075030657053596769e+03
4.081319312848042500e+03
4.087607921235005506e+03
4.093896517608632166e+03
4.100185159950439811e+03
4.106473819479819213e+03
4.112762439389536667e+03
4.119051031846179285e+03
4.125339662228614543e+03
4.131628324918588987e+03
4.137916956300618040e+03
4.144205548279411232e+03
4.150494168293922485e+03
4.156782828167019943e+03
4.163071469814860393e+03
4.169360066645742336e+03
4.175648674992201450e+03
4.181937329797476195e+03
4.188225981953856717e+03
4.194514585782895665e+03
4.200803185266773653e+03
4.207091832644617170e+03
4.213380490135287801e+03
4.219669104214835897e+03
4.225957698258284836e+03
4.232246334161241975e+03
4.238534996099167984e+03
4.244823621858341539e+03
4.251112213377210537e+03
4.257400838901293355e+03
4.263689500502667215e+03
4.269978136740486661e+03
4.276266730932306928e+03
4.282555344626145597e+03
4.288844002128562352e+03
4.295132649866186512e+03
4.301421249638593508e+03
4.307709853069723977e+03
4.313998504973491436e+03
4.320287159720155614e+03
4.326575768234131829e+03
4.332864364940967789e+03
4.339153006165690385e+03
4.345441666480697677e+03
4.351730286718385287e+03
4.358018878617936934e+03
4.364307509716448294e+03
4.370596172209530778e+03
4.376884802873057197e+03
4.383173395375147265e+03
4.389462014822840501e+03
4.395750674222557791e+03
4.402039316997380411e+03
4.408327913563408401e+03
4.414616521520752940e+03
4.420905177229831679e+03
4.427193828586014206e+03
4.433482432203551070e+03
4.439771032306489360e+03
4.446059678501603230e+03
4.452348336321094393e+03
4.458636951135393247e+03
4.464925544452240501e+03
4.471214180927999223e+03
4.477502843389076588e+03
4.483791468481935226e+03
4.490080060275472533e+03
4.496368685509903116e+03
4.502657346109439459e+03
4.508945983571940815e+03
4.515234577800209991e+03
4.521523190571714622e+03
4.527811849178609918e+03
4.534100496707836101e+03
4.540389096225384492e+03
4.546677700288477354e+03
4.552966350885085376e+03
4.559255005643884942e+03
4.565543615432598017e+03
4.571832211051399099e+03
4.578120852432587526e+03
4.584409513801215326e+03
4.590698133482580488e+03
4.596986725622731683e+03
4.603275356521614412e+03
4.609564017710836197e+03
4.615852649568137167e+03
4.622141242240417341e+03
4.628429860311611264e+03
4.634718520871057990e+03
4.641007163991926063e+03
4.647295760214318761e+03
4.653584368671020457e+03
4.659873023205303070e+03
4.666161674341135949e+03
4.672450279376696017e+03
4.678738878319343712e+03
4.685027524207811439e+03
4.691316183403144350e+03
4.697604797821953071e+03
4.703893391281190816e+03
4.710182027811972148e+03
4.716470688862154930e+03
4.722759314829157120e+03
4.729047906914418490e+03
4.735336530826425587e+03
4.741625192444525965e+03
4.747913830395039440e+03
4.754202424107977095e+03
4.760491037627931291e+03
4.766779695586599701e+03
4.773068342424854563e+03
4.779356943040627812e+03
4.785645546229937281e+03
4.791934196431425335e+03
4.798222852531200260e+03
4.804511461856694041e+03
4.810800057522852512e+03
4.817088699471146356e+03
4.823377359707608775e+03
4.829665979782475006e+03
4.835954572271930374e+03
4.842243202047632622e+03
4.848531863845189037e+03
4.854820496352006558e+03
4.861109088515001531e+03
4.867397707317752065e+03
4.873686367884158244e+03
4.879975010042295253e+03
4.886263606976656774e+03
4.892552215073168554e+03
4.898840868974615660e+03
4.905129521241189650e+03
4.911418125857326231e+03
4.917706724663921705e+03
4.923995371554548001e+03
4.930284030130997962e+03
4.936572644522408154e+03
4.942861238506053269e+03
4.949149874006669961e+03
4.955438535160624269e+03
4.961727162052617132e+03
4.968015753581014906e+03
4.974304377855409257e+03
4.980593040057769031e+03
4.986881677206280074e+03
4.993170271421803591e+03
4.999458884851049334e+03
5.005747541724510484e+03
5.012036189548339280e+03
5.018324790112301343e+03
5.024613392832970021e+03
5.030902044017985645e+03
5.037190699959853191e+03
5.043479309162439677e+03
5.049767905477594468e+03
5.056056546480167526e+03
5.062345206185555071e+03
5.068633827380854200e+03
5.074922419335831364e+03
5.081211049149654173e+03
5.087499711955769271e+03
5.093788343756667928e+03
5.100076936269118960e+03
5.106365555265256262e+03
5.112654214555203907e+03
5.118942857424742215e+03
5.125231454615211078e+03
5.131520061912361598e+03
5.137808716651375107e+03
5.144097369203334893e+03
5.150385973602170452e+03
5.156674573058769056e+03
5.162963219248867063e+03
5.169251876919675851e+03
5.175540492282107152e+03
5.181829085717083217e+03
5.188117721105872079e+03
5.194406383472051857e+03
5.200695009663432756e+03
5.206983601521576929e+03
5.213272226260673051e+03
5.219560887211235240e+03
5.225849524686581390e+03
5.232138119108551109e+03
5.238426731818516600e+03
5.244715389429772586e+03
5.251004037631210849e+03
5.257292637738922167e+03
5.263581241269306702e+03
5.269869892256188905e+03
5.276158547056788848e+03
5.282447156671891207e+03
5.288735752671732371e+03
5.295024393627181780e+03
5.301313054551774258e+03
5.307601674918047138e+03
5.313890267141013283e+03
5.320178897842814877e+03
5.326467559595675084e+03
5.332756191273670083e+03
5.339044783981059481e+03
5.345333402577461129e+03
5.351622062213724348e+03
5.357910705435441741e+03
5.364199302195063865e+03
5.370487910305400874e+03
5.376776565436877718e+03
5.383065216714895541e+03
5.389353821176668134e+03
5.395642420630453671e+03
5.401931066623756124e+03
5.408219725164395641e+03
5.414508339929127033e+03
5.420796933476591221e+03
5.427085569939913512e+03
5.433374231687305837e+03
5.439662857310072468e+03
5.445951449319180028e+03
5.452240073999053493e+03
5.458528734901599819e+03
5.464817372594001426e+03
5.471105966794315464e+03
5.477394580030382713e+03
5.483683238503157554e+03
5.489971885636378829e+03
5.496260485616403457e+03
5.502549089384293438e+03
5.508837739780854463e+03
5.515126395148658048e+03
5.521415004695782045e+03
5.527703600588723930e+03
5.533992242380235439e+03
5.540280903118105925e+03
5.546569522805102679e+03
5.552858115268175425e+03
5.559146746010106654e+03
5.565435407227932046e+03
5.571724039168945637e+03
5.578012631751566914e+03
5.584301250503905976e+03
5.590589911328574999e+03
5.596878553753490451e+03
5.603167150182380283e+03
5.609455758825427438e+03
5.615744412994612503e+03
5.622033064460249989e+03
5.628321669235996524e+03
5.634610268373536201e+03
5.640898914959151625e+03
5.647187573771304415e+03
5.653476187826481691e+03
5.659764781684403715e+03
5.666053418272774252e+03
5.672342079033110167e+03
5.678630705025703719e+03
5.684919297043640654e+03
5.691207921486676241e+03
5.697496583638477205e+03
5.703785220831113293e+03
5.710073814645132188e+03
5.716362428610237657e+03
5.722651085997703376e+03
5.728939732876733615e+03
5.735228333350769390e+03
5.741516936681568950e+03
5.747805587558158550e+03
5.754094243475212352e+03
5.760382852244807509e+03
5.766671448424505797e+03
5.772960090538993427e+03
5.779248750123924765e+03
5.785537370117241153e+03
5.791825962603307744e+03
5.798114592757241553e+03
5.804403255232937227e+03
5.810691886893394440e+03
5.816980479023683984e+03
5.823269098685932477e+03
5.829557758513300541e+03
5.835846400290449310e+03
5.842134997136620768e+03
5.848423605500391204e+03
5.854712259979118244e+03
5.861000912074920052e+03
5.867289516159795312e+03
5.873578115587457432e+03
5.879866762818172901e+03
5.886155420384698118e+03
5.892444034459627801e+03
5.898732628543740248e+03
5.905021264425088702e+03
5.911309926177377747e+03
5.917598552135615137e+03
5.923887143624379860e+03
5.930175769041989952e+03
5.936464430619505947e+03
5.942753066845995818e+03
5.949041660955516818e+03
5.955330274826831555e+03
5.961618932224931086e+03
5.967907579775013801e+03
5.974196179665480486e+03
5.980484783115520258e+03
5.986773435048527972e+03
5.993062089741490126e+03
5.999350698128989279e+03
6.005639294862668066e+03
6.011927936279590540e+03
6.018216596407946781e+03
6.024505216485340497e+03
6.030793808472901219e+03
6.037082439700278883e+03
6.043371102130463441e+03
6.049659732546087071e+03
6.055948324983391103e+03
6.062236944693610894e+03
6.068525604174444197e+03
6.074814246639817611e+03
6.081102843115764699e+03
6.087391451260215945e+03
6.093680107064330514e+03
6.099968758236876965e+03
6.106257361595260591e+03
6.112545961863349476e+03
6.118834608223051873e+03
6.125123265878960410e+03
6.131411880404104522e+03
6.137700473857136785e+03
6.143989110570048069e+03
6.150277772837643170e+03
6.156566397551014234e+03
6.162854989353827477e+03
6.169143614991935465e+03
6.175432275609584394e+03
6.181720912616459827e+03
6.188009506689041700e+03
6.194298119953720743e+03
6.200586778688850245e+03
6.206875425693344368e+03
6.213164024849561429e+03
6.219452629346750655e+03
6.225741280213747814e+03
6.232029934636355392e+03
6.238318543919297554e+03
6.244607139821353485e+03
6.250895781743697626e+03
6.257184442834133733e+03
6.263473061898907872e+03
6.269761654098275358e+03
6.276050285557683310e+03
6.282338946637046320e+03
6.288627577879634373e+03
