0.000000000000000000e+00
6.288619566225886359e+00
1.257727868401336657e+01
1.886594280157399339e+01
2.515456842213425404e+01
3.144318327128307544e+01
3.773183617678241575e+01
4.402050365406651622e+01
5.030913643403788882e+01
5.659774839361662657e+01
6.288639421677903840e+01
6.917506330127307024e+01
7.546370361883008115e+01
8.175231481664214073e+01
8.804095307655337876e+01
9.432962192413590685e+01
1.006182696809083978e+02
1.069068822852820517e+02
1.131955129978825312e+02
1.194841797616247447e+02
1.257728344381507526e+02
1.320614504296602263e+02
1.383500742430344133e+02
1.446387371746016584e+02
1.509273978054475549e+02
1.572160188390837732e+02
1.635046369490586073e+02
1.697932945151140416e+02
1.760819597246731973e+02
1.823705871466370638e+02
1.886592010834775976e+02
1.949478521091139669e+02
2.012365202300871374e+02
2.075251549722414097e+02
2.138137665650073416e+02
2.201024103266167629e+02
2.263910795388731856e+02
2.326797219186998120e+02
2.389683332599784080e+02
2.452569694842346451e+02
2.515456379242633034e+02
2.578342876696016219e+02
2.641229009291748753e+02
2.704115297665438788e+02
2.767001956315851885e+02
2.829888520325736749e+02
2.892774692226211641e+02
2.955660913576425628e+02
3.018547529854848790e+02
3.081434149653233590e+02
3.144320376819447347e+02
3.207206544229039764e+02
3.270093103683375375e+02
3.332979765122661320e+02
3.395866058764495392e+02
3.458752189614839381e+02
3.521638681041212067e+02
3.584525367149672661e+02
3.647411734583898806e+02
3.710297848268401140e+02
3.773184265170137905e+02
3.836070957347323542e+02
3.898957401032037637e+02
3.961843518103927408e+02
4.024729859485342445e+02
4.087616538824843815e+02
4.150503055315394363e+02
4.213389196431438108e+02
4.276275466150482885e+02
4.339162114698849564e+02
4.402048695401169311e+02
4.464934880035465881e+02
4.527821086094285192e+02
4.590707687960638168e+02
4.653594320607513737e+02
4.716480564720466191e+02
4.779366720341857899e+02
4.842253262381498757e+02
4.905139931957336898e+02
4.968026245710579474e+02
5.030912369218159483e+02
5.093798841502390928e+02
5.156685530854755370e+02
5.219571919130920605e+02
5.282458031369471882e+02
5.345344428073960898e+02
5.408231118671086506e+02
5.471117582127235437e+02
5.534003704205368877e+02
5.596890025108549480e+02
5.659776698160624164e+02
5.722663232615833522e+02
5.785549384326636755e+02
5.848435635263941776e+02
5.911322272915417670e+02
5.974208869128224251e+02
6.037095068175046890e+02
6.099981259517871877e+02
6.162867846182438143e+02
6.225754490744648137e+02
6.288640752102128317e+02
6.351526897823723630e+02
6.414413421384510912e+02
6.477300098191626603e+02
6.540186431767897375e+02
6.603072550067344082e+02
6.665959002318737703e+02
6.728845693653524904e+02
6.791732102959791746e+02
6.854618215102153727e+02
6.917504591800169464e+02
6.980391279203337263e+02
7.043277762647860527e+02
7.106163890451666703e+02
7.169050192011043237e+02
7.231936857170669555e+02
7.294823409023007343e+02
7.357709572410559531e+02
7.420595805433371197e+02
7.483482431099494079e+02
7.546369041453197042e+02
7.609255256658840381e+02
7.672141433590297765e+02
7.735028004602417013e+02
7.797914659604015242e+02
7.860800939378254952e+02
7.923687076176881874e+02
7.986573580916008268e+02
8.049460263748994748e+02
8.112346616954715728e+02
8.175232732114573082e+02
8.238119163624955945e+02
8.301005855922625187e+02
8.363892285609283590e+02
8.426778399880528241e+02
8.489664756028505508e+02
8.552551439059587892e+02
8.615437942216070724e+02
8.678324077065121855e+02
8.741210359990441248e+02
8.804097015777513207e+02
8.866983584774711744e+02
8.929869760283208961e+02
8.992755977020335649e+02
9.055642589195907703e+02
9.118529212842145171e+02
9.181415444977924381e+02
9.244301608697398933e+02
9.307188163186344809e+02
9.370074827122691659e+02
9.432961126643608623e+02
9.495847255157860900e+02
9.558733741041907024e+02
9.621620428268909109e+02
9.684506801733713246e+02
9.747392914898071012e+02
9.810279325825634942e+02
9.873166017733043418e+02
9.936052467190435209e+02
9.998938585626709710e+02
1.006182492091511335e+03
1.012471159857234511e+03
1.018759812042819703e+03
1.025048426445753648e+03
1.031337052864960015e+03
1.037625717408921219e+03
1.043914375949300393e+03
1.050202994814109843e+03
1.056491614985621254e+03
1.062780274732467433e+03
1.069068938359698222e+03
1.075357563269235015e+03
1.081646178524122206e+03
1.087934832194684532e+03
1.094223499374986432e+03
1.100512131336322909e+03
1.106800743508833193e+03
1.113089390160874473e+03
1.119378059166241883e+03
1.125666698612989421e+03
1.131955309814173461e+03
1.138243948900395708e+03
1.144532617882763361e+03
1.150821264812506342e+03
1.157109877179024352e+03
1.163398508690196422e+03
1.169687175782278700e+03
1.175975829741380721e+03
1.182264445247496269e+03
1.188553069801639140e+03
1.194841733230317232e+03
1.201130393278847350e+03
1.207419013641561378e+03
1.213707632347059416e+03
1.219996290560477291e+03
1.226284955340461920e+03
1.232573582001228488e+03
1.238862196304242389e+03
1.245150848109008621e+03
1.251439515982619469e+03
1.257728149914596315e+03
1.264016761633589795e+03
1.270305406254064565e+03
1.276594075427948383e+03
1.282882716965879354e+03
1.289171328216977372e+03
1.295459965291043773e+03
1.301748633914475704e+03
1.308037282844630454e+03
1.314325895812517501e+03
1.320614525418330231e+03
1.326903191673747870e+03
1.333191847366339516e+03
1.339480464054898675e+03
1.345769086861354708e+03
1.352057749048452706e+03
1.358346410481324710e+03
1.364635032495349151e+03
1.370923649782570692e+03
1.377212306411729514e+03
1.383500972189103095e+03
1.389789600734390660e+03
1.396078214161542974e+03
1.402366864084553754e+03
1.408655532515619143e+03
1.414944168420738151e+03
1.421232779869189471e+03
1.427521422412633001e+03
1.433810091648299704e+03
1.440098735199824205e+03
1.446387346730756235e+03
1.452675981733350000e+03
1.458964649891422368e+03
1.465253300768100871e+03
1.471541914497405287e+03
1.477830542243335458e+03
1.484119207527846129e+03
1.490407864920566226e+03
1.496696482839783584e+03
1.502985104064494863e+03
1.509273764862308553e+03
1.515562427605319044e+03
1.521851051314509277e+03
1.528139667336700768e+03
1.534428322278879477e+03
1.540716988913034584e+03
1.547005619453656436e+03
1.553294232084933356e+03
1.559582880115972557e+03
1.565871548937511761e+03
1.572160186892682759e+03
1.578448798163477022e+03
1.584737438665960781e+03
1.591026107815140449e+03
1.597314753337414231e+03
1.603603365325353252e+03
1.609891998253770225e+03
1.616180665840618985e+03
1.622469318551995002e+03
1.628757933261345897e+03
1.635046559130495552e+03
1.641335223359447355e+03
1.647623882356114336e+03
1.653912501637209971e+03
1.660201121378214566e+03
1.666489780682438777e+03
1.672778444661528283e+03
1.679067070071971330e+03
1.685355685034845465e+03
1.691644338166288890e+03
1.697933005561448226e+03
1.704221638102491852e+03
1.710510250117710257e+03
1.716798896186047386e+03
1.723087565251879369e+03
1.729376205315535799e+03
1.735664816508334752e+03
1.741953455010824428e+03
1.748242123903391075e+03
1.754530771418914128e+03
1.760819383949822623e+03
1.767108014893897689e+03
1.773396681759694502e+03
1.779685336226189065e+03
1.785973952072538395e+03
1.792262576098944692e+03
1.798551239181927713e+03
1.804839899646075310e+03
1.811128520478898054e+03
1.817417138760489706e+03
1.823705796519479009e+03
1.829994461608798929e+03
1.836283088802968678e+03
1.842571702844557876e+03
1.848860354101606163e+03
1.855149022155137573e+03
1.861437656657585649e+03
1.867726268282266346e+03
1.874014912298230684e+03
1.880303581504028671e+03
1.886592223637878533e+03
1.892880834945598963e+03
1.899169471421446588e+03
1.905458139920557869e+03
1.911746789428285865e+03
1.918035402595875667e+03
1.924324031659219827e+03
1.930612697644571199e+03
1.936901353838645491e+03
1.943189970877525639e+03
1.949478593206650203e+03
1.955767255004125900e+03
1.962055916826085195e+03
1.968344539333894545e+03
1.974633156230422401e+03
1.980921812381123800e+03
1.987210478422303595e+03
1.993499107542799948e+03
1.999787720724863220e+03
2.006076370099222459e+03
2.012365038662823281e+03
2.018653675157374892e+03
2.024942286545645402e+03
2.031230928487350184e+03
2.037519597716672934e+03
2.043808241844489203e+03
2.050096853494399056e+03
2.056385487887572253e+03
2.062674155893303123e+03
2.068962807317245733e+03
2.075251421309185844e+03
2.081540048510054930e+03
2.087828713496091950e+03
2.094117371365271993e+03
2.100405989663500804e+03
2.106694610449349511e+03
2.112983270819770041e+03
2.119271933934127901e+03
2.125560558137636235e+03
2.131849173829399660e+03
2.138137828254735723e+03
2.144426495121281732e+03
2.150715126250200228e+03
2.157003738677733963e+03
2.163292386146023091e+03
2.169581055053076852e+03
2.175869693621819806e+03
2.182158304854962807e+03
2.188446944771085782e+03
2.194735613863740127e+03
2.201024259965982310e+03
2.207312872105227598e+03
2.213601504440923691e+03
2.219890171835222191e+03
2.226178825066629088e+03
2.232467440096929749e+03
2.238756065417357149e+03
2.245044729323189586e+03
2.251333388765042400e+03
2.257622008481217563e+03
2.263910627791930892e+03
2.270199286649132318e+03
2.276487950970144993e+03
2.282776576889296848e+03
2.289065191572200092e+03
2.295353844158950778e+03
2.301642511760621346e+03
2.307931144877746192e+03
2.314219756755658636e+03
2.320508402231268064e+03
2.326797071349868020e+03
2.333085712026967485e+03
2.339374323228484627e+03
2.345662961143788834e+03
2.351951629934275388e+03
2.358240278036501422e+03
2.364528890739185954e+03
2.370817521124203267e+03
2.377106187747916010e+03
2.383394842724898353e+03
2.389683458916562358e+03
2.395972082426629186e+03
2.402260745149088507e+03
2.408549406021169489e+03
2.414838027337338190e+03
2.421126645198931783e+03
2.427415302495664037e+03
2.433703967881140670e+03
2.439992595625654303e+03
2.446281209408080485e+03
2.452569860112706920e+03
2.458858528334140829e+03
2.465147163413743783e+03
2.471435774956640671e+03
2.477724418361766311e+03
2.484013087589331917e+03
2.490301730315331042e+03
2.496590341700722092e+03
2.502878977568605933e+03
2.509167645933036965e+03
2.515456296015061071e+03
2.521744909400645611e+03
2.528033537918109232e+03
2.534322203620419714e+03
2.540610860315778609e+03
2.546899477712986481e+03
2.553188099574978878e+03
2.559476760967470000e+03
2.565765423175480464e+03
2.572054046180019668e+03
2.578342662700466462e+03
2.584631318359952274e+03
2.590919984654125983e+03
2.597208614359266903e+03
2.603497227303269938e+03
2.609785876124522019e+03
2.616074544806520862e+03
2.622363181900396739e+03
2.628651793234113939e+03
2.634940434576296866e+03
2.641229103784053677e+03
2.647517748489492988e+03
2.653806360271408266e+03
2.660094994053233677e+03
2.666383661894147735e+03
2.672672313858797679e+03
2.678960928134657479e+03
2.685249554782685209e+03
2.691538219461177505e+03
2.697826877809187863e+03
2.704115496501547568e+03
2.710404116851475919e+03
2.716692776785543174e+03
2.722981440265413767e+03
2.729270064964230187e+03
2.735558680342338448e+03
2.741847334239384509e+03
2.748136001330999079e+03
2.754424633046221061e+03
2.760713245287313839e+03
2.767001892183175187e+03
2.773290561164184965e+03
2.779579200351172858e+03
2.785867811556486231e+03
2.792156450887604933e+03
2.798445119908498782e+03
2.804733766593469682e+03
2.811022378888975709e+03
2.817311010641213215e+03
2.823599677828422045e+03
2.829888331573828054e+03
2.836176946934902389e+03
2.842465571712670680e+03
2.848754235287026404e+03
2.855042895160034732e+03
2.861331515325503005e+03
2.867620134208531908e+03
2.873908792615145558e+03
2.880197457264053810e+03
2.886486083700583549e+03
2.892774698112831629e+03
2.899063350151813211e+03
2.905352017949358924e+03
2.911640651638474537e+03
2.917929263398555122e+03
2.924217908275735681e+03
2.930506577437610758e+03
2.936795218720104458e+03
2.943083829949423034e+03
2.949372467275299641e+03
2.955661135953287157e+03
2.961949784638127312e+03
2.968238397521733532e+03
2.974527027358197302e+03
2.980815693728530732e+03
2.987104349209007069e+03
2.993392965746049867e+03
2.999681588758414364e+03
3.005970251110845311e+03
3.012258912378976220e+03
3.018547534181164792e+03
3.024836151636060094e+03
3.031124808468997344e+03
3.037413474133565160e+03
3.043702102435371216e+03
3.049990715965843719e+03
3.056279366124324952e+03
3.062568034497896861e+03
3.068856670153617415e+03
3.075145281625992538e+03
3.081433924427507463e+03
3.087722593665931527e+03
3.094011236971344260e+03
3.100299848452540573e+03
3.106588483714659560e+03
3.112877151938465886e+03
3.119165802579725550e+03
3.125454416199582738e+03
3.131743044176285366e+03
3.138031709589767615e+03
3.144320366776294577e+03
3.150608984535236686e+03
3.156897605947065131e+03
3.163186266926299140e+03
3.169474929512596191e+03
3.175763553010055602e+03
3.182052169175037761e+03
3.188340824335324214e+03
3.194629490871902362e+03
3.200918121162194893e+03
3.207206733881436776e+03
3.213495382150041678e+03
3.219784050935078994e+03
3.226072688631908022e+03
3.232361299917589349e+03
3.238649940669120951e+03
3.244938609841055495e+03
3.251227255120415521e+03
3.257515867042986429e+03
3.263804500223199739e+03
3.270093167890120185e+03
3.276381820381982379e+03
3.282670434956622557e+03
3.288959061056225437e+03
3.295247725422750136e+03
3.301536384230098975e+03
3.307825003329988249e+03
3.314113623250862929e+03
3.320402282746344554e+03
3.326690946580157288e+03
3.332979571774699707e+03
3.339268186857087130e+03
3.345556840221361199e+03
3.351845507529034876e+03
3.358134139822163888e+03
3.364422751898564002e+03
3.370711398218360955e+03
3.377000067263016717e+03
3.383288707063030870e+03
3.389577318253881913e+03
3.395865957005692053e+03
3.402154625941673203e+03
3.408443273207569291e+03
3.414731885663830781e+03
3.421020516847354884e+03
3.427309183814213611e+03
3.433597838067411431e+03
3.439886453764822363e+03
3.446175078012828180e+03
3.452463741247245252e+03
3.458752401538178674e+03
3.465041022166281891e+03
3.471329640625745469e+03
3.477618298581347062e+03
3.483906963543306119e+03
3.490195590506238204e+03
3.496484204655640497e+03
3.502772856147425955e+03
3.509061524128939709e+03
3.515350158387509964e+03
3.521638770047045455e+03
3.527927414321583910e+03
3.534216083518334926e+03
3.540504725399031940e+03
3.546793336676450963e+03
3.553081973408086924e+03
3.559370641964648257e+03
3.565659291227116682e+03
3.571947904304303847e+03
3.578236533597204470e+03
3.584525199701912243e+03
3.590813855684349164e+03
3.597102472570476039e+03
3.603391095099219456e+03
3.609679757067175160e+03
3.615968418725650281e+03
3.622257041019901408e+03
3.628545658078748602e+03
3.634834314437479861e+03
3.641122980369800644e+03
3.647411609241389215e+03
3.653700222524193578e+03
3.659988872134882058e+03
3.666277540646648049e+03
3.672566176886820813e+03
3.678854788296494462e+03
3.685143430495941629e+03
3.691432099732474398e+03
3.697720743613745526e+03
3.704009355207424051e+03
3.710297989861259794e+03
3.716586657936339634e+03
3.722875309127442051e+03
3.729163923001046442e+03
3.735452550434759360e+03
3.741741215552534413e+03
3.748029873221919388e+03
3.754318491352811179e+03
3.760607112324018090e+03
3.766895772881141511e+03
3.773184435839270463e+03
3.779473059828059377e+03
3.785761675656449825e+03
3.792050330306267824e+03
3.798338997077134081e+03
3.804627627952759212e+03
3.810916240461944653e+03
3.817204888173096606e+03
3.823493557048093408e+03
3.829782195353378938e+03
3.836070806598168474e+03
3.842359446764223321e+03
3.848648115885810967e+03
3.854936761740848397e+03
3.861225373811301779e+03
3.867514006397756930e+03
3.873802673879320992e+03
3.880091326890556047e+03
3.886379941779046931e+03
3.892668567331626036e+03
3.898957231379486529e+03
3.905245890634499574e+03
3.911534510159514866e+03
3.917823129652321768e+03
3.924111788704129594e+03
3.930400452882014633e+03
3.936689078579701345e+03
3.942977693378838921e+03
3.949266346202248315e+03
3.955555013718866576e+03
3.961843646587829880e+03
3.968132258518987328e+03
3.974420904251464890e+03
3.980709573351310155e+03
3.986998213764858519e+03
3.993286824957041972e+03
3.999575463125712304e+03
4.005864131964847275e+03
4.012152779814776750e+03
4.018441392439113770e+03
4.024730023063476892e+03
4.031018689796860599e+03
4.037307344555501004e+03
4.043595960594605003e+03
4.049884584324254320e+03
4.056173247206082124e+03
4.062461907905036242e+03
4.068750529008786998e+03
4.075039147048741597e+03
4.081327804548108816e+03
4.087616469809337559e+03
4.093905097312882390e+03
4.100193711203763996e+03
4.106482362147940876e+03
4.112771030301276369e+03
4.119059665130580470e+03
4.125348276704165073e+03
4.131636920373098292e+03
4.137925589595773090e+03
4.144214232067203739e+03
4.150502843413381925e+03
4.156791479543891910e+03
4.163080147970508733e+03
4.169368797806712791e+03
4.175657411093126029e+03
4.181946039844567167e+03
4.188234705672080054e+03
4.194523362153959170e+03
4.200811979393665752e+03
4.207100601452972114e+03
4.213389263023754211e+03
4.219677925068194781e+03
4.225966547856946818e+03
4.232255164534693904e+03
4.238543820408982356e+03
4.244832486597910247e+03
4.251121116049166631e+03
4.257409729091292320e+03
4.263698378152535952e+03
4.269987046787910003e+03
4.276275683621825920e+03
4.282564294975083612e+03
4.288852936575097374e+03
4.295141605796974545e+03
4.301430250253811209e+03
4.307718861974155516e+03
4.314007496018262827e+03
4.320296163934080141e+03
4.326584815667987641e+03
4.332873429816186217e+03
4.339162056701447000e+03
4.345450721515381701e+03
4.351739379661981729e+03
4.358027998179770293e+03
4.364316618715367440e+03
4.370605278840961546e+03
4.376893942166319903e+03
4.383182566648643842e+03
4.389471182157526528e+03
4.395759836286430073e+03
4.402048503284369872e+03
4.408337134745781441e+03
4.414625747062431401e+03
4.420914394207758050e+03
4.427203063160977763e+03
4.433491702080195864e+03
4.439780313293254949e+03
4.446068952877604715e+03
4.452357621933393602e+03
4.458646268366428558e+03
4.464934880590781177e+03
4.471223512593982377e+03
4.477512179875529910e+03
4.483800833399975090e+03
4.490089448613897730e+03
4.496378073625377510e+03
4.502666737347470189e+03
4.508955397036392242e+03
4.515244017002229157e+03
4.521532636069161526e+03
4.527821294674541605e+03
4.534109959184164836e+03
4.540398585392491441e+03
4.546687199919304476e+03
4.552975852198533175e+03
4.559264519914419907e+03
4.565553153353527705e+03
4.571841765159969327e+03
4.578130410299769210e+03
4.584419079446149226e+03
4.590707720465144121e+03
4.596996331676999944e+03
4.603284969261187143e+03
4.609573637992377371e+03
4.615862286423042860e+03
4.622150899223584929e+03
4.628439529298170783e+03
4.634728195783420233e+03
4.641016851045456860e+03
4.647305467429267082e+03
4.653594090655252330e+03
4.659882753172375487e+03
4.666171414270863352e+03
4.672460035858615811e+03
4.678748653487427873e+03
4.685037310524894565e+03
4.691325976072108460e+03
4.697614604128768406e+03
4.703903217765718182e+03
4.710191868162778519e+03
4.716480536474948167e+03
4.722769171878742782e+03
4.729057783377934356e+03
4.735346426442660231e+03
4.741635095680912855e+03
4.747923738734424660e+03
4.754212350168502780e+03
4.760500985694967312e+03
4.766789653984489632e+03
4.773078304383642717e+03
4.779366917895855295e+03
4.785655546108074304e+03
4.791944211651694786e+03
4.798232868625854280e+03
4.804521486223075954e+03
4.810810107828480795e+03
4.817098768992051191e+03
4.823387431415579158e+03
4.829676054696299616e+03
4.835964671011443897e+03
4.842253326392195959e+03
4.848541992826889327e+03
4.854830622860240510e+03
4.861119235673074400e+03
4.867407884184409340e+03
4.873696552928784513e+03
4.879985190360886918e+03
4.886273801663450286e+03
4.892562442671898680e+03
4.898851111864040831e+03
4.905139756893181584e+03
4.911428368750055597e+03
4.917717002191935535e+03
4.924005669939734616e+03
4.930294322202796138e+03
4.936582936641689230e+03
4.942871562980260023e+03
4.949160227486146141e+03
4.955448886095847229e+03
4.961737505012896690e+03
4.968026125119160497e+03
4.974314784808909280e+03
4.980603448491337986e+03
4.986892073466861802e+03
4.993180688674110570e+03
4.999469342273309849e+03
5.005758009490305994e+03
5.012046641530602756e+03
5.018335253673335501e+03
5.024623900246532685e+03
5.030912569267680738e+03
5.037201208799990127e+03
5.043489819992019875e+03
5.049778458997519920e+03
5.056067127975315088e+03
5.062355774987157019e+03
5.068644387369038668e+03
5.074933018800107675e+03
5.081221685868222266e+03
5.087510339900428335e+03
5.093798955447177832e+03
5.100087579924496822e+03
5.106376243311819053e+03
5.112664903422839416e+03
5.118953523844834308e+03
5.125242142486757984e+03
5.131530800642296526e+03
5.137819465471574404e+03
5.144108092201180625e+03
5.150396706462063776e+03
5.156685358194813489e+03
5.162974026100281662e+03
5.169262660108554883e+03
5.175551271807112244e+03
5.181839916347053986e+03
5.188128585532641409e+03
5.194417227152075611e+03
5.200705838402636800e+03
5.206994475395375048e+03
5.213283144008691124e+03
5.219571793019853430e+03
5.225860406007450365e+03
5.232149035537147029e+03
5.238437701762442885e+03
5.244726357526757056e+03
5.251014974257032918e+03
5.257303596993621795e+03
5.263592259133357402e+03
5.269880920624173996e+03
5.276169542701018145e+03
5.282458159928808527e+03
5.288746816497526197e+03
5.295035482317231072e+03
5.301324110937333899e+03
5.307612724324741976e+03
5.313901374175793535e+03
5.320190042632063523e+03
5.326478678615774697e+03
5.332767290048727773e+03
5.339055932511327228e+03
5.345344601753711686e+03
5.351633245384006841e+03
5.357921856923274390e+03
5.364210491843072305e+03
5.370499159987424719e+03
5.376787810940438249e+03
5.383076424697452239e+03
5.389365052368334545e+03
5.395653717619653435e+03
5.401942375080090642e+03
5.408230993043864146e+03
5.414519614205729340e+03
5.420808274952027205e+03
5.427096937749972312e+03
5.433385561521270574e+03
5.439674177492718627e+03
5.445962832370950309e+03
5.452251499042325122e+03
5.458540129659039849e+03
5.464828742255771431e+03
5.471117390214330953e+03
5.477406059054315847e+03
5.483694697090249974e+03
5.489983308348749233e+03
5.496271948772835458e+03
5.502560617921342782e+03
5.508849263522529327e+03
5.515137875523704679e+03
5.521426508370905140e+03
5.527715175938399625e+03
5.534003828722228718e+03
5.540292443467214071e+03
5.546581069260167169e+03
5.552869733452581386e+03
5.559158392513134459e+03
5.565447011845773886e+03
5.571735631525527424e+03
5.578024290775454574e+03
5.584312954805774098e+03
5.590601580279061636e+03
5.596890195198930087e+03
5.603178848262791689e+03
5.609467515691326298e+03
5.615756148305996248e+03
5.622044760295591914e+03
5.628333406288638798e+03
5.634622075368782134e+03
5.640910715511839044e+03
5.647199326698006189e+03
5.653487965124757466e+03
5.659776634011011993e+03
5.666065281603360745e+03
5.672353894149326152e+03
5.678642525018884044e+03
5.684931191860133367e+03
5.691219846396847061e+03
5.697508462281413813e+03
5.703797086237598705e+03
5.710085749280188793e+03
5.716374409800975627e+03
5.722663030690134292e+03
5.728951648912984638e+03
5.735240306617236456e+03
5.741528971750137316e+03
5.747817599011040329e+03
5.754106213013183151e+03
5.760394864201842211e+03
5.766683532283600471e+03
5.772972166858168748e+03
5.779260778465109979e+03
5.785549422403945755e+03
5.791838091619517400e+03
5.798126733829374643e+03
5.804415345139196688e+03
5.810703981537370964e+03
5.816992650025918920e+03
5.823281299608474910e+03
5.829569912796545395e+03
5.835858541787862123e+03
5.842147207743198123e+03
5.848435864004714858e+03
5.854724481083528190e+03
5.861013103348138429e+03
5.867301765099950899e+03
5.873590426975836635e+03
5.879879049541962559e+03
5.886167666384702898e+03
5.892456322477862159e+03
5.898744988556960379e+03
5.905033617748204051e+03
5.911322230893330016e+03
5.917610880200603788e+03
5.923899548786535888e+03
5.930188185354168127e+03
5.936476796728505178e+03
5.942765438595667547e+03
5.949054107829044369e+03
5.955342752029964686e+03
5.961631363688903548e+03
5.967919998004425906e+03
5.974208665996032323e+03
5.980497317489820489e+03
5.986785931509894908e+03
5.993074558639048519e+03
5.999363223592949907e+03
6.005651881529638558e+03
6.011940499869909218e+03
6.018229120597547990e+03
6.024517780919974939e+03
6.030806444084236318e+03
6.037095068343570347e+03
6.043383683990580721e+03
6.049672338355561806e+03
6.055961005255593591e+03
6.062249636453705534e+03
6.068538248850698437e+03
6.074826896251383005e+03
6.081115565174711264e+03
6.087404203817586676e+03
6.093692815039638845e+03
6.099981454884958112e+03
6.106270123975775277e+03
6.112558770149311385e+03
6.118847382300100435e+03
6.125136014562588571e+03
6.131424681938901813e+03
6.137713335234941042e+03
6.144001950298123120e+03
6.150290575549648565e+03
6.156579239421755119e+03
6.162867898919858817e+03
6.169156518683174909e+03
6.175445137938323569e+03
6.181733796746281769e+03
6.188022461112003839e+03
6.194311087088088243e+03
6.200599701732560789e+03
6.206888354258148865e+03
6.213177021889058778e+03
6.219465655071545370e+03
6.225754266928010111e+03
6.232042912335399706e+03
6.238331581465546151e+03
6.244620222213216948e+03
6.250908833409871477e+03
6.257197471256264180e+03
6.263486140040395185e+03
6.269774788211712803e+03
6.276063400928042938e+03
6.282352031247124614e+03
6.288640697848494710e+03
