0.000000000000000000e+00
6.288591938954265714e+00
1.257727154087370280e+01
1.886595990986757698e+01
2.515456345827027818e+01
3.144314422640515616e+01
3.773181018461711744e+01
4.402050032107546684e+01
5.030911200769834579e+01
5.659768845291510786e+01
6.288634731520407684e+01
6.917504551006710756e+01
7.546367354787136605e+01
8.175224588584494256e+01
8.804089104688073064e+01
9.432958645105281903e+01
1.006182229813402955e+02
1.069067930146526351e+02
1.131954272602401375e+02
1.194841255539357263e+02
1.257727766199739960e+02
1.320613517318112713e+02
1.383499733071752473e+02
1.446386683864700444e+02
1.509273295388781548e+02
1.572159052401235897e+02
1.635045143478803027e+02
1.697932035811680862e+02
1.760818748088522341e+02
1.823704600087241658e+02
1.886590599812688254e+02
1.949477460812108518e+02
2.012364276687338531e+02
2.075250213863046724e+02
2.138136083642297933e+02
2.201022825825497478e+02
2.263909687339871084e+02
2.326795712839642647e+02
2.389681535615806069e+02
2.452568219780242771e+02
2.515455174362807611e+02
2.578341346518113255e+02
2.641227089858971908e+02
2.704113637601849405e+02
2.767000581914562645e+02
2.829886838393173889e+02
2.892772555358758950e+02
2.955659009188340178e+02
3.018546006731953639e+02
3.081432423655252251e+02
3.144318144202328540e+02
3.207204467634147704e+02
3.270091434657909417e+02
3.332977937368214043e+02
3.395863659957628897e+02
3.458749860209537701e+02
3.521636806190086304e+02
3.584523435070724986e+02
3.647409229500054266e+02
3.710295324430512096e+02
3.773182240435468771e+02
3.836068974571629155e+02
3.898954815651612762e+02
3.961840786140418800e+02
4.024727603641561586e+02
4.087614400513488704e+02
4.150500341566743145e+02
4.213386233163348038e+02
4.276273013619086214e+02
4.339159917724738875e+02
4.402045976002028738e+02
4.464931769732910425e+02
4.527818414054543155e+02
4.590705331040637702e+02
4.653591470549924338e+02
4.716477227256355036e+02
4.779363789011485437e+02
4.842250778856998750e+02
4.905137087230087900e+02
4.968022801404255802e+02
5.030909238713343825e+02
5.093796206069940808e+02
5.156682593192600734e+02
5.219568299223382155e+02
5.282454612873250426e+02
5.345341589696103028e+02
5.408228121530090675e+02
5.471113873431328329e+02
5.534000073992799571e+02
5.596887026717354274e+02
5.659773660859702886e+02
5.722659435507671333e+02
5.785545505736163250e+02
5.848432382255477933e+02
5.911319106653517110e+02
5.974204974453426757e+02
6.037090952137374416e+02
6.099977802203671899e+02
6.162864637564850909e+02
6.225750589384135765e+02
6.288636455229964213e+02
6.351523177183140660e+02
6.414410038418783415e+02
6.477296093271867221e+02
6.540181894996832170e+02
6.603068560199210424e+02
6.665955523823648718e+02
6.728841717640327715e+02
6.791727459510816516e+02
6.854613979472031815e+02
6.917500927203358287e+02
6.980387202554492205e+02
7.043272922381859189e+02
7.106159340529078463e+02
7.169046336626704488e+02
7.231932786575112004e+02
7.294818505076476640e+02
7.357704804369841440e+02
7.420591758743526043e+02
7.483478277275123673e+02
7.546364021690409345e+02
7.609250179713370699e+02
7.672137115761493078e+02
7.735023779761284004e+02
7.797909592565295043e+02
7.860795655719807655e+02
7.923682544722921648e+02
7.986569295074742740e+02
8.049455162157970562e+02
8.112341101131065670e+02
8.175227887977865748e+02
8.238114712359359828e+02
8.301000699293658727e+02
8.363886557807263671e+02
8.426773304030151621e+02
8.489660221169900751e+02
8.552546307595957842e+02
8.615432086618220637e+02
8.678318678394014114e+02
8.741205603690923454e+02
8.804091801445696319e+02
8.866977540033989271e+02
8.929864067114982618e+02
8.992751065376168071e+02
9.055637411042179110e+02
9.118523127067055611e+02
9.181409503280539184e+02
9.244296453711073127e+02
9.307182885408749371e+02
9.370068605246214020e+02
9.432954873920002683e+02
9.495841854185219972e+02
9.558728444051295128e+02
9.621614206211820601e+02
9.684500355523094868e+02
9.747387271318965531e+02
9.810273923011139914e+02
9.873159736336381229e+02
9.936045752970748026e+02
9.998932624794365438e+02
1.006181940492803278e+03
1.012470530671579240e+03
1.018759124819573458e+03
1.025047805356555500e+03
1.031336490300637934e+03
1.037625089407019914e+03
1.043913672217929161e+03
1.050202341036430425e+03
1.056491030631046215e+03
1.062779641751032386e+03
1.069068219071617250e+03
1.075356882245579527e+03
1.081645579812522328e+03
1.087934202749387168e+03
1.094222776108003927e+03
1.100511422379252735e+03
1.106800118093911351e+03
1.113088751917293848e+03
1.119377322792331597e+03
1.125665961609580108e+03
1.131954661898950235e+03
1.138243310880431636e+03
1.144531883781156012e+03
1.150820508183757966e+03
1.157109202652686008e+03
1.163397858953575223e+03
1.169686434694835498e+03
1.175975047203039594e+03
1.182263740571352855e+03
1.188552410799622521e+03
1.194840993685502781e+03
1.201129596685400656e+03
1.207418283586741609e+03
1.213706960916050548e+03
1.219995551095061728e+03
1.226284141467927839e+03
1.232572819657597393e+03
1.238861504935370476e+03
1.245150105374686973e+03
1.251438689827328517e+03
1.257727361919737177e+03
1.264016055031591577e+03
1.270304667195372531e+03
1.276593243148587135e+03
1.282881901043789867e+03
1.289170594699029834e+03
1.295459217379114762e+03
1.301747789746843864e+03
1.308036440451286580e+03
1.314325140944481745e+03
1.320613777611608384e+03
1.326902349832545269e+03
1.333190985016957029e+03
1.339479681265015870e+03
1.345768327327078850e+03
1.352056898506652487e+03
1.358345523524176315e+03
1.364634220767694615e+03
1.370922881201818200e+03
1.377211458273478911e+03
1.383500071770248724e+03
1.389788763842712115e+03
1.396077431889998934e+03
1.402366014267426181e+03
1.408654613616714641e+03
1.414943299195687132e+03
1.421231977746910161e+03
1.427520568646372567e+03
1.433809161859622463e+03
1.440097841738587249e+03
1.446386528514452948e+03
1.452675130129251329e+03
1.458963711530560886e+03
1.465252378777781360e+03
1.471541068299925882e+03
1.477829680131224677e+03
1.484118256981682407e+03
1.490406918169396249e+03
1.496695616211474999e+03
1.502984241863501438e+03
1.509272814596376747e+03
1.515561459950512699e+03
1.521850155336824855e+03
1.528138790269189258e+03
1.534427360695907282e+03
1.540715997256244464e+03
1.547004696803818433e+03
1.553293347213593961e+03
1.559581921385342184e+03
1.565870543594245873e+03
1.572159237462428791e+03
1.578447896183710327e+03
1.584736471644345329e+03
1.591025082193771595e+03
1.597313773606366340e+03
1.603602445298529119e+03
1.609891030499113867e+03
1.616179630894823276e+03
1.622468316113123365e+03
1.628756995056559845e+03
1.635045587119657512e+03
1.641334174897539697e+03
1.647622850382043907e+03
1.653911537239062000e+03
1.660200140239329357e+03
1.666488723642125024e+03
1.672777392198525149e+03
1.679066085831817645e+03
1.685354701592443007e+03
1.691643274995369893e+03
1.697931929810196607e+03
1.704220623568451174e+03
1.710509249553576183e+03
1.716797822258650967e+03
1.723086468933569222e+03
1.729375169109773651e+03
1.735663810077753851e+03
1.741952381864707149e+03
1.748241012119229254e+03
1.754529706600090549e+03
1.760818356457474692e+03
1.767106928798196350e+03
1.773395550345762786e+03
1.779684246632004488e+03
1.785972911223080700e+03
1.792261491270676743e+03
1.798550098547704920e+03
1.804838786929265552e+03
1.811127457789783648e+03
1.817416041973494885e+03
1.823704638849061212e+03
1.829993322472025739e+03
1.836282005272822971e+03
1.842570601698686232e+03
1.848859189897407077e+03
1.855147864878705604e+03
1.861436552909146485e+03
1.867725157437473399e+03
1.874013735930695248e+03
1.880302399907028985e+03
1.886591093425794725e+03
1.892879711170245855e+03
1.899168286837001460e+03
1.905456942281741931e+03
1.911745640378514736e+03
1.918034270871069566e+03
1.924322840886221229e+03
1.930611481538035832e+03
1.936900177741508514e+03
1.943188818113488878e+03
1.949477390393233918e+03
1.955766021987545173e+03
1.962054721501916674e+03
1.968343377245605325e+03
1.974631951629301739e+03
1.980920568342480919e+03
1.987209259620067769e+03
1.993497922784887805e+03
1.999786500695029190e+03
2.006075108208128313e+03
2.012363798666503953e+03
2.018652474808631268e+03
2.024941063905069541e+03
2.031229658780863474e+03
2.037518340549488812e+03
2.043807022224415732e+03
2.050095616701131803e+03
2.056384202722606005e+03
2.062672876270348752e+03
2.068961566338550256e+03
2.075250174140249783e+03
2.081538754444839924e+03
2.087827419442733571e+03
2.094116114442937487e+03
2.100404733207654772e+03
2.106693305711733046e+03
2.112981957701876581e+03
2.119270653588238929e+03
2.125559283405290898e+03
2.131847855755316687e+03
2.138136498819037570e+03
2.144425199305194838e+03
2.150713843765069669e+03
2.157002414824755306e+03
2.163291043055937280e+03
2.169579738162516151e+03
2.175868390440438361e+03
2.182156964513465027e+03
2.188445582739996098e+03
2.194734278566254034e+03
2.201022946153292196e+03
2.207311526816289188e+03
2.213600132169721746e+03
2.219888819840601172e+03
2.226177493443827188e+03
2.232466079098777300e+03
2.238754674364173752e+03
2.245043356168819628e+03
2.251332040081278592e+03
2.257620638798796790e+03
2.263909224800323500e+03
2.270197899348082046e+03
2.276486589485413788e+03
2.282775195786155109e+03
2.289063774153657505e+03
2.295352435559394053e+03
2.301641129049322444e+03
2.307929748265249145e+03
2.314218323178323772e+03
2.320506977341572565e+03
2.326795676551298584e+03
2.333084309390013459e+03
2.339372879738288248e+03
2.345661519209707421e+03
2.351950214583362595e+03
2.358238855853521727e+03
2.364527428343225438e+03
2.370816057577279480e+03
2.377104756733253453e+03
2.383393414296041101e+03
2.389681989415486441e+03
2.395970605253010945e+03
2.402259296534380610e+03
2.408547960366651751e+03
2.414836539678042755e+03
2.421125144426358474e+03
2.427413833178562072e+03
2.433702510618862561e+03
2.439991100524176545e+03
2.446279694737765567e+03
2.452568375448675397e+03
2.458857058374122971e+03
2.465145654898642078e+03
2.471434239407861241e+03
2.477722910016543665e+03
2.484011600227912368e+03
2.490300210612908359e+03
2.496588789266679669e+03
2.502877452581709349e+03
2.509166148333123601e+03
2.515454768730143769e+03
2.521743341783799679e+03
2.528031989666607842e+03
2.534320685210988813e+03
2.540609318482260278e+03
2.546897890412338256e+03
2.553186530693156783e+03
2.559475230649722107e+03
2.565763877728913485e+03
2.572052449735732807e+03
2.578341074131036294e+03
2.584629767762980919e+03
2.590918422181158803e+03
2.597206998571951317e+03
2.603495612857681408e+03
2.609784307505812194e+03
2.616072978222454367e+03
2.622361560461346926e+03
2.628650163064768549e+03
2.634938846967407244e+03
2.641227521944363616e+03
2.647516111392896164e+03
2.653804703035621060e+03
2.660093382790836586e+03
2.666382069755238263e+03
2.672670671820125335e+03
2.678959255589162694e+03
2.685247925452888467e+03
2.691536615935499412e+03
2.697825225836756545e+03
2.704113802404358012e+03
2.710402460076628813e+03
2.716691155632850950e+03
2.722979780767730063e+03
2.729268353965588631e+03
2.735557003426909432e+03
2.741845701903974259e+03
2.748134337596256046e+03
2.754422908604474287e+03
2.760711542033699970e+03
2.767000237960919094e+03
2.773288885909596047e+03
2.779577458941289478e+03
2.785866084036723805e+03
2.792154781775780521e+03
2.798443442831548964e+03
2.804732020085741169e+03
2.811020629654525692e+03
2.817309318351633465e+03
2.823597986534230586e+03
2.829886569857908853e+03
2.836175170356564649e+03
2.842463857754640230e+03
2.848752539630676893e+03
2.855041132489151551e+03
2.861329722939976364e+03
2.867618398439492012e+03
2.873907082526066915e+03
2.880195684634997633e+03
2.886484265526327363e+03
2.892772934468659514e+03
2.899061628615751943e+03
2.905350243882289305e+03
2.911638820667333675e+03
2.917927478233974853e+03
2.924216174008655798e+03
2.930504798836617738e+03
2.936793370665337989e+03
2.943082014925395924e+03
2.949370712421414737e+03
2.955659351433441770e+03
2.961947922561781525e+03
2.968236558989781770e+03
2.974525258216104703e+03
2.980813908470795013e+03
2.987102481899079976e+03
2.993391101443970911e+03
2.999679795060229026e+03
3.005968455062225075e+03
3.012257032328333935e+03
3.018545643579824173e+03
3.024834337000240339e+03
3.031123010556837471e+03
3.037411595565828975e+03
3.043700193825236511e+03
3.049988876467241880e+03
3.056277554711649373e+03
3.062566147070986972e+03
3.068854735870608692e+03
3.075143414096253764e+03
3.081432103620634734e+03
3.087720708208814358e+03
3.094009290127510212e+03
3.100297957077997580e+03
3.106586648921616870e+03
3.112875263145716872e+03
3.119163837276715185e+03
3.125452493646605490e+03
3.131741190254592311e+03
3.138029817504905168e+03
3.144318390744893804e+03
3.150607037326212776e+03
3.156895736490739637e+03
3.163184375603057561e+03
3.169472946562499601e+03
3.175761577848338220e+03
3.182050273362923235e+03
3.188338923598945257e+03
3.194627496349777630e+03
3.200916119739643364e+03
3.207204817023423857e+03
3.213493480238176289e+03
3.219782059369158560e+03
3.226070666612298737e+03
3.232359355245768256e+03
3.238648024912292840e+03
3.244936608700123998e+03
3.251225207382518420e+03
3.257513893326616653e+03
3.263802576427480744e+03
3.270091171291576302e+03
3.276379760328213706e+03
3.282668435122854135e+03
3.288957121108345746e+03
3.295245724692656950e+03
3.301534303745681882e+03
3.307822970400153736e+03
3.314111664539512276e+03
3.320400281338997502e+03
3.326688857701707093e+03
3.332977513777935201e+03
3.339266210362722632e+03
3.345554838145811118e+03
3.351843408894438653e+03
3.358132050801254991e+03
3.364420747659844437e+03
3.370709388060437959e+03
3.376997960207372671e+03
3.383286593654420358e+03
3.389575292453067959e+03
3.395863945628472720e+03
3.402152519422097612e+03
3.408441136560204086e+03
3.414729828379108767e+03
3.421018490625838695e+03
3.427307068931014328e+03
3.433595677928908572e+03
3.439884369498987780e+03
3.446173044797092189e+03
3.452461632643047778e+03
3.458750227359800647e+03
3.465038907694502086e+03
3.471327587812592355e+03
3.477616181742495428e+03
3.483904769160962587e+03
3.490193444622411789e+03
3.496482135798038144e+03
3.502770744346305037e+03
3.509059323844133360e+03
3.515347986981243594e+03
3.521636678734365887e+03
3.527925296348155825e+03
3.534213868803154583e+03
3.540502522139870507e+03
3.546791220095280096e+03
3.553079851719279304e+03
3.559368425193331859e+03
3.565657066386047063e+03
3.571945764259065527e+03
3.578234407211147754e+03
3.584522977272682056e+03
3.590811605000759755e+03
3.597100300408889780e+03
3.603388955084505596e+03
3.609677530414227931e+03
3.615966148783038989e+03
3.622254843916110531e+03
3.628543510639739452e+03
3.634832091078580106e+03
3.641120693711769036e+03
3.647409379828460715e+03
3.653698053912666182e+03
3.659986641130598400e+03
3.666275236908706574e+03
3.672563919930975771e+03
3.678852605776824475e+03
3.685141205037438795e+03
3.691429789110089132e+03
3.697718459622804403e+03
3.704007147852783874e+03
3.710295754863683214e+03
3.716584333215763309e+03
3.722872996591452647e+03
3.729161693299849503e+03
3.735450316072936403e+03
3.741738889740772720e+03
3.748027540467207473e+03
3.754316236690377991e+03
3.760604868123847609e+03
3.766893438273414176e+03
3.773182077420173755e+03
3.779470775798652539e+03
3.785759421247947103e+03
3.792047994867570196e+03
3.798336622617148805e+03
3.804625320019041737e+03
3.810913977149557013e+03
3.817202550886543122e+03
3.823491165125858060e+03
3.829779856389913220e+03
3.836068522563296028e+03
3.842357104010265630e+03
3.848645708916935746e+03
3.854934398786323527e+03
3.861223077278640176e+03
3.867511667079262679e+03
3.873800258642959761e+03
3.880088937102662385e+03
3.886377620019761252e+03
3.892666216853397145e+03
3.898954802438902334e+03
3.905243475333462357e+03
3.911532168421401821e+03
3.917820780273801574e+03
3.924109357370262842e+03
3.930398018270901503e+03
3.936686711948152606e+03
3.942975331870336504e+03
3.949263904340302361e+03
3.955552554784579115e+03
3.961841253200714618e+03
3.968129888113212928e+03
3.974418460595332363e+03
3.980707099566443048e+03
3.986995797929074797e+03
3.993284443507311607e+03
3.999573014415607304e+03
4.005861639773075240e+03
4.012150334897428820e+03
4.018438991801690918e+03
4.024727568366234209e+03
4.031016183762113997e+03
4.037304878300611108e+03
4.043593547787023454e+03
4.049882128866418498e+03
4.056170730792543509e+03
4.062459415360629009e+03
4.068748090333830987e+03
4.075036679661066046e+03
4.081325273024599483e+03
4.087613954784034831e+03
4.093902642240411296e+03
4.100191243306175238e+03
4.106479826466869781e+03
4.112768495605692806e+03
4.119057185077657778e+03
4.125345793194893304e+03
4.131634370977689287e+03
4.137923031478241683e+03
4.144211728400073298e+03
4.150500353584761797e+03
4.156788926348651330e+03
4.163077576031538229e+03
4.169366272907211169e+03
4.175654906126297647e+03
4.181943476842401651e+03
4.188232112585204050e+03
4.194520809987655412e+03
4.200809457482582729e+03
4.207098031335299311e+03
4.213386657106836537e+03
4.219675354212257844e+03
4.225964013392684137e+03
4.232252588546039078e+03
4.238541200471575394e+03
4.244829889465110682e+03
4.251118557002326270e+03
4.257407140331826668e+03
4.263695742582622188e+03
4.269984430861984947e+03
4.276273111158646316e+03
4.282561702549804068e+03
4.288850293000426973e+03
4.295138968609091535e+03
4.301427651919335403e+03
4.307716252522535797e+03
4.314004835554162128e+03
4.320293506014239938e+03
4.326582200449772245e+03
4.332870815021995440e+03
4.339159391276553833e+03
4.345448048107545219e+03
4.351736741672915741e+03
4.358025364655798512e+03
4.364313937079751668e+03
4.370602583504325594e+03
4.376891282659983517e+03
4.383179922503406488e+03
4.389468494186345197e+03
4.395757129186177735e+03
4.402045825781531676e+03
4.408334473076281938e+03
4.414623046265372977e+03
4.420911666534847427e+03
4.427200361328975305e+03
4.433489023270863072e+03
4.439777601700049672e+03
4.446066213032852829e+03
4.452354904620516209e+03
4.458643576108476736e+03
4.464932159836638675e+03
4.471220757509979194e+03
4.477509439239659514e+03
4.483798117878229277e+03
4.490086712224190705e+03
4.496375301569375551e+03
4.502663980207112218e+03
4.508952669827557656e+03
4.515241273922695655e+03
4.521529854792235710e+03
4.527818518048076839e+03
4.534107208802408422e+03
4.540395823367174671e+03
4.546684398692565992e+03
4.552973056059024202e+03
4.559261754949358874e+03
4.565550384553228469e+03
4.571838956724281161e+03
4.578127599830992949e+03
4.584416295159906440e+03
4.590704933271610571e+03
4.596993504558671702e+03
4.603282136177681423e+03
4.609570834781338817e+03
4.615859488623937978e+03
4.622148063089913194e+03
4.628436683418314715e+03
4.634725377428092543e+03
4.641014038883793546e+03
4.647302617267594542e+03
4.653591223488714604e+03
4.659879912742992929e+03
4.666168586501753452e+03
4.672457172779068969e+03
4.678745771214033084e+03
4.685034455593882740e+03
4.691323137861188115e+03
4.697611733027321861e+03
4.703900318967273961e+03
4.710188991676756814e+03
4.716477678595633733e+03
4.722766284477815134e+03
4.729054864453181835e+03
4.735343531992212775e+03
4.741632228307172227e+03
4.747920846355757021e+03
4.754209421266485151e+03
4.760498072848459742e+03
4.766786767597925063e+03
4.773075396216303488e+03
4.779363967128480908e+03
4.785652610957071374e+03
4.791941311154338109e+03
4.798229954932990950e+03
4.804518527195403294e+03
4.810807157129315783e+03
4.817095853076752064e+03
4.823384504698738056e+03
4.829673078605679621e+03
4.835961695691229579e+03
4.842250390388645428e+03
4.848539056125826392e+03
4.854827635753847972e+03
4.861116243878174828e+03
4.867404933741732748e+03
4.873693607708414675e+03
4.879982194408727082e+03
4.886270788626095054e+03
4.892559469759875356e+03
4.898848151533021337e+03
4.905136747385503440e+03
4.911425335036596152e+03
4.917714011425818171e+03
4.924002702530366150e+03
4.930291310042669465e+03
4.936579888550215401e+03
4.942868550854340356e+03
4.949157243052103695e+03
4.955445860378354155e+03
4.961734434107422203e+03
4.968023089367959983e+03
4.974311789034713001e+03
4.980600420668477454e+03
4.986888993119802763e+03
4.993177633705606240e+03
4.999466330304739131e+03
5.005754971659902367e+03
5.012043541853834540e+03
5.018332171693683449e+03
5.024620869543286972e+03
5.030909524810031144e+03
5.037198100184049508e+03
5.043486718650210605e+03
5.049775412996525120e+03
5.056064077319175340e+03
5.062352656769399800e+03
5.068641260644891190e+03
5.074929948455867816e+03
5.081218622877398957e+03
5.087507209504295133e+03
5.093795807053142198e+03
5.100084490730900143e+03
5.106373174839458443e+03
5.112661772322159777e+03
5.118950356925083724e+03
5.125239028560678889e+03
5.131527715301478565e+03
5.137816321811877970e+03
5.144104900907051160e+03
5.150393566676548289e+03
5.156682263392040113e+03
5.162970883796517228e+03
5.169259458195399020e+03
5.175548108892367964e+03
5.181836804029014274e+03
5.188125433756597886e+03
5.194414003978560686e+03
5.200702645436211242e+03
5.206991344830664275e+03
5.213279989860950991e+03
5.219568562870981623e+03
5.225857191131548461e+03
5.232145887007411147e+03
5.238434541169965087e+03
5.244723114684097709e+03
5.251011729727848433e+03
5.257300422525989234e+03
5.263589088949641337e+03
5.269877670407556252e+03
5.276166276234883298e+03
5.282454965214500589e+03
5.288743641130872675e+03
5.295032229248009571e+03
5.301320821327654812e+03
5.307609499750044961e+03
5.313898182685510619e+03
5.320186780222047673e+03
5.326475366902091082e+03
5.332764040470021428e+03
5.339052732364074473e+03
5.345341343206932834e+03
5.351629919341969071e+03
5.357918579072332250e+03
5.364207270867898842e+03
5.370495890539365973e+03
5.376784464173436390e+03
5.383073116085193760e+03
5.389361815813267640e+03
5.395650451306808463e+03
5.401939023343725239e+03
5.408227659865720852e+03
5.414516354817535102e+03
5.420804999423158733e+03
5.427093569913188730e+03
5.433382196520683465e+03
5.439670893711376266e+03
5.445959552998328945e+03
5.452248130815847617e+03
5.458536743760787431e+03
5.464825435136903252e+03
5.471114102011102659e+03
5.477402682725803061e+03
5.483691283670456869e+03
5.489979969546541724e+03
5.496268648201378710e+03
5.502557240085471676e+03
5.508845832655860249e+03
5.515134511816144368e+03
5.521423197421740952e+03
5.527711797656281306e+03
5.534000378826063752e+03
5.540289046494174727e+03
5.546577737173915011e+03
5.552866349396593250e+03
5.559154927168345239e+03
5.565443587499166824e+03
5.571732284753351450e+03
5.578020910309036481e+03
5.584309481464736564e+03
5.590598126668645818e+03
5.596886822043428765e+03
5.603175456861631574e+03
5.609464028878871432e+03
5.615752665377443918e+03
5.622041365214367033e+03
5.628330016306501420e+03
5.634618589319356033e+03
5.640907211227465268e+03
5.647195903360990997e+03
5.653484561523551747e+03
5.659773137230322391e+03
5.666061748988566251e+03
5.672350441198205772e+03
5.678639113313212874e+03
5.684927699224735079e+03
5.691216298325153730e+03
5.697504982607998500e+03
5.703793660886693033e+03
5.710082251192534386e+03
5.716370840769765891e+03
5.722659516907096986e+03
5.728948204200087275e+03
5.735236808179749460e+03
5.741525390766300006e+03
5.747814059553496008e+03
5.754102752514224449e+03
5.760391366591333281e+03
5.766679940582509516e+03
5.772968595842626200e+03
5.779257290470340195e+03
5.785545915927673377e+03
5.791834489439096615e+03
5.798123136241048087e+03
5.804411836198551100e+03
5.810700476426746718e+03
5.816989047015605138e+03
5.823277678706625011e+03
5.829566373331739669e+03
5.835855022010236098e+03
5.842143595333638586e+03
5.848432217422192480e+03
5.854720914372432162e+03
5.861009578590706951e+03
5.867298157186156459e+03
5.873586765829025353e+03
5.879875454281649581e+03
5.886164123831890720e+03
5.892452707542340249e+03
5.898741305831809768e+03
5.905029990317409101e+03
5.911318672365088787e+03
5.917607267898185455e+03
5.923895856601346168e+03
5.930184532882502936e+03
5.936473220422921258e+03
5.942761822890733129e+03
5.949050403257008838e+03
5.955339068028647489e+03
5.961627760973736258e+03
5.967916377858016858e+03
5.974204953283559917e+03
5.980493610785386409e+03
5.986782308895897586e+03
5.993070937268758826e+03
5.999359508228180857e+03
6.005648150314902523e+03
6.011936846573366893e+03
6.018225485038025909e+03
6.024514057392627365e+03
6.030802690351025376e+03
6.037091390315457829e+03
6.043380044633817306e+03
6.049668617959101539e+03
6.055957237278277717e+03
6.062245929516580873e+03
6.068534590530684000e+03
6.074823168381049982e+03
6.081111776775589533e+03
6.087400468226544945e+03
6.093689143087948651e+03
6.099977730126392998e+03
6.106266327360296600e+03
6.112555010426523950e+03
6.118843691133263746e+03
6.125132284474948392e+03
6.131420871924797211e+03
6.137709546479956771e+03
6.143998235354799363e+03
6.150286841492153144e+03
6.156575422282707223e+03
6.162864089522369795e+03
6.169152784332153715e+03
6.175441400639178028e+03
6.181729974884577132e+03
6.188018627975287927e+03
6.194307323340323819e+03
6.200595951554307248e+03
6.206884523551962047e+03
6.213173168893126785e+03
6.219461869509993448e+03
6.225750511922506121e+03
6.232039083294728698e+03
6.238327713255807794e+03
6.244616408747679998e+03
6.250905058907114835e+03
6.257193632854830867e+03
6.263482252244858500e+03
6.269770948717226929e+03
6.276059614959449391e+03
6.282348193866654583e+03
6.288636802026775513e+03
