0.000000000000000000e+00
6.288605299354876443e+00
1.257725010248360853e+01
1.886589983196145681e+01
2.515451122489576363e+01
3.144311183052797887e+01
3.773175034111103798e+01
4.402040345700908830e+01
5.030902204587398785e+01
5.659761982705416727e+01
6.288625111111162624e+01
6.917490583770425872e+01
7.546353205324690805e+01
8.175212907334881152e+01
8.804075275502403031e+01
9.432940715939929532e+01
1.006180409095241970e+02
1.069066393816517717e+02
1.131952555139402250e+02
1.194839077134819263e+02
1.257725483992016109e+02
1.320611504045891422e+02
1.383497596179844606e+02
1.446384078118019545e+02
1.509270544686878281e+02
1.572156616751751415e+02
1.635042651490589094e+02
1.697929079164829318e+02
1.760815589816184570e+02
1.823701728221314511e+02
1.886587722218276610e+02
1.949474082537438449e+02
2.012360621741615887e+02
2.075246833781826297e+02
2.138132806259778818e+02
2.201019093076724005e+02
2.263905641075792801e+02
2.326791930108958013e+02
2.389677903000823562e+02
2.452564112751894356e+02
2.515450651283891830e+02
2.578337013925477663e+02
2.641223009158201194e+02
2.704109145005867276e+02
2.766995654630269996e+02
2.829882084389271881e+02
2.892768120507255389e+02
2.955654190835675195e+02
3.018540655642116235e+02
3.081427139015074204e+02
3.144313233488175570e+02
3.207199251944536513e+02
3.270085656493234865e+02
3.332972179726523905e+02
3.395858343320375639e+02
3.458744327165817936e+02
3.521630662374989242e+02
3.584517206675412240e+02
3.647403446085727410e+02
3.710289416181379920e+02
3.773175675607865287e+02
3.836062222651773368e+02
3.898948538137672131e+02
3.961834516726514721e+02
4.024720699833861772e+02
4.087607229975416203e+02
4.150493617764073520e+02
4.213379624976040532e+02
4.276265736469610488e+02
4.339152232321140445e+02
4.402038682198223682e+02
4.464924737517569611e+02
4.527810787847123493e+02
4.590697232381281765e+02
4.653583732108605773e+02
4.716469850133682371e+02
4.779355853874703257e+02
4.842242234922299531e+02
4.905128767700625190e+02
4.968014957762297286e+02
5.030900934387536836e+02
5.093787243112444685e+02
5.156673790621069884e+02
5.219560057222083742e+02
5.282446027946265303e+02
5.345332259985243581e+02
5.408218803214909940e+02
5.471105145305375572e+02
5.533991131529388667e+02
5.596877288452343464e+02
5.659763808702658707e+02
5.722650219568411103e+02
5.785536241815894982e+02
5.848422330589846752e+02
5.911308809890645080e+02
5.974195279013084701e+02
6.037081355224088384e+02
6.099967386969450445e+02
6.162853810580261325e+02
6.225740324103651346e+02
6.288626466178325245e+02
6.351512458348091741e+02
6.414398814931561219e+02
6.477285354829310791e+02
6.540171571790228882e+02
6.603057543797237940e+02
6.665943825782242129e+02
6.728830374120061606e+02
6.791716667499304094e+02
6.854602641226422293e+02
6.917488846442724935e+02
6.980375383685035331e+02
7.043261750984274840e+02
7.106147747477422172e+02
7.169033879593530401e+02
7.231920387213475578e+02
7.294806819854965170e+02
7.357692859757223687e+02
7.420578926433636298e+02
7.483465387835400406e+02
7.546351874650309810e+02
7.609237972313610499e+02
7.672123988260128726e+02
7.735010389630178906e+02
7.797896914127848049e+02
7.860783082195150655e+02
7.923669064835443123e+02
7.986555395509067239e+02
8.049441940811241238e+02
8.112328184740163124e+02
8.175214154844444465e+02
8.238100409679057066e+02
8.300986956388538829e+02
8.363873276430582564e+02
8.426759255639015009e+02
8.489645434669600945e+02
8.552531963576776661e+02
8.615418354749646141e+02
8.678304364786123415e+02
8.741190472307353048e+02
8.804076965302709823e+02
8.866963419033761511e+02
8.929849477418407560e+02
8.992735524348647687e+02
9.055621966062961974e+02
9.118508467878826877e+02
9.181394589671443782e+02
9.244280591633477115e+02
9.307166968591324121e+02
9.370053502842322359e+02
9.432939697391631171e+02
9.495825672871401366e+02
9.558711977194506062e+02
9.621598524994072932e+02
9.684484795926480274e+02
9.747370766758511991e+02
9.810256994452520303e+02
9.873143537026539889e+02
9.936029883014691677e+02
9.998915870993466797e+02
1.006180202368110827e+03
1.012468854169177462e+03
1.018757495657450477e+03
1.025046098162774570e+03
1.031334706607785392e+03
1.037623354291917622e+03
1.043912001507026162e+03
1.050200609433599311e+03
1.056489212381270363e+03
1.062777854371507374e+03
1.069066505902618019e+03
1.075355120565104016e+03
1.081643719561905300e+03
1.087932354827713652e+03
1.094221008924476564e+03
1.100509631009263103e+03
1.106798228165199362e+03
1.113086855926195312e+03
1.119375510745587690e+03
1.125664140497918197e+03
1.131952737926564396e+03
1.138241358049197061e+03
1.144530011623411610e+03
1.150818648736324576e+03
1.157107248608931968e+03
1.163395861350144742e+03
1.169684511916366091e+03
1.175973155535504475e+03
1.182261759745921836e+03
1.188550366142498660e+03
1.194839011929859907e+03
1.201127660837402345e+03
1.207416271037197703e+03
1.213704872334238871e+03
1.219993512081252675e+03
1.226282164724257655e+03
1.232570781906823413e+03
1.238859380039255029e+03
1.245148012712236778e+03
1.251436667283455336e+03
1.257725292056962189e+03
1.264013889060549445e+03
1.270302514151470859e+03
1.276591168741806541e+03
1.282879801140958534e+03
1.289168399186552506e+03
1.295457016642441431e+03
1.301745669394681499e+03
1.308034308874790895e+03
1.314322910037200927e+03
1.320611520471818267e+03
1.326900169536498424e+03
1.333188815146255592e+03
1.339477421300901597e+03
1.345766025721011829e+03
1.352054669565073937e+03
1.358343319968465266e+03
1.364631932474875384e+03
1.370920532450282735e+03
1.377209169840849199e+03
1.383497823333835640e+03
1.389786443125627557e+03
1.396075040629274099e+03
1.402363670670551983e+03
1.408652325466828415e+03
1.414940952923118630e+03
1.421229550016593521e+03
1.427518172430456843e+03
1.433806826580431789e+03
1.440095461510152290e+03
1.446384060400107501e+03
1.452672675319962991e+03
1.458961326974897247e+03
1.465249968702608840e+03
1.471538571450524159e+03
1.477827179599195460e+03
1.484115826952506040e+03
1.490404474446513404e+03
1.496693082677043321e+03
1.502981685303638187e+03
1.509270327032007572e+03
1.515558978676046536e+03
1.521847593651164061e+03
1.528136192565867077e+03
1.534424827403143809e+03
1.540713481591556047e+03
1.547002104045299802e+03
1.553290701124389443e+03
1.559579328526549489e+03
1.565867983292014969e+03
1.572156613429589470e+03
1.578445210917068380e+03
1.584733830627991438e+03
1.591022484135688956e+03
1.597311121526600800e+03
1.603599721566612743e+03
1.609888334018380874e+03
1.616176984312584636e+03
1.622465628256307355e+03
1.628754232721744529e+03
1.635042838747851874e+03
1.641331484332174796e+03
1.647620133418730575e+03
1.653908743892419807e+03
1.660197345048765328e+03
1.666485984414215864e+03
1.672774637179070169e+03
1.679063254741152832e+03
1.685351852735778493e+03
1.691640485017461515e+03
1.697929139612163453e+03
1.704217764809698565e+03
1.710506361781880059e+03
1.716794986442355366e+03
1.723083640992928395e+03
1.729372273730741426e+03
1.735660871897949391e+03
1.741949488986750566e+03
1.748238141522220303e+03
1.754526781376842337e+03
1.760815382753709628e+03
1.767103992780833096e+03
1.773392641625408942e+03
1.779681287509273943e+03
1.785969893940106658e+03
1.792258498098373821e+03
1.798547141591457830e+03
1.804835792181924262e+03
1.811124405078765676e+03
1.817413004862825801e+03
1.823701641830678227e+03
1.829990295452834744e+03
1.836278915668553964e+03
1.842567513049724766e+03
1.848856142690938213e+03
1.855144797481037358e+03
1.861433425343096815e+03
1.867722022511401292e+03
1.874010644454445355e+03
1.880299298502462761e+03
1.886587933855158326e+03
1.892876532913563778e+03
1.899165147408960593e+03
1.905453798856989351e+03
1.911742440953966707e+03
1.918031043901029079e+03
1.924319651735638899e+03
1.930608298869183955e+03
1.936896946542195110e+03
1.943185555123954146e+03
1.949474157534686810e+03
1.955762798858816723e+03
1.962051450724454526e+03
1.968340066060021854e+03
1.974628664764891710e+03
1.980917299274215338e+03
1.987205953483884514e+03
1.993494576360384372e+03
1.999783173431694422e+03
2.006071800368971935e+03
2.012360455131834442e+03
2.018649085641557576e+03
2.024937683216582627e+03
2.031226302528603583e+03
2.037514955863634214e+03
2.043803593688707224e+03
2.050092193864430101e+03
2.056380805927463825e+03
2.062669456066601924e+03
2.068958100224153895e+03
2.075246705014618783e+03
2.081535310774944719e+03
2.087823955994642347e+03
2.094112605379941670e+03
2.100401216177057904e+03
2.106689817066036085e+03
2.112978456141537208e+03
2.119267109013196659e+03
2.125555726964330006e+03
2.131844324874191443e+03
2.138132956746983837e+03
2.144421611410753485e+03
2.150710236964468550e+03
2.156998833963131801e+03
2.163287458236082784e+03
2.169576112704899970e+03
2.175864745865866553e+03
2.182153344086623292e+03
2.188441960798281343e+03
2.194730613247376823e+03
2.201019253371678133e+03
2.207307855007256876e+03
2.213596464729117997e+03
2.219885113277432083e+03
2.226173759491880901e+03
2.232462366204782029e+03
2.238750970061288626e+03
2.245039613293346065e+03
2.251328264057666729e+03
2.257616877288337037e+03
2.263905476920626370e+03
2.270194113516045036e+03
2.276482767251225141e+03
2.282771387854728800e+03
2.289059985187996517e+03
2.295348614409247602e+03
2.301637269211983039e+03
2.307925897501617328e+03
2.314214494674543857e+03
2.320503116238916391e+03
2.326791770218092552e+03
2.333080405910773152e+03
2.339369005133479732e+03
2.345657619280668314e+03
2.351946270524388638e+03
2.358234912949427326e+03
2.364523516183334777e+03
2.370812123663090006e+03
2.377100770524436939e+03
2.383389418504541027e+03
2.389678027373666282e+03
2.395966629561067293e+03
2.402255270560301142e+03
2.408543922572068368e+03
2.414832538368292262e+03
2.421121136931511046e+03
2.427409770990291236e+03
2.433698425329881957e+03
2.439987048620554560e+03
2.446275645651094237e+03
2.452564272188364157e+03
2.458852926920337723e+03
2.465141557865742016e+03
2.471430155524124075e+03
2.477718774418020075e+03
2.484007427619949340e+03
2.490296065798186191e+03
2.496584666247077621e+03
2.502873277883435549e+03
2.509161927775728600e+03
2.515450572327034934e+03
2.521739177342897619e+03
2.528027782811767793e+03
2.534316427740905510e+03
2.540605077298221659e+03
2.546893688534653393e+03
2.553182289197224236e+03
2.559470927832615416e+03
2.565759580898504282e+03
2.572048199245535216e+03
2.578336797027970533e+03
2.584625428503035891e+03
2.590914083171213406e+03
2.597202709166643672e+03
2.603491306151805020e+03
2.609779929982403701e+03
2.616068584393573929e+03
2.622357217935340941e+03
2.628645816352532165e+03
2.634934432597618525e+03
2.641223084840176853e+03
2.647511725395420399e+03
2.653800327205743088e+03
2.660088936562799972e+03
2.666377584885849501e+03
2.672666231331039853e+03
2.678954838422292141e+03
2.685243441993146462e+03
2.691532084827682866e+03
2.697820735847496508e+03
2.704109349465444211e+03
2.710397948879604883e+03
2.716686585100681896e+03
2.722975238929703210e+03
2.729263859942977888e+03
2.735552457212971603e+03
2.741841086017153884e+03
2.748129740843140553e+03
2.754418369526732931e+03
2.760706966776288482e+03
2.766995587908001198e+03
2.773284241768306401e+03
2.779572877881948443e+03
2.785861477240355271e+03
2.792150090988574448e+03
2.798438742069833552e+03
2.804727384811086267e+03
2.811015988314308288e+03
2.817304595498922481e+03
2.823593242033610295e+03
2.829881890283613302e+03
2.836170499528127493e+03
2.842459101416869544e+03
2.848747742094518344e+03
2.855036394282747096e+03
2.861325010405537341e+03
2.867613608866744471e+03
2.873902242550707342e+03
2.880190896946037810e+03
2.886479520641293220e+03
2.892768117637499472e+03
2.899056743775452560e+03
2.905345398458710406e+03
2.911634029814936184e+03
2.917922627568165353e+03
2.924211246037664296e+03
2.930499899150601323e+03
2.936788537681273283e+03
2.943077138288686911e+03
2.949365749630370829e+03
2.955654399262301922e+03
2.961943044111495965e+03
2.968231649471671517e+03
2.974520254580762412e+03
2.980808899242289954e+03
2.987097549051652550e+03
2.993386160581055265e+03
2.999674761093116558e+03
3.005963399375660174e+03
3.012252052552499663e+03
3.018540671319007288e+03
3.024829268992673860e+03
3.031117900061349246e+03
3.037406554780599890e+03
3.043695181191717438e+03
3.049983778205376893e+03
3.056272401611519399e+03
3.062561055968213623e+03
3.068849689900697740e+03
3.075138288420179379e+03
3.081426904331671722e+03
3.087715556389660378e+03
3.094004197280949484e+03
3.100292799376838502e+03
3.106581408359016677e+03
3.112870056449104140e+03
3.119158703194079862e+03
3.125447310538121201e+03
3.131735913881318538e+03
3.138024556429629229e+03
3.144313207593857442e+03
3.150601821584565641e+03
3.156890420858166181e+03
3.163179056701543686e+03
3.169467710635814910e+03
3.175756332043692510e+03
3.182044929233357834e+03
3.188333557664712316e+03
3.194622212471591411e+03
3.200910841522413648e+03
3.207199438826834466e+03
3.213488059579722631e+03
3.219776713332007603e+03
3.226065349798296666e+03
3.232353949353190274e+03
3.238642562720377555e+03
3.244931213583497083e+03
3.251219856662647544e+03
3.257508460379476219e+03
3.263797067235776922e+03
3.270085713558659791e+03
3.276374361993853654e+03
3.282662971557832861e+03
3.288951573272669066e+03
3.295240213543527716e+03
3.301528865917099665e+03
3.307817482448976534e+03
3.314106080720386672e+03
3.320394714044958164e+03
3.326683368474769850e+03
3.332971992571180181e+03
3.339260589577470455e+03
3.345549215271217690e+03
3.351837869941573899e+03
3.358126501668765741e+03
3.364415099526931499e+03
3.370703717616795529e+03
3.376992370537815077e+03
3.383281009473582344e+03
3.389569610273854323e+03
3.395858221205062364e+03
3.402146870670194403e+03
3.408435515768036566e+03
3.414724121428141643e+03
3.421012726300889881e+03
3.427301370565885009e+03
3.433590020631454536e+03
3.439878632559576090e+03
3.446167232786775912e+03
3.452455870724008037e+03
3.458744524012567126e+03
3.465033143192856187e+03
3.471321740799175132e+03
3.477610371414534711e+03
3.483899026172222420e+03
3.490187652989735852e+03
3.496476250034493660e+03
3.502764873037442612e+03
3.509053527264085005e+03
3.515342161647582088e+03
3.521630760288156580e+03
3.527919375745978414e+03
3.534208027673118977e+03
3.540496668875112391e+03
3.546785271213018859e+03
3.553073879881647372e+03
3.559362527614310238e+03
3.565651174678321695e+03
3.571939782401731009e+03
3.578228385401051582e+03
3.584517027600863457e+03
3.590805678979052573e+03
3.597094293369487787e+03
3.603382892466853718e+03
3.609671527904775758e+03
3.615960181930876843e+03
3.622248803748658702e+03
3.628537400913284273e+03
3.634826028884647712e+03
3.641114683667894042e+03
3.647403313186506693e+03
3.653691910528727021e+03
3.659980530843030920e+03
3.666269184491553915e+03
3.672557821337350106e+03
3.678846421067617484e+03
3.685135034061986062e+03
3.691423684693902032e+03
3.697712328098387388e+03
3.704000932153581743e+03
3.710289538649790757e+03
3.716578184623380366e+03
3.722866833377294370e+03
3.729155443293983808e+03
3.735444044728882091e+03
3.741732684670338131e+03
3.748021337164971101e+03
3.754309954125021704e+03
3.760598552310162177e+03
3.766887185154607323e+03
3.773175839685184201e+03
3.779464464221787694e+03
3.785753061179615088e+03
3.792041686471680350e+03
3.798330341071258317e+03
3.804618973224118690e+03
3.810907571174019722e+03
3.817196188841151525e+03
3.823484841644726203e+03
3.829773480895326884e+03
3.836062081959970783e+03
3.842350692532963876e+03
3.848639341696109568e+03
3.854927987169550306e+03
3.861216593089002345e+03
3.867505197632573072e+03
3.873793841658007295e+03
3.880082491872501578e+03
3.886371104202868537e+03
3.892659704279516973e+03
3.898948341778338545e+03
3.905236995238318286e+03
3.911525614810591833e+03
3.917814212295061225e+03
3.924102842536863136e+03
3.930391497283669196e+03
3.936680124543994680e+03
3.942968721607197040e+03
3.949257344160781031e+03
3.955545998352914012e+03
3.961834633074600333e+03
3.968123231925275377e+03
3.974411846974702257e+03
3.980700498656785840e+03
3.986989140293909713e+03
3.993277742839824896e+03
3.999566351128790757e+03
4.005854998668058215e+03
4.012143645944270247e+03
4.018432254018271578e+03
4.024720856794922838e+03
4.031009498596113190e+03
4.037298150198955682e+03
4.043586764974345897e+03
4.049875363885140359e+03
4.056163998913893465e+03
4.062452653021143760e+03
4.068741275292797582e+03
4.075029872379299377e+03
4.081318499920582781e+03
4.087607154705270204e+03
4.093895784620387531e+03
4.100184382083250966e+03
4.106473001939188180e+03
4.112761655437120680e+03
4.119050292711636757e+03
4.125338892608710012e+03
4.131627505171800294e+03
4.137916155607808832e+03
4.144204799328559602e+03
4.150493403650770233e+03
4.156782009851073781e+03
4.163070655482996699e+03
4.169359304480964965e+03
4.175647914806701920e+03
4.181936515978024545e+03
4.188225155508483112e+03
4.194513808187746690e+03
4.200802425527611376e+03
4.207091023564820716e+03
4.213379656004697608e+03
4.219668310561912222e+03
4.225956935527523456e+03
4.232245532492818711e+03
4.238534157313960350e+03
4.244822811847199773e+03
4.251111444412558740e+03
4.257400042481134733e+03
4.263688659701639153e+03
4.269977312330163841e+03
4.276265951979306010e+03
4.282554553212868086e+03
4.288843163434106827e+03
4.295131812336491748e+03
4.301420458057899850e+03
4.307709064364085862e+03
4.313997668568123117e+03
4.320286312197630650e+03
4.326574962693552152e+03
4.332863575333626613e+03
4.339152175201934369e+03
4.345440812346378152e+03
4.351729465849241024e+03
4.358018085848027113e+03
4.364306683245556997e+03
4.370595313031652950e+03
4.376883967802376901e+03
4.383172595450817425e+03
4.389461192556606875e+03
4.395749814666171005e+03
4.402038468741036922e+03
4.408327103890082071e+03
4.414615702830364171e+03
4.420904317501308469e+03
4.427192969003352118e+03
4.433481610903801084e+03
4.439770213779220285e+03
4.446058821687722229e+03
4.452347468896170540e+03
4.458636116507263068e+03
4.464924724863553820e+03
4.471213327359013419e+03
4.477501968832119928e+03
4.483790620559994750e+03
4.490079235753295507e+03
4.496367834516300718e+03
4.502656469113917410e+03
4.508945123316922945e+03
4.515233746000733845e+03
4.521522343044073750e+03
4.527810970140999416e+03
4.534099624884979676e+03
4.540388255230467621e+03
4.546676852726178367e+03
4.552965472183594102e+03
4.559254125569344069e+03
4.565542763180697875e+03
4.571831363318765398e+03
4.578119975474159219e+03
4.584408625631038376e+03
4.590697269731349479e+03
4.596985874340024566e+03
4.603274480172389303e+03
4.609563125531830337e+03
4.615851774748461139e+03
4.622140385409940791e+03
4.628428986393362720e+03
4.634717625512430459e+03
4.641006278352379013e+03
4.647294896137337673e+03
4.653583494029792746e+03
4.659872126061148265e+03
4.666160780664828962e+03
4.672449406044941497e+03
4.678738003010128523e+03
4.685026627405627551e+03
4.691315281903145660e+03
4.697603914864323997e+03
4.703892513063335173e+03
4.710181129883032554e+03
4.716469782318447869e+03
4.722758422356152550e+03
4.729047023848291246e+03
4.735335633641638196e+03
4.741624282327679794e+03
4.747912928356742668e+03
4.754201534941636055e+03
4.760490138926281361e+03
4.766778782195001440e+03
4.773067432895021739e+03
4.779356045982956857e+03
4.785644645614011097e+03
4.791933282371229325e+03
4.798221936034306054e+03
4.804510556438065578e+03
4.810799153779807057e+03
4.817087783154202043e+03
4.823376437947982595e+03
4.829665066010751616e+03
4.835953663157228220e+03
4.842242284896421552e+03
4.848530938863224037e+03
4.854819574397365614e+03
4.861108173524174163e+03
4.867396787778347971e+03
4.873685439129322731e+03
4.879974081380188181e+03
4.886262684456492934e+03
4.892551292112529154e+03
4.898839939035452517e+03
4.905128586884632568e+03
4.911417195644420644e+03
4.917705797862017789e+03
4.923994438977219033e+03
4.930283090931056904e+03
4.936571706518833707e+03
4.942860305130849156e+03
4.949148939353256537e+03
4.955437593629845651e+03
4.961726216723251127e+03
4.968014813751004112e+03
4.974303440440153281e+03
4.980592095153581795e+03
4.986880725927171625e+03
4.993169323526082735e+03
4.999457942546423510e+03
5.005746595807748236e+03
5.012035233812553997e+03
5.018323834113101839e+03
5.024612445937696066e+03
5.030901095901124791e+03
5.037189740264838292e+03
5.043478345204839570e+03
5.049766950730549979e+03
5.056055595746378458e+03
5.062344245247599247e+03
5.068632856269228796e+03
5.074921456994493383e+03
5.081210095821281357e+03
5.087498748757209796e+03
5.093787366914657468e+03
5.100075964746444697e+03
5.106364596337043622e+03
5.112653250990889319e+03
5.118941876805958600e+03
5.125230473753237675e+03
5.131519097740220786e+03
5.137807752144781261e+03
5.144096385531559463e+03
5.150384983844515773e+03
5.156673600248274852e+03
5.162962252557785177e+03
5.169250892907103662e+03
5.175539494652710346e+03
5.181828104121084834e+03
5.188116752478147646e+03
5.194405398860802961e+03
5.200694005772455967e+03
5.206982609393053281e+03
5.213271252403997096e+03
5.219559903274463977e+03
5.225848516727847709e+03
5.232137116237394366e+03
5.238425752539522364e+03
5.244714406340774076e+03
5.251003027175465832e+03
5.257291624419935033e+03
5.263580253386204276e+03
5.269868908152641779e+03
5.276157536681241254e+03
5.282446133866131277e+03
5.288734755126085474e+03
5.295023409029358845e+03
5.301312044928316936e+03
5.307600644238263158e+03
5.313889258112555581e+03
5.320177909172113687e+03
5.326466551839555905e+03
5.332755155200718036e+03
5.339043762423631961e+03
5.345332409109750188e+03
5.351621057200038194e+03
5.357909666288675908e+03
5.364198268303909572e+03
5.370486909024751185e+03
5.376775561148828274e+03
5.383064177136632679e+03
5.389352775579858644e+03
5.395641409377933996e+03
5.401930063718792553e+03
5.408218687266931738e+03
5.414507284239503861e+03
5.420795910483692751e+03
5.427084565182349252e+03
5.433373196334198838e+03
5.439661794045606257e+03
5.445950412652001432e+03
5.452239065737237070e+03
5.458527704160376743e+03
5.464816304663363553e+03
5.471104916069269166e+03
5.477393565813468740e+03
5.483682210496283005e+03
5.489970815693355689e+03
5.496259420947971194e+03
5.502548065665234390e+03
5.508836715365362579e+03
5.515125326769707499e+03
5.521413927298436647e+03
5.527702565703380060e+03
5.533991218812525403e+03
5.540279837383924132e+03
5.546568435066515121e+03
5.552857066305828084e+03
5.559145720976135635e+03
5.565434347172537855e+03
5.571722944166054731e+03
5.578011567740141800e+03
5.584300222094686433e+03
5.590588855835088907e+03
5.596877454272335854e+03
5.603166070305894209e+03
5.609454722431958544e+03
5.615743363149658762e+03
5.622031965069963917e+03
5.628320574207297796e+03
5.634609222375264835e+03
5.640897868939435284e+03
5.647186476173820665e+03
5.653475079582299259e+03
5.659763722213571782e+03
5.666052373318728314e+03
5.672340987089104601e+03
5.678629586384823597e+03
5.684918222397566751e+03
5.691206876219490368e+03
5.697495497452464406e+03
5.703784094655617082e+03
5.710072723178600427e+03
5.716361377974010793e+03
5.722650006863034832e+03
5.728938604118867261e+03
5.735227224987633235e+03
5.741515878748145951e+03
5.747804515078708391e+03
5.754093114498043178e+03
5.760381727997693815e+03
5.766670378944242657e+03
5.772959021823415242e+03
5.779247625485869321e+03
5.785536232431138160e+03
5.791824878767272821e+03
5.798113527177872129e+03
5.804402136562877786e+03
5.810690738300317207e+03
5.816979378745645590e+03
5.823268030984272627e+03
5.829556647338323273e+03
5.835845245676260674e+03
5.842133879079272447e+03
5.848422533505566207e+03
5.854711157412612010e+03
5.860999754386173663e+03
5.867288380223190870e+03
5.873577034865504174e+03
5.879865666447715739e+03
5.886154264203811181e+03
5.892442882416419707e+03
5.898731535405834620e+03
5.905020174132102511e+03
5.911308774879079465e+03
5.917597385927757387e+03
5.923886035399973480e+03
5.930174680427463500e+03
5.936463285917008761e+03
5.942751890833863399e+03
5.949040535268522035e+03
5.955329185186337781e+03
5.961617796928746429e+03
5.967906397268862747e+03
5.974195035312728578e+03
5.980483688546169105e+03
5.986772307530200123e+03
5.993060905129682396e+03
5.999349535922522591e+03
6.005638190634202147e+03
6.011926817269795720e+03
6.018215414262804188e+03
6.024504037410657475e+03
6.030792691696918155e+03
6.037081325857217053e+03
6.043369924447392805e+03
6.049658540060853738e+03
6.055947191992951957e+03
6.062235833094923692e+03
6.068524435325676677e+03
6.074813044048586562e+03
6.081101691919009681e+03
6.087390338854886068e+03
6.093678946410651406e+03
6.099967549543283894e+03
6.106256191822831170e+03
6.112544843112154922e+03
6.118833457392867786e+03
6.125122056497505582e+03
6.131410692024892342e+03
6.137699346026183775e+03
6.143987967708639189e+03
6.150276564846233669e+03
6.156565192932902391e+03
6.162853847699076141e+03
6.169142477089304521e+03
6.175431074410194014e+03
6.181719694812927628e+03
6.188008348458239197e+03
6.194296985221353680e+03
6.200585584923644092e+03
6.206874197921108134e+03
6.213162848593946364e+03
6.219451491965093737e+03
6.225740095900776396e+03
6.232028702482987683e+03
6.238317348507443057e+03
6.244605997166594534e+03
6.250894607056387031e+03
6.257183208506257870e+03
6.263471848485063674e+03
6.269760500987276828e+03
6.276049117823880806e+03
6.282337715995195140e+03
6.288626348930343738e+03
