0.000000000000000000e+00
6.288598884802210520e+00
1.257726906931484301e+01
1.886594297655441821e+01
2.515454127019695107e+01
3.144313583788364852e+01
3.773180585805067011e+01
4.402048204286885635e+01
5.030908356541497994e+01
5.659767916815425082e+01
6.288634481044525160e+01
6.917502610778251437e+01
7.546363643503559615e+01
8.175222697000472749e+01
8.804088808965650514e+01
9.432956839557976991e+01
1.006181850750667195e+02
1.069067694014264731e+02
1.131954285950108385e+02
1.194841124633036031e+02
1.257727332091446328e+02
1.320613137589180326e+02
1.383499697440164198e+02
1.446386573198547580e+02
1.509272751989312553e+02
1.572158540274986080e+02
1.635045080213622839e+02
1.697931970883916222e+02
1.760818171798047160e+02
1.823703940093118661e+02
1.886590427216783610e+02
1.949477290542116634e+02
2.012363587159971132e+02
2.075249326268121308e+02
2.138135790804464591e+02
2.201022628052816117e+02
2.263908948937963430e+02
2.326794732555402447e+02
2.389681167228479524e+02
2.452568019870446108e+02
2.515454374579824446e+02
2.578340157631253646e+02
2.641226564325559139e+02
2.704113441618255820e+02
2.766999844085704581e+02
2.829885616450686712e+02
2.892772004498568776e+02
2.955658917102769010e+02
3.018545283015165523e+02
3.081431046055113256e+02
3.144317428999160597e+02
3.207204310797513358e+02
3.270090712679738090e+02
3.332976550374182239e+02
3.395862880272551934e+02
3.458749783003283369e+02
3.521636248315333546e+02
3.584522076481970885e+02
3.647408353902960130e+02
3.710295228879561478e+02
3.773181753646360335e+02
3.836067546144088283e+02
3.898953804390600340e+02
3.961840702861455839e+02
4.024727204055395759e+02
4.087613010508516709e+02
4.150499262569652501e+02
4.213386129584694686e+02
4.276272645004428341e+02
4.339158532157770765e+02
4.402044691287877640e+02
4.464931562678978025e+02
4.527818047237479391e+02
4.590703932663817000e+02
4.653590091591520945e+02
4.716476840317885149e+02
4.779363396044538490e+02
4.842249221883932364e+02
4.905135223958436654e+02
4.968022012353700347e+02
5.030908805425072501e+02
5.093794751574218935e+02
5.156680637838890107e+02
5.219567280424256523e+02
5.282454127601160963e+02
5.345340311011545964e+02
5.408226148272159435e+02
5.471112582340333574e+02
5.533999401141991257e+02
5.596885776810082689e+02
5.659771517462550037e+02
5.722657862445656747e+02
5.785544714747670696e+02
5.848430919508847410e+02
5.911316696313131160e+02
5.974203179819654679e+02
6.037090000050684466e+02
6.099976102067513466e+02
6.162861960532422927e+02
6.225748571282462080e+02
6.288635307491244930e+02
6.351521298381985616e+02
6.414407183890353963e+02
6.477293919180083321e+02
6.540180574274069158e+02
6.603066443894418853e+02
6.665952430041139678e+02
6.728839252095208394e+02
6.791725795067296758e+02
6.854611599708662197e+02
6.917497773541327888e+02
6.980384566976777023e+02
7.043271154637307063e+02
7.106157020474466890e+02
7.169043189459098357e+02
7.231929842706070986e+02
7.294816519959523475e+02
7.357702584210285295e+02
7.420588612654555618e+02
7.483475151635906286e+02
7.546361952697774313e+02
7.609248165712579066e+02
7.672134078646007538e+02
7.735020420269776196e+02
7.797907212777232644e+02
7.860793662421548333e+02
7.923679606770897408e+02
7.986565670797281200e+02
8.049452361564189005e+02
8.112338982678793400e+02
8.175224927298679631e+02
8.238110965156749899e+02
8.300997569550989965e+02
8.363884319544617938e+02
8.426770435147591343e+02
8.489656372812518157e+02
8.552542743192242369e+02
8.615429499043610804e+02
8.678315878882890502e+02
8.741201812371757569e+02
8.804088030622979204e+02
8.866974862483639299e+02
8.929861322568106061e+02
8.992747171286258663e+02
9.055633436975958830e+02
9.118520262499072260e+02
9.181406713791652692e+02
9.244292465419244991e+02
9.307178812980970406e+02
9.370065639569298810e+02
9.432952041178573381e+02
9.495837840502109657e+02
9.558724151700101856e+02
9.621610983085605540e+02
9.684497428042451475e+02
9.747383195637016797e+02
9.810269516457051395e+02
9.873156348694269582e+02
9.936042766482016759e+02
9.998928591798045318e+02
1.006181489895134405e+03
1.012470174673747806e+03
1.018758805023134300e+03
1.025047384979495746e+03
1.031336027382177463e+03
1.037624711900481998e+03
1.043913347635044374e+03
1.050201940075804941e+03
1.056490563184400571e+03
1.062779243118303157e+03
1.069067902793594612e+03
1.075356488572465878e+03
1.081645104535589098e+03
1.087933781140518931e+03
1.094222445139684396e+03
1.100511028613522285e+03
1.106799644109117708e+03
1.113088322114486573e+03
1.119376984338290185e+03
1.125665579652885981e+03
1.131954188961913815e+03
1.138242856899438948e+03
1.144531532376803625e+03
1.150820143753255252e+03
1.157108736567777214e+03
1.163397386239342950e+03
1.169686064977024671e+03
1.175974698515334694e+03
1.182263285891873466e+03
1.188551909260568436e+03
1.194840580565870596e+03
1.201129232497948806e+03
1.207417834038811861e+03
1.213706443093279404e+03
1.219995112802256244e+03
1.226283775299960553e+03
1.232572388120952837e+03
1.238860979265530659e+03
1.245149638377666406e+03
1.251438315423889662e+03
1.257726953623972577e+03
1.264015535914716338e+03
1.270304173594006215e+03
1.276592854073523768e+03
1.282881496238919453e+03
1.289170091450472910e+03
1.295458710502722624e+03
1.301747382686389756e+03
1.308036044936398412e+03
1.314324651935432712e+03
1.320613245148916121e+03
1.326901910073460840e+03
1.333190589104121727e+03
1.339479208031718599e+03
1.345767802830818482e+03
1.352056454273795225e+03
1.358345136037246903e+03
1.364633785669369900e+03
1.370922381494118781e+03
1.377210996972493149e+03
1.383499669411794684e+03
1.389788340350813314e+03
1.396076957625877867e+03
1.402365556816985418e+03
1.408654205598137878e+03
1.414942889600520857e+03
1.421231522879261775e+03
1.427520108844209290e+03
1.433808747808522185e+03
1.440097427003489429e+03
1.446386075229454491e+03
1.452674665118865732e+03
1.458963286075163978e+03
1.465251956636923524e+03
1.471540629337454675e+03
1.477829235355267656e+03
1.484117837686512985e+03
1.490406491012716742e+03
1.496695168089676827e+03
1.502983792905278960e+03
1.509272386061933958e+03
1.515561023018457036e+03
1.521849700362454087e+03
1.528138338986190320e+03
1.534426923816511362e+03
1.540715554683911478e+03
1.547004232577155790e+03
1.553292887523482477e+03
1.559581488453939983e+03
1.565870102984984896e+03
1.572158766295096711e+03
1.578447446580279802e+03
1.584736080748640006e+03
1.591024662926415658e+03
1.597313311237072867e+03
1.603601996330473412e+03
1.609890618358836036e+03
1.616179205363363280e+03
1.622467862223238853e+03
1.628756542951489791e+03
1.635045152825503010e+03
1.641333748318058724e+03
1.647622410650701795e+03
1.653911091441037115e+03
1.660199693977996048e+03
1.666488287719083473e+03
1.672776964110783865e+03
1.679065634267858513e+03
1.685354223932678678e+03
1.691642833282927086e+03
1.697931517408869922e+03
1.704220178268766176e+03
1.710508765280640773e+03
1.716797383120759605e+03
1.723086068133297658e+03
1.729374723095311310e+03
1.735663314534487426e+03
1.741951936520699974e+03
1.748240617383414929e+03
1.754529283726677477e+03
1.760817879540385547e+03
1.767106487868423756e+03
1.773395169146429225e+03
1.779683828252010471e+03
1.785972414038015359e+03
1.792261033899235599e+03
1.798549717259230192e+03
1.804838362345592714e+03
1.811126941331342778e+03
1.817415575200286639e+03
1.823704270575715555e+03
1.829992925287918069e+03
1.836281507427314182e+03
1.842570131942046146e+03
1.848858818076890429e+03
1.855147461840518190e+03
1.861436044990430901e+03
1.867724675680723294e+03
1.874013363812965736e+03
1.880302019503229076e+03
1.886590604844157269e+03
1.892879225270143479e+03
1.899167909704356134e+03
1.905456556915995634e+03
1.911745138291915055e+03
1.918033772152583424e+03
1.924322460096041368e+03
1.930611094319591757e+03
1.936899674936214979e+03
1.943188322339138722e+03
1.949477010841060746e+03
1.955765646701841206e+03
1.962054245547214578e+03
1.968342871016852996e+03
1.974631562788646306e+03
1.980920204713313296e+03
1.987208785466626978e+03
1.993497423139025386e+03
1.999786113246451123e+03
2.006074753894248488e+03
2.012363339507979390e+03
2.018651979940623278e+03
2.024940669038852548e+03
2.031229310906036289e+03
2.037517896849169801e+03
2.043806535206442959e+03
2.050095222658169405e+03
2.056383857013050147e+03
2.062672439709915579e+03
2.068961083822070577e+03
2.075249772968678371e+03
2.081538404300058573e+03
2.087827004463032608e+03
2.094115637986710226e+03
2.100404317772055492e+03
2.106692982593509896e+03
2.112981593332854573e+03
2.119270191690438423e+03
2.125558864487238225e+03
2.131847538843083385e+03
2.138136145715406656e+03
2.144424742790633445e+03
2.150713415350635842e+03
2.157002086180416427e+03
2.163290683405017717e+03
2.169579287918994851e+03
2.175867966406325195e+03
2.182156629873973543e+03
2.188445217582769146e+03
2.194733836274823716e+03
2.201022513817086292e+03
2.207311178989355994e+03
2.213599785480092123e+03
2.219888387122302902e+03
2.226177050445067380e+03
2.232465729406310857e+03
2.238754337626663073e+03
2.245042936564980664e+03
2.251331596689503385e+03
2.257620273371632265e+03
2.263908901004322161e+03
2.270197492138682264e+03
2.276486132927829658e+03
2.282774811521936044e+03
2.289063445803266404e+03
2.295352036541536108e+03
2.301640667832717099e+03
2.307929346081210497e+03
2.314217999396113555e+03
2.320506605231175399e+03
2.326795215649138299e+03
2.333083890796957348e+03
2.339372560684362270e+03
2.345661182227288009e+03
2.351949782369680634e+03
2.358238429813034145e+03
2.364527112313763155e+03
2.370815753676453369e+03
2.377104350343875012e+03
2.383392972631263092e+03
2.389681649413973446e+03
2.395970310091184274e+03
2.402258905653573493e+03
2.408547515348461275e+03
2.414836188555056651e+03
2.421124859317205846e+03
2.427413461102606107e+03
2.433702061552832220e+03
2.439990709401360618e+03
2.446279386197306394e+03
2.452568014935495739e+03
2.458856602905135333e+03
2.465145247498911885e+03
2.471433931583001595e+03
2.477722582371280168e+03
2.484011173942215464e+03
2.490299792795185112e+03
2.496588469236922265e+03
2.502877132083807282e+03
2.509165729930556608e+03
2.515454335647556036e+03
2.521742990809422736e+03
2.528031663619441133e+03
2.534320280404544519e+03
2.540608875022277061e+03
2.546897521922674514e+03
2.553186200063418255e+03
2.559474841543854382e+03
2.565763440575259210e+03
2.572052062009304336e+03
2.578340748276680642e+03
2.584629400774113492e+03
2.590917990721509796e+03
2.597206613876031952e+03
2.603495296557946858e+03
2.609783946452711916e+03
2.616072526364090663e+03
2.622361160410573575e+03
2.628649846936249560e+03
2.634938481119555945e+03
2.641227067789073317e+03
2.647515713364071871e+03
2.653804394834386130e+03
2.660093046292885447e+03
2.666381631562736402e+03
2.672670259983326105e+03
2.678958937520891595e+03
2.685247596704379703e+03
2.691536197361587710e+03
2.697824804733179917e+03
2.704113471730639503e+03
2.710402142363396251e+03
2.716690750523742736e+03
2.722979348096892409e+03
2.729268005608833391e+03
2.735556669554786822e+03
2.741845288478985822e+03
2.748133875485501903e+03
2.754422522271714570e+03
2.760711202109244823e+03
2.766999823140191438e+03
2.773288416665513978e+03
2.779577049209737197e+03
2.785865722884534989e+03
2.792154360782114964e+03
2.798442945532884096e+03
2.804731578817367335e+03
2.811020251849501619e+03
2.817308898576066440e+03
2.823597485783284810e+03
2.829886107673212791e+03
2.836174780275890043e+03
2.842463425129343250e+03
2.848752023096069024e+03
2.855040630896195125e+03
2.861329304526317628e+03
2.867617958392619130e+03
2.873906556406996515e+03
2.880195161943017411e+03
2.886483831219657077e+03
2.892772496281051644e+03
2.899061093027445168e+03
2.905349699092340870e+03
2.911638354405665723e+03
2.917927022983282768e+03
2.924215629067978170e+03
2.930504227658077980e+03
2.936792881536817276e+03
2.943081547851230425e+03
2.949370167114707328e+03
2.955658759238981020e+03
2.961947413287982727e+03
2.968236080331711037e+03
2.974524704148558158e+03
2.980813290475175563e+03
2.987101934762536075e+03
2.993390611440522207e+03
2.999679235061243617e+03
3.005967827654564189e+03
3.012256456153054842e+03
3.018545132285812542e+03
3.024833773769628806e+03
3.031122359311884793e+03
3.037410986782056625e+03
3.043699657237630618e+03
3.049988307097586585e+03
3.056276902102384611e+03
3.062565514770881236e+03
3.068854188929726206e+03
3.075142849223799658e+03
3.081431449196144513e+03
3.087720056822929564e+03
3.094008722297937311e+03
3.100297393527580425e+03
3.106586002322597324e+03
3.112874594463271023e+03
3.119163252984737937e+03
3.125451930873221045e+03
3.131740553857834584e+03
3.138029149552696708e+03
3.144317788619880957e+03
3.150606476933749946e+03
3.156895121367012507e+03
3.163183703016129130e+03
3.169472337142353354e+03
3.175761022859132936e+03
3.182049666526829242e+03
3.188338253099250323e+03
3.194626884873238396e+03
3.200915571109395842e+03
3.207204222387467325e+03
3.213492805910821517e+03
3.219781433302561709e+03
3.226070118984374858e+03
3.232358765088964901e+03
3.238647351039041041e+03
3.244935987407396169e+03
3.251224673942284880e+03
3.257513309297343312e+03
3.263801895331439027e+03
3.270090539980481026e+03
3.276379226302814914e+03
3.282667868439094491e+03
3.288956468662279804e+03
3.295245094635533405e+03
3.301533770337796341e+03
3.307822441704377070e+03
3.314111047041950769e+03
3.320399654106200160e+03
3.326688311229584087e+03
3.332976995690522017e+03
3.339265621534474576e+03
3.345554221670337029e+03
3.351842860868806383e+03
3.358131550640895512e+03
3.364420198429511856e+03
3.370708786443484769e+03
3.376997421505302100e+03
3.383286102942144225e+03
3.389574770172820990e+03
3.395863386484087187e+03
3.402151983630550149e+03
3.408440648801783027e+03
3.414729329507496004e+03
3.421017941324004823e+03
3.427306537576565461e+03
3.433595208714503315e+03
3.439883885336364528e+03
3.446172505817832189e+03
3.452461102859024777e+03
3.458749747976448816e+03
3.465038431054053035e+03
3.471327069277946975e+03
3.477615667971896073e+03
3.483904293180029526e+03
3.490192964411932735e+03
3.496481625118965894e+03
3.502770219940108746e+03
3.509058837526754360e+03
3.515347511935259263e+03
3.521636189232913694e+03
3.527924801113818376e+03
3.534213404362299116e+03
3.540502063518471914e+03
3.546790749381977093e+03
3.553079381324159840e+03
3.559367980626554527e+03
3.565656617770678622e+03
3.571945291985730819e+03
3.578233940803918358e+03
3.584522539874268205e+03
3.590811158433814853e+03
3.597099839585585414e+03
3.603388499249114830e+03
3.609677096743067523e+03
3.615965706941069129e+03
3.622254371358066237e+03
3.628543041081546107e+03
3.634831657949122018e+03
3.641120250601352836e+03
3.647408904415181951e+03
3.653697586829349802e+03
3.659986217176449827e+03
3.666274804904563098e+03
3.672563446858202951e+03
3.678852126491898161e+03
3.685140769795006690e+03
3.691429361434376460e+03
3.697717995843411245e+03
3.704006677718507490e+03
3.710295334547460698e+03
3.716583931872734411e+03
3.722872549664898543e+03
3.729161222420695140e+03
3.735449889885111588e+03
3.741738502588003485e+03
3.748027105942239814e+03
3.754315776439165802e+03
3.760604443854989313e+03
3.766893054485396533e+03
3.773181654774520666e+03
3.779470305706781801e+03
3.785758982358898720e+03
3.792047614808651360e+03
3.798336201391780833e+03
3.804624845629505216e+03
3.810913523737109244e+03
3.817202164717792130e+03
3.823490762072634425e+03
3.829779390768202575e+03
3.836068079105823017e+03
3.842356740512442229e+03
3.848645344813980046e+03
3.854933956864834272e+03
3.861222639153091677e+03
3.867511305189039831e+03
3.873799892269606971e+03
3.880088513847614195e+03
3.886377204456839991e+03
3.892665862201569325e+03
3.898954447476784026e+03
3.905243070209099642e+03
3.911531764359509452e+03
3.917820436559160044e+03
3.924109024338832114e+03
3.930397639114763933e+03
3.936686325095342454e+03
3.942974983744444216e+03
3.949263585422239430e+03
3.955552199760857548e+03
3.961840876160010794e+03
3.968129559140948004e+03
3.974418173889078389e+03
3.980706767883232260e+03
3.986995432858928325e+03
3.993284127067466216e+03
3.999572760185570132e+03
4.005861344293006368e+03
4.012149991737024720e+03
4.018438688322610687e+03
4.024727341070931743e+03
4.031015925889955724e+03
4.037304555704499307e+03
4.043593245220784411e+03
4.049881917752839399e+03
4.056170510756433941e+03
4.062459121024983688e+03
4.068747799043849227e+03
4.075036487215175839e+03
4.081325093368309354e+03
4.087613689606914704e+03
4.093902360772679003e+03
4.100191040981007063e+03
4.106479645096042077e+03
4.112768248218860208e+03
4.119056927390951387e+03
4.125345614387216301e+03
4.131634229777269866e+03
4.137922829055074544e+03
4.144211504683954445e+03
4.150500187010323316e+03
4.156788810028802800e+03
4.163077402314597748e+03
4.169366073078997943e+03
4.175654757363953649e+03
4.181943383371815798e+03
4.188231972055050392e+03
4.194520639095041588e+03
4.200809323560098164e+03
4.207097952533943499e+03
4.213386540793074346e+03
4.219675204646860038e+03
4.225963888426847006e+03
4.232252512555117391e+03
4.238541104284810899e+03
4.244829764313260057e+03
4.251118454265560104e+03
4.257407079109447295e+03
4.263695670375401278e+03
4.269984330540657538e+03
4.276273022498067803e+03
4.282561657622291023e+03
4.288850245948524389e+03
4.295138902545609199e+03
4.301427596450515011e+03
4.307716235753642650e+03
4.314004817880094379e+03
4.320293468330336509e+03
4.326582162889219035e+03
4.332870804919531110e+03
4.339159387686408991e+03
4.345448019153988753e+03
4.351736709722592423e+03
4.358025372841685567e+03
4.364313957186458538e+03
4.370602578978099700e+03
4.376891265751909486e+03
4.383179915518881899e+03
4.389468504832235340e+03
4.395757135606789234e+03
4.402045823272924281e+03
4.408334487519382492e+03
4.414623071248593078e+03
4.420911690102955617e+03
4.427200386520845313e+03
4.433489051444061261e+03
4.439777642407352687e+03
4.446066243996767298e+03
4.452354930270524164e+03
4.458643613337202623e+03
4.464932211509733861e+03
4.471220803985790553e+03
4.477509471149130150e+03
4.483798148198295166e+03
4.490086748571713542e+03
4.496375344606818544e+03
4.502664026645219565e+03
4.508952709970426440e+03
4.515241315387043869e+03
4.521529903739980000e+03
4.527818558145939278e+03
4.534107255539148355e+03
4.540395883607329779e+03
4.546684465727092174e+03
4.552973113904234197e+03
4.559261802314623310e+03
4.565550426352438080e+03
4.571839010984270317e+03
4.578127668366598300e+03
4.584416363304419065e+03
4.590704996886762274e+03
4.596993580083993947e+03
4.603282236208986433e+03
4.609570927164231762e+03
4.615859565563671822e+03
4.622148152379339081e+03
4.628436802493280993e+03
4.634725495765013875e+03
4.641014139317636364e+03
4.647302727542127286e+03
4.653591368113251519e+03
4.659880060439641966e+03
4.666168704501229513e+03
4.672457291715663814e+03
4.678745930312192286e+03
4.685034619217542968e+03
4.691323267031940304e+03
4.697611854210224919e+03
4.703900493925437331e+03
4.710189184516165369e+03
4.716477836840726013e+03
4.722766425486920525e+03
4.729055060158158085e+03
4.735343752729080734e+03
4.741632407676482217e+03
4.747920997243764759e+03
4.754209625948279609e+03
4.760498316810943834e+03
4.766786972083704313e+03
4.773075561892175756e+03
4.779364189443675059e+03
4.785652870896778040e+03
4.791941529959407490e+03
4.798230115728750206e+03
4.804518734913545813e+03
4.810807427728574112e+03
4.817096096253562791e+03
4.823384687339118500e+03
4.829673298336791959e+03
4.835961980744184075e+03
4.842250643996389044e+03
4.848539231623202795e+03
4.854827843533744272e+03
4.861116536527844801e+03
4.867405209202574952e+03
4.873693805454979156e+03
4.879982403940794939e+03
4.886271086131754601e+03
4.892559765638999124e+03
4.898848382679688257e+03
4.905136973032347669e+03
4.911425633359589483e+03
4.917714318707703569e+03
4.924002962034292068e+03
4.930291547541136424e+03
4.936580184885319795e+03
4.942868870718036305e+03
4.949157535233344788e+03
4.955446124284902908e+03
4.961734742003475731e+03
4.968023421089248586e+03
4.974312099514676447e+03
4.980600700228861569e+03
4.986889302186074019e+03
4.993177973390683292e+03
4.999466656772644455e+03
5.005755278300515783e+03
5.012043869935353541e+03
5.018332517854757498e+03
5.024621203565679934e+03
5.030909825018208721e+03
5.037198405282712883e+03
5.043487066609234716e+03
5.049775763001992345e+03
5.056064393224396554e+03
5.062352971317713127e+03
5.068641612107349829e+03
5.074930311522367447e+03
5.081218959953639569e+03
5.087507540190137661e+03
5.093796163741601958e+03
5.100084858148160492e+03
5.106373521376192002e+03
5.112662114373933946e+03
5.118950716698209362e+03
5.125239400202613979e+03
5.131528079194798920e+03
5.137816687942563476e+03
5.144105273185628903e+03
5.150393941272834127e+03
5.156682633010409518e+03
5.162971261541231797e+03
5.169259842560734796e+03
5.175548490098293769e+03
5.181837185135662367e+03
5.188125830929343465e+03
5.194414408563941834e+03
5.200703035157352133e+03
5.206991730565065154e+03
5.213280396302888221e+03
5.219568986255106211e+03
5.225857594316488758e+03
5.232146279573948959e+03
5.238434957642359223e+03
5.244723564360935598e+03
5.251012158889030616e+03
5.257300826386122026e+03
5.263589512183774787e+03
5.269878142631338960e+03
5.276166727937397809e+03
5.282455375536309475e+03
5.288744066815866972e+03
5.295032716445824917e+03
5.301321298397358987e+03
5.307609926872424694e+03
5.313898623196249901e+03
5.320187286765040881e+03
5.326475874874113288e+03
5.332764484156816252e+03
5.339053172472071310e+03
5.345341852636228396e+03
5.351630451452650959e+03
5.357919043934430192e+03
5.364207716769215040e+03
5.370496409039295031e+03
5.376785029530028623e+03
5.383073611909821921e+03
5.389362265177775043e+03
5.395650964025461690e+03
5.401939604674049406e+03
5.408228182050721443e+03
5.414516815404307636e+03
5.420805512264842037e+03
5.427094171682379056e+03
5.433382756175658869e+03
5.439671370402170396e+03
5.445960056645225450e+03
5.452248730200856699e+03
5.458537326511863284e+03
5.464825919282046925e+03
5.471114597487588071e+03
5.477403268849292544e+03
5.483691856242462563e+03
5.489980465968987119e+03
5.496269147654375956e+03
5.502557823917422866e+03
5.508846424412158740e+03
5.515135023818739683e+03
5.521423698798053920e+03
5.527712371311450624e+03
5.534000978357014901e+03
5.540289577883488164e+03
5.546578243812880828e+03
5.552866921737741905e+03
5.559155526346516126e+03
5.565444121039048696e+03
5.571732791970904145e+03
5.578021479946433828e+03
5.584310092258064287e+03
5.590598677921741910e+03
5.596887346139547844e+03
5.603176025728739660e+03
5.609464639410261043e+03
5.615753234337761569e+03
5.622041897882861122e+03
5.628330585078917466e+03
5.634619203517925598e+03
5.640907797799764921e+03
5.647196462478307694e+03
5.653485153218587584e+03
5.659773779278556503e+03
5.666062363694428313e+03
5.672351023615544364e+03
5.678639716886068527e+03
5.684928343295241575e+03
5.691216926038087877e+03
5.697505582940006207e+03
5.703794275141665821e+03
5.710082906840864780e+03
5.716371487096979763e+03
5.722660141583412042e+03
5.728948829289299283e+03
5.735237460045598709e+03
5.741526047783571812e+03
5.747814697770505518e+03
5.754103389857131333e+03
5.760392027884659001e+03
5.766680612555481275e+03
5.772969262182312377e+03
5.779257959757475874e+03
5.785546596191632489e+03
5.791835178427703795e+03
5.798123826757760980e+03
5.804412522119620917e+03
5.810701159116361850e+03
5.816989743981916945e+03
5.823278390677181051e+03
5.829567083535181155e+03
5.835855725077135503e+03
5.842144317130404488e+03
5.848432956034173912e+03
5.854721651839346123e+03
5.861010299034515810e+03
5.867298888138667280e+03
5.873587524642947756e+03
5.879876221468366566e+03
5.886164875794657746e+03
5.892453457116257596e+03
5.898742090662996816e+03
5.905030787254622737e+03
5.911319438130734852e+03
5.917608023065587076e+03
5.923896656436673766e+03
5.930185349949522788e+03
5.936474004113308183e+03
5.942762595136511663e+03
5.949051224221858320e+03
5.955339914026082624e+03
5.961628566729259546e+03
5.967917160669522673e+03
5.974205786061520485e+03
5.980494472045935254e+03
5.986783129789562736e+03
5.993071719744974871e+03
5.999360343425875726e+03
6.005649030796957049e+03
6.011937692799846445e+03
6.018226282893309872e+03
6.024514903422106727e+03
6.030803590900585732e+03
6.037092256004894807e+03
6.043380850331548572e+03
6.049669467588016232e+03
6.055958149892605434e+03
6.062246816360730918e+03
6.068535409424242971e+03
6.074824023371597832e+03
6.081112706707826874e+03
6.087401376122720649e+03
6.093689969221385581e+03
6.099978579228011768e+03
6.106267262395664147e+03
6.112555932890361873e+03
6.118844540087024143e+03
6.125133133883846313e+03
6.131421802946359094e+03
6.137710482795375356e+03
6.143999105334344677e+03
6.150287690749551075e+03
6.156576345510886313e+03
6.162865031967297909e+03
6.169153663901637628e+03
6.175442241964444293e+03
6.181730889004677920e+03
6.188019572001359847e+03
6.194308188695446916e+03
6.200596774551017916e+03
6.206885430807078592e+03
6.213174111106429336e+03
6.219462735559661269e+03
6.225751321898030255e+03
6.232039972516830858e+03
6.238328660689736353e+03
6.244617303346750305e+03
6.250905883747176631e+03
6.257194522888355095e+03
6.263483213127988165e+03
6.269771867464623028e+03
6.276060453548934674e+03
6.282349073524350388e+03
6.288637764071462698e+03
