0.000000000000000000e+00
6.288625684325281462e+00
1.257727984187239301e+01
1.886593780445466706e+01
2.515456795967689985e+01
3.144319019886477307e+01
3.773183964885937769e+01
4.402050009692355559e+01
5.030913560233138071e+01
5.659775580788976868e+01
6.288639989656144280e+01
6.917506143836276067e+01
7.546370261731890139e+01
8.175232239841903947e+01
8.804096081647199412e+01
9.432962200924633578e+01
1.006182687523730834e+02
1.069068897533161078e+02
1.131955225936916918e+02
1.194841820084357806e+02
1.257728338367562770e+02
1.320614575904063202e+02
1.383500854110143621e+02
1.446387417059075062e+02
1.509273978195635095e+02
1.572160255799051640e+02
1.635046493836117918e+02
1.697933014009455519e+02
1.760819607187271743e+02
1.823705933950146232e+02
1.886592144869051708e+02
1.949478613692828048e+02
2.012365225692651620e+02
2.075251607382407144e+02
2.138137806017531659e+02
2.201024218849224781e+02
2.263910834939663914e+02
2.326797273481114416e+02
2.389683475682108735e+02
2.452569832124638083e+02
2.515456437277634052e+02
2.578342930276231755e+02
2.641229151602138927e+02
2.704115455295740276e+02
2.767002035414458874e+02
2.829888576257190493e+02
2.892774830974281599e+02
2.955661089073193466e+02
3.018547632025769190e+02
3.081434210608399553e+02
3.144320510646700200e+02
3.207206733846435895e+02
3.270093230017942574e+02
3.332979833864919783e+02
3.395866187222172812e+02
3.458752389635990312e+02
3.521638832319160315e+02
3.584525447601305359e+02
3.647411857582188759e+02
3.710298055296465805e+02
3.773184441232152153e+02
3.836071053540467801e+02
3.898957519205310973e+02
3.961843728658523673e+02
4.024730058681605556e+02
4.087616653658591304e+02
4.150503170395705865e+02
4.213389406904660746e+02
4.276275686545946542e+02
4.339162250674245911e+02
4.402048810627205739e+02
4.464935086764631933e+02
4.527821325954930671e+02
4.590707847571566731e+02
4.653594439991059062e+02
4.716480765010165896e+02
4.779366976633905892e+02
4.842253447117612950e+02
4.905140058778106322e+02
4.968026438656762025e+02
5.030912637442676214e+02
5.093799052082667345e+02
5.156685668251925563e+02
5.219572105063232357e+02
5.282458306850356848e+02
5.345344665115977705e+02
5.408231270782531510e+02
5.471117762205720965e+02
5.534003982631036251e+02
5.596890287957851342e+02
5.659776869035254094e+02
5.722663408514133607e+02
5.785549661974026776e+02
5.848435921330456040e+02
5.911322465658439569e+02
5.974209043180071603e+02
6.037095341717398469e+02
6.099981565738221434e+02
6.162868063575757560e+02
6.225754666778406090e+02
6.288641018433490899e+02
6.351527221231420981e+02
6.414413665699444209e+02
6.477300280839957622e+02
6.540186688999966691e+02
6.603072886642742105e+02
6.665959274328847641e+02
6.728845887005726354e+02
6.791732350893299781e+02
6.854618559804737288e+02
6.917504891457824669e+02
6.980391487246866973e+02
7.043278002432776930e+02
7.106164237916492539e+02
7.169050519015029295e+02
7.231937084303449410e+02
7.294823643069975105e+02
7.357709917740967285e+02
7.420596158100267985e+02
7.483482681150411508e+02
7.546369272795988081e+02
7.609255596077117616e+02
7.672141808413589388e+02
7.735028280559179166e+02
7.797914891857471957e+02
7.860801269933388085e+02
7.923687468875823470e+02
7.986573885334228180e+02
8.049460501559333352e+02
8.112346936639730757e+02
8.175233138023584161e+02
8.238119498117904413e+02
8.301006104279304054e+02
8.363892594115569636e+02
8.426778813653188536e+02
8.489665120610796976e+02
8.552551702644174156e+02
8.615438240740236324e+02
8.678324492967198012e+02
8.741210753582330426e+02
8.804097299281919504e+02
8.866983875726018596e+02
8.929870172774312778e+02
8.992756397630797665e+02
9.055642897124271258e+02
9.118529499672252996e+02
9.181415849622852647e+02
9.244302052828463729e+02
9.307188499069917498e+02
9.370075114062246939e+02
9.432961520390699661e+02
9.495847717987780925e+02
9.558734107419196562e+02
9.621620720454637876e+02
9.684507182560140564e+02
9.747393390944808971e+02
9.810279724236322636e+02
9.873166320817915675e+02
9.936052834455553011e+02
9.998939068919313513e+02
1.006182535149404202e+03
1.012471191792257969e+03
1.018759847550038444e+03
1.025048474870840892e+03
1.031337099025355201e+03
1.037625751472527782e+03
1.043914410558450982e+03
1.050203042713800414e+03
1.056491664019556083e+03
1.062780311400459368e+03
1.069068972492073954e+03
1.075357610120771824e+03
1.081646230031318510e+03
1.087934871859686154e+03
1.094223533485742337e+03
1.100512176821327785e+03
1.106800796920469111e+03
1.113089433113076893e+03
1.119378093777509548e+03
1.125666742601462829e+03
1.131955364468684365e+03
1.138243995327152561e+03
1.144532653625628654e+03
1.150821307295383576e+03
1.157109932396955173e+03
1.163398558584419789e+03
1.169687213290783575e+03
1.175975870825977381e+03
1.182264500383118502e+03
1.188553122953965158e+03
1.194841773067499616e+03
1.201130433256002789e+03
1.207419068079995668e+03
1.213707688443900679e+03
1.219996333243871732e+03
1.226284994727689082e+03
1.232573635176633843e+03
1.238862254933931354e+03
1.245150894050987517e+03
1.251439555389008092e+03
1.257728201421220319e+03
1.264016822208198164e+03
1.270305455702438167e+03
1.276594115437999108e+03
1.282882766646245955e+03
1.289171389990576245e+03
1.295460018397614704e+03
1.301748675152625538e+03
1.308037330791109525e+03
1.314325957965524367e+03
1.320614582240037407e+03
1.326903234828599352e+03
1.333191893834404937e+03
1.339480525818092019e+03
1.345769147196492213e+03
1.352057794744034709e+03
1.358346455795247948e+03
1.364635093246307179e+03
1.370923713173699525e+03
1.377212355185223942e+03
1.383501016813170054e+03
1.389789659976404891e+03
1.396078280037763989e+03
1.402366916413494664e+03
1.408655577125602804e+03
1.414944225788755375e+03
1.421232847571595812e+03
1.427521478592370840e+03
1.433810136985734289e+03
1.440098790513660106e+03
1.446387415496111544e+03
1.452676041810043898e+03
1.458964696652581779e+03
1.465253354077168524e+03
1.471541983487077687e+03
1.477830606145051888e+03
1.484119256422209901e+03
1.490407916543760848e+03
1.496696551195985876e+03
1.502985171605966343e+03
1.509273816580740458e+03
1.515562478048442017e+03
1.521851118312484004e+03
1.528139738069640316e+03
1.534428377360684863e+03
1.540717038731888579e+03
1.547005684585214340e+03
1.553294305321731372e+03
1.559582938982684027e+03
1.565871598793612520e+03
1.572160249847348041e+03
1.578448873089947256e+03
1.584737501648997068e+03
1.591026158514161580e+03
1.597314814032524509e+03
1.603603441061203512e+03
1.609892065457167973e+03
1.616180718186437389e+03
1.622469377110241794e+03
1.628758008923311536e+03
1.635046630375288487e+03
1.641335278090345810e+03
1.647623939098655228e+03
1.653912576372906415e+03
1.660201196318061875e+03
1.666489838513891982e+03
1.672778500141560926e+03
1.679067143132090678e+03
1.685355763157224828e+03
1.691644399716843509e+03
1.697933060475186267e+03
1.704221708975635238e+03
1.710510330676477224e+03
1.716798961859671408e+03
1.723087620347721213e+03
1.729376273731764513e+03
1.735664898597143974e+03
1.741953525038457883e+03
1.748242180016490238e+03
1.754530837328916277e+03
1.760819466592236040e+03
1.767108089339671096e+03
1.773396739779030440e+03
1.779685399832688972e+03
1.785974034312384674e+03
1.792262654771148618e+03
1.798551299919541407e+03
1.804839961370095352e+03
1.811128601448648396e+03
1.817417221207786270e+03
1.823705860672724839e+03
1.829994522075211762e+03
1.836283167751267683e+03
1.842571788438971680e+03
1.848860422268251341e+03
1.855149082152072197e+03
1.861437733050715906e+03
1.867726356192088588e+03
1.874014984905300480e+03
1.880303641878701683e+03
1.886592297275961982e+03
1.892880924159692995e+03
1.899169548678840329e+03
1.905458201547918861e+03
1.911746860387436755e+03
1.918035492031703825e+03
1.924324113558034696e+03
1.930612761440528175e+03
1.936901422403341712e+03
1.943190059502124768e+03
1.949478679466365293e+03
1.955767321846660707e+03
1.962055983471763511e+03
1.968344626289404232e+03
1.974633246280706771e+03
1.980921883023808505e+03
1.987210543827455240e+03
1.993499192163899124e+03
1.999787813785581420e+03
2.006076445130762067e+03
2.012365103712373184e+03
2.018653756950825482e+03
2.024942381701700242e+03
2.031231008271146038e+03
2.037519663383369107e+03
2.043808320582297029e+03
2.050096949699584911e+03
2.056385572538782981e+03
2.062674223138797061e+03
2.068962883123628217e+03
2.075251517430227068e+03
2.081540137940644399e+03
2.087828783261355966e+03
2.094117444693671587e+03
2.100406084586119505e+03
2.106694704349422409e+03
2.112983343988355500e+03
2.119272005420278674e+03
2.125560650915707356e+03
2.131849271554897769e+03
2.138137905553561268e+03
2.144426565508465046e+03
2.150715216252358005e+03
2.157003839292375233e+03
2.163292468161037050e+03
2.169581125241440986e+03
2.175869780517381969e+03
2.182158407256893952e+03
2.188447031899432204e+03
2.194735684907959694e+03
2.201024343661869352e+03
2.207312975138785987e+03
2.213601596739433717e+03
2.219890244789843564e+03
2.226178905705535726e+03
2.232467542630104617e+03
2.238756162614080040e+03
2.245044805179007653e+03
2.251333466800501355e+03
2.257622109445142996e+03
2.263910729403893129e+03
2.270199366329834902e+03
2.276488027178235825e+03
2.282776675349371999e+03
2.289065296894101266e+03
2.295353928400396399e+03
2.301642587075268693e+03
2.307931240166833504e+03
2.314219864804851113e+03
2.320508491502635479e+03
2.326797146748102477e+03
2.333085803833041155e+03
2.339374432804710523e+03
2.345663055737483319e+03
2.351951706496500719e+03
2.358240366412441745e+03
2.364529000545335748e+03
2.370817621109431911e+03
2.377106266601183961e+03
2.383394928014459765e+03
2.389683567720653173e+03
2.395972187489729549e+03
2.402260827302637608e+03
2.408549488762388592e+03
2.414838134079311658e+03
2.421126754670836817e+03
2.427415388840443484e+03
2.433704048864251945e+03
2.439992699453488967e+03
2.446281322392655056e+03
2.452569951418377514e+03
2.458858608603911307e+03
2.465147263757404744e+03
2.471435890353614013e+03
2.477724515120457909e+03
2.484013168268059417e+03
2.490301826934296969e+03
2.496590458245379978e+03
2.502879079920844561e+03
2.509167728139517749e+03
2.515456389005925303e+03
2.521745025757400526e+03
2.528033645762001925e+03
2.534322288511846182e+03
2.540610950128102559e+03
2.546899592599327661e+03
2.553188212527617452e+03
2.559476849636198494e+03
2.565765510528647155e+03
2.572054158532796919e+03
2.578342780003146800e+03
2.584631411670384296e+03
2.590920070438188759e+03
2.597208723381503205e+03
2.603497347908275060e+03
2.609785974735676973e+03
2.616074630113493640e+03
2.622363287083407613e+03
2.628651915909475974e+03
2.634940538938403279e+03
2.641229189855143886e+03
2.647517849701539944e+03
2.653806483659892820e+03
2.660095104280121632e+03
2.666383749941861879e+03
2.672672411335171546e+03
2.678961050854991299e+03
2.685249670631137633e+03
2.691538310618446303e+03
2.697826972104169272e+03
2.704115617243069210e+03
2.710404237787518014e+03
2.716692872129593979e+03
2.722981532220207555e+03
2.729270182654963719e+03
2.735558805493600175e+03
2.741847434677840283e+03
2.748136091966892309e+03
2.754424746996836802e+03
2.760713373451051211e+03
2.767001998342718252e+03
2.773290651629166405e+03
2.779579310205715501e+03
2.785867941352820708e+03
2.792156563103353164e+03
2.798445211490779002e+03
2.804733872305763271e+03
2.811022508884827857e+03
2.817311128911402193e+03
2.823599771846181284e+03
2.829888433455674658e+03
2.836177075752655128e+03
2.842465695652788327e+03
2.848754332943347436e+03
2.855042993879219921e+03
2.861331641715004935e+03
2.867620263113451074e+03
2.873908894941367635e+03
2.880197553801478989e+03
2.886486206595111980e+03
2.892774831012211962e+03
2.899063457970759373e+03
2.905352113479611489e+03
2.911640770333684941e+03
2.917929399013979491e+03
2.924218022141521033e+03
2.930506673214434159e+03
2.936795332990691804e+03
2.943083966773906923e+03
2.949372587452868174e+03
2.955661233283911770e+03
2.961949894655853768e+03
2.968238533988948802e+03
2.974527153773783994e+03
2.980815793936368209e+03
2.987104455446040902e+03
2.993393100407112797e+03
2.999681720905069142e+03
3.005970355421447039e+03
3.012259015576638831e+03
3.018547665856725871e+03
3.024836288595367023e+03
3.031124917939655461e+03
3.037413575331143875e+03
3.043702230236483047e+03
3.049990856550205535e+03
3.056279481567214589e+03
3.062568134992327941e+03
3.068856793477034444e+03
3.075145424462056781e+03
3.081434046288316949e+03
3.087722694844420857e+03
3.094011355605972312e+03
3.100299992013546671e+03
3.106588612063602341e+03
3.112877255182997487e+03
3.119165916784654655e+03
3.125454558906889361e+03
3.131743178781176539e+03
3.138031816252842418e+03
3.144320477231557561e+03
3.150609124897442598e+03
3.156897746226541585e+03
3.163186378214817523e+03
3.169475037166210768e+03
3.175763689808813069e+03
3.182052314117740480e+03
3.188340941208451568e+03
3.194629596846843015e+03
3.200918253584522972e+03
3.207206882119077818e+03
3.213495505347424569e+03
3.219784156574622102e+03
3.226072816280163352e+03
3.232361449887837352e+03
3.238650070627458263e+03
3.244938716626760652e+03
3.251227377976112166e+03
3.257516017122786252e+03
3.263804636917499920e+03
3.270093277255765770e+03
3.276381938787303625e+03
3.282670583572325995e+03
3.288959204024608425e+03
3.295247838716896695e+03
3.301536498934480733e+03
3.307825149059707201e+03
3.314113771699109293e+03
3.320402401204651142e+03
3.326691058697103927e+03
3.332979713476200686e+03
3.339268339650978760e+03
3.345556964793765474e+03
3.351845618357511285e+03
3.358134276748106004e+03
3.364422907572610256e+03
3.370711529475313455e+03
3.377000178200627943e+03
3.383288838906522415e+03
3.389577475142960793e+03
3.395866095218268583e+03
3.402154738522273874e+03
3.408443400114635551e+03
3.414732042060975346e+03
3.421020661912185005e+03
3.427309299564395133e+03
3.433597960585062538e+03
3.439886608079359576e+03
3.446175229341719387e+03
3.452463861490454292e+03
3.458752520531965274e+03
3.465041173022490966e+03
3.471329797224608228e+03
3.477618424449261511e+03
3.483907080215413771e+03
3.490195736836106789e+03
3.496484365225095189e+03
3.502772988556961536e+03
3.509061639936819120e+03
3.515350299570931384e+03
3.521638933002719568e+03
3.527927553805215666e+03
3.534216199972283448e+03
3.540504861297210027e+03
3.546793500257709638e+03
3.553082120063495040e+03
3.559370760578316094e+03
3.565659422129344875e+03
3.571948066736077180e+03
3.578236687143002200e+03
3.584525322012250854e+03
3.590813982290095737e+03
3.597102632260593964e+03
3.603391254801696959e+03
3.609679884469158424e+03
3.615968542061545577e+03
3.622257196713201211e+03
3.628545822750675143e+03
3.634834448019214960e+03
3.641123101721312196e+03
3.647411760015885193e+03
3.653700390681824956e+03
3.659989012661185370e+03
3.666277661555495797e+03
3.672566322204316293e+03
3.678854958270401767e+03
3.685143578372321372e+03
3.691432221860148729e+03
3.697720883442411832e+03
3.704009525212065455e+03
3.710298145042207580e+03
3.716586782873988341e+03
3.722875443936023203e+03
3.729164091257745895e+03
3.735452712455512938e+03
3.741741344764478981e+03
3.748030003895190930e+03
3.754318656232856483e+03
3.760607280329097648e+03
3.766895907689123760e+03
3.773184563581482053e+03
3.779473220084927107e+03
3.785761848327844746e+03
3.792050471765522161e+03
3.798339123296380876e+03
3.804627782858574847e+03
3.810916416114497679e+03
3.817205036981589274e+03
3.823493683315529779e+03
3.829782344614617614e+03
3.836070983389824050e+03
3.842359603207518830e+03
3.848648243899511726e+03
3.854936905467895031e+03
3.861225549899001180e+03
3.867514170261182244e+03
3.873802805308706866e+03
3.880091465645114567e+03
3.886380115460581237e+03
3.892668737904367845e+03
3.898957367734281434e+03
3.905246025425368316e+03
3.911534679948037137e+03
3.917823305850459292e+03
3.924111931244600328e+03
3.930400585084720660e+03
3.936689243281324707e+03
3.942977873790618105e+03
3.949266495847358783e+03
3.955555144910326817e+03
3.961843805500269809e+03
3.968132441396394825e+03
3.974421061526998983e+03
3.980709705197872609e+03
3.986998366769009408e+03
3.993287008361029166e+03
3.999575628173171026e+03
4.005864266183365999e+03
4.012152927286146678e+03
4.018441574434076756e+03
4.024730195569641637e+03
4.031018828039008440e+03
4.037307487257658067e+03
4.043596139441768173e+03
4.049884763433279204e+03
4.056173390930367987e+03
4.062462046947130602e+03
4.068750703332977082e+03
4.075039331429602043e+03
4.081327954975344255e+03
4.087616606655452870e+03
4.093905266144962752e+03
4.100193899224857887e+03
4.106482520158174339e+03
4.112771166658691982e+03
4.119059827930308529e+03
4.125348466520681541e+03
4.131637086351129255e+03
4.137925727221120724e+03
4.144214388804772170e+03
4.150503033060564121e+03
4.156791653378505544e+03
4.163080288605701753e+03
4.169368948998575434e+03
4.175657598658666757e+03
4.181946221006429369e+03
4.188234850999475384e+03
4.194523508789126026e+03
4.200812163181260985e+03
4.207100788950306196e+03
4.213389414470330848e+03
4.219678068448938575e+03
4.225966726545405436e+03
4.232255356899467188e+03
4.238543979034502627e+03
4.244832628266345637e+03
4.251121288795970941e+03
4.257409924522089568e+03
4.263698544683438740e+03
4.269987188536720168e+03
4.276275850095936221e+03
4.282564491509163418e+03
4.288853111305659695e+03
4.295141749493665884e+03
4.301430410636619854e+03
4.307719057609511765e+03
4.314007678684830353e+03
4.320296311315026287e+03
4.326584970620351669e+03
4.332873622650428842e+03
4.339162246537818646e+03
4.345450874173976445e+03
4.351739530313244359e+03
4.358028186581308546e+03
4.364316814531740420e+03
4.370605438188098560e+03
4.376894090016038717e+03
4.383182749432011406e+03
4.389471382336088936e+03
4.395760003337129092e+03
4.402048650003880539e+03
4.408337311246150421e+03
4.414625949652694544e+03
4.420914569496780132e+03
4.427203210545858383e+03
4.433491872142501052e+03
4.439780516223248924e+03
4.446069136497765612e+03
4.452357771905477421e+03
4.458646432353146338e+03
4.464935081857333898e+03
4.471223704110380822e+03
4.477512334266740254e+03
4.483800992153557672e+03
4.490089646413368428e+03
4.496378272051441854e+03
4.502666897697260538e+03
4.508955551813981401e+03
4.515244209808510277e+03
4.521532840009133906e+03
4.527821462223497292e+03
4.534110111623502235e+03
4.540398772091413775e+03
4.546687407647910732e+03
4.552976027842093572e+03
4.559264671876711873e+03
4.565553333423449658e+03
4.571841974656921593e+03
4.578130594440392088e+03
4.584419232805322281e+03
4.590707893987667376e+03
4.596996540784453828e+03
4.603285161801600225e+03
4.609573794593175080e+03
4.615862453983779233e+03
4.622151105859104973e+03
4.628439729642861494e+03
4.634728357420293833e+03
4.641017013680299897e+03
4.647305669830238912e+03
4.653594297633734641e+03
4.659882921402817374e+03
4.666171573377240748e+03
4.672460232718587577e+03
4.678748865447017124e+03
4.685037486517083380e+03
4.691326133350258715e+03
4.697614794561120107e+03
4.703903432784522010e+03
4.710192052642728413e+03
4.716480693872112170e+03
4.722769355479493242e+03
4.729057999385655421e+03
4.735346619617361284e+03
4.741635255207082992e+03
4.747923915707882770e+03
4.754212565055035157e+03
4.760501187214646052e+03
4.766789817534856411e+03
4.773078475518899722e+03
4.779367129644204397e+03
4.785655755153263271e+03
4.791944380925054247e+03
4.798233035180124716e+03
4.804521693070516449e+03
4.810810323118907945e+03
4.817098945413832553e+03
4.823387594981810253e+03
4.829676255386537377e+03
4.835964890772757826e+03
4.842253511002239065e+03
4.848542155217393884e+03
4.854830816750793929e+03
4.861119457802928082e+03
4.867408077575949392e+03
4.873696716117374308e+03
4.879985377338106446e+03
4.886274023957525969e+03
4.892562644918289152e+03
4.898851277872158789e+03
4.905139937346328225e+03
4.911428589066502354e+03
4.917717212747123995e+03
4.924005840667952725e+03
4.930294497046829747e+03
4.936583153078161558e+03
4.942871780734859385e+03
4.949160404618729444e+03
4.955449056738352738e+03
4.961737716003840433e+03
4.968026348557210440e+03
4.974314969697577908e+03
4.980603616696930658e+03
4.986892277874317188e+03
4.993180915915850164e+03
4.999469535788968642e+03
5.005758177199321835e+03
5.012046838815160299e+03
5.018335482547900028e+03
5.024624102737964677e+03
5.030912738510016425e+03
5.037201399062360906e+03
5.043490048252137967e+03
5.049778670320599304e+03
5.056067300804305887e+03
5.062355958884370011e+03
5.068644612873820734e+03
5.074933238256514414e+03
5.081221864154108516e+03
5.087510518546801904e+03
5.093799176331729541e+03
5.100087806229664238e+03
5.106376428606356058e+03
5.112665078341049593e+03
5.118953738681671894e+03
5.125242373897766811e+03
5.131530994164763797e+03
5.137819638558823499e+03
5.144108300078283719e+03
5.150396940948604424e+03
5.156685560713855921e+03
5.162974199430507724e+03
5.169262860688517321e+03
5.175551507130879145e+03
5.181840128037139948e+03
5.188128761153738196e+03
5.194417420709576618e+03
5.200706072274805592e+03
5.206994695852981749e+03
5.213283323918868518e+03
5.219571980414356403e+03
5.225860636327043721e+03
5.232149263837131912e+03
5.238437887837543713e+03
5.244726540100858983e+03
5.251015199289413431e+03
5.257303831668811654e+03
5.263592452880445308e+03
5.269881100046135543e+03
5.276169761187948097e+03
5.282458399048823594e+03
5.288747018937565372e+03
5.295035660529613779e+03
5.301324322151684100e+03
5.307612965711138713e+03
5.313901585860446176e+03
5.320190221815526456e+03
5.326478882417929526e+03
5.332767531449124363e+03
5.339056153428206926e+03
5.345344784075403368e+03
5.351633442251379165e+03
5.357922096102817704e+03
5.364210721361103424e+03
5.370499347384828070e+03
5.376788001915076165e+03
5.383076659592240503e+03
5.389365289340516028e+03
5.395653911800588503e+03
5.401942561701644081e+03
5.408231221976746383e+03
5.414519857021920870e+03
5.420808477329374000e+03
5.427097121901612809e+03
5.433385783406317387e+03
5.439674424093377638e+03
5.445963043853354066e+03
5.452251682745101789e+03
5.458540344039233787e+03
5.464828990302664351e+03
5.471117611155674240e+03
5.477406244436301677e+03
5.483694904072194731e+03
5.489983555482006523e+03
5.496272178957781762e+03
5.502560807171122178e+03
5.508849463781388295e+03
5.515138119574898155e+03
5.521426746938110227e+03
5.527715371056888216e+03
5.534004023463066915e+03
5.540292682573202001e+03
5.546581314778853994e+03
5.552869936062661509e+03
5.559158583395153073e+03
5.565447244499077897e+03
5.571735882180031695e+03
5.578024502084941560e+03
5.584313143859760203e+03
5.590601805485994191e+03
5.596890448872482921e+03
5.603179068982250101e+03
5.609467705120920982e+03
5.615756365772282152e+03
5.622045014643793365e+03
5.628333636535625374e+03
5.634622267346142507e+03
5.640910925617635257e+03
5.647199579329210792e+03
5.653488204465481431e+03
5.659776830615604013e+03
5.666065485282769259e+03
5.672354142850862445e+03
5.678642772450853954e+03
5.684931394995994197e+03
5.691220045062232202e+03
5.697508705271085091e+03
5.703797340145157250e+03
5.710085960495506697e+03
5.716374605244473969e+03
5.722663266733706223e+03
5.728951907236561965e+03
5.735240526993721687e+03
5.741529166060181524e+03
5.747817827389120794e+03
5.754106473473634651e+03
5.760395094274910662e+03
5.766683727720811476e+03
5.772972387434686425e+03
5.779261038689058296e+03
5.785549662062708194e+03
5.791838290425685045e+03
5.798126947148819454e+03
5.804415602822685287e+03
5.810704230039442336e+03
5.816992854278484629e+03
5.823281506826408986e+03
5.829570165856454878e+03
5.835858797889874950e+03
5.842147419246623031e+03
5.848436066745943208e+03
5.854724727809826618e+03
5.861013365312557653e+03
5.867301985234504173e+03
5.873590627192807005e+03
5.879879288821271075e+03
5.886167932034788464e+03
5.892456552106384152e+03
5.898745188428820256e+03
5.905033849127855319e+03
5.911322497838380514e+03
5.917611119645038343e+03
5.923899750618360486e+03
5.930188408985030946e+03
5.936477062555051816e+03
5.942765687571504714e+03
5.949054313848217134e+03
5.955342968651892988e+03
5.961631626109550780e+03
5.967920255561990416e+03
5.974208878193884630e+03
5.980497528424010852e+03
5.986786188565953125e+03
5.993074823268156251e+03
5.999363443663814905e+03
6.005652088587996332e+03
6.011940750061278777e+03
6.018229390379451615e+03
6.024518010135754594e+03
6.030806649376191672e+03
6.037095310738661283e+03
6.043383956644370301e+03
6.049672577394923792e+03
6.055961211007165730e+03
6.062249870797060794e+03
6.068538521896245584e+03
6.074827145167842900e+03
6.081115773682210602e+03
6.087404430516240609e+03
6.093693086070167737e+03
6.099981713140641659e+03
6.106270337500661299e+03
6.112558990189631913e+03
6.118847649138181623e+03
6.125136281000502095e+03
6.131424902430396287e+03
6.137713550097103507e+03
6.144002211118921878e+03
6.150290848444509720e+03
6.156579468383718449e+03
6.162868110526016608e+03
6.169156772154706232e+03
6.175445415195631540e+03
6.181734035230569134e+03
6.188022671736802295e+03
6.194311332482812759e+03
6.200599981031102288e+03
6.206888602754955173e+03
6.213177233890825846e+03
6.219465892352138326e+03
6.225754545778792817e+03
6.232043170677626222e+03
6.238331797081392324e+03
6.244620452020675657e+03
6.250909109366522898e+03
6.257197738672032756e+03
6.263486361392786421e+03
6.269775011785600327e+03
6.276063671859886199e+03
6.282352306389660043e+03
6.288640926833487356e+03
