0.000000000000000000e+00
6.288607393394309852e+00
1.257724918356321986e+01
1.886589535068980084e+01
2.515450810197324216e+01
3.144311141456043046e+01
3.773174766998310758e+01
4.402039682289075984e+01
5.030901583558749479e+01
5.659761670915769116e+01
6.288624662298743573e+01
6.917489715904667946e+01
7.546352285656953995e+01
8.175212311815596422e+01
8.804074635567646112e+01
9.432939657519905552e+01
1.006180288761104862e+02
1.069066304324491341e+02
1.131952470864041516e+02
1.194838953354908568e+02
1.257725337169012505e+02
1.320611383497792701e+02
1.383497490122376519e+02
1.446383937187766833e+02
1.509270372724475067e+02
1.572156464903569884e+02
1.635042522044853399e+02
1.697928920806628810e+02
1.760815395164124482e+02
1.823701545008222240e+02
1.886587567139533803e+02
1.949473906849296725e+02
2.012360405525902536e+02
2.075246620074591704e+02
2.138132624294324557e+02
2.201018899118753893e+02
2.263905405173213978e+02
2.326791686871493710e+02
2.389677692120409063e+02
2.452563899743373383e+02
2.515450396704521268e+02
2.578336742896241276e+02
2.641222767898875077e+02
2.704108911406048037e+02
2.766995382425138814e+02
2.829881786719049046e+02
2.892767848247398206e+02
2.955653935142471482e+02
3.018540365976361386e+02
3.081426817247465237e+02
3.144312929679204558e+02
3.207198972068446778e+02
3.270085349912495190e+02
3.332971835284661779e+02
3.395858008281064144e+02
3.458744021656582959e+02
3.521630338192456406e+02
3.584516841385264456e+02
3.647403080635296533e+02
3.710289083009950559e+02
3.773175333062748109e+02
3.836061837918470587e+02
3.898948143647779716e+02
3.961834154074607568e+02
4.024720337626574747e+02
4.087606826729962677e+02
4.150493195442595606e+02
4.213379231925893578e+02
4.276265353489118866e+02
4.339151811492482693e+02
4.402038234251838844e+02
4.464924313205479507e+02
4.527810382129546838e+02
4.590696794477032086e+02
4.653583260257681218e+02
4.716469394094592644e+02
4.779355423763122417e+02
4.842241779977048850e+02
4.905128273693080132e+02
4.968014470779425551e+02
5.030900477936167476e+02
5.093786770191134110e+02
5.156673276133979016e+02
5.219559540031275446e+02
5.282445543194455695e+02
5.345331768504571528e+02
5.408218269414290944e+02
5.471104599195037963e+02
5.533990617091766353e+02
5.596876777055981620e+02
5.659763256641002727e+02
5.722649646204753253e+02
5.785535696623542208e+02
5.848421797522613588e+02
5.911308240075505864e+02
5.974194680340458490e+02
6.037080778241669350e+02
6.099966830886104390e+02
6.162853223756914076e+02
6.225739701507843620e+02
6.288625857864192312e+02
6.351511877208334909e+02
6.414398210420283704e+02
6.477284710647295469e+02
6.540170932258733956e+02
6.603056935738998163e+02
6.665943203305158704e+02
6.728829709287170999e+02
6.791715998045336846e+02
6.854602004488294824e+02
6.917488205140728041e+02
6.980374699996928030e+02
7.043261052810204319e+02
7.106147080853595526e+02
7.169033217814511545e+02
7.231919685250750263e+02
7.294806095081117974e+02
7.357692161618541604e+02
7.420578242996779181e+02
7.483464668437645742e+02
7.546351124301090749e+02
7.609237242774659080e+02
7.672123281162909052e+02
7.735009652777724796e+02
7.797896140669281522e+02
7.860782320896104238e+02
7.923668332148403124e+02
7.986554641264078782e+02
8.049441145631294603e+02
8.112327392315860379e+02
8.175213394640981051e+02
8.238099637216754445e+02
8.300986140981482322e+02
8.363872454144844824e+02
8.426758466479228673e+02
8.489644642757621114e+02
8.552531129288171314e+02
8.615417504325149594e+02
8.678303544903055808e+02
8.741189660014097171e+02
8.804076113342487133e+02
8.866962541760685781e+02
8.929848626134095184e+02
8.992734689904546030e+02
9.055621096702476507e+02
9.118507566068964252e+02
9.181393706651123239e+02
9.244279732971499470e+02
9.307166082070853008e+02
9.370052578180643650e+02
9.432938782646161826e+02
9.495824788345901197e+02
9.558711073200503279e+02
9.621597579175690953e+02
9.684483850725553111e+02
9.747369854546270744e+02
9.810256072239824334e+02
9.873142571652522292e+02
9.936028908387719412e+02
9.998914929187134248e+02
1.006180108193933279e+03
1.012468755776191756e+03
1.018757395388233931e+03
1.025046000895418501e+03
1.031334610358847840e+03
1.037623254123531069e+03
1.043911898624228570e+03
1.050200509031098136e+03
1.056489113840586924e+03
1.062777752470341511e+03
1.069066400595034793e+03
1.075355016949022456e+03
1.081643618599017827e+03
1.087932251211315133e+03
1.094220901360609560e+03
1.100509524273953048e+03
1.106798124555976074e+03
1.113086750551685554e+03
1.119375401118023547e+03
1.125664030717487549e+03
1.131952631511266418e+03
1.138241250831653588e+03
1.144529900067907192e+03
1.150818536044391522e+03
1.157107139198610184e+03
1.163395752211413537e+03
1.169684398559030114e+03
1.175973040099944228e+03
1.182261647267068383e+03
1.188550254860478617e+03
1.194838896835512969e+03
1.201127542858736206e+03
1.207416155363200232e+03
1.213704758796038050e+03
1.219993395288131296e+03
1.226282044338601281e+03
1.232570663081775137e+03
1.238859264010771540e+03
1.245147894192318063e+03
1.251436544708366227e+03
1.257725170108016528e+03
1.264013770356602208e+03
1.270302393862336885e+03
1.276591044117669981e+03
1.282879676156391042e+03
1.289168277610702944e+03
1.295456894517775709e+03
1.301745542877385788e+03
1.308034181009734766e+03
1.314322785469317751e+03
1.320611396359722676e+03
1.326900041231710247e+03
1.333188684589557624e+03
1.339477293593895411e+03
1.345765899472165529e+03
1.352054539546727483e+03
1.358343186855509884e+03
1.364631801579339026e+03
1.370920403888360397e+03
1.377209038119744037e+03
1.383497687901188783e+03
1.389786309074859446e+03
1.396074909531277854e+03
1.402363537263130411e+03
1.408652187871026626e+03
1.414940815760885926e+03
1.421229416228714854e+03
1.427518037260635538e+03
1.433806687000757620e+03
1.440095321363742642e+03
1.446383923733044412e+03
1.452672538318664238e+03
1.458961185560056492e+03
1.465249825748238663e+03
1.471538431728687328e+03
1.477827040616254635e+03
1.484115683847999890e+03
1.490404328823849028e+03
1.496692939823353981e+03
1.502981544192711453e+03
1.509270182221809591e+03
1.515558830616461364e+03
1.521847447654479083e+03
1.528136049070962599e+03
1.534424680938036772e+03
1.540713331230645736e+03
1.547001954879113782e+03
1.553290555110314472e+03
1.559579180367918980e+03
1.565867830848123049e+03
1.572156461177300798e+03
1.578445062136349861e+03
1.584733680718860796e+03
1.591022329731753644e+03
1.597310966342033453e+03
1.603599569860167549e+03
1.609888182230111624e+03
1.616176828135824735e+03
1.622465470243026402e+03
1.628754077923730620e+03
1.635042684977695444e+03
1.641331326431310117e+03
1.647619972818913993e+03
1.653908585962244842e+03
1.660197189052491467e+03
1.666485824863787684e+03
1.672774474164572439e+03
1.679063093612119928e+03
1.685351694362041826e+03
1.691640323834326864e+03
1.697928974377317445e+03
1.704217600518759355e+03
1.710506200799343333e+03
1.716794823553744436e+03
1.723083473698068929e+03
1.729372106410655306e+03
1.735660708114163072e+03
1.741949324320286905e+03
1.748237972337696419e+03
1.754526611117547645e+03
1.760815215998771009e+03
1.767103826259688958e+03
1.773392470681569421e+03
1.779681114508608516e+03
1.785969724093490186e+03
1.792258329507038525e+03
1.798546968961253242e+03
1.804835616632908341e+03
1.811124232029712630e+03
1.817412834034962316e+03
1.823701467573867603e+03
1.829990117515314978e+03
1.836278739427651999e+03
1.842567339784219484e+03
1.848855966777064850e+03
1.855144617376861561e+03
1.861433245980808124e+03
1.867721846575046584e+03
1.874010466868090589e+03
1.880299116395658530e+03
1.886587751455193256e+03
1.892876354131021571e+03
1.899164968039307496e+03
1.905453614910953775e+03
1.911742255668247026e+03
1.918030862134639847e+03
1.924319470455816827e+03
1.930608113162403242e+03
1.936896758592721426e+03
1.943185370220659024e+03
1.949473974177131367e+03
1.955762611545183290e+03
1.962051260228371348e+03
1.968339877993099890e+03
1.974628479174324866e+03
1.980917110330842206e+03
1.987205760723633148e+03
1.993494385112308919e+03
1.999782985338678600e+03
2.006071609835278878e+03
2.012360260232868086e+03
2.018648891290817801e+03
2.024937492436130697e+03
2.031226110306313103e+03
2.037514759040931267e+03
2.043803396301040038e+03
2.050092000197189464e+03
2.056380611925085304e+03
2.062669257418292091e+03
2.068957900044081271e+03
2.075246508273986365e+03
2.081535114820802846e+03
2.087823755680596605e+03
2.094112402483853657e+03
2.100401016274176072e+03
2.106689619009961461e+03
2.112978254184217803e+03
2.119266903685276247e+03
2.125555523847079712e+03
2.131844124460821604e+03
2.138132753190114272e+03
2.144421403791548528e+03
2.150710030649378041e+03
2.156998630987532124e+03
2.163287253037730807e+03
2.169575903016147549e+03
2.175864536415042949e+03
2.182153138363953531e+03
2.188441753898193838e+03
2.194730401617024199e+03
2.201019040957943162e+03
2.207307646283392387e+03
2.213596255970982838e+03
2.219884899896099341e+03
2.226173544221031079e+03
2.232462154358856878e+03
2.238750759326246225e+03
2.245039398217402777e+03
2.251328046175080544e+03
2.257616662241575341e+03
2.263905263992653090e+03
2.270193896840002253e+03
2.276482546948992422e+03
2.282771169559625378e+03
2.289059769846136533e+03
2.295348396128997138e+03
2.301637046675358306e+03
2.307925675998285897e+03
2.314214276715396409e+03
2.320502896297438383e+03
2.326791545637292074e+03
2.333080181318101950e+03
2.339368784331049028e+03
2.345657397595943621e+03
2.351946044064280613e+03
2.358234685397419526e+03
2.364523292341430988e+03
2.370811900125887405e+03
2.377100542337978823e+03
2.383389188155692409e+03
2.389677800392111294e+03
2.395966403981059557e+03
2.402255040708499109e+03
2.408543689671309039e+03
2.414832308108055713e+03
2.421120909096480318e+03
2.427409539569016033e+03
2.433698190025388612e+03
2.439986815130803279e+03
2.446275415353116387e+03
2.452564039149451673e+03
2.458852689467911205e+03
2.465141321179679835e+03
2.471429922538514802e+03
2.477718539728969063e+03
2.484007188181597940e+03
2.490295826066096652e+03
2.496584430343230906e+03
2.502873041463811205e+03
2.509161686539885523e+03
2.515450329656860958e+03
2.521738938417475310e+03
2.528027544495961138e+03
2.534316184797604365e+03
2.540604831960372849e+03
2.546893446400213179e+03
2.553182048819131069e+03
2.559470683328259838e+03
2.565759333023052022e+03
2.572047953892243640e+03
2.578336554381324731e+03
2.584625182404163752e+03
2.590913833018440073e+03
2.597202460593200158e+03
2.603491061021968562e+03
2.609779682334404242e+03
2.616068332142636336e+03
2.622356966236598964e+03
2.628645568474409629e+03
2.634934183322616718e+03
2.641222830702119609e+03
2.647511470647063561e+03
2.653800076421505310e+03
2.660088685537561560e+03
2.666377328964641947e+03
2.672665973758731980e+03
2.678954584519871787e+03
2.685243189048126624e+03
2.691531827305463139e+03
2.697820475588835052e+03
2.704109092357409281e+03
2.710397693852527482e+03
2.716686326005315550e+03
2.722974976244154732e+03
2.729263599600290945e+03
2.735552199843801645e+03
2.741840825387484074e+03
2.748129475897218526e+03
2.754418105937743803e+03
2.760706706820755699e+03
2.766995325688083085e+03
2.773283974789077547e+03
2.779572611139003584e+03
2.785861214492124418e+03
2.792149827114872551e+03
2.798438473203657395e+03
2.804727115074821540e+03
2.811015722547353562e+03
2.817304329807374415e+03
2.823592971460222998e+03
2.829881617709012517e+03
2.836170230582162731e+03
2.842458833797439183e+03
2.848747469894486585e+03
2.855036119081423749e+03
2.861324738236741268e+03
2.867613339052313677e+03
2.873901968789614330e+03
2.880190619331111975e+03
2.886479245170390641e+03
2.892767845426430085e+03
2.899056468487052825e+03
2.905345118658835872e+03
2.911633751098973335e+03
2.917922352686379782e+03
2.924210969163267237e+03
2.930499617330246110e+03
2.936788255832949289e+03
2.943076860543796101e+03
2.949365471045779941e+03
2.955654115622543031e+03
2.961942759281911094e+03
2.968231368619060504e+03
2.974519974200182787e+03
2.980808613921677534e+03
2.987097261425215493e+03
2.993385876550745252e+03
2.999674478675613045e+03
3.005963112469713451e+03
3.012251762367018273e+03
3.018540383974266206e+03
3.024828984353724991e+03
3.031117611647272042e+03
3.037406262235845134e+03
3.043694890550757464e+03
3.049983491081261036e+03
3.056272111663923170e+03
3.062560761300595459e+03
3.068849396047356549e+03
3.075137998593847442e+03
3.081426612774323985e+03
3.087715259766402141e+03
3.094003900314604834e+03
3.100292506567760029e+03
3.106581115101911109e+03
3.112869758048850144e+03
3.119158403264280878e+03
3.125447014624255644e+03
3.131735618753638846e+03
3.138024256366946247e+03
3.144312904952139888e+03
3.150601522403939271e+03
3.156890123663634313e+03
3.163178755132284550e+03
3.169467405456829965e+03
3.175756029530381511e+03
3.182044629744472331e+03
3.188333254563996888e+03
3.194621905013222658e+03
3.200910535726524813e+03
3.207199136783754966e+03
3.213487754960565780e+03
3.219776403791147914e+03
3.226065040782228152e+03
3.232353644496451125e+03
3.238642256485530197e+03
3.244930902176584368e+03
3.251219544549329839e+03
3.257508152532774602e+03
3.263796759298284996e+03
3.270085400394379576e+03
3.276374047024100946e+03
3.282662660529316327e+03
3.288951263396493687e+03
3.295239898833102416e+03
3.301528548237071391e+03
3.307817168094747558e+03
3.314105768753084249e+03
3.320394397790907078e+03
3.326683048370952292e+03
3.332971674899878508e+03
3.339260275205239850e+03
3.345548897547274464e+03
3.351837547578247268e+03
3.358126180690519959e+03
3.364414782517167623e+03
3.370703398329999345e+03
3.376992046183784623e+03
3.383280685258172070e+03
3.389569290375575292e+03
3.395857900305627481e+03
3.402146544437996909e+03
3.408435188544993252e+03
3.414723798436836660e+03
3.421012403583542891e+03
3.427301042708614659e+03
3.433589690536582566e+03
3.439878306300742224e+03
3.446166908146748483e+03
3.452455541300853383e+03
3.458744191326605687e+03
3.465032813615624946e+03
3.471321413925695651e+03
3.477610040498343551e+03
3.483898691067067375e+03
3.490187320074370746e+03
3.496475920719494297e+03
3.502764540602803663e+03
3.509053190007369267e+03
3.515341825415116546e+03
3.521630428266825220e+03
3.527919041795708836e+03
3.534207688448161662e+03
3.540496329511875956e+03
3.546784936240359912e+03
3.553073544252278225e+03
3.559362186655180267e+03
3.565650832305766016e+03
3.571939444258831827e+03
3.578228047983641318e+03
3.584516684997407992e+03
3.590805333812130357e+03
3.597093951949643724e+03
3.603382553015884241e+03
3.609671183759814085e+03
3.615959834195219173e+03
3.622248458971258970e+03
3.628537059174699607e+03
3.634825683283609578e+03
3.641114333607634762e+03
3.647402965025388312e+03
3.653691566270216754e+03
3.659980183743398811e+03
3.666268832334031231e+03
3.672557469911278986e+03
3.678846074009501990e+03
3.685134685395028555e+03
3.691423330620656998e+03
3.697711973527566442e+03
3.704000582026132633e+03
3.710289188292736981e+03
3.716577828860878526e+03
3.722866475822744178e+03
3.729155089961911472e+03
3.735443692519450906e+03
3.741732327296630956e+03
3.748020976913299819e+03
3.754309597442034374e+03
3.760598197968341992e+03
3.766886826318916519e+03
3.773175476895341490e+03
3.779464104136131937e+03
3.785752704501237531e+03
3.792041326136893076e+03
3.798329976032037848e+03
3.804618609769476734e+03
3.810907211868219747e+03
3.817195827016731528e+03
3.823484474524369034e+03
3.829773114200479540e+03
3.836061719744577204e+03
3.842350329100113413e+03
3.848638972775411276e+03
3.854927617311162521e+03
3.861216227771218655e+03
3.867504832498071664e+03
3.873793471028470321e+03
3.880082119168554982e+03
3.886370735584187059e+03
3.892659337179653448e+03
3.898947969660896888e+03
3.905236619808980777e+03
3.911525242803086712e+03
3.917813843047321825e+03
3.924102468933480395e+03
3.930391119465257361e+03
3.936679749131168137e+03
3.942968349925316488e+03
3.949256969121066959e+03
3.955545618312391071e+03
3.961834254349533694e+03
3.968122857521109381e+03
3.974411470433874001e+03
3.980700116703952062e+03
3.986988758295211937e+03
3.993277365501010081e+03
3.999565973003134786e+03
4.005854614900386878e+03
4.012143260945895690e+03
4.018431873506962802e+03
4.024720476876288558e+03
4.031009113253684973e+03
4.037297762322178642e+03
4.043586381133406121e+03
4.049874982011936936e+03
4.056163612094066139e+03
4.062452262582743970e+03
4.068740888063897728e+03
4.075029488294006114e+03
4.081318111670549570e+03
4.087606761902119615e+03
4.093895394010174641e+03
4.100183995479967052e+03
4.106472612271411890e+03
4.112761260557802416e+03
4.119049898773726454e+03
4.125338503269301327e+03
4.131627114042586982e+03
4.137915758844045740e+03
4.144204402249597479e+03
4.150493011322751954e+03
4.156781617116096641e+03
4.163070257083450088e+03
4.169358904440795413e+03
4.175647519231943079e+03
4.181936121477196139e+03
4.188224755602017467e+03
4.194513405382584097e+03
4.200802026649284926e+03
4.207090627069477705e+03
4.213379254664643668e+03
4.219667905264910587e+03
4.225956533247838706e+03
4.232245133719442492e+03
4.238533754622069864e+03
4.244822404319444104e+03
4.251111038778984039e+03
4.257399641166275615e+03
4.263688255629311243e+03
4.269976902803505254e+03
4.276265543062024335e+03
4.282554149106251316e+03
4.288842757884242928e+03
4.295131401019259101e+03
4.301420046063074551e+03
4.307708657143049095e+03
4.313997261425869510e+03
4.320285899336481634e+03
4.326574547765854732e+03
4.332863164905515987e+03
4.339151766261600642e+03
4.345440398005029238e+03
4.351729048306428012e+03
4.358017672051682894e+03
4.364306272263800565e+03
4.370594897386951743e+03
4.376883547835908757e+03
4.383172178273868667e+03
4.389460779237690986e+03
4.395749397699709334e+03
4.402038046659053180e+03
4.408326683349147061e+03
4.414615286908646340e+03
4.420903899161196932e+03
4.427192544989721682e+03
4.433481187168483302e+03
4.439769794912035650e+03
4.446058401872140166e+03
4.452347043226000096e+03
4.458635689666582039e+03
4.464924302883281598e+03
4.471212905901142221e+03
4.477501541608807202e+03
4.483790190931491452e+03
4.490078810467458425e+03
4.496367411175931920e+03
4.502656040517002111e+03
4.508944691057526143e+03
4.515233317293568689e+03
4.521521917563131865e+03
4.527810540206214682e+03
4.534099190316972454e+03
4.540387823114407183e+03
4.546676424831783152e+03
4.552965040927047994e+03
4.559253688896251333e+03
4.565542327736909101e+03
4.571830932662937812e+03
4.578119542827014811e+03
4.584408187176944921e+03
4.590696831060885415e+03
4.596985440695673788e+03
4.603274046036241089e+03
4.609562685410358426e+03
4.615851333103927573e+03
4.622139948577397263e+03
4.628428550529913082e+03
4.634717183971726627e+03
4.641005833924837134e+03
4.647294455904699134e+03
4.653583056235441290e+03
4.659871683133630540e+03
4.666160333717351023e+03
4.672448962390289125e+03
4.678737562976631125e+03
4.685026183172607489e+03
4.691314832674599529e+03
4.697603467789189381e+03
4.703892070488668651e+03
4.710180684304112219e+03
4.716469331120520110e+03
4.722757971931949214e+03
4.729046578425185544e+03
4.735335186676358717e+03
4.741623829323856626e+03
4.747912474774320799e+03
4.754201086448690148e+03
4.760489690348223121e+03
4.766778327639282907e+03
4.773066976348829485e+03
4.779355594152926642e+03
4.785644195297219085e+03
4.791932826376003504e+03
4.798221476759726102e+03
4.804510101201863108e+03
4.810798701405062275e+03
4.817087325830915688e+03
4.823375976219226686e+03
4.829664607310737665e+03
4.835953208458340669e+03
4.842241826254055923e+03
4.848530474952100121e+03
4.854819112251752813e+03
4.861107716155172966e+03
4.867396327816409212e+03
4.873684973267507303e+03
4.879973615916012932e+03
4.886262224172808601e+03
4.892550830664056775e+03
4.898839471461691573e+03
4.905128118288424957e+03
4.911416732110278645e+03
4.917705334800066339e+03
4.923993969909460247e+03
4.930282619408638311e+03
4.936571239606481868e+03
4.942859840191266812e+03
4.949148468851829421e+03
4.955437119439888193e+03
4.961725746339697253e+03
4.968014346664051118e+03
4.974302968633385717e+03
4.980591618580836439e+03
4.986880252023911453e+03
4.993168853979024789e+03
4.999457469434106315e+03
5.005746117128065634e+03
5.012034756495216243e+03
5.018323361831960938e+03
5.024611971459205051e+03
5.030900615322231715e+03
5.037189259673946253e+03
5.043477869852098593e+03
5.049766474756254865e+03
5.056055113585099207e+03
5.062343761552904652e+03
5.068632377656630524e+03
5.074920979369641827e+03
5.081209612140934041e+03
5.087498262251888264e+03
5.093786884902479869e+03
5.100075485160788958e+03
5.106364111377008157e+03
5.112652761905585066e+03
5.118941391261180797e+03
5.125229991968299146e+03
5.131518611484554640e+03
5.137807260800283075e+03
5.144095896506401004e+03
5.150384499520932877e+03
5.156673112724170096e+03
5.162961759148288365e+03
5.169250400505395191e+03
5.175539007464614770e+03
5.181827615188873096e+03
5.188116257354182380e+03
5.194404903177829510e+03
5.200693515431293235e+03
5.206982118977525715e+03
5.213270755654124514e+03
5.219559404611694845e+03
5.225848023065948837e+03
5.232136624021804892e+03
5.238425254437805052e+03
5.244713904885380543e+03
5.251002530013811338e+03
5.257291130216875899e+03
5.263579753955311389e+03
5.269868404244200065e+03
5.276157035979438660e+03
5.282445637329614328e+03
5.288734254454314396e+03
5.295022902872435225e+03
5.301311540779863208e+03
5.307600145058146154e+03
5.313888756116907643e+03
5.320177401136318622e+03
5.326466044271152896e+03
5.332754653045622035e+03
5.339043259067526378e+03
5.345331899315537157e+03
5.351620546478214237e+03
5.357909160933983912e+03
5.364197763313747600e+03
5.370486397751531513e+03
5.376775047445208656e+03
5.383063668339585092e+03
5.389352268792971699e+03
5.395640896769846222e+03
5.401929547353436647e+03
5.408218174937251206e+03
5.414506775347460461e+03
5.420795396602623441e+03
5.427084046383861278e+03
5.433372680489387676e+03
5.439661282717058384e+03
5.445949897512879033e+03
5.452238544847671619e+03
5.458527184802766897e+03
5.464815790579132226e+03
5.471104399636070411e+03
5.477393043037425741e+03
5.483681687813880671e+03
5.489970298585449200e+03
5.496258903072426619e+03
5.502547541259788886e+03
5.508836189546836977e+03
5.515124806333724337e+03
5.521413407782546528e+03
5.527702039888386935e+03
5.533990690100858956e+03
5.540279313475950403e+03
5.546567913696438154e+03
5.552856539159631211e+03
5.559145189648123051e+03
5.565433819715357458e+03
5.571722420588223031e+03
5.578011039383006391e+03
5.584299688428009176e+03
5.590588324819548689e+03
5.596876928179840434e+03
5.603165540718863667e+03
5.609454186760328412e+03
5.615742828645593363e+03
5.622031436141164704e+03
5.628320043337473180e+03
5.634608684902340428e+03
5.640897331180547553e+03
5.647185944089037548e+03
5.653474547239190542e+03
5.659763183263629799e+03
5.666051832441732586e+03
5.672340451640091487e+03
5.678629052418890751e+03
5.684917682073467404e+03
5.691206332602718248e+03
5.697494958473534098e+03
5.703783558711165824e+03
5.710072181680518042e+03
5.716360831815198253e+03
5.722649464307641210e+03
5.728938065888645724e+03
5.735226682283600894e+03
5.741515330406886278e+03
5.747803968936048477e+03
5.754092573664261181e+03
5.760381184098601807e+03
5.766669828614072685e+03
5.772958472297418666e+03
5.779247081654845715e+03
5.785535687177954060e+03
5.791824326828718768e+03
5.798112974333407692e+03
5.804401589491426421e+03
5.810690191566517569e+03
5.816978825291378598e+03
5.823267475179284702e+03
5.829556096817559592e+03
5.835844697172655287e+03
5.842133324380935846e+03
5.848421974945543298e+03
5.854710603308361897e+03
5.860999203821169431e+03
5.867287824312585144e+03
5.873576473908308799e+03
5.879865108705975217e+03
5.886153711267102153e+03
5.892442325348208215e+03
5.898730972287225995e+03
5.905019612877139480e+03
5.911308219161560373e+03
5.917596827613133428e+03
5.923885470471064764e+03
5.930174115724786134e+03
5.936462727140350580e+03
5.942751331193360784e+03
5.949039968719671378e+03
5.955328617313764880e+03
5.961617234841448408e+03
5.967905836054515930e+03
5.974194467390114369e+03
5.980483117724708791e+03
5.986771741885108895e+03
5.993060342072348249e+03
5.999348966765200203e+03
6.005637617173199033e+03
6.011926247985918963e+03
6.018214849051827514e+03
6.024503467090299637e+03
6.030792115868390283e+03
6.037080752940961247e+03
6.043369356701771721e+03
6.049657968568204524e+03
6.055946614157131989e+03
6.062235256614082573e+03
6.068523864662192864e+03
6.074812471313750393e+03
6.081101112303738773e+03
6.087389758978220925e+03
6.093678372580076029e+03
6.099966975369198735e+03
6.106255610670695205e+03
6.112544260106265028e+03
6.118832880055384521e+03
6.125121480665496165e+03
6.131410109562350954e+03
6.137698760117572419e+03
6.143987386772685568e+03
6.150275987065449044e+03
6.156564609249266141e+03
6.162853259249375697e+03
6.169141892464315788e+03
6.175430494325975815e+03
6.181719109992976882e+03
6.188007757768193187e+03
6.194296396953009207e+03
6.200585002123706545e+03
6.206873611924646866e+03
6.213162255954718603e+03
6.219450900128396825e+03
6.225739510122065440e+03
6.232028115160665038e+03
6.238316754138361830e+03
6.244605402026218144e+03
6.250894017911931769e+03
6.257182619683299890e+03
6.263471252679480131e+03
6.269759902711521136e+03
6.276048525144062296e+03
6.282337125415593619e+03
6.288625751821341510e+03
