0.000000000000000000e+00
6.288607801161635535e+00
1.257725647547129810e+01
1.886593229814904760e+01
2.515458812499786845e+01
3.144320729723384389e+01
3.773181247942029160e+01
4.402046487571713840e+01
5.030916226439903483e+01
5.659778720353519077e+01
6.288638472537924429e+01
6.917506925342000557e+01
7.546374143316545258e+01
8.175235858888353846e+01
8.804095864881138311e+01
9.432965045024319295e+01
1.006183182052632503e+02
1.069069387518608067e+02
1.131955434405004439e+02
1.194841824228487468e+02
1.257728863028134327e+02
1.320615250669079046e+02
1.383501245339099057e+02
1.446387620720519465e+02
1.509274275629341844e+02
1.572161121229725609e+02
1.635047212560485832e+02
1.697933317400824933e+02
1.760820274197991466e+02
1.823706920517477954e+02
1.886592908432118634e+02
1.949479297459760687e+02
2.012366327550068092e+02
2.075252702514118539e+02
2.138138727507923420e+02
2.201025073927134486e+02
2.263911922313299385e+02
2.326798584554902050e+02
2.389684805499867366e+02
2.452570874993576240e+02
2.515457698503868471e+02
2.578344433064187911e+02
2.641230313881967504e+02
2.704116765198419330e+02
2.767003796842229804e+02
2.829890166875971431e+02
2.892776130753678103e+02
2.955662581804983802e+02
3.018549537902630959e+02
3.081435978186478906e+02
3.144321893630726663e+02
3.207208456186438639e+02
3.270095319332099280e+02
3.332981708531358436e+02
3.395867744513654998e+02
3.458753845674073659e+02
3.521640354201633727e+02
3.584527200123587249e+02
3.647413704543548647e+02
3.710299603667685915e+02
3.773186233991824565e+02
3.836073183987825246e+02
3.898959251532099870e+02
3.961845347798101216e+02
4.024732299215487501e+02
4.087618689878661939e+02
4.150504507710756457e+02
4.213391248598431389e+02
4.276278017355622865e+02
4.339163854764901771e+02
4.402050198968632913e+02
4.464937172506012644e+02
4.527823307416056196e+02
4.590709291168984123e+02
4.653596233799547122e+02
4.716482808377089100e+02
4.779368627208564817e+02
4.842255256383322148e+02
4.905142132858207447e+02
4.968028204127738263e+02
5.030914392565182425e+02
5.093801194774082433e+02
5.156687911084027292e+02
5.219573965742879409e+02
5.282460165236864214e+02
5.345346980730890891e+02
5.408233686358823888e+02
5.471120044578332227e+02
5.534006025996973221e+02
5.596892350700504721e+02
5.659779237184230851e+02
5.722665908701712851e+02
5.785551816438371588e+02
5.848438311586077134e+02
5.911325142602547658e+02
5.974211734945313310e+02
6.037097729781489761e+02
6.099983922135261309e+02
6.162870511786373982e+02
6.225757225003442272e+02
6.288643801561019018e+02
6.351529832021759603e+02
6.414416040350604362e+02
6.477302886228280840e+02
6.540189551631001450e+02
6.603075691752285366e+02
6.665961806974779620e+02
6.728848635115776915e+02
6.791735425082748634e+02
6.854621480129021620e+02
6.917507661064219064e+02
6.980394655751526898e+02
7.043281060564501104e+02
7.106167030144908949e+02
7.169053686645785319e+02
7.231940633804886147e+02
7.294826922943225327e+02
7.357712867854755814e+02
7.420599376825941818e+02
7.483486295566057152e+02
7.546372698611351097e+02
7.609258823854279399e+02
7.672144917699530424e+02
7.735031308739783071e+02
7.797917980393331163e+02
7.860804722728272509e+02
7.923691040413266364e+02
7.986577094238710970e+02
8.049463326538926822e+02
8.112350146552564638e+02
8.175236848424816571e+02
8.238123159527384587e+02
8.301009244652028656e+02
8.363895452508377275e+02
8.426782305466940670e+02
8.489669088495871847e+02
8.552555174665769755e+02
8.615441353213037701e+02
8.678328303920982307e+02
8.741214975508466978e+02
8.804101061771920058e+02
8.866987180486426041e+02
8.929873870646275691e+02
8.992760751074696373e+02
9.055647053809074123e+02
9.118533077547749599e+02
9.181419419674202800e+02
9.244306271004068094e+02
9.307192959282065203e+02
9.370079068653474224e+02
9.432965202883171969e+02
9.495852153854273183e+02
9.558738806535310459e+02
9.621624827135356099e+02
9.684511019206987612e+02
9.747397626414795013e+02
9.810284535294011903e+02
9.873170889154762335e+02
9.936056940135872537e+02
9.998943295742008104e+02
1.006183015228771069e+03
1.012471674573425844e+03
1.018760284684052408e+03
1.025048896158563593e+03
1.031337554598815132e+03
1.037626242246827132e+03
1.043914871016077996e+03
1.050203468992044691e+03
1.056492155913464785e+03
1.062780833536307455e+03
1.069069434292111737e+03
1.075358056356187035e+03
1.081646736478532830e+03
1.087935414981966460e+03
1.094224025847002167e+03
1.100512640100621866e+03
1.106801308658439211e+03
1.113089998353285182e+03
1.119378604880861758e+03
1.125667225020000160e+03
1.131955921666238737e+03
1.138244574625746964e+03
1.144533158412358262e+03
1.150821827989334452e+03
1.157110521734936128e+03
1.163399129838285717e+03
1.169687746524125032e+03
1.175976424497303469e+03
1.182265100329797633e+03
1.188553728957927660e+03
1.194842331555851160e+03
1.201130969798390879e+03
1.207419660127011184e+03
1.213708314758327106e+03
1.219996926108553680e+03
1.226285537866298910e+03
1.232574215785094566e+03
1.238862894451440070e+03
1.245151520456735625e+03
1.251440118565602916e+03
1.257728750030220908e+03
1.264017441418908675e+03
1.270306100962990740e+03
1.276594694573674360e+03
1.282883353619371974e+03
1.289172045017617393e+03
1.295460686472240468e+03
1.301749278675257528e+03
1.308037908431751021e+03
1.314326582544303392e+03
1.320615260086555963e+03
1.326903878680584967e+03
1.333192483238067325e+03
1.339481130293392425e+03
1.345769826072097203e+03
1.352058476440880440e+03
1.358347077234641120e+03
1.364635719332327426e+03
1.370924419456912574e+03
1.377213068489861143e+03
1.383501666584201985e+03
1.389790294030039149e+03
1.396078960775045061e+03
1.402367645953702549e+03
1.408656270996701778e+03
1.414944867645230715e+03
1.421233529855547204e+03
1.427522227776754335e+03
1.433810834894997242e+03
1.440099446404209175e+03
1.446388143404152743e+03
1.452676791750434859e+03
1.458965381704439551e+03
1.465254048498205066e+03
1.471542743856693050e+03
1.477831364612028892e+03
1.484119974582096802e+03
1.490408600702104422e+03
1.496697303269007534e+03
1.502985952108964739e+03
1.509274544137837211e+03
1.515563199788987276e+03
1.521851893111409481e+03
1.528140519516742870e+03
1.534429119286310424e+03
1.540717769788700707e+03
1.547006457424090058e+03
1.553295112193173736e+03
1.559583729528013464e+03
1.565872336282342985e+03
1.572160985363331974e+03
1.578449683121860517e+03
1.584738328524430926e+03
1.591026918785356429e+03
1.597315597130433844e+03
1.603604283493320509e+03
1.609892889615694230e+03
1.616181507518841727e+03
1.622470202563950352e+03
1.628758865194457030e+03
1.635047481097353966e+03
1.641336086789551018e+03
1.647624745401216160e+03
1.653913444920143775e+03
1.660202066569340104e+03
1.666490671697905100e+03
1.672779321473778964e+03
1.679068005382849151e+03
1.685356661994956085e+03
1.691645274384947015e+03
1.697933887088875963e+03
1.704222579542810081e+03
1.710511254468432298e+03
1.716799839981526702e+03
1.723088487457861902e+03
1.729377184390691809e+03
1.735665802321375168e+03
1.741954407520037648e+03
1.748243096017349671e+03
1.754531763478728635e+03
1.760820392807347616e+03
1.767108996183279714e+03
1.773397645288723652e+03
1.779686313478665170e+03
1.785974975756466620e+03
1.792263608109261213e+03
1.798552218042643744e+03
1.804840833489228544e+03
1.811129479193849875e+03
1.817418147018999662e+03
1.823706807143751575e+03
1.829995435343241752e+03
1.836284032691179618e+03
1.842572692207123964e+03
1.848861385630708355e+03
1.855150012326763999e+03
1.861438614862858685e+03
1.867727286709314967e+03
1.874015978493243438e+03
1.880304602791984507e+03
1.886593203266231967e+03
1.892881824965360920e+03
1.899170485850401519e+03
1.905459174568169374e+03
1.911747785067290579e+03
1.918036399022895012e+03
1.924325078226509959e+03
1.930613749342361643e+03
1.936902381105446693e+03
1.943190981591325226e+03
1.949479604375395866e+03
1.955768260626961364e+03
1.962056944890538261e+03
1.968345576267981869e+03
1.974634172936435789e+03
1.980922857238103461e+03
1.987211543699712593e+03
1.993500149637443201e+03
1.999788765493730807e+03
2.006077449715268585e+03
2.012366125197218935e+03
2.018654746776043112e+03
2.024943349699529108e+03
2.031232004236168450e+03
2.037520688535252702e+03
2.043809346749341103e+03
2.050097945437222279e+03
2.056386574467745049e+03
2.062675261820827018e+03
2.068963924874408804e+03
2.075252551218822646e+03
2.081541152831303407e+03
2.087829808061946096e+03
2.094118484453186738e+03
2.100407140841311048e+03
2.106695749186611010e+03
2.112984368163878571e+03
2.119273068389652053e+03
2.125561709981647709e+03
2.131850309196208855e+03
2.138138963501928629e+03
2.144427639871928022e+03
2.150716292384012831e+03
2.157004886881773473e+03
2.163293525637486709e+03
2.169582222753651877e+03
2.175870873408906846e+03
2.182159479540348912e+03
2.188448102523730540e+03
2.194736803909532682e+03
2.201025453445529820e+03
2.207314057328685521e+03
2.213602693939089022e+03
2.219891393856988088e+03
2.226180044463019840e+03
2.232468656072714111e+03
2.238757271570237208e+03
2.245045951259212416e+03
2.251334629789083010e+03
2.257623223502446308e+03
2.263911857492602394e+03
2.270200559152518508e+03
2.276489182329702544e+03
2.282777789319105977e+03
2.289066474376264068e+03
2.295355155536389248e+03
2.301643773463021716e+03
2.307932374167633952e+03
2.314221057769245363e+03
2.320509735290101617e+03
2.326798317477680939e+03
2.333086959169418151e+03
2.339375656079508644e+03
2.345664266889486044e+03
2.351952870523682577e+03
2.358241564630244284e+03
2.364530221574417737e+03
2.370818810906952876e+03
2.377107461651085032e+03
2.383396133008666311e+03
2.389684798216055697e+03
2.395973427919279857e+03
2.402262026609521854e+03
2.408550652826694204e+03
2.414839352069315282e+03
2.421128012793362814e+03
2.427416621911600942e+03
2.433705240312707247e+03
2.439993934965302742e+03
2.446282599852788735e+03
2.452571208790179298e+03
2.458859824124144325e+03
2.465148475451033846e+03
2.471437151227493814e+03
2.477725806630699481e+03
2.484014416806296140e+03
2.490303024077230475e+03
2.496591673698274917e+03
2.502880344832970422e+03
2.509169016428670602e+03
2.515457632651193308e+03
2.521746241621460285e+03
2.528034900177272903e+03
2.534323577797800681e+03
2.540612233750106952e+03
2.546900848831560779e+03
2.553189454794006906e+03
2.559478102259728530e+03
2.565766775830247752e+03
2.572055437417116536e+03
2.578344056254417865e+03
2.584632662048421480e+03
2.590921300524199523e+03
2.597209972017287782e+03
2.603498637317575231e+03
2.609787262885982273e+03
2.616075868756990076e+03
2.622364498108317093e+03
2.628653159404224880e+03
2.634941835317165896e+03
2.641230478896586192e+03
2.647519082472572336e+03
2.653807699399577359e+03
2.660096359882660636e+03
2.666385035129353582e+03
2.672673679507681754e+03
2.678962286744088942e+03
2.685250899615276921e+03
2.691539556568654461e+03
2.697828231613566004e+03
2.704116885059214837e+03
2.710405504068564369e+03
2.716694110236887809e+03
2.722982748918263496e+03
2.729271422563403576e+03
2.735560088111170899e+03
2.741848718611242475e+03
2.748137322975112056e+03
2.754425950343858403e+03
2.760714618722668092e+03
2.767003289341175787e+03
2.773291920084937374e+03
2.779580522300379016e+03
2.785869146686214663e+03
2.792157810117098961e+03
2.798446482414874481e+03
2.804735115811693049e+03
2.811023717405287243e+03
2.817312340983223294e+03
2.823601006404428972e+03
2.829889677959487017e+03
2.836178316890804126e+03
2.842466918374941997e+03
2.848755541196748709e+03
2.855044204503271885e+03
2.861332879133988172e+03
2.867621521749365911e+03
2.873910126391374433e+03
2.880198743137098518e+03
2.886487404335215615e+03
2.892776078383843924e+03
2.899064728615365311e+03
2.905353335830141532e+03
2.911641947336666362e+03
2.917930600824262910e+03
2.924219276753531176e+03
2.930507932087876270e+03
2.936796547647448278e+03
2.943085152930239929e+03
2.949373799324874199e+03
2.955662475221765362e+03
2.961951134080388329e+03
2.968239754196639296e+03
2.974528360611862809e+03
2.980816999606302943e+03
2.987105671680752948e+03
2.993394335999512805e+03
2.999682957980448009e+03
3.005971557553926232e+03
3.012260191334691626e+03
3.018548862576799820e+03
3.024837528642571669e+03
3.031126153820259333e+03
3.037414752004945967e+03
3.043703382638784205e+03
3.049992052651185531e+03
3.056280719623334790e+03
3.062569344153164820e+03
3.068857942467544945e+03
3.075146575118396868e+03
3.081435244728424095e+03
3.087723911207311176e+03
3.094012533763407191e+03
3.100301132725639491e+03
3.106589766421820514e+03
3.112878435639895088e+03
3.119167101882726001e+03
3.125455724597903554e+03
3.131744323532549970e+03
3.138032957149439881e+03
3.144321626345897585e+03
3.150610292432571441e+03
3.156898915462465084e+03
3.163187514327819372e+03
3.169476148283937619e+03
3.175764817912157469e+03
3.182053483491941734e+03
3.188342103969876462e+03
3.194630704703276024e+03
3.200919340922989704e+03
3.207208009308976671e+03
3.213496675262311783e+03
3.219785296887771892e+03
3.226073896167198200e+03
3.232362532618623391e+03
3.238651207097810129e+03
3.244939867364464135e+03
3.251228484183667661e+03
3.257517086426618789e+03
3.263805726436140503e+03
3.270094402249828818e+03
3.276383059782417604e+03
3.282671671227645220e+03
3.288960274942870456e+03
3.295248925351826983e+03
3.301537598783663725e+03
3.307826250054588400e+03
3.314114856771192535e+03
3.320403466517941524e+03
3.326692120731991054e+03
3.332980795974378907e+03
3.339269440770484380e+03
3.345558044801327469e+03
3.351846657200284426e+03
3.358135315637467102e+03
3.364423989442043876e+03
3.370712633411290881e+03
3.377001239187396095e+03
3.383289850641107932e+03
3.389578504540212634e+03
3.395867179119478351e+03
3.402155827788813895e+03
3.408444435018967397e+03
3.414733047407169124e+03
3.421021697575130020e+03
3.427310379537305835e+03
3.433599034909016609e+03
3.439887660735159443e+03
3.446176266315896100e+03
3.452464894898155308e+03
3.458753558299706128e+03
3.465042234622762862e+03
3.471330878253063020e+03
3.477619483447765560e+03
3.483908096915669375e+03
3.490196755323534035e+03
3.496485430564660419e+03
3.502774078779271349e+03
3.509062686683891116e+03
3.515351299389453288e+03
3.521639951551607282e+03
3.527928629311705663e+03
3.534217284755246965e+03
3.540505897582083890e+03
3.546794502609780466e+03
3.553083150808267874e+03
3.559371822478231934e+03
3.565660486459215917e+03
3.571949117140366525e+03
3.578237721556378801e+03
3.584526354679882843e+03
3.590815022162718833e+03
3.597103692138581209e+03
3.603392330999535716e+03
3.609680934213795354e+03
3.615969544700227743e+03
3.622258176927476143e+03
3.628546846158384142e+03
3.634835514930882709e+03
3.641124155964030251e+03
3.647412748164471395e+03
3.653701403253735407e+03
3.659990085594975881e+03
3.666278738558276473e+03
3.672567360879504122e+03
3.678855966849426750e+03
3.685144602607527304e+03
3.691433301522755301e+03
3.697721962554461697e+03
3.704010549162208463e+03
3.710299211930276215e+03
3.716587900943857221e+03
3.722876536341530027e+03
3.729165134890979516e+03
3.735453781440130570e+03
3.741742466783297459e+03
3.748031127203956657e+03
3.754319730015227833e+03
3.760608363377599744e+03
3.766897026602815004e+03
3.773185694997490373e+03
3.779474341524480678e+03
3.785762942030261456e+03
3.792051583797107014e+03
3.798340284212567440e+03
3.804628921119666302e+03
3.810917512723142863e+03
3.817206195494701660e+03
3.823494872889889848e+03
3.829783458679461091e+03
3.836072099929200704e+03
3.842360798873943168e+03
3.848649420959103736e+03
3.854938021955792465e+03
3.861226717367790570e+03
3.867515386310388294e+03
3.873803977693408342e+03
3.880092631030026041e+03
3.886381332039485187e+03
3.892669968444120514e+03
3.898958571694880447e+03
3.905247199415286559e+03
3.911535900284252875e+03
3.917824542519690112e+03
3.924113136340741676e+03
3.930401787462000357e+03
3.936690459345421914e+03
3.942979122228614415e+03
3.949267755001266323e+03
3.955556366839606198e+03
3.961844980930975453e+03
3.968133640446012578e+03
3.974422314506231487e+03
3.980710966055538393e+03
3.986999575092092073e+03
3.993288186612548998e+03
3.999576836505622396e+03
4.005865505825812761e+03
4.012154168248764563e+03
4.018442801006004629e+03
4.024731405809528042e+03
4.031020032646318668e+03
4.037308720789741983e+03
4.043597388138669885e+03
4.049886002520778675e+03
4.056174612658312526e+03
4.062463263692517558e+03
4.068751943327607478e+03
4.075040610180811200e+03
4.081329211569169274e+03
4.087617833536318358e+03
4.093906495313742198e+03
4.100195182464161007e+03
4.106483809668856338e+03
4.112772409515579966e+03
4.119061096281810023e+03
4.125349778653384419e+03
4.131638379945366978e+03
4.137927012398796251e+03
4.144215712338590492e+03
4.150504343732683083e+03
4.156792934655062709e+03
4.163081618561366668e+03
4.169370292270645223e+03
4.175658873111061439e+03
4.181947517673617767e+03
4.188236215368577177e+03
4.194524823652556734e+03
4.200813433379285925e+03
4.207102129453385714e+03
4.213390791393497238e+03
4.219679382350740525e+03
4.225968031625867297e+03
4.232256705156743010e+03
4.238545375927746136e+03
4.244833983593243829e+03
4.251122598175134954e+03
4.257411245388265343e+03
4.263699946765941604e+03
4.269988580018775792e+03
4.276277179430522665e+03
4.282565832696352118e+03
4.288854519126124615e+03
4.295143167037926105e+03
4.301431757878178360e+03
4.307720421087801697e+03
4.314009101138652113e+03
4.320297744338284247e+03
4.326586338990055992e+03
4.332875002356072400e+03
4.339163692455733326e+03
4.345452320720230091e+03
4.351740921565142344e+03
4.358029613297061587e+03
4.364318285404339804e+03
4.370606874668193086e+03
4.376895520065155324e+03
4.383184217034085123e+03
4.389472832738776560e+03
4.395761429318470618e+03
4.402050123536617320e+03
4.408338775603942850e+03
4.414627353595151362e+03
4.420916019862834219e+03
4.427204705331428158e+03
4.433493292372268115e+03
4.439781918979811962e+03
4.446070618908749566e+03
4.452359246098858421e+03
4.458647843088548143e+03
4.464936528093790002e+03
4.471225204201341512e+03
4.477513823951372615e+03
4.483802424415375754e+03
4.490091109558730750e+03
4.496379788178889612e+03
4.502668379972593357e+03
4.508957016513245435e+03
4.515245721280226462e+03
4.521534360471022410e+03
4.527822955624086717e+03
4.534111624387643133e+03
4.540400312044784187e+03
4.546688934294151295e+03
4.552977537179777755e+03
4.559266206053889618e+03
4.565554893907765290e+03
4.571843514315255561e+03
4.578132116212611436e+03
4.584420796180938851e+03
4.590709486916538481e+03
4.596998093386477194e+03
4.603286711239994474e+03
4.609575396848585115e+03
4.615864072069824942e+03
4.622152670336259689e+03
4.628441308386717537e+03
4.634729982239072342e+03
4.641018653539028492e+03
4.647307261377208306e+03
4.653595881518498572e+03
4.659884561224978825e+03
4.666173244048163724e+03
4.672461864138639612e+03
4.678750471387497782e+03
4.685039118551207139e+03
4.691327811635073886e+03
4.697616467422402820e+03
4.703905081616208918e+03
4.710193689302063831e+03
4.716482362489919979e+03
4.722771050634774838e+03
4.729059654683895133e+03
4.735348272656725385e+03
4.741636966332818702e+03
4.747925627862877263e+03
4.754214235025186099e+03
4.760502851550678315e+03
4.766791512990270348e+03
4.773080213198285492e+03
4.779368840020566495e+03
4.785657442245664242e+03
4.791946091057970079e+03
4.798234763201377064e+03
4.804523431054720277e+03
4.810812045659096839e+03
4.817100648841250404e+03
4.823389315960716885e+03
4.829677987359356848e+03
4.835966644214881853e+03
4.842255233248006334e+03
4.848543891744638131e+03
4.854832582338009161e+03
4.861121210507874821e+03
4.867409812528122529e+03
4.873698496865528796e+03
4.879987172981095682e+03
4.886275762825957827e+03
4.892564409211857310e+03
4.898853105967782540e+03
4.905141747440792642e+03
4.911430349309293888e+03
4.917718976140890845e+03
4.924007663207903533e+03
4.930296338369823388e+03
4.936584940916046435e+03
4.942873564184505994e+03
4.949162236566574393e+03
4.955450916842513834e+03
4.961739550465175853e+03
4.968028150039225693e+03
4.974316815983771448e+03
4.980605497794886105e+03
4.986894147422989590e+03
4.993182741072263525e+03
4.999471396305932103e+03
5.005760092530070324e+03
5.012048733582414570e+03
5.018337344123780895e+03
5.024625962800982052e+03
5.030914634157624278e+03
5.037203314426305042e+03
5.043491925366832220e+03
5.049780535335982677e+03
5.056069230567508384e+03
5.062357897384815260e+03
5.068646485035221303e+03
5.074935140645648971e+03
5.081223838345097647e+03
5.087512445745106561e+03
5.093801058868349173e+03
5.100089757104466116e+03
5.106378402902243579e+03
5.112666987695664830e+03
5.118955658724710702e+03
5.125244341839696972e+03
5.131532930821476839e+03
5.137821561302011105e+03
5.144110260228917468e+03
5.150398881575071755e+03
5.156687476833250003e+03
5.162976164553791932e+03
5.169264829312909569e+03
5.175553414424965922e+03
5.181842067962600595e+03
5.188130766954323008e+03
5.194419377411141795e+03
5.200707992197424574e+03
5.206996685630632783e+03
5.213285349499190488e+03
5.219573960247041214e+03
5.225862575257029675e+03
5.232151235414121402e+03
5.238439911519336420e+03
5.244728559646498979e+03
5.251017167402311316e+03
5.257305779933572921e+03
5.263594435279928803e+03
5.269883110066711197e+03
5.276171759279389335e+03
5.282460366117252306e+03
5.288748976889317419e+03
5.295037628565780324e+03
5.301326304390388941e+03
5.307614956997938862e+03
5.313903565383586283e+03
5.320192177339900809e+03
5.326480828503934390e+03
5.332769503076078763e+03
5.339058159259139757e+03
5.345346774125910088e+03
5.351635383011423073e+03
5.357924023142700207e+03
5.364212690794911396e+03
5.370501361574406474e+03
5.376790000878770115e+03
5.383078601841199088e+03
5.389367223882279177e+03
5.395655887273376720e+03
5.401944559493330416e+03
5.408233198997106228e+03
5.414521799722137075e+03
5.420810418519467930e+03
5.427099080388607945e+03
5.433387751146726259e+03
5.439676394161151620e+03
5.445964997006296471e+03
5.452253612301135945e+03
5.458542275526197045e+03
5.464830949282591973e+03
5.471119584275494162e+03
5.477408184235142471e+03
5.483696811041386354e+03
5.489985483286849558e+03
5.496274150752653441e+03
5.502562769733940513e+03
5.508851371709144587e+03
5.515140014728083770e+03
5.521428692100977969e+03
5.527717346583355720e+03
5.534005953238332950e+03
5.540294564199441993e+03
5.546583224414394863e+03
5.552871900290375379e+03
5.559160534324079890e+03
5.565449132969451057e+03
5.571737765818522348e+03
5.578026440865244695e+03
5.584315102164012387e+03
5.590603713486493689e+03
5.596892319402215435e+03
5.603180974019033783e+03
5.609469650991975868e+03
5.615758293299280922e+03
5.622046893027545593e+03
5.628335516046221528e+03
5.634624184928014984e+03
5.640912855317604226e+03
5.647201478924110233e+03
5.653490078771485059e+03
5.659778718158709125e+03
5.666067394295293525e+03
5.672356053191917454e+03
5.678644663419240715e+03
5.684933269594578633e+03
5.691221921660692715e+03
5.697510598811499221e+03
5.703799245637303102e+03
5.710087851832546221e+03
5.716376462937072574e+03
5.722665116317618413e+03
5.728953791673568958e+03
5.735242438494337875e+03
5.741531045030352288e+03
5.747819655978890296e+03
5.754108309321279194e+03
5.760396984238816003e+03
5.766685633578583293e+03
5.772974240351146364e+03
5.779262849693956923e+03
5.785551501057865607e+03
5.791840175671852194e+03
5.798128826615572507e+03
5.804417434169511580e+03
5.810706043662926277e+03
5.816994694337200599e+03
5.823283367802476278e+03
5.829572022738760097e+03
5.835860634459573703e+03
5.842149238614802925e+03
5.848437884634509828e+03
5.854726559248665581e+03
5.861015216741036966e+03
5.867303833178879358e+03
5.873592438356298771e+03
5.879881081079141040e+03
5.886169760045770090e+03
5.892458431950150043e+03
5.898747050546078754e+03
5.905035652091368320e+03
5.911324331637545583e+03
5.917613018632130661e+03
5.923901634523580469e+03
5.930190237256783803e+03
5.936478915480841351e+03
5.942767590586090591e+03
5.949056235170841319e+03
5.955344851071590710e+03
5.961633458168624202e+03
5.967922107827101172e+03
5.974210784791337574e+03
5.980499440641466208e+03
5.986788056523188970e+03
5.993076660993740916e+03
5.999365308956309491e+03
6.005653982878060560e+03
6.011942648347030627e+03
6.018231268242690930e+03
6.024519872570606822e+03
6.030808510810295047e+03
6.037097181558425291e+03
6.043385846232030417e+03
6.049674468706389234e+03
6.055963068425561687e+03
6.062251702567882603e+03
6.068540374233078182e+03
6.074829040862940019e+03
6.081117668130846141e+03
6.087406267378978555e+03
6.093694897662023322e+03
6.099983567561457676e+03
6.106272233516380766e+03
6.112560863499845254e+03
6.118849463641304283e+03
6.125138090742176246e+03
6.131426759214205958e+03
6.137715427151323638e+03
6.144004058463750880e+03
6.150292660893997891e+03
6.156581285404438859e+03
6.162869950481668639e+03
6.169158621917000346e+03
6.175447256449326233e+03
6.181735857225711698e+03
6.188024479347126544e+03
6.194313143415735794e+03
6.200601816016550401e+03
6.206890456810068827e+03
6.213179059401501036e+03
6.219467680116385054e+03
6.225756340392719721e+03
6.232045017543726317e+03
6.238333661165035664e+03
6.244622265094767499e+03
6.250910881002782844e+03
6.257199541587053318e+03
6.263488217872732093e+03
6.269776863037780458e+03
6.276065481322490996e+03
6.282354090228404857e+03
6.288642725773010170e+03
