0.000000000000000000e+00
6.288622399682827435e+00
1.257727921805484783e+01
1.886594049643444393e+01
2.515456822408837922e+01
3.144318649241074937e+01
3.773183777660858595e+01
4.402050201547078245e+01
5.030913608126063963e+01
5.659775185749126791e+01
6.288639683614965037e+01
6.917506244292566464e+01
7.546370320011627086e+01
8.175231837872124174e+01
8.804095665273814575e+01
9.432962196134971578e+01
1.006182693001769906e+02
1.069068858182308475e+02
1.131955174418547045e+02
1.194841807895107877e+02
1.257728342057490494e+02
1.320614538458183631e+02
1.383500794293868807e+02
1.446387392475052991e+02
1.509273978547815602e+02
1.572160220802778667e+02
1.635046427479751117e+02
1.697932976695600757e+02
1.760819602248539582e+02
1.823705901665178999e+02
1.886592073659727191e+02
1.949478563606465684e+02
2.012365213383192781e+02
2.075251577714110169e+02
2.138137731766817353e+02
2.201024156447181781e+02
2.263910813662814405e+02
2.326797245700009853e+02
2.389683400292315127e+02
2.452569758238855400e+02
2.515456405820356167e+02
2.578342902920690562e+02
2.641229076902371276e+02
2.704115370779643968e+02
2.767001992521346665e+02
2.829888547440876891e+02
2.892774758515510598e+02
2.955660995209605630e+02
3.018547576597943021e+02
3.081434178659415579e+02
3.144320441223673015e+02
3.207206632704208005e+02
3.270093161520822491e+02
3.332979797389624537e+02
3.395866120865277935e+02
3.458752283437546566e+02
3.521638750453992657e+02
3.584525404724344639e+02
3.647411793986859152e+02
3.710297946033731478e+02
3.773184346069053277e+02
3.836071001942110570e+02
3.898957457862546221e+02
3.961843618163255201e+02
4.024729951191892496e+02
4.087616591550996645e+02
4.150503110536241707e+02
4.213389296860950708e+02
4.276275568186514420e+02
4.339162176819493197e+02
4.402048750696079082e+02
4.464934978849730101e+02
4.527821197908298814e+02
4.590707760815557208e+02
4.653594377487936526e+02
4.716480660738608321e+02
4.779366840302503192e+02
4.842253346711994482e+02
4.905139991434879789e+02
4.968026338716927626e+02
5.030912495139703537e+02
5.093798937932368744e+02
5.156685594499055014e+02
5.219572009107936310e+02
5.282458161273996211e+02
5.345344537151281656e+02
5.408231188841693893e+02
5.471117669051574239e+02
5.534003836382939880e+02
5.596890146281386933e+02
5.659776776665678426e+02
5.722663316752206129e+02
5.785549517172692049e+02
5.848435767334813136e+02
5.911322361052765473e+02
5.974208951712853377e+02
6.037095199681858730e+02
6.099981401745437779e+02
6.162867945435855290e+02
6.225754574089424978e+02
6.288640880172650895e+02
6.351527049315814111e+02
6.414413532844978363e+02
6.477300184187887453e+02
6.540186555377129025e+02
6.603072708744269903e+02
6.665959126374790458e+02
6.728845783521359181e+02
6.791732222260743583e+02
6.854618378269162804e+02
6.917504729106751711e+02
6.980391374876262489e+02
7.043277878311516815e+02
7.106164055431239603e+02
7.169050342974951491e+02
7.231936961141534539e+02
7.294823521649004761e+02
7.357709737194766149e+02
7.420595968872165713e+02
7.483482545156798551e+02
7.546369151535398032e+02
7.609255419807262797e+02
7.672141607655139524e+02
7.735028130324254789e+02
7.797914768832471282e+02
7.860801099091997912e+02
7.923687259523911735e+02
7.986573719903667552e+02
8.049460374987298792e+02
8.112346771448956133e+02
8.175232923209077853e+02
8.238119316473338358e+02
8.301005971420880769e+02
8.363892434163371945e+02
8.426778596294134331e+02
8.489664922613076214e+02
8.552551560470240020e+02
8.615438085416873264e+02
8.678324275632460285e+02
8.741210540738084092e+02
8.804097145426387669e+02
8.866983724196745698e+02
8.929869957737374762e+02
8.992756171879068461e+02
9.055642729473375994e+02
9.118529349809750784e+02
9.181415639225837140e+02
9.244301815769700852e+02
9.307188315722196421e+02
9.370074962601124753e+02
9.432961316509481549e+02
9.495847471850514694e+02
9.558733907564839001e+02
9.621620564511068778e+02
9.684506986032390614e+02
9.747393138904832313e+02
9.810279507821957168e+02
9.873166157993616707e+02
9.936052644935468834e+02
9.998938814641179533e+02
1.006182511826221344e+03
1.012471174537427714e+03
1.018759829134544589e+03
1.025048449584221999e+03
1.031337074057016252e+03
1.037625732961100994e+03
1.043914392479439357e+03
1.050203017848754143e+03
1.056491637617919878e+03
1.062780291419078821e+03
1.069068954577646309e+03
1.075357585864305975e+03
1.081646202505248311e+03
1.087934850216007362e+03
1.094223515482791299e+03
1.100512153301100852e+03
1.106800768577601275e+03
1.113089409644386706e+03
1.119378075329270587e+03
1.125666719872886461e+03
1.131955335632484093e+03
1.138243970009495570e+03
1.144532634390914382e+03
1.150821285352372342e+03
1.157109903406757667e+03
1.163398531524125019e+03
1.169687192975576409e+03
1.175975849566222678e+03
1.182264471592628524e+03
1.188553094264444326e+03
1.194841751373758825e+03
1.201130412429885382e+03
1.207419039833168654e+03
1.213707658278644431e+03
1.219996309916330574e+03
1.226284974021385779e+03
1.232573607718426501e+03
1.238862223579685860e+03
1.245150868939951124e+03
1.251439534516040794e+03
1.257728174879335938e+03
1.264016790048160374e+03
1.270305428698272181e+03
1.276594094079519664e+03
1.282882741039451275e+03
1.289171357444070736e+03
1.295459989422302897e+03
1.301748652933591302e+03
1.308037306022423309e+03
1.314325925439793991e+03
1.320614551346685175e+03
1.326903211403082651e+03
1.333191869754241225e+03
1.339480493664793585e+03
1.345769114594133271e+03
1.352057769817416329e+03
1.358346432194062572e+03
1.364635061772984500e+03
1.370923679131721428e+03
1.377212328482905832e+03
1.383500993365087425e+03
1.389789629423534279e+03
1.396078244869218906e+03
1.402366887730184999e+03
1.408655553448199043e+03
1.414944196279591324e+03
1.421232811668265640e+03
1.427521447855701581e+03
1.433810112709979876e+03
1.440098762062710421e+03
1.446387379298696260e+03
1.452676009034289109e+03
1.458964671404128012e+03
1.465253326581120064e+03
1.471541947448642532e+03
1.477830571399349992e+03
1.484119229816581765e+03
1.490407889780321057e+03
1.496696515719997933e+03
1.502985135080276450e+03
1.509273788295678969e+03
1.515562451733733951e+03
1.521851083702730193e+03
1.528139700088684549e+03
1.534428347153113691e+03
1.540717012529597241e+03
1.547005651058156673e+03
1.553294266283819070e+03
1.559582906664495113e+03
1.565871572294699263e+03
1.572160217511370547e+03
1.578448833441387933e+03
1.584737467122940416e+03
1.591026131289676869e+03
1.597314782856646389e+03
1.603603401276679961e+03
1.609892028758295510e+03
1.616180689835711746e+03
1.622469346945360257e+03
1.628757969470762873e+03
1.635046591648691901e+03
1.641335248233383936e+03
1.647623909689349375e+03
1.653912537680040941e+03
1.660201155805959843e+03
1.666489806804870113e+03
1.672778471151503027e+03
1.679067105512137687e+03
1.685355721223037790e+03
1.691644365891740335e+03
1.697933031523937643e+03
1.704221672596092048e+03
1.710510287785532455e+03
1.716798925754682841e+03
1.723087591004676142e+03
1.729376238648679191e+03
1.735664855258037733e+03
1.741953486597504025e+03
1.748242149811761465e+03
1.754530803493041958e+03
1.760819423309874310e+03
1.767108048636544481e+03
1.773396708260017249e+03
1.779685367073824182e+03
1.785973991551821427e+03
1.792262612009870509e+03
1.798551266688249598e+03
1.804839929385597998e+03
1.811128559621167142e+03
1.817417176690669748e+03
1.823705825400195408e+03
1.829994490452486616e+03
1.836283127188791923e+03
1.842571742560215853e+03
1.848860384713759231e+03
1.855149050436838706e+03
1.861437693939456949e+03
1.867726309457032357e+03
1.874014944934882806e+03
1.880303609616227732e+03
1.886592259610800511e+03
1.892880877142852569e+03
1.899169506248497783e+03
1.905458168266337680e+03
1.911746824009804641e+03
1.918035445311584454e+03
1.924324068755475764e+03
1.930612726670070060e+03
1.936901387071096451e+03
1.943190013579747074e+03
1.949478632561194217e+03
1.955767285172721131e+03
1.962055948879901734e+03
1.968344581528730487e+03
1.974633197685200912e+03
1.980921844094044673e+03
1.987210509560950641e+03
1.993499148806668927e+03
1.999787763994119359e+03
2.006076403696542457e+03
2.012365069247440942e+03
2.018653715142262172e+03
2.024942331250620100e+03
2.031230964252696367e+03
2.037519628182110637e+03
2.043808280346631591e+03
2.050096899148909415e+03
2.056385526002340612e+03
2.062674186694127002e+03
2.068962844302551730e+03
2.075251467352813506e+03
2.081540089038361202e+03
2.087828745094949682e+03
2.094117406929386107e+03
2.100406035524520121e+03
2.106694653343914069e+03
2.112983303699003500e+03
2.119271968271357309e+03
2.125560603292769429e+03
2.131849218881995057e+03
2.138137862848236637e+03
2.144426528525286813e+03
2.150715170294448853e+03
2.157003785536197483e+03
2.163292422816109138e+03
2.169581087920908431e+03
2.175869736242606905e+03
2.182158353075986724e+03
2.188446983786177043e+03
2.194735646683264349e+03
2.201024300954650698e+03
2.207312921174920575e+03
2.213601545945914495e+03
2.219890205114323180e+03
2.226178864383059135e+03
2.232467489433140145e+03
2.238756109440930231e+03
2.245044763561257696e+03
2.251333426560177031e+03
2.257622057467265677e+03
2.263910674256651873e+03
2.270199322325816411e+03
2.276487987523617448e+03
2.282776624950616224e+03
2.289065240257633832e+03
2.295353881710985661e+03
2.301642547417229252e+03
2.307931191588014826e+03
2.314219807255482010e+03
2.320508442024532087e+03
2.326797106519087265e+03
2.333085757138927875e+03
2.339374374997412360e+03
2.345663003468828720e+03
2.351951665126340686e+03
2.358240321419978500e+03
2.364528943178660938e+03
2.370817566124849236e+03
2.377106223525576752e+03
2.383394884352107056e+03
2.389683511432276646e+03
2.395972130062011274e+03
2.402260782052678678e+03
2.408549446019208972e+03
2.414838079342398032e+03
2.421126695299386029e+03
2.427415341039437862e+03
2.433704006581152953e+03
2.439992646545254956e+03
2.446281261712860214e+03
2.452569900740209960e+03
2.458858566188909663e+03
2.465147212766830762e+03
2.471435829061431377e+03
2.477724461401366170e+03
2.484013125070292517e+03
2.490301777828880859e+03
2.496590397023305286e+03
2.502879023263123599e+03
2.509167683553376264e+03
2.515456341642980078e+03
2.521744965239848170e+03
2.528033586436972200e+03
2.534322241961166128e+03
2.540610904150798888e+03
2.546899533370638437e+03
2.553188150891806345e+03
2.559476800602776621e+03
2.565765465381044578e+03
2.572054101065451050e+03
2.578342716556529467e+03
2.584631359814142797e+03
2.590920025522966625e+03
2.597208667976395645e+03
2.603497283302783671e+03
2.609785919884006034e+03
2.616074584832318124e+03
2.622363233819904508e+03
2.628651850902338083e+03
2.634940480987132560e+03
2.641229143550586286e+03
2.647517798405930989e+03
2.653806419037074647e+03
2.660095043275783155e+03
2.666383701968270543e+03
2.672672361685385567e+03
2.678960987305728850e+03
2.685249606889339702e+03
2.691538260435054326e+03
2.697826923720002469e+03
2.704115555306979786e+03
2.710404171830909490e+03
2.716692819257667907e+03
2.722981484577147057e+03
2.729270122707486280e+03
2.735558737958388519e+03
2.741847378721279256e+03
2.748136044386773847e+03
2.754424689227015733e+03
2.760713305058796323e+03
2.767001939126838352e+03
2.773290603417500733e+03
2.779579254648126607e+03
2.785867872859823819e+03
2.792156500695327395e+03
2.798445161984360311e+03
2.804733818807635998e+03
2.811022441049433382e+03
2.817311063501906574e+03
2.823599720381561838e+03
2.829888381617467985e+03
2.836177009277016168e+03
2.842465627577822488e+03
2.848754278935488855e+03
2.855042943150456722e+03
2.861331577140197169e+03
2.867620192929423865e+03
2.873908837986678463e+03
2.880197503590672568e+03
2.886486144267726104e+03
2.892774759439901572e+03
2.899063397790657746e+03
2.905352063117748912e+03
2.911640710380137989e+03
2.917929326871168087e+03
2.924217958565752724e+03
2.930506621950403314e+03
2.936795275301257334e+03
2.943083894892606168e+03
2.949372520539803645e+03
2.955661180409741064e+03
2.961949838967027972e+03
2.968238463125385351e+03
2.974527083843574019e+03
2.980815738829148358e+03
2.987104401351086381e+03
2.993393031216234249e+03
2.999681648445020983e+03
3.005970297513882088e+03
3.012258962475671069e+03
3.018547598830760762e+03
3.024836214240380286e+03
3.031124856789366277e+03
3.037413522513826138e+03
3.043702165641547253e+03
3.049990781082175999e+03
3.056279416957168451e+03
3.062568081738287674e+03
3.068856731376332846e+03
3.075145348737170480e+03
3.081433978195138479e+03
3.087722640412668625e+03
3.094011295841916308e+03
3.100299916896731247e+03
3.106588540621622542e+03
3.112877198820542162e+03
3.119165858979293716e+03
3.125454485168271731e+03
3.131743104356531148e+03
3.138031757309330715e+03
3.144320420868524252e+03
3.150609053136575312e+03
3.156897669416324334e+03
3.163186316194158735e+03
3.169474981614267563e+03
3.175763620457521029e+03
3.182052235662686144e+03
3.188340875744044752e+03
3.194629541344024346e+03
3.200918186858722038e+03
3.207206802864447582e+03
3.213495436244420944e+03
3.219784100311401289e+03
3.226072752142582885e+03
3.232361370727455778e+03
3.238649997930337122e+03
3.244938658841345386e+03
3.251227316173785766e+03
3.257515938925547289e+03
3.263804560885451338e+03
3.270093217239405476e+03
3.276381878865892304e+03
3.282670507118999922e+03
3.288959125107267482e+03
3.295247775824124346e+03
3.301536440273750486e+03
3.307825074924760429e+03
3.314113690577176840e+03
3.320402334938596141e+03
3.326691000593605168e+03
3.332979641973601247e+03
3.339268257180193359e+03
3.345556894847502463e+03
3.351845560036954794e+03
3.358134207980040628e+03
3.364422824683340423e+03
3.370711455744765317e+03
3.377000118823203138e+03
3.383288772765087288e+03
3.389577392757027610e+03
3.395866017835447565e+03
3.402154677262762107e+03
3.408443336278427523e+03
3.414731961006078564e+03
3.421020581261928783e+03
3.427309235697939130e+03
3.433597898531272676e+03
3.439886529059593158e+03
3.446175146003038208e+03
3.452463794431882434e+03
3.458752459552646087e+03
3.465041096590323832e+03
3.471329711930655776e+03
3.477618353775689229e+03
3.483907019495882196e+03
3.490195663292047357e+03
3.496484278872614595e+03
3.502772914038547697e+03
3.509061578640939388e+03
3.515350228912621333e+03
3.521638846583018221e+03
3.527927475410009265e+03
3.534216137271944262e+03
3.540504793260335646e+03
3.546793414758385552e+03
3.553082037981944723e+03
3.559370695673334012e+03
3.565659356264018243e+03
3.571947983021838354e+03
3.578236601844330835e+03
3.584525254185984522e+03
3.590813918009560894e+03
3.597102550954884919e+03
3.603391167017984571e+03
3.609679813135606310e+03
3.615968478638539182e+03
3.622257118199643173e+03
3.628545733374136944e+03
3.634834372780228477e+03
3.641123038290338627e+03
3.647411684484750822e+03
3.653700300672209778e+03
3.659988933381236620e+03
3.666277597200859418e+03
3.672566249626918307e+03
3.678854868598836674e+03
3.685143495180125683e+03
3.691432155699247232e+03
3.697720813521570108e+03
3.704009436808071314e+03
3.710298058277581276e+03
3.716586714102372298e+03
3.722875376096628315e+03
3.729164004962281069e+03
3.735452622648796478e+03
3.741741272721998939e+03
3.748029937388650978e+03
3.754318572699662582e+03
3.760607188241771837e+03
3.766895831898019424e+03
3.773184497592272692e+03
3.779473139662862195e+03
3.785761754936213492e+03
3.792050391910800045e+03
3.798339056949775113e+03
3.804627705565708766e+03
3.810916322503358060e+03
3.817204952938744100e+03
3.823493615692490948e+03
3.829782270221714498e+03
3.836070890619498186e+03
3.842359515153821576e+03
3.848648174117213330e+03
3.854936833584212764e+03
3.861225458882981911e+03
3.867514078700327445e+03
3.873802732571955403e+03
3.880091395699072109e+03
3.886380026902820646e+03
3.892668643572311339e+03
3.898957291361093212e+03
3.905245956616329295e+03
3.911534594349732288e+03
3.917823209629587836e+03
3.924111850779501765e+03
3.930400516472425352e+03
3.936689160936035023e+03
3.942977776672575601e+03
3.949266411133230122e+03
3.955555075541868973e+03
3.961843726431183313e+03
3.968132344439802637e+03
3.974420972632120083e+03
3.980709634130622362e+03
3.986998290659500071e+03
3.993286912625238529e+03
3.999575535354134445e+03
4.005864192528327294e+03
4.012152853537437750e+03
4.018441480869097632e+03
4.024730099351327681e+03
4.031018751066982077e+03
4.037307415144977313e+03
4.043596048760541635e+03
4.049884664638227150e+03
4.056173310081584987e+03
4.062461975653304307e+03
4.068750615930347976e+03
4.075039231095114246e+03
4.081327869826820461e+03
4.087616535225852203e+03
4.093905182103482275e+03
4.100193798481105659e+03
4.106482430536324500e+03
4.112771094084980177e+03
4.119059747103622612e+03
4.125348366469962457e+03
4.131636992446818113e+03
4.137925652556651585e+03
4.144214310853301868e+03
4.150502934693382485e+03
4.156791555678289114e+03
4.163080210968812025e+03
4.169368873307864305e+03
4.175657502806908269e+03
4.181946120198103927e+03
4.188234769628388676e+03
4.194523434491240550e+03
4.200812070467536614e+03
4.207100685919713214e+03
4.213389328867257973e+03
4.219677994586554632e+03
4.225966637336102394e+03
4.232255252708097032e+03
4.238543888980974771e+03
4.244832553858967003e+03
4.251121203133481686e+03
4.257409820332484742e+03
4.263698450143101581e+03
4.269987112557765613e+03
4.276275767666405955e+03
4.282564388479612717e+03
4.288853012490833862e+03
4.295141670970584528e+03
4.301430330882856651e+03
4.307718956751206861e+03
4.314007576156825962e+03
4.320296229446445068e+03
4.326584892853828023e+03
4.332873524738189190e+03
4.339162141151140531e+03
4.345450788295785060e+03
4.351739453663132736e+03
4.358028092103984818e+03
4.364316707331885482e+03
4.370605347796052229e+03
4.376894013437369722e+03
4.383182658571881802e+03
4.389471274477236875e+03
4.395759908242367601e+03
4.402048572439300187e+03
4.408337223933838686e+03
4.414625842305165861e+03
4.420914469862856095e+03
4.427203130989393685e+03
4.433491788038418235e+03
4.439780410498714446e+03
4.446069032734883876e+03
4.452357689386345555e+03
4.458646350796918341e+03
4.464934978713074088e+03
4.471223596874533541e+03
4.477512247953468432e+03
4.483800912274181428e+03
4.490089546552700995e+03
4.496378162277107549e+03
4.502666807032095676e+03
4.508955472661175008e+03
4.515244113646662299e+03
4.521532728828636209e+03
4.527821366881686117e+03
4.534110032151806990e+03
4.540398679712597186e+03
4.546687296292758219e+03
4.552975927709024290e+03
4.559264590963762203e+03
4.565553244573877237e+03
4.571841864338601226e+03
4.578130489733465765e+03
4.584419149413682135e+03
4.590707808173192461e+03
4.596996432578722306e+03
4.603285053091425652e+03
4.609573707839442250e+03
4.615862370501072292e+03
4.622151000653352639e+03
4.628439617755140716e+03
4.634728266544871985e+03
4.641016931580483288e+03
4.647305568231813595e+03
4.653594183608582171e+03
4.659882825849490473e+03
4.666171491576192238e+03
4.672460134996294983e+03
4.678748750493375155e+03
4.685037386058548691e+03
4.691326050764654610e+03
4.697614700681860995e+03
4.703903318172582658e+03
4.710191947355001503e+03
4.716480609419882057e+03
4.722769265095915216e+03
4.729057886340157893e+03
4.735346509844063803e+03
4.741635167824036216e+03
4.747923828173769834e+03
4.754212454609843917e+03
4.760501073633647138e+03
4.766789726322534989e+03
4.773078389999683168e+03
4.779367022563539649e+03
4.785655638743776763e+03
4.791944285235578718e+03
4.798232950695367435e+03
4.804521589851428871e+03
4.810810205039321772e+03
4.817098844825701235e+03
4.823387510390976786e+03
4.829676156201524464e+03
4.835964772283975435e+03
4.842253405368753192e+03
4.848542069332184838e+03
4.854830721423943942e+03
4.861119340174951503e+03
4.867407967104182717e+03
4.873696627847484706e+03
4.879985285396775907e+03
4.886273908377842417e+03
4.892562530122235330e+03
4.898851186246941324e+03
4.905139848037967568e+03
4.911428476554878216e+03
4.917717094409060337e+03
4.924005744846075686e+03
4.930294409394226022e+03
4.936583044332282952e+03
4.942871659932025977e+03
4.949160303987015141e+03
4.955448969662376840e+03
4.961737611345164623e+03
4.968026226575158034e+03
4.974314863941502153e+03
4.980603529068526768e+03
4.986892177306634039e+03
4.993180794107422116e+03
4.999469424894905387e+03
5.005758087835473816e+03
5.012046742034814088e+03
5.018335362201415592e+03
5.024623987038738051e+03
5.030912646267745004e+03
5.037201305482077260e+03
5.043489930457842092e+03
5.049778550517710755e+03
5.056067204710731858e+03
5.062355867675504669e+03
5.068644498496440974e+03
5.074933115317209740e+03
5.081221763467902747e+03
5.087510428651815346e+03
5.093799065990772760e+03
5.100087681302084093e+03
5.106376322843112575e+03
5.112664988555995478e+03
5.118953632643120727e+03
5.125242248287519033e+03
5.131530883144805557e+03
5.137819547666408653e+03
5.144108198209681177e+03
5.150396816022410349e+03
5.156685444572296547e+03
5.162974106278177715e+03
5.169262762505290993e+03
5.175551384202542067e+03
5.181840007208805218e+03
5.188128664677015877e+03
5.194417325453174271e+03
5.200705952459143191e+03
5.206994571128987445e+03
5.213283223200228349e+03
5.219571887137427439e+03
5.225860520375076703e+03
5.232149136352199093e+03
5.238437782178237285e+03
5.244726447714331698e+03
5.251015087587731614e+03
5.257303702753321886e+03
5.263592341865788512e+03
5.269881007331624460e+03
5.276169653823736553e+03
5.282458270091096892e+03
5.288746902512739325e+03
5.295035566218955864e+03
5.301324218903877409e+03
5.307612838045456556e+03
5.313901464359939382e+03
5.320190124704542541e+03
5.326478782736289759e+03
5.332767406260815733e+03
5.339056027516872746e+03
5.345344683110818551e+03
5.351633345259466296e+03
5.357921974397557278e+03
5.364210591953119547e+03
5.370499241746891130e+03
5.376787906503423073e+03
5.383076542102814528e+03
5.389365157601804640e+03
5.395653800949839024e+03
5.401942466658623744e+03
5.408231109026206468e+03
5.414519724336685613e+03
5.420808361006535961e+03
5.427097025978574493e+03
5.433385674883353204e+03
5.439674291929224637e+03
5.445962922092113331e+03
5.452251584701555657e+03
5.458540239484930680e+03
5.464828860060409170e+03
5.471117484363480798e+03
5.477406143119901571e+03
5.483694802782840270e+03
5.489983428328577247e+03
5.496272047961611861e+03
5.502560701583186528e+03
5.508849364835339657e+03
5.515137996334214222e+03
5.521426612887510601e+03
5.527715260397368183e+03
5.534003925705791517e+03
5.540292563745550069e+03
5.546581178999588701e+03
5.552869819850017848e+03
5.559158485525401375e+03
5.565447130280535021e+03
5.571735746087274492e+03
5.578024380243264204e+03
5.584313044564357369e+03
5.590601695719044983e+03
5.596890313881082875e+03
5.603178941796019899e+03
5.609467603135664831e+03
5.615756259894515097e+03
5.622044882070399581e+03
5.628333504583439208e+03
5.634622161532240170e+03
5.640910822719709358e+03
5.647199450302618061e+03
5.653488068641634527e+03
5.659776720082436441e+03
5.666065384269279093e+03
5.672354018173062286e+03
5.678642633978665799e+03
5.684931279125078618e+03
5.691219944724861307e+03
5.697508585310783019e+03
5.703797200477453771e+03
5.710085838915048953e+03
5.716374504261909351e+03
5.722663151437158376e+03
5.728951767899014158e+03
5.735240399674556102e+03
5.741529063099954328e+03
5.747817716376307544e+03
5.754106335913602379e+03
5.760394961633711318e+03
5.766683621561454856e+03
5.772972280061500896e+03
5.779260904144821325e+03
5.785549524921294505e+03
5.791838179978683002e+03
5.798126842461833803e+03
5.804415472241327734e+03
5.810704089504318290e+03
5.816992738657039808e+03
5.823281403599559781e+03
5.829570039867025116e+03
5.835858655283047483e+03
5.842147297923519545e+03
5.848435963650203121e+03
5.854724606691671397e+03
5.861013222112605035e+03
5.867301858078505575e+03
5.873590522885287101e+03
5.879879172441317678e+03
5.886167789761217136e+03
5.892456419299081062e+03
5.898745081564608881e+03
5.905033736922268872e+03
5.911322357918605121e+03
5.917610981706890016e+03
5.923899639972899422e+03
5.930188300077445092e+03
5.936476926190782251e+03
5.942765545425536402e+03
5.949054198457747589e+03
5.955342861984906449e+03
5.961631494163734715e+03
5.967920110470633517e+03
5.974208757333994072e+03
5.980497422745304902e+03
5.986786061495469767e+03
5.993074676702402030e+03
5.999363316871950701e+03
6.005651982484949258e+03
6.011940627912147647e+03
6.018229243891523765e+03
6.024517877359266095e+03
6.030806541459393884e+03
6.037095193214158826e+03
6.043383811746558422e+03
6.049672439029709494e+03
6.055961099993414791e+03
6.062249757262649837e+03
6.068538379944074222e+03
6.074827001965696581e+03
6.081115658390584940e+03
6.087404319970021788e+03
6.093692948143013382e+03
6.099981566168434256e+03
6.106270216970758156e+03
6.112558881393559204e+03
6.118847515957535506e+03
6.125136131622885841e+03
6.131424776076442868e+03
6.137713441728568796e+03
6.144002083017212499e+03
6.150290698214162148e+03
6.156579335971116052e+03
6.162868001182569060e+03
6.169156649037717216e+03
6.175445265708947773e+03
6.181733896851733334e+03
6.188022559974438082e+03
6.194311213840373057e+03
6.200599833776663218e+03
6.206888458926378007e+03
6.213177118415623227e+03
6.219465777373849960e+03
6.225754402024383126e+03
6.232043022337088587e+03
6.238331676847964445e+03
6.244620339644241540e+03
6.250908970083110034e+03
6.257197587060372825e+03
6.263486235574418060e+03
6.269774900678788981e+03
6.276063537625305798e+03
6.282352152970796851e+03
6.288640794908369571e+03
