0.000000000000000000e+00
6.288612508493821807e+00
1.257727708047130299e+01
1.886594837585843720e+01
2.515456909767257798e+01
3.144317531523504172e+01
3.773183195382789279e+01
4.402050743588724657e+01
5.030913758580479112e+01
5.659774003966985845e+01
6.288638741486004591e+01
6.917506498186553188e+01
7.546370494848891042e+01
8.175230634524407947e+01
8.804094394527808731e+01
9.432962124680108218e+01
1.006182709516243818e+02
1.069068741038337862e+02
1.131955017563135470e+02
1.194841765353380509e+02
1.257728351655914878e+02
1.320614427692863728e+02
1.383500613923219191e+02
1.446387311999462213e+02
1.509273975407895989e+02
1.572160117900171201e+02
1.635046227815846578e+02
1.697932858184408076e+02
1.760819581599931496e+02
1.823705807073834819e+02
1.886591859911950735e+02
1.949478406695133685e+02
2.012365168873286336e+02
2.075251490726682277e+02
2.138137510353056996e+02
2.201023964043262424e+02
2.263910741086594101e+02
2.326797161308256818e+02
2.389683176970039824e+02
2.452569531945355834e+02
2.515456300922554078e+02
2.578342817920008088e+02
2.641228855798150335e+02
2.704115113850097600e+02
2.767001852774779991e+02
2.829888456380755315e+02
2.892774544612344698e+02
2.955660712688400622e+02
3.018547398892052342e+02
3.081434075995107378e+02
3.144320234888010077e+02
3.207206330858775232e+02
3.270092945238042716e+02
3.332979677644939898e+02
3.395865922723367021e+02
3.458751966790843539e+02
3.521638494706197093e+02
3.584525262588746273e+02
3.647411603696903626e+02
3.710297620528759808e+02
3.773184053291452074e+02
3.836070830936378115e+02
3.898957272183736222e+02
3.961843290279015264e+02
4.024729624280198550e+02
4.087616388740484581e+02
4.150502924528066728e+02
4.213388970894172303e+02
4.276275209469976062e+02
4.339161937733745162e+02
4.402048559340620955e+02
4.464934660245237410e+02
4.527820811543445529e+02
4.590707484109777283e+02
4.653594174451406502e+02
4.716480351318796238e+02
4.779366433306628892e+02
4.842253030240134990e+02
4.905139771734325222e+02
4.968026037488748443e+02
5.030912073235967910e+02
5.093798581847070182e+02
5.156685353171643555e+02
5.219571715680730222e+02
5.282457730528625461e+02
5.345344141393134123e+02
5.408230919319164514e+02
5.471117381055324813e+02
5.534003402950640975e+02
5.596889715552838425e+02
5.659776474246666567e+02
5.722663029276802718e+02
5.785549086032522155e+02
5.848435304653955882e+02
5.911322022499291506e+02
5.974208660340254937e+02
6.037094774968865067e+02
6.099980911009923830e+02
6.162867568002490088e+02
6.225754271773781738e+02
6.288640466370961803e+02
6.351526536022502114e+02
6.414413115776250152e+02
6.477299865202384126e+02
6.540186151071878840e+02
6.603072180121171186e+02
6.665958669042904603e+02
6.728845442870218676e+02
6.791731826767415896e+02
6.854617840385081990e+02
6.917504231662813936e+02
6.980391007648015602e+02
7.043277488485747426e+02
7.106163515643677329e+02
7.169049807465377171e+02
7.231936560204766238e+02
7.294823133282087610e+02
7.357709200357897998e+02
7.420595400621441513e+02
7.483482107617705879e+02
7.546368759639484551e+02
7.609254889517444553e+02
7.672141010489972359e+02
7.735027651887813818e+02
7.797914367606585984e+02
7.860800579324462660e+02
7.923686638849285373e+02
7.986573199998031214e+02
8.049459956555782583e+02
8.112346263203506851e+02
8.175232286224428435e+02
8.238118754633200069e+02
8.301005530568430686e+02
8.363891935321564688e+02
8.426777949437247344e+02
8.489664319931058571e+02
8.552551091774497536e+02
8.615437593766024520e+02
8.678323626665631991e+02
8.741209898235838409e+02
8.804096643703342124e+02
8.866983234145922097e+02
8.929869313258715238e+02
8.992755494393651361e+02
9.055642189178101944e+02
9.118528856070923894e+02
9.181415002740938007e+02
9.244301108647503042e+02
9.307187734639211385e+02
9.370074460356288455e+02
9.432960690763940192e+02
9.495846740971876443e+02
9.558733282472721839e+02
9.621620046162415747e+02
9.684506372826890583e+02
9.747392391357012684e+02
9.810278839458006814e+02
9.873165616314302042e+02
9.936052041717809971e+02
9.998938057640677926e+02
1.006182440703670750e+03
1.012471117477745224e+03
1.018759769619888175e+03
1.025048373580771113e+03
1.031336998878195800e+03
1.037625672487272595e+03
1.043914333254258054e+03
1.050202942371563040e+03
1.056491558716621739e+03
1.062780226989930952e+03
1.069068894989760565e+03
1.075357511289490049e+03
1.081646120520675822e+03
1.087934781487192367e+03
1.094223454929890067e+03
1.100512079927414334e+03
1.106800684084769273e+03
1.113089336395571536e+03
1.119378013245391230e+03
1.125666647819722129e+03
1.131955249418173707e+03
1.138243892145072550e+03
1.144532569897401800e+03
1.150821214446324120e+03
1.157109816306211087e+03
1.163398449198613662e+03
1.169687125478404141e+03
1.175975779439116877e+03
1.182264384268325102e+03
1.188553007654477142e+03
1.194841680211007770e+03
1.201130342696180378e+03
1.207418953041100849e+03
1.213707567803302254e+03
1.219996234697628779e+03
1.226284903959694930e+03
1.232573522004688357e+03
1.238862129890344704e+03
1.245150789162087904e+03
1.251439463454667703e+03
1.257728090439366269e+03
1.264016693828796178e+03
1.270305344231243907e+03
1.276594021367668802e+03
1.282882658044889695e+03
1.289171259455239124e+03
1.295459900089708981e+03
1.301748577816871830e+03
1.308037224333845188e+03
1.314325826593290458e+03
1.320614457391920496e+03
1.326903133081567603e+03
1.333191788932893814e+03
1.339480394798806856e+03
1.345769016223415292e+03
1.352057687740457823e+03
1.358346351795076089e+03
1.364634963526960064e+03
1.370923576792355561e+03
1.377212242126410501e+03
1.383500912714690458e+03
1.389789532507038075e+03
1.396078139214468592e+03
1.402366796759280533e+03
1.408655471810815015e+03
1.414944100835456084e+03
1.421232703566242435e+03
1.427521351935294206e+03
1.433810029325520190e+03
1.440098668181193034e+03
1.446387269511114255e+03
1.452675908114146978e+03
1.458964585584997167e+03
1.465253234131051840e+03
1.471541836936662321e+03
1.477830465603602988e+03
1.484119140688972720e+03
1.490407798361384494e+03
1.496696405305121061e+03
1.502985024872551094e+03
1.509273695257014197e+03
1.515562360763506604e+03
1.521850974089181591e+03
1.528139585829066391e+03
1.534428249624625323e+03
1.540716921381404291e+03
1.547005542871950638e+03
1.553294148618614372e+03
1.559582804295268943e+03
1.565871480060186968e+03
1.572160111131978510e+03
1.578448713299229212e+03
1.584737359655747014e+03
1.591026037232893714e+03
1.597314678135530130e+03
1.603603279551813330e+03
1.609891916087686013e+03
1.616180593140315750e+03
1.622469243769707873e+03
1.628757847185225955e+03
1.635046473874615685e+03
1.641335148191320741e+03
1.647623807583381677e+03
1.653912415735729837e+03
1.660201033400976485e+03
1.666489702574665444e+03
1.672778369528620942e+03
1.679066984521075710e+03
1.685355594779078501e+03
1.691644256996612057e+03
1.697932929714809688e+03
1.704221553140552942e+03
1.710510157940652562e+03
1.716798811628920248e+03
1.723087488093418870e+03
1.729376121156297586e+03
1.735664722920164877e+03
1.741953367234569896e+03
1.748242044900631981e+03
1.754530687890134232e+03
1.760819289509396185e+03
1.767107923934637256e+03
1.773396600551128813e+03
1.779685253117543198e+03
1.785973857250182164e+03
1.792262482064880032e+03
1.798551155375503868e+03
1.804839816551479089e+03
1.811128425953458191e+03
1.817417041865102419e+03
1.823705709787516525e+03
1.829994378068664901e+03
1.836282994763120314e+03
1.842571603635091378e+03
1.848860264175503971e+03
1.855148937785201497e+03
1.861437563226388193e+03
1.867726167172025725e+03
1.874014819021017729e+03
1.880303495923585842e+03
1.886592130932089276e+03
1.892880732469718168e+03
1.899169374679878501e+03
1.905458052411039716e+03
1.911746697387892709e+03
1.918035299302102658e+03
1.924323931709256158e+03
1.930612607831984633e+03
1.936901262200286283e+03
1.943189867227926698e+03
1.949478490159079684e+03
1.955767162452560342e+03
1.962055825278053589e+03
1.968344435885673647e+03
1.974633050303392565e+03
1.980921716833788878e+03
1.987210386362821964e+03
1.993499004768646728e+03
1.999787612357390572e+03
2.006076271225107348e+03
2.012364945671291480e+03
2.018653573075291661e+03
2.024942176291480337e+03
2.031230826205508265e+03
2.037519503363813556e+03
2.043808140542992760e+03
2.050096741901487349e+03
2.056385382025320268e+03
2.062674059678155572e+03
2.068962706648371750e+03
2.075251309024810325e+03
2.081539939268855505e+03
2.087828614808759539e+03
2.094117271071139385e+03
2.100405877163496370e+03
2.106694498127081715e+03
2.112983169359409203e+03
2.119271833720369159e+03
2.125560445801684182e+03
2.131849058664638505e+03
2.138137723568251658e+03
2.144426394441269167e+03
2.150715014616027020e+03
2.157003621045638738e+03
2.163292278145151158e+03
2.169580953320804383e+03
2.175869582790637196e+03
2.182158185343207151e+03
2.188446833229458207e+03
2.194735510637573043e+03
2.201024149909412699e+03
2.207312751214197760e+03
2.213601389348415069e+03
2.219890066675038724e+03
2.226178715645110060e+03
2.232467318549767242e+03
2.238755946724652404e+03
2.245044621613166328e+03
2.251333279640087312e+03
2.257621886813513811e+03
2.263910505912885128e+03
2.270199175989717332e+03
2.276487841783274234e+03
2.282776455456266831e+03
2.289065066818534888e+03
2.295353730209777950e+03
2.301642402169806246e+03
2.307931024067607723e+03
2.314219629548147623e+03
2.320508284722713597e+03
2.326796960621127255e+03
2.333085592110072866e+03
2.339374194145219008e+03
2.345662840045722533e+03
2.351951517605170466e+03
2.358240158904049622e+03
2.364528760321402387e+03
2.370817396382675724e+03
2.377106073292831297e+03
2.383394724286150904e+03
2.389683327798261871e+03
2.395971954078107046e+03
2.402260628159396674e+03
2.408549287871784600e+03
2.414837896262609320e+03
2.421126513503032129e+03
2.427415182365803958e+03
2.433703849579627331e+03
2.439992464911357274e+03
2.446281074833302682e+03
2.452569736641818054e+03
2.458858409519446468e+03
2.465147033325582470e+03
2.471435637925259925e+03
2.477724291175585677e+03
2.484012967702058631e+03
2.490301601135280180e+03
2.496590202809964012e+03
2.502878846644121495e+03
2.509167524279068857e+03
2.515456167659706807e+03
2.521744769316701877e+03
2.528033403269296741e+03
2.534322079756542735e+03
2.540610732652172828e+03
2.546899336917168512e+03
2.553187961326063942e+03
2.559476634391717653e+03
2.565765295865943244e+03
2.572053905481440324e+03
2.578342521040060092e+03
2.584631188645642851e+03
2.590919857152797249e+03
2.597208474184641545e+03
2.603497082743519513e+03
2.609785742878258588e+03
2.616074416648991246e+03
2.622363042498802770e+03
2.628651646226076082e+03
2.634940297620993078e+03
2.641228974557183847e+03
2.647517610007560961e+03
2.653806211477411125e+03
2.660094853175306980e+03
2.666383530875317774e+03
2.672672176279429550e+03
2.678960778257384845e+03
2.685249410152572636e+03
2.691538086114791895e+03
2.697826740870702452e+03
2.704115346095803488e+03
2.710403968573085876e+03
2.716692640623383795e+03
2.722981303737707549e+03
2.729269914605033591e+03
2.735558528681156076e+03
2.741847194857023169e+03
2.748135864627584397e+03
2.754424483367994071e+03
2.760713090675804324e+03
2.767001749169866798e+03
2.773290423730402836e+03
2.779579051520798203e+03
2.785867654576404675e+03
2.792156304054336033e+03
2.798444981227336484e+03
2.804733618791105528e+03
2.811022220104223834e+03
2.817310859814881042e+03
2.823599537406477339e+03
2.829888184702130729e+03
2.836176787141018849e+03
2.842465416965747409e+03
2.848754092353682154e+03
2.855042748917943754e+03
2.861331355168938899e+03
2.867619975779448851e+03
2.873908646792093350e+03
2.880197311376676225e+03
2.886485923685802845e+03
2.892774536276491745e+03
2.899063200907671671e+03
2.905351871931201913e+03
2.911640492346605242e+03
2.917929098600191082e+03
2.924217755359351486e+03
2.930506430618629111e+03
2.936795060406522680e+03
2.943083662843112961e+03
2.949372310362325152e+03
2.955660987764897982e+03
2.961949627380458878e+03
2.968238228671070829e+03
2.974526866428761423e+03
2.980815543669901672e+03
2.987104192959699503e+03
2.993392795949183437e+03
2.999681423771838126e+03
3.005970098537025024e+03
3.012258756802784774e+03
3.018547364148601901e+03
3.024835982934662752e+03
3.031124652794032500e+03
3.037413318795828218e+03
3.043701932714444865e+03
3.049990543820645598e+03
3.056279206935703314e+03
3.062567879034254020e+03
3.068856501200685216e+03
3.075145106533165290e+03
3.081433761392085216e+03
3.087722437382775297e+03
3.094011069156768372e+03
3.100299671098454837e+03
3.106588316667862728e+03
3.112876994227239265e+03
3.119165635836729507e+03
3.125454237272990667e+03
3.131742872970921326e+03
3.138031549807742977e+03
3.144320201100073518e+03
3.150608804699259963e+03
3.156897430668456764e+03
3.163186104596205951e+03
3.169474764550938744e+03
3.175763373082363159e+03
3.182051990064594520e+03
3.188340658752795662e+03
3.194629326125664647e+03
3.200917941660959514e+03
3.207206551378001677e+03
3.213495212954788713e+03
3.219783885935688431e+03
3.226072510003206389e+03
3.232361114457269196e+03
3.238649767457884991e+03
3.244938444039114074e+03
3.251227077692622061e+03
3.257515679313538840e+03
3.263804322873302226e+03
3.270093000503537951e+03
3.276381644124363902e+03
3.282670245776307183e+03
3.288958879468120358e+03
3.295247555884976919e+03
3.301536208981653999e+03
3.307824813335440922e+03
3.314113437509166488e+03
3.320402110452973830e+03
3.326690772093612850e+03
3.332979381794287747e+03
3.339267997185604145e+03
3.345556664633431865e+03
3.351845333240708442e+03
3.358133950434465078e+03
3.364422558837381530e+03
3.370711218780701529e+03
3.376999892611613632e+03
3.383288518646218108e+03
3.389577122296564085e+03
3.395865773506511232e+03
3.402154450442377765e+03
3.408443086070056324e+03
3.414731687500490807e+03
3.421020328992188297e+03
3.427309006665592278e+03
3.433597652240682692e+03
3.439886254242917857e+03
3.446174885916715084e+03
3.452463561801535889e+03
3.458752216719184617e+03
3.465040822030879553e+03
3.471329444296086422e+03
3.477618116218907744e+03
3.483906779492953319e+03
3.490195390469409176e+03
3.496484004386099514e+03
3.502772670393814678e+03
3.509061340277397903e+03
3.515349959166313965e+03
3.521638566349450230e+03
3.527927224650968583e+03
3.534215899268414887e+03
3.540504527230360964e+03
3.546793130207830927e+03
3.553081779472087419e+03
3.559370456659230513e+03
3.565659094431604444e+03
3.571947695727295923e+03
3.578236335204515399e+03
3.584525012735151449e+03
3.590813660246904874e+03
3.597102262743076153e+03
3.603390892289505700e+03
3.609679567586752455e+03
3.615968224347375781e+03
3.622256830724282281e+03
3.628545451073295681e+03
3.634834121922513532e+03
3.641122786664863270e+03
3.647411399170476216e+03
3.653700011536658167e+03
3.659988675933753711e+03
3.666277347113008545e+03
3.672565967760650892e+03
3.678854573850052930e+03
3.685143230330064853e+03
3.691431905678000021e+03
3.697720535745758298e+03
3.704009138087456904e+03
3.710297785307121558e+03
3.716586462733412645e+03
3.722875102609794794e+03
3.729163703906252067e+03
3.735452341347484435e+03
3.741741018504570093e+03
3.748029668091218809e+03
3.754318271138630280e+03
3.760606898665747394e+03
3.766895573293463713e+03
3.773184231796988115e+03
3.779472839293571724e+03
3.785761457777080068e+03
3.792050127434404203e+03
3.798338793634792637e+03
3.804627407797868273e+03
3.810916018655674634e+03
3.817204681528519359e+03
3.823493353745334844e+03
3.829781976172816940e+03
3.836070581346371000e+03
3.842359235859594719e+03
3.848647911935404409e+03
3.854936544013637558e+03
3.861225145865835202e+03
3.867513791084820696e+03
3.873802468620829586e+03
3.880091110546168693e+03
3.886379711994378795e+03
3.892668347344267204e+03
3.898957024090726009e+03
3.905245675661627502e+03
3.911534279344522020e+03
3.917822905010300929e+03
3.924111578753366757e+03
3.930400238954118777e+03
3.936688847654626443e+03
3.942977464352169591e+03
3.949266132829917751e+03
3.955554800385889848e+03
3.961843416142992282e+03
3.968132025643124507e+03
3.974420686967584516e+03
3.980709360041275431e+03
3.986997984405400985e+03
3.993286588715200651e+03
3.999575241397165883e+03
4.005863918023609585e+03
4.012152551988337109e+03
4.018441153556511836e+03
4.024729796737179640e+03
4.031018474355304534e+03
4.037307118290785183e+03
4.043595719988680685e+03
4.049884353310004826e+03
4.056173029618376404e+03
4.062461683003303278e+03
4.068750287488017420e+03
4.075038911304804515e+03
4.081327584032527284e+03
4.087616245965991766e+03
4.093904855880330160e+03
4.100193470977866127e+03
4.106482138173756539e+03
4.112770806974152947e+03
4.119059424450838378e+03
4.125348032596638404e+03
4.131636692203909661e+03
4.137925366164038678e+03
4.144213992553991375e+03
4.150502596043620542e+03
4.156791246839810810e+03
4.163079923800926736e+03
4.169368559848123368e+03
4.175657161231658392e+03
4.181945802243632897e+03
4.188234479876965452e+03
4.194523125839322347e+03
4.200811727905827865e+03
4.207100359107581426e+03
4.213389034841157809e+03
4.219677690121977321e+03
4.225966295631160392e+03
4.232254917461785226e+03
4.238543589128054009e+03
4.244832252700597564e+03
4.251120863972914776e+03
4.257409477522683119e+03
4.263698143135244209e+03
4.269986813298062771e+03
4.276275432572806494e+03
4.282564039461329230e+03
4.288852697339022598e+03
4.295141372093705286e+03
4.301430000498929985e+03
4.307718603288144550e+03
4.314007252075894030e+03
4.320295929293369227e+03
4.326584567488815992e+03
4.332873168734487081e+03
4.339161807793667322e+03
4.345450485251983082e+03
4.351739133109043905e+03
4.358027735675026634e+03
4.364316364817163048e+03
4.370605039981360278e+03
4.376893697027614508e+03
4.383182303568662974e+03
4.389470923564637815e+03
4.395759594173360711e+03
4.402048259154922562e+03
4.408336871938646254e+03
4.414625483998716845e+03
4.420914148092030700e+03
4.427202819448729315e+03
4.433491440378353218e+03
4.439780046280245188e+03
4.446068702381302501e+03
4.452357377835929583e+03
4.458646008248727412e+03
4.464934610465335936e+03
4.471223257283909334e+03
4.477511934711026697e+03
4.483800574943871652e+03
4.490089176227002099e+03
4.496377813246454025e+03
4.502666490298670396e+03
4.508955140247220697e+03
4.515243743387614813e+03
4.521532370522223573e+03
4.527821044969831746e+03
4.534109703767877363e+03
4.540398311476003073e+03
4.546686929580476317e+03
4.552975599000332295e+03
4.559264265424392761e+03
4.565552879837246110e+03
4.571841490434590014e+03
4.578130153011495167e+03
4.584418825351419400e+03
4.590707448083598138e+03
4.596996053088363624e+03
4.603284707238908595e+03
4.609573383400929742e+03
4.615862015802876158e+03
4.622150617574190619e+03
4.628439262383465575e+03
4.634727939903523293e+03
4.641016582190420195e+03
4.647305183655672408e+03
4.653593818577966886e+03
4.659882495224181184e+03
4.666171147114382620e+03
4.672459750903584791e+03
4.678748376215771714e+03
4.685037049758861031e+03
4.691325710231270023e+03
4.697614319128610987e+03
4.703902935491200878e+03
4.710191603726840185e+03
4.716480271464140060e+03
4.722768887492470640e+03
4.729057496724904922e+03
4.735346157722778116e+03
4.741634830922102992e+03
4.747923455584929798e+03
4.754212059721136939e+03
4.760500712074466719e+03
4.766789388737255649e+03
4.773078022986678661e+03
4.779366624505630170e+03
4.785655267285818809e+03
4.791943944873322835e+03
4.798232589125618688e+03
4.804521190850811763e+03
4.810809823803881955e+03
4.817098499990617711e+03
4.823387153645066064e+03
4.829675758283190589e+03
4.835964381736261203e+03
4.842253054247673390e+03
4.848541716440287928e+03
4.854830326551532380e+03
4.861118941355271090e+03
4.867407608254969091e+03
4.873696277256323810e+03
4.879984895000172401e+03
4.886273502908067712e+03
4.892562162229537535e+03
4.898850836285678270e+03
4.905139462926686065e+03
4.911428066290761308e+03
4.917716716769383311e+03
4.924005393735146754e+03
4.930294030032255250e+03
4.936582631354080149e+03
4.942871272085396413e+03
4.949159949684552885e+03
4.955448595838661277e+03
4.961737197939378348e+03
4.968025828868836470e+03
4.974314504485043472e+03
4.980603159955869160e+03
4.986891765576014222e+03
4.993180387139699633e+03
4.999469058632715132e+03
5.005757722353922873e+03
5.012046333776051142e+03
5.018334947120902143e+03
5.024623612501439311e+03
5.030912282773567313e+03
5.037200902227283223e+03
5.043489508956567988e+03
5.049778166591942863e+03
5.056066841395016127e+03
5.062355470027078809e+03
5.068644072720415352e+03
5.074932721224653505e+03
5.081221398426450833e+03
5.087510036856711849e+03
5.093798638085656421e+03
5.100087276834251497e+03
5.106375954191740675e+03
5.112664602315377124e+03
5.118953204937362898e+03
5.125241833745542863e+03
5.131530508774859300e+03
5.137819166069471066e+03
5.144107772748989191e+03
5.150396392444533376e+03
5.156685062843718697e+03
5.162973728002028110e+03
5.169262340972709353e+03
5.175550952804438566e+03
5.181839616655755890e+03
5.188128288123504717e+03
5.194416909247808690e+03
5.200705515006920905e+03
5.206994170832650525e+03
5.213282846334360329e+03
5.219571476965242255e+03
5.225860079093545210e+03
5.232148725659399133e+03
5.238437403066158367e+03
5.244726043488049982e+03
5.251014644770877567e+03
5.257303281548364794e+03
5.263591958524547408e+03
5.269880608634594864e+03
5.276169211823230398e+03
5.282457838734786492e+03
5.288746513060675170e+03
5.295035172000576495e+03
5.301323779809299594e+03
5.307612397705092008e+03
5.313901066955701026e+03
5.320189733521523522e+03
5.326478348121021554e+03
5.332766958517344392e+03
5.339055620871774408e+03
5.345344293291603208e+03
5.351632916236311758e+03
5.357921521101074177e+03
5.364210175013811750e+03
5.370498851210178145e+03
5.376787483788445570e+03
5.383076085505796073e+03
5.389364730094976039e+03
5.395653407604756467e+03
5.401942050052641207e+03
5.408230651517363185e+03
5.414519286229156933e+03
5.420807962798452536e+03
5.427096614845618205e+03
5.433385218697541859e+03
5.439673843809177015e+03
5.445962517215239131e+03
5.452251177850052954e+03
5.458539786863439986e+03
5.464828403040101875e+03
5.471117071127475356e+03
5.477405738974956876e+03
5.483694355156841993e+03
5.489982964238369277e+03
5.496271625033614328e+03
5.502560298288920421e+03
5.508848923152558200e+03
5.515137527190173387e+03
5.521426179313622924e+03
5.527714855995081052e+03
5.534003490445307762e+03
5.540292091932554285e+03
5.546580734441467030e+03
5.552869412016878414e+03
5.559158056491259231e+03
5.565446658241396108e+03
5.571735290930111660e+03
5.578023967026887476e+03
5.584312620885016258e+03
5.590601225595694814e+03
5.596889848829525363e+03
5.603178521202166849e+03
5.609467183552797906e+03
5.615755793791811811e+03
5.622044408405651666e+03
5.628333075121341608e+03
5.634621744236886116e+03
5.640910362178129617e+03
5.647198969912053144e+03
5.653487629009889133e+03
5.659776303138884941e+03
5.666064930011171782e+03
5.672353533269693799e+03
5.678642183463186484e+03
5.684930860431936708e+03
5.691219497001080526e+03
5.697508098298132609e+03
5.703796738743692003e+03
5.710085416301240002e+03
5.716374062687231344e+03
5.722662664831850634e+03
5.728951295466626107e+03
5.735239971011767921e+03
5.741528626665451156e+03
5.747817232373336083e+03
5.754105853713842407e+03
5.760394525088754563e+03
5.766683188919337226e+03
5.772971800451357012e+03
5.779260413636105113e+03
5.785549078840891525e+03
5.791837749208905734e+03
5.798126368797481518e+03
5.804414975411972591e+03
5.810703632836326506e+03
5.816992307677339340e+03
5.823280936487536565e+03
5.829569539096811241e+03
5.835858187370173255e+03
5.842146864570119760e+03
5.848435503206425892e+03
5.854724104406965125e+03
5.861012742929843625e+03
5.867301420223186142e+03
5.873590068537491788e+03
5.879878671208988635e+03
5.886167299761753384e+03
5.892455974693576536e+03
5.898744632140655995e+03
5.905033238921159864e+03
5.911321858408557091e+03
5.917610528682514087e+03
5.923899193941358135e+03
5.930187807042721033e+03
5.936476418714909414e+03
5.942765082401316249e+03
5.949053753940366732e+03
5.955342375217775952e+03
5.961630980868862025e+03
5.967919636464668656e+03
5.974208312018544348e+03
5.980496942848330946e+03
5.986785544906701034e+03
5.993074191223260641e+03
5.999362868620798508e+03
6.005651509235990488e+03
6.011940110516430650e+03
6.018228747057058172e+03
6.024517423951738238e+03
6.030806074264422023e+03
6.037094677486938053e+03
6.043383304189988849e+03
6.049671978410957308e+03
6.055960637474168834e+03
6.062249245379955937e+03
6.068537863068210754e+03
6.074826532169935490e+03
6.081115198823612445e+03
6.087403813547820391e+03
6.093692423798670461e+03
6.099981085984459241e+03
6.106269758457615353e+03
6.112558381547799399e+03
6.118846986314578317e+03
6.125135640029111528e+03
6.131424316257171995e+03
6.137712948968008277e+03
6.144001550635864078e+03
6.150290195020996180e+03
6.156578872493301787e+03
6.162867515070585796e+03
6.169156116527461563e+03
6.175444751071686369e+03
6.181733427568176921e+03
6.188022079720529291e+03
6.194310683611743116e+03
6.200599308543475672e+03
6.206887981821224457e+03
6.213176642575861479e+03
6.219465251674593674e+03
6.225753867680129588e+03
6.232042535609001789e+03
6.238331203541182731e+03
6.244619819862030454e+03
6.250908428779447604e+03
6.257197089376202712e+03
6.263485762691556374e+03
6.269774387740491875e+03
6.276062991667082315e+03
6.282351643557008174e+03
6.288640320236429034e+03
