0.000000000000000000e+00
6.288591320826000697e+00
1.257727269584532692e+01
1.886596266914200726e+01
2.515456553932752826e+01
3.144314666368780564e+01
3.773181629547978133e+01
4.402050996086933310e+01
5.030912221801906270e+01
5.659769794001172727e+01
6.288635842352591965e+01
6.917505838474909297e+01
7.546368556778733705e+01
8.175225732734314477e+01
8.804090511924216855e+01
9.432960486060648009e+01
1.006182428855791642e+02
1.069068124220963227e+02
1.131954479742131099e+02
1.194841487182432473e+02
1.257728003803817529e+02
1.320613735317735120e+02
1.383499965379762671e+02
1.446386948601857512e+02
1.509273579213690653e+02
1.572159334700640159e+02
1.635045436067988760e+02
1.697932360572371806e+02
1.760819092286839123e+02
1.823704933908667556e+02
1.886590930962107677e+02
1.949477812531265499e+02
2.012364645874255871e+02
2.075250581861562864e+02
2.138136456285440943e+02
2.201023233902368759e+02
2.263910124493902174e+02
2.326796153470490651e+02
2.389681967364520006e+02
2.452568665647420119e+02
2.515455636065025828e+02
2.578341804652110341e+02
2.641227546118154805e+02
2.704114117364501908e+02
2.767001098078517316e+02
2.829887371059342058e+02
2.892773079025367338e+02
2.955659543067523032e+02
3.018546561594575905e+02
3.081432982714957802e+02
3.144318691286784997e+02
3.207205025012304986e+02
3.270092022776662475e+02
3.332978546653801573e+02
3.395864269721051301e+02
3.458750472823617201e+02
3.521637447477185674e+02
3.584524100038775032e+02
3.647409886408183866e+02
3.710295973146757547e+02
3.773182904836169200e+02
3.836069660451876757e+02
3.898955502702787044e+02
3.961841470862607935e+02
4.024728317368192165e+02
4.087615151948906487e+02
4.150501102872636920e+02
4.213386979801196617e+02
4.276273765257533341e+02
4.339160688656692173e+02
4.402046750642721804e+02
4.464932537801154240e+02
4.527819198189152416e+02
4.590706153796399462e+02
4.653592322657777345e+02
4.716478065518753056e+02
4.779364631883814809e+02
4.842251644320417086e+02
4.905137962311931119e+02
4.968023666094406963e+02
5.030910103078253428e+02
5.093797101353667358e+02
5.156683521245819293e+02
5.219569226738962016e+02
5.282455539142946463e+02
5.345342547770950432e+02
5.408229112139441668e+02
5.471114850553373117e+02
5.534001038765966314e+02
5.596888006807957936e+02
5.659774669039147739e+02
5.722660449179544457e+02
5.785546512558589711e+02
5.848433424951449524e+02
5.911320197076578324e+02
5.974206071912562948e+02
6.037092027216548331e+02
6.099978881399981674e+02
6.162865741478833570e+02
6.225751704586405140e+02
6.288637554840308894e+02
6.351524301299195940e+02
6.414411219622768385e+02
6.477297301677118639e+02
6.540183084072831434e+02
6.603069749113388980e+02
6.665956736291425386e+02
6.728842942484936884e+02
6.791728671787321900e+02
6.854615197172298622e+02
6.917502189072994270e+02
6.980388512613570811e+02
7.043274218805811415e+02
7.106160639167188720e+02
7.169047663906305843e+02
7.231934132936714832e+02
7.294819840399743498e+02
7.357706129013619147e+02
7.420593115744715078e+02
7.483479677318371159e+02
7.546365423636337937e+02
7.609251580950208336e+02
7.672138549498023394e+02
7.735025250355790831e+02
7.797911056356646213e+02
7.860797101678596164e+02
7.923684006129936961e+02
7.986570789857709087e+02
8.049456666485016285e+02
8.112342597910196673e+02
8.175229421853161966e+02
8.238116295282266037e+02
8.301002290315416303e+02
8.363888131248802438e+02
8.426774879107337028e+02
8.489661821334084379e+02
8.552547922164015972e+02
8.615433687812260359e+02
8.678320306562964106e+02
8.741207282443830309e+02
8.804093512419932495e+02
8.866979234164026593e+02
8.929865759372679577e+02
8.992752779462534818e+02
9.055639140037509378e+02
9.118524843379133245e+02
9.181411224113593335e+02
9.244298221725769054e+02
9.307184697626559000e+02
9.370070411787947933e+02
9.432956677572548188e+02
9.495843682156449859e+02
9.558730296439721315e+02
9.621616050491912802e+02
9.684502185442834161e+02
9.747389127371652648e+02
9.810275825683395396e+02
9.873161643399148488e+02
9.936047656720789973e+02
9.998934553869162301e+02
1.006182137388190199e+03
1.012470728328124892e+03
1.018759319925169621e+03
1.025048000978081745e+03
1.031336689015746515e+03
1.037625290053839763e+03
1.043913871390488794e+03
1.050202542693067244e+03
1.056491237751788731e+03
1.062779851368723030e+03
1.069068427186728286e+03
1.075357088869646532e+03
1.081645788418527673e+03
1.087934413404693032e+03
1.094222985314851030e+03
1.100511632544898248e+03
1.106800332719634298e+03
1.113088971127345303e+03
1.119377541268549749e+03
1.125666178771153454e+03
1.131954880815429760e+03
1.138243532049325722e+03
1.144532104193105170e+03
1.150820726995717905e+03
1.157109424215108447e+03
1.163398085594715667e+03
1.169686662014319836e+03
1.175975273490590325e+03
1.182263968800455814e+03
1.188552643172936541e+03
1.194841226903617780e+03
1.201129826401340324e+03
1.207418513122093145e+03
1.213707194446242283e+03
1.219995786400637598e+03
1.226284375310345240e+03
1.232573055224252130e+03
1.238861746278720830e+03
1.245150350072043238e+03
1.251438931426362842e+03
1.257727601037167005e+03
1.264016296228630836e+03
1.270304911542325272e+03
1.276593485145966497e+03
1.282882143255125129e+03
1.289170842860137782e+03
1.295459471197636049e+03
1.301748042680671006e+03
1.308036690016521334e+03
1.314325391757003899e+03
1.320614032239861444e+03
1.326902602657588204e+03
1.333191235292988722e+03
1.339479934736075847e+03
1.345768587687139188e+03
1.352057159997868212e+03
1.358345782356092741e+03
1.364634481314505592e+03
1.370923146468881214e+03
1.377211724734135259e+03
1.383500332396999283e+03
1.389789024231516350e+03
1.396077698007525896e+03
1.402366282566547397e+03
1.408654880348270581e+03
1.414943567601191944e+03
1.421232252823909903e+03
1.427520847858475690e+03
1.433809435509820787e+03
1.440098112251654356e+03
1.446386802200941247e+03
1.452675407265236117e+03
1.458963985841700605e+03
1.465252653987232634e+03
1.471541351249293484e+03
1.477829969242880452e+03
1.484118543767720439e+03
1.490407200333828314e+03
1.496695899957192978e+03
1.502984529651684625e+03
1.509273099948953814e+03
1.515561743434059053e+03
1.521850444246997768e+03
1.528139087246148392e+03
1.534427658262058912e+03
1.540716290775883181e+03
1.547004991612094045e+03
1.553293646996623465e+03
1.559582219977057093e+03
1.565870837949016504e+03
1.572159533735369223e+03
1.578448199576535899e+03
1.584736777986768175e+03
1.591025385781294744e+03
1.597314078789302357e+03
1.603602756165139226e+03
1.609891343605017028e+03
1.616179938060882023e+03
1.622468621730991117e+03
1.628757305936021794e+03
1.635045900990587370e+03
1.641334487484144347e+03
1.647623164276001489e+03
1.653911857672287397e+03
1.660200466015040547e+03
1.666489044546613059e+03
1.672777709748741472e+03
1.679066405758575229e+03
1.685355025158486342e+03
1.691643596993215397e+03
1.697932251674784311e+03
1.704220952348914579e+03
1.710509585149753320e+03
1.716798156588445181e+03
1.723086798822444734e+03
1.729375499926527937e+03
1.735664144739215317e+03
1.741952714838371321e+03
1.748241343525440016e+03
1.754530042542010733e+03
1.760818699663459483e+03
1.767107274110905109e+03
1.773395891719093697e+03
1.779684588833758426e+03
1.785973257628407509e+03
1.792261837757501326e+03
1.798550441193994175e+03
1.804839130791664047e+03
1.811127808091277984e+03
1.817416395728103453e+03
1.823704990342838983e+03
1.829993674738617528e+03
1.836282362402186436e+03
1.842570961407729101e+03
1.848859545315230662e+03
1.855148218544557949e+03
1.861436910653087125e+03
1.867725519058716600e+03
1.874014096495599688e+03
1.880302760941702218e+03
1.886591459874262227e+03
1.892880082718131462e+03
1.899168655398592591e+03
1.905457307544985042e+03
1.911746007305193871e+03
1.918034641090278456e+03
1.924323210886032939e+03
1.930611850622010479e+03
1.936900551871209927e+03
1.943189199456286360e+03
1.949477771571945368e+03
1.955766398949551558e+03
1.962055098543959502e+03
1.968343757980579539e+03
1.974632331543571127e+03
1.980920945996360388e+03
1.987209640409276517e+03
1.993498310279069983e+03
1.999786891815421995e+03
2.006075495205071093e+03
2.012364185922073602e+03
2.018652866537128375e+03
2.024941456690357882e+03
2.031230047496789211e+03
2.037518728357558757e+03
2.043807415426529587e+03
2.050096014693904635e+03
2.056384598472565813e+03
2.062673271859331180e+03
2.068961967387437198e+03
2.075250580179594635e+03
2.081539155877211670e+03
2.087827817060343477e+03
2.094116514428766550e+03
2.100405137779856886e+03
2.106693709435209712e+03
2.112982359846047075e+03
2.119271061618049771e+03
2.125559699551175072e+03
2.131848270155755017e+03
2.138136907855343907e+03
2.144425608389393346e+03
2.150714256922127788e+03
2.157002828135311574e+03
2.163291452756104718e+03
2.169580151561631283e+03
2.175868813262370622e+03
2.182157389842423072e+03
2.188446002539916208e+03
2.194734697700284869e+03
2.201023370086209070e+03
2.207311951754071288e+03
2.213600552084580158e+03
2.219889239446076317e+03
2.226177920437316970e+03
2.232466512252130542e+03
2.238755102893347157e+03
2.245043784496505396e+03
2.251332474831787749e+03
2.257621077127626904e+03
2.263909658328511796e+03
2.270198327810862338e+03
2.276487022073406024e+03
2.282775635380422045e+03
2.289064210992134576e+03
2.295352871465994667e+03
2.301641572018063471e+03
2.307930199794376676e+03
2.314218770688301902e+03
2.320507418278561090e+03
2.326796118199329158e+03
2.333084756229405684e+03
2.339373326744082078e+03
2.345661961942505968e+03
2.351950663573467864e+03
2.358239316506206706e+03
2.364527889043371033e+03
2.370816511687152797e+03
2.377105209639586974e+03
2.383393872572143664e+03
2.389682448561252386e+03
2.395971058591575911e+03
2.402259751875866186e+03
2.408548426484561787e+03
2.414837011420499493e+03
2.421125610061949828e+03
2.427414297724388689e+03
2.433702981236305732e+03
2.439991574440242402e+03
2.446280162062297222e+03
2.452568839607477003e+03
2.458857529906222226e+03
2.465146134877180430e+03
2.471434715032148688e+03
2.477723384682945380e+03
2.484012082102984095e+03
2.490300698919870229e+03
2.496589272972456001e+03
2.502877928950707883e+03
2.509166627614058598e+03
2.515455256540150003e+03
2.521743827567528115e+03
2.528032473392617703e+03
2.534321175940566263e+03
2.540609819158287792e+03
2.546898389443318592e+03
2.553187021714308230e+03
2.559475721007672746e+03
2.565764373871458702e+03
2.572052947302041048e+03
2.578341566771530324e+03
2.584630265075036277e+03
2.590918932347629379e+03
2.597207510861518585e+03
2.603496118646602554e+03
2.609784810579463283e+03
2.616073486049242547e+03
2.622362071443234527e+03
2.628650667279771824e+03
2.634939352334909927e+03
2.641228037782793763e+03
2.647516634286709632e+03
2.653805220827897301e+03
2.660093898170925968e+03
2.666382590532743052e+03
2.672671197011996810e+03
2.678959775518383140e+03
2.685248440477081203e+03
2.691537137172850180e+03
2.697825756821380764e+03
2.704114330039370998e+03
2.710402985990979232e+03
2.716691687388925402e+03
2.722980319627392873e+03
2.729268890026267400e+03
2.735557531703740551e+03
2.741846231600943156e+03
2.748134875585955342e+03
2.754423446411349232e+03
2.760712076912769135e+03
2.767000778188813456e+03
2.773289436058006231e+03
2.779578010008598540e+03
2.785866627019357111e+03
2.792155322486555178e+03
2.798443989266594599e+03
2.804732568721221469e+03
2.811021173649998673e+03
2.817309865450002235e+03
2.823598544802652668e+03
2.829887132907141677e+03
2.836175727451484818e+03
2.842464410798465451e+03
2.848753096357572758e+03
2.855041694239429034e+03
2.861330277874988951e+03
2.867618952362152413e+03
2.873907645873350248e+03
2.880196255744928749e+03
2.886484833438178612e+03
2.892773498411364471e+03
2.899062196761147788e+03
2.905350817763852774e+03
2.911639390550827557e+03
2.917928041583859340e+03
2.924216741315955915e+03
2.930505375854907470e+03
2.936793946091352154e+03
2.943082587603549655e+03
2.949371289862310277e+03
2.955659937112941861e+03
2.961948508573291747e+03
2.968237135060670425e+03
2.974525833235250502e+03
2.980814491070089844e+03
2.987103065794098256e+03
2.993391681226049968e+03
2.999680378148822001e+03
3.005969049276533951e+03
3.012257630563350631e+03
3.018546233559374741e+03
3.024834922409548199e+03
3.031123600862178591e+03
3.037412189755240433e+03
3.043700781751039358e+03
3.049989464496413802e+03
3.056278153287255009e+03
3.062566753465677721e+03
3.068855337297434289e+03
3.075144010120390249e+03
3.081432703583854163e+03
3.087721314849849477e+03
3.094009890293792068e+03
3.100298552012189703e+03
3.106587250652674356e+03
3.112875874853114510e+03
3.119164447255672712e+03
3.125453098485138980e+03
3.131741799838843690e+03
3.138030436315584211e+03
3.144319006378837003e+03
3.150607643224214826e+03
3.156896342970996102e+03
3.163184991933845595e+03
3.169473563263639790e+03
3.175762189771777685e+03
3.182050889837577870e+03
3.188339551238698277e+03
3.194628127740072614e+03
3.200916739145091469e+03
3.207205432708607077e+03
3.213494103312167226e+03
3.219782685003035112e+03
3.226071286559513283e+03
3.232359976212052970e+03
3.238648658601750867e+03
3.244937250338119611e+03
3.251225841063037478e+03
3.257514520781579904e+03
3.263803208441669085e+03
3.270091809911308246e+03
3.276380390785429427e+03
3.282669062382261927e+03
3.288957758103241304e+03
3.295246372003570286e+03
3.301534948158825500e+03
3.307823608499002148e+03
3.314112307281818175e+03
3.320400932813170130e+03
3.326689503755068017e+03
3.332978151313466242e+03
3.339266851943786151e+03
3.345555490740491678e+03
3.351844061518435865e+03
3.358132698290774442e+03
3.364421399725713400e+03
3.370710051179583388e+03
3.376998622948186494e+03
3.383287245064059334e+03
3.389575942193234368e+03
3.395864604389541910e+03
3.402153180797395180e+03
3.408441792529974009e+03
3.414730487494651697e+03
3.421019161696495303e+03
3.427307746281599520e+03
3.433596344348343337e+03
3.439885030514776190e+03
3.446173712257726947e+03
3.452462303982617414e+03
3.458750893401784197e+03
3.465039573322291744e+03
3.471328264659852721e+03
3.477616869213682094e+03
3.483905449896801656e+03
3.490194118721488394e+03
3.496482813457819248e+03
3.502771428807950997e+03
3.509060002293565049e+03
3.515348660718840620e+03
3.521637360837491997e+03
3.527925989557767480e+03
3.534214561479146141e+03
3.540503207733758700e+03
3.546791908837547908e+03
3.553080549806355521e+03
3.559369119230066190e+03
3.565657752256958702e+03
3.571946452086440331e+03
3.578235105426363134e+03
3.584523678562931764e+03
3.590812300222181420e+03
3.597100998821908888e+03
3.603389664161798009e+03
3.609678242137099460e+03
3.615966849342457863e+03
3.622255541137190448e+03
3.628544215657550922e+03
3.634832800582292293e+03
3.641121398506318656e+03
3.647410085503884147e+03
3.653698770799835074e+03
3.659987366362014200e+03
3.666275952983054140e+03
3.672564629310164491e+03
3.678853319708501658e+03
3.685141924736225519e+03
3.691430504159803149e+03
3.697719172038676334e+03
3.704007869911336911e+03
3.710296489044632381e+03
3.716585062726784145e+03
3.722873718465085858e+03
3.729162417744922550e+03
3.735451047566888974e+03
3.741739617934243597e+03
3.748028261541108350e+03
3.754316963164900244e+03
3.760605607162480283e+03
3.766894178626748726e+03
3.773182809897727566e+03
3.779471510223376299e+03
3.785760166141290938e+03
3.792048738240988769e+03
3.798337356499303496e+03
3.804626052637781868e+03
3.810914719574853734e+03
3.817203299177139343e+03
3.823491905876175224e+03
3.829780598560359067e+03
3.836069276455168620e+03
3.842357863593108959e+03
3.848646457608953369e+03
3.854935140907510231e+03
3.861223826021057448e+03
3.867512422402648099e+03
3.873801008514013574e+03
3.880089684947108708e+03
3.886378378886874998e+03
3.892666988091874373e+03
3.898955565367187319e+03
3.905244229865164925e+03
3.911532926342540577e+03
3.917821546068335010e+03
3.924110119088009924e+03
3.930398772979187015e+03
3.936687474619703607e+03
3.942976109206264482e+03
3.949264679737986626e+03
3.955553320750192597e+03
3.961842021317297167e+03
3.968130666510199717e+03
3.974419237051657547e+03
3.980707865351545479e+03
3.986996565315756470e+03
3.993285224283759817e+03
3.999573799419521492e+03
4.005862415333722765e+03
4.012151111602953733e+03
4.018439780980036176e+03
4.024728360791756131e+03
4.031016963976337593e+03
4.037305653555231856e+03
4.043594332715078508e+03
4.049882922402783606e+03
4.056171515420778633e+03
4.062460199104869389e+03
4.068748887421801101e+03
4.075037486395191081e+03
4.081326069851928423e+03
4.087614741800272895e+03
4.093903434866947009e+03
4.100192045506619252e+03
4.106480622505307110e+03
4.112769286119118078e+03
4.119057985864935290e+03
4.125346610184927158e+03
4.131635181716408624e+03
4.137923832186546861e+03
4.144212531811703229e+03
4.150501166440149973e+03
4.156789737299749504e+03
4.163078375897979640e+03
4.169367078087972004e+03
4.175655728075533261e+03
4.181944299624400628e+03
4.188232925429483657e+03
4.194521623799778354e+03
4.200810283542828074e+03
4.207098858179737363e+03
4.213387471454951992e+03
4.219676166529114198e+03
4.225964838717402927e+03
4.232253421545237870e+03
4.238542023095137665e+03
4.244830712400337688e+03
4.251119393277343988e+03
4.257407983670495923e+03
4.263696573974355488e+03
4.269985254018200067e+03
4.276273942727738358e+03
4.282562544810559302e+03
4.288851126997636129e+03
4.295139799355537434e+03
4.301428495216164265e+03
4.307717108403340717e+03
4.314005683734412742e+03
4.320294342902744575e+03
4.326583040778782561e+03
4.332871666430803089e+03
4.339160238104122982e+03
4.345448887490999368e+03
4.351737589827801457e+03
4.358026229349949972e+03
4.364314799576306541e+03
4.370603434942863714e+03
4.376892134493698904e+03
4.383180783875286579e+03
4.389469356336356213e+03
4.395757979576050275e+03
4.402046678976545081e+03
4.408335343078489132e+03
4.414623919757201293e+03
4.420912531016047069e+03
4.427201224162969993e+03
4.433489896354891243e+03
4.439778479674975642e+03
4.446067078399335514e+03
4.452355765852775221e+03
4.458644448999739325e+03
4.464933042459293574e+03
4.471221631784103010e+03
4.477510311584858755e+03
4.483799001779596438e+03
4.490087604416728936e+03
4.496376185236867059e+03
4.502664853252398643e+03
4.508953548470084570e+03
4.515242164474517267e+03
4.521530739111254661e+03
4.527819398588167132e+03
4.534108099042456161e+03
4.540396727407834987e+03
4.546685298217763375e+03
4.552973943451716877e+03
4.559262643122296140e+03
4.565551283270900058e+03
4.571839853870125808e+03
4.578128488287590699e+03
4.584417190054286039e+03
4.590705844177064137e+03
4.596994416973085208e+03
4.603283037588357729e+03
4.609571733997721822e+03
4.615860397202144668e+03
4.622148974422590072e+03
4.628437583261768850e+03
4.634726276884680374e+03
4.641014953016333493e+03
4.647303538292402664e+03
4.653592136336700605e+03
4.659880821956554428e+03
4.666169504670038805e+03
4.672458099219921678e+03
4.678746685599019656e+03
4.685035363031940506e+03
4.691324054555110706e+03
4.697612660597123067e+03
4.703901240536407386e+03
4.710189908780090263e+03
4.716478605583067292e+03
4.722767222557474270e+03
4.729055796376306716e+03
4.735344451213619323e+03
4.741633149989663252e+03
4.747921780469443547e+03
4.754210351187833112e+03
4.760498996662713580e+03
4.766787698782976804e+03
4.773076341935064193e+03
4.779364913013832847e+03
4.785653543147108394e+03
4.791942241828645820e+03
4.798230895669348683e+03
4.804519469008878332e+03
4.810808088507676075e+03
4.817096786699819859e+03
4.823385454218989253e+03
4.829674033299272196e+03
4.835962640079675111e+03
4.842251330591147962e+03
4.848540005817930250e+03
4.854828591846423478e+03
4.861117187075426045e+03
4.867405872413907673e+03
4.873694558629737003e+03
4.879983155322934181e+03
4.886271741892561295e+03
4.892560417656037316e+03
4.898849109102371585e+03
4.905137716292426376e+03
4.911426293817108672e+03
4.917714958948598905e+03
4.924003656280913674e+03
4.930292276424220290e+03
4.936580850060587181e+03
4.942869504998676348e+03
4.949158205583110430e+03
4.955446838212954390e+03
4.961735408201970131e+03
4.968024048915155618e+03
4.974312748741060204e+03
4.980601393792422641e+03
4.986889964539116590e+03
4.993178595013369886e+03
4.999467295831605043e+03
5.005755953474927082e+03
5.012044528553816235e+03
5.018333143499167818e+03
5.024621838367780583e+03
5.030910505819890204e+03
5.037199084982065870e+03
5.043487690317187116e+03
5.049776382083580756e+03
5.056065061522831456e+03
5.062353650264860335e+03
5.068642244094962734e+03
5.074930926456114321e+03
5.081219611655295012e+03
5.087508209685729526e+03
5.093796793112491287e+03
5.100085467901501033e+03
5.106374161929973525e+03
5.112662771938305923e+03
5.118951349921710971e+03
5.125240013766680931e+03
5.131528711403661873e+03
5.137817332940389861e+03
5.144105904705885223e+03
5.150394556207202186e+03
5.156683256462318241e+03
5.162971891164319459e+03
5.169260462030365488e+03
5.175549102887420304e+03
5.181837804620040515e+03
5.188126452099545531e+03
5.194415023026531344e+03
5.200703649136285094e+03
5.206992347342098583e+03
5.213281005956122499e+03
5.219569580685586516e+03
5.225858196302816395e+03
5.232146892905171626e+03
5.238435563869551515e+03
5.244724145870518441e+03
5.251012747505566949e+03
5.257301435820291772e+03
5.263590114918852123e+03
5.269878703652940203e+03
5.276167296093138248e+03
5.282455978885886907e+03
5.288744667992717041e+03
5.295033268965454226e+03
5.301321851947147479e+03
5.307610524052289293e+03
5.313899217287410465e+03
5.320187828589541823e+03
5.326476404002040908e+03
5.332765065995045916e+03
5.339053765333869706e+03
5.345342390076592892e+03
5.351630962719627860e+03
5.357919612849494115e+03
5.364208313664671550e+03
5.370496950807450048e+03
5.376785519803142961e+03
5.383074157032963740e+03
5.389362857446205453e+03
5.395651506977516874e+03
5.401940079132423307e+03
5.408228704780917724e+03
5.414517404563305718e+03
5.420806066351175105e+03
5.427094642378580829e+03
5.433383253430733930e+03
5.439671947067036854e+03
5.445960618597914618e+03
5.452249200875949100e+03
5.458537802312887834e+03
5.464826491756711221e+03
5.471115174410074360e+03
5.477403766676958185e+03
5.483692356221150476e+03
5.489981035543220059e+03
5.496269723899352357e+03
5.502558325406403128e+03
5.508846907093387927e+03
5.515135578420670754e+03
5.521424274885460363e+03
5.527712890076108124e+03
5.534001465134514547e+03
5.540290124541695150e+03
5.546578823142383953e+03
5.552867448882350800e+03
5.559156019943738102e+03
5.565444667518862843e+03
5.571733369182875322e+03
5.578022009400940988e+03
5.584310580444578591e+03
5.590599215663344694e+03
5.596887916498610139e+03
5.603176568654866969e+03
5.609465139620991067e+03
5.615753761738473258e+03
5.622042459309502192e+03
5.628331122919371410e+03
5.634619700598569580e+03
5.640908310943964352e+03
5.647197005506995083e+03
5.653485680383732870e+03
5.659774264550740554e+03
5.666062862137171578e+03
5.672351547832061442e+03
5.678640230526286359e+03
5.684928823877993636e+03
5.691217412720938228e+03
5.697506092132401136e+03
5.703794784157556023e+03
5.710083389666823678e+03
5.716371968889325217e+03
5.722660636743862597e+03
5.728949331926203740e+03
5.735237947662331862e+03
5.741526522125657721e+03
5.747815179742077817e+03
5.754103880778252460e+03
5.760392511409519102e+03
5.766681082246691403e+03
5.772969727126176622e+03
5.779258427617342932e+03
5.785547068942999431e+03
5.791835638890592236e+03
5.798124271280284120e+03
5.804412972019234985e+03
5.810701627360983366e+03
5.816990201082393469e+03
5.823278820890091083e+03
5.829567518442803703e+03
5.835856184290656529e+03
5.842144762076265579e+03
5.848433368825818434e+03
5.854722060480636173e+03
5.861010736748919044e+03
5.867299323583891237e+03
5.873587919872355997e+03
5.879876606057022400e+03
5.886165291890588378e+03
5.892453887282976211e+03
5.898742473494022306e+03
5.905031148499547271e+03
5.911319839677448726e+03
5.917608446654716317e+03
5.923897025597738320e+03
5.930185692792972986e+03
5.936474391296216709e+03
5.942763011498474043e+03
5.949051584114680736e+03
5.955340238308663174e+03
5.961628937379763556e+03
5.967917567789525492e+03
5.974206139012292624e+03
5.980494781674222395e+03
5.986783483992522633e+03
5.993072129998034143e+03
5.999360700786013695e+03
6.005649330696707693e+03
6.011938029775435098e+03
6.018226685665196783e+03
6.024515258822950273e+03
6.030803876019975178e+03
6.037092572627057052e+03
6.043381241347037758e+03
6.049669821721900007e+03
6.055958427072853738e+03
6.062247118499327371e+03
6.068535796372035293e+03
6.074824383547457728e+03
6.081112977279514780e+03
6.087401659963284146e+03
6.093690346194167432e+03
6.099978944639830843e+03
6.106267529531470245e+03
6.112556205158298326e+03
6.118844899163156697e+03
6.125133508366419846e+03
6.131422085457203139e+03
6.137710748321215760e+03
6.143999444975096594e+03
6.150288066531204095e+03
6.156576639205718493e+03
6.162865292584976487e+03
6.169153994471147598e+03
6.175442629754222253e+03
6.181731200140737201e+03
6.188019839410164423e+03
6.194308539182955428e+03
6.200597184713149545e+03
6.206885756192947156e+03
6.213174383603916795e+03
6.219463083946006918e+03
6.225751744332170347e+03
6.232040319244902093e+03
6.238328934441019555e+03
6.244617629118073637e+03
6.250906297831559641e+03
6.257194878876252915e+03
6.263483481026329173e+03
6.269772170819146595e+03
6.276060851115987134e+03
6.282349441315685908e+03
6.288638033890183578e+03
