0.000000000000000000e+00
6.288594073714667942e+00
1.257727696099689219e+01
1.886596843628462494e+01
2.515457357957699358e+01
3.144315718896620027e+01
3.773183072872907218e+01
4.402052863801602456e+01
5.030914566006816813e+01
5.659772340460528284e+01
6.288638489091110984e+01
6.917508704649564777e+01
7.546371719294826619e+01
8.175229136928913931e+01
8.804093998840977520e+01
9.432964354793969619e+01
1.006182878909032326e+02
1.069068601915148946e+02
1.131954963059317976e+02
1.194841991320171815e+02
1.257728553197338783e+02
1.320614317568010279e+02
1.383500534006592488e+02
1.446387533797330036e+02
1.509274223216123971e+02
1.572160030863432496e+02
1.635046130022728903e+02
1.697933072312025047e+02
1.760819868291310115e+02
1.823705763791791128e+02
1.886591740999114677e+02
1.949478609527020296e+02
2.012365493596781789e+02
2.075251499327420106e+02
2.138137369599596127e+02
2.201024145289960359e+02
2.263911104531107696e+02
2.326797217643446913e+02
2.389683023989254025e+02
2.452569683105751324e+02
2.515456688208618345e+02
2.578342943220809502e+02
2.641228684804731301e+02
2.704115231250930265e+02
2.767002263513619482e+02
2.829888644819433807e+02
2.892774378464483220e+02
2.955660787575616837e+02
3.018547824600352669e+02
3.081434338498617080e+02
3.144320084050156083e+02
3.207206359642374309e+02
3.270093372944145926e+02
3.332980017099592942e+02
3.395865796711875078e+02
3.458751947839566014e+02
3.521638915069515861e+02
3.584525663585464486e+02
3.647411529323739501e+02
3.710297545136982649e+02
3.773184450011508488e+02
3.836071302082215198e+02
3.898957249743800162e+02
3.961843171671645223e+02
4.024729984831903948e+02
4.087616914725747961e+02
4.150502984358628282e+02
4.213388811710859727e+02
4.276275524664052341e+02
4.339162512137920089e+02
4.402048711561081973e+02
4.464934473843472347e+02
4.527821068863306095e+02
4.590708095065588168e+02
4.653594417903635190e+02
4.716480159380155328e+02
4.779366619678384609e+02
4.842253656465871359e+02
4.905140122332284136e+02
4.968025847141665281e+02
5.030912185946974091e+02
5.093799210330921596e+02
5.156685796337851571e+02
5.219571565844745464e+02
5.282457762459629294e+02
5.345344754817367630e+02
5.408231461784629346e+02
5.471117287674466070e+02
5.534003360984823985e+02
5.596890292959715225e+02
5.659777108066217579e+02
5.722663015129551241e+02
5.785548977845091940e+02
5.848435829453256929e+02
5.911322725828243847e+02
5.974208751881358239e+02
6.037094604908058955e+02
6.099981364855395896e+02
6.162868332595670608e+02
6.225754467271618751e+02
6.288640263090367171e+02
6.351526903518786185e+02
6.414413915915315556e+02
6.477300190059770557e+02
6.540185930764057503e+02
6.603072454069882724e+02
6.665959487896828932e+02
6.728845896106911368e+02
6.791731624235849267e+02
6.854618013795471825e+02
6.917505047861011462e+02
6.980391581184406959e+02
7.043277335935969177e+02
7.106163584863909364e+02
7.169050592929058894e+02
7.231937256830943852e+02
7.294823044642656669e+02
7.357709175761788174e+02
7.420596132307839525e+02
7.483482899601801819e+02
7.546368778337189269e+02
7.609254776849428481e+02
7.672141668572791104e+02
7.735028533782552813e+02
7.797914505102240810e+02
7.860800406068294706e+02
7.923687203788963416e+02
7.986574147295310695e+02
8.049460234284415492e+02
8.112346053530854988e+02
8.175232743205933730e+02
8.238119737908951947e+02
8.301005962206163531e+02
8.363891712412493007e+02
8.426778288261191392e+02
8.489665316946982330e+02
8.552551661811652366e+02
8.615437401223665574e+02
8.678323838915609940e+02
8.741210876273772783e+02
8.804097362492814227e+02
8.866983094115441872e+02
8.929869408226576297e+02
8.992756428005374119e+02
9.055643039374817818e+02
9.118528812828197943e+02
9.181414990025964471e+02
9.244301972231914988e+02
9.307188696946054733e+02
9.370074542033129319e+02
9.432960587661611953e+02
9.495847508153697163e+02
9.558734340431926739e+02
9.621620262171741160e+02
9.684506208369674596e+02
9.747393042343444449e+02
9.810279952449558323e+02
9.873165998369094041e+02
9.936051837721673792e+02
9.998938579129224991e+02
1.006182555556332204e+03
1.012471171737652185e+03
1.018759749934499496e+03
1.025048411986518886e+03
1.031337113959837552e+03
1.037625743503242347e+03
1.043914317673309597e+03
1.050202967111409635e+03
1.056491670636331492e+03
1.062780314239898189e+03
1.069068886589853037e+03
1.075357523360106370e+03
1.081646226320467804e+03
1.087934881830454515e+03
1.094223458079288775e+03
1.100512080410401268e+03
1.106800780597165158e+03
1.113089448950127462e+03
1.119378029179156783e+03
1.125666639909990408e+03
1.131955334469046193e+03
1.138244013381921150e+03
1.144532602541652977e+03
1.150821200759419298e+03
1.157109888200141768e+03
1.163398576161845540e+03
1.169687175987050750e+03
1.175975763680629598e+03
1.182264441730255612e+03
1.188553137337321687e+03
1.194841748025922698e+03
1.201130328973615633e+03
1.207418995516899031e+03
1.213707695765016979e+03
1.219996320612602176e+03
1.226284894867770163e+03
1.232573550194810196e+03
1.238862253334499883e+03
1.245150890616027937e+03
1.251439464144815474e+03
1.257728105642470382e+03
1.264016809356444355e+03
1.270305460169005073e+03
1.276594034429869225e+03
1.282882662802942605e+03
1.289171364262073894e+03
1.295460028060792638e+03
1.301748605857512757e+03
1.308037221508835273e+03
1.314325918536698055e+03
1.320614592881773660e+03
1.326903179059143440e+03
1.333191781187664219e+03
1.339480471999238034e+03
1.345769156806388764e+03
1.352057750985528855e+03
1.358346343709735493e+03
1.364635025438685716e+03
1.370923718013520556e+03
1.377212324502209640e+03
1.383500907453799528e+03
1.389789579359260188e+03
1.396078277880873429e+03
1.402366897128251367e+03
1.408655473725464390e+03
1.414944133717687464e+03
1.421232836226276959e+03
1.427521467997019272e+03
1.433810042175482749e+03
1.440098688790160395e+03
1.446387392424658628e+03
1.452676038491666304e+03
1.458964610887952176e+03
1.465253245314490414e+03
1.471541947834403345e+03
1.477830605840543740e+03
1.484119182692975301e+03
1.490407802823181328e+03
1.496696502252526898e+03
1.502985172534939238e+03
1.509273754707762237e+03
1.515562362635660975e+03
1.521851056058900213e+03
1.528139737166314262e+03
1.534428327652364715e+03
1.540716924225221192e+03
1.547005609723708403e+03
1.553294299102016112e+03
1.559582901316957077e+03
1.565871486953408521e+03
1.572160163286749139e+03
1.578448859898107457e+03
1.584737472892927599e+03
1.591026052714888465e+03
1.597314717125619154e+03
1.603603418219826153e+03
1.609892045280406137e+03
1.616180619369085662e+03
1.622469272172829506e+03
1.628757975533681929e+03
1.635046615832040970e+03
1.641335188769973229e+03
1.647623828115747756e+03
1.653912531595684186e+03
1.660201184531298850e+03
1.666489759845750768e+03
1.672778385265055931e+03
1.679067086182340745e+03
1.685355752205711951e+03
1.691644330797218117e+03
1.697932944339744608e+03
1.704221640200142019e+03
1.710510316541212660e+03
1.716798904176029055e+03
1.723087504355248711e+03
1.729376193800520923e+03
1.735664880078256374e+03
1.741953476723103449e+03
1.748242067267510038e+03
1.754530747343337907e+03
1.760819441456250388e+03
1.767108049839764590e+03
1.773396631923773612e+03
1.779685301330832999e+03
1.785974000678103266e+03
1.792262622660177158e+03
1.798551197888958995e+03
1.804839855876736010e+03
1.811128558707492402e+03
1.817417192721354468e+03
1.823705766734258077e+03
1.829994410943211960e+03
1.836283114677026560e+03
1.842571762904545267e+03
1.848860335891463137e+03
1.855148967866539351e+03
1.861437669947897575e+03
1.867726330560278029e+03
1.874014907834755149e+03
1.880303525969254679e+03
1.886592224427866768e+03
1.892880896535630882e+03
1.899169480682082394e+03
1.905458085792821066e+03
1.911746778089473992e+03
1.918035460990499814e+03
1.924324052841408275e+03
1.930612647820131770e+03
1.936901331579161479e+03
1.943190022304199601e+03
1.949478626493541697e+03
1.955767210689746889e+03
1.962055885266393716e+03
1.968344582756020827e+03
1.974633198297256058e+03
1.980921776854566588e+03
1.987210439369215010e+03
1.993499141209724485e+03
1.999787770313139845e+03
2.006076344479388354e+03
2.012364994563204846e+03
2.018653698074589329e+03
2.024942341173899649e+03
2.031230913608815172e+03
2.037519550844223431e+03
2.043808253935027551e+03
2.050096908998139497e+03
2.056385485123844319e+03
2.062674107970776731e+03
2.068962808283154573e+03
2.075251476286575780e+03
2.081540056207864382e+03
2.087828667453095022e+03
2.094117362276479071e+03
2.100406040739158925e+03
2.106694629657047244e+03
2.112983228232737474e+03
2.119271916097662142e+03
2.125560603770853959e+03
2.131849203014766317e+03
2.138137791259144251e+03
2.144426469738624746e+03
2.150715165101702951e+03
2.157003775338800097e+03
2.163292356537835985e+03
2.169581023658668983e+03
2.175869723750680805e+03
2.182158348081830809e+03
2.188446922482570699e+03
2.194735578352257107e+03
2.201024281467136461e+03
2.207312918097419697e+03
2.213601491741059817e+03
2.219890133803135541e+03
2.226178837560571083e+03
2.232467487881939633e+03
2.238756061891991067e+03
2.245044691013720694e+03
2.251333392619705137e+03
2.257622055849521075e+03
2.263910633527712889e+03
2.270199249707845411e+03
2.276487947053775770e+03
2.282776620964572430e+03
2.289065206775647766e+03
2.295353809493066365e+03
2.301642500635852684e+03
2.307931185089066730e+03
2.314219778757659242e+03
2.320508371976343369e+03
2.326797054130231572e+03
2.333085746354374351e+03
2.339374352403084231e+03
2.345662935590482903e+03
2.351951608108024629e+03
2.358240306444821726e+03
2.364528924936561907e+03
2.370817501963617360e+03
2.377106162504657732e+03
2.383394864939595209e+03
2.389683496160021605e+03
2.395972070364769024e+03
2.402260717696688516e+03
2.408549421338715547e+03
2.414838066834459369e+03
2.421126639172414343e+03
2.427415274223668803e+03
2.433703976860811053e+03
2.439992634266824098e+03
2.446281211011840242e+03
2.452569831666078244e+03
2.458858531326332468e+03
2.465147201157527888e+03
2.471435782838895193e+03
2.477724391520839163e+03
2.484013085268465147e+03
2.490301765877111848e+03
2.496590356045517183e+03
2.502878953063064728e+03
2.509167639082172172e+03
2.515456328141991889e+03
2.521744929804851836e+03
2.528033515944510782e+03
2.534322192758373149e+03
2.540610889163191132e+03
2.546899501551740741e+03
2.553188081710433835e+03
2.559476746689026641e+03
2.565765447615237917e+03
2.572054074141935871e+03
2.578342648249848025e+03
2.584631301773187715e+03
2.590920005114201558e+03
2.597208644673767139e+03
2.603497217798219481e+03
2.609785857729703821e+03
2.616074561329146945e+03
2.622363213775492568e+03
2.628651788891093474e+03
2.634940415023605055e+03
2.641229116114755925e+03
2.647517781658915283e+03
2.653806360043045970e+03
2.660094974130389801e+03
2.666383670281551531e+03
2.672672346176417705e+03
2.678960933516198565e+03
2.685249534140159085e+03
2.691538223964810641e+03
2.697826909933550269e+03
2.704115505983651474e+03
2.710404097100192757e+03
2.716692777601802845e+03
2.722981471391608466e+03
2.729270079370326130e+03
2.735558661673261668e+03
2.741847331679006402e+03
2.748136030874708013e+03
2.754424652310452075e+03
2.760713227831131917e+03
2.767001886303601168e+03
2.773290589112810267e+03
2.779579222642637433e+03
2.785867796727921359e+03
2.792156441472762708e+03
2.798445145222679002e+03
2.804733793018011966e+03
2.811022365860693299e+03
2.817310998440565982e+03
2.823599700667993602e+03
2.829888360702012051e+03
2.836176937917673513e+03
2.842465556556737738e+03
2.848754255300994373e+03
2.855042927005756155e+03
2.861331510714639535e+03
2.867620116522196440e+03
2.873908809127136919e+03
2.880197491668963266e+03
2.886486083190298359e+03
2.892774678602117547e+03
2.899063362805716679e+03
2.905352053230918955e+03
2.911640656998908071e+03
2.917929241518691470e+03
2.924217916553925988e+03
2.930506613878926146e+03
2.936795228816479266e+03
2.943083807724125563e+03
2.949372470724448704e+03
2.955661172417410398e+03
2.961949801042141644e+03
2.968238375189860562e+03
2.974527026007794575e+03
2.980815729512371945e+03
2.987104371936470216e+03
2.993392944489946785e+03
2.999681582298920148e+03
3.005970285512487862e+03
3.012258940039637309e+03
3.018547515996307993e+03
3.024836139477926736e+03
3.031124839992615762e+03
3.037413507499316438e+03
3.043702087024119919e+03
3.049990698938685455e+03
3.056279394059471542e+03
3.062568071972872985e+03
3.068856660570542317e+03
3.075145259590251044e+03
3.081433947916422312e+03
3.087722635251207066e+03
3.094011233875405651e+03
3.100299822705689621e+03
3.106588501614988672e+03
3.112877196723225097e+03
3.119165806500685903e+03
3.125454387958864118e+03
3.131743055664125677e+03
3.138031755591142883e+03
3.144320379373785727e+03
3.150608953945567009e+03
3.156897610397786138e+03
3.163186313476152918e+03
3.169474949429878052e+03
3.175763523225784411e+03
3.182052165862058700e+03
3.188340869658690281e+03
3.194629519452174463e+03
3.200918093182994653e+03
3.207206723113932185e+03
3.213495424881576128e+03
3.219784087465043285e+03
3.226072665074781071e+03
3.232361281766226966e+03
3.238649979424377761e+03
3.244938652891259153e+03
3.251227238304388720e+03
3.257515841634441585e+03
3.263804533107960651e+03
3.270093217198118964e+03
3.276381810367683102e+03
3.282670404081742618e+03
3.288959086645701518e+03
3.295247778518181349e+03
3.301536384140303198e+03
3.307824967574909806e+03
3.314113640649296030e+03
3.320402338809326011e+03
3.326690956591788563e+03
3.332979534018619233e+03
3.339268195059182290e+03
3.345556897384122294e+03
3.351845528124124030e+03
3.358134102365466788e+03
3.364422750324692970e+03
3.370711453959087521e+03
3.377000098926788723e+03
3.383288671263043852e+03
3.389577306874992701e+03
3.395866009645513714e+03
3.402154666458606243e+03
3.408443243089847783e+03
3.414731864289622536e+03
3.421020564149172969e+03
3.427309233549838609e+03
3.433597814789117365e+03
3.439886424137528138e+03
3.446175118154933898e+03
3.452463798279919502e+03
3.458752388146334852e+03
3.465040985562819515e+03
3.471329672044445942e+03
3.477618360792379917e+03
3.483906961945325293e+03
3.490195548547842918e+03
3.496484225771167530e+03
3.502772921953957393e+03
3.509061533807436717e+03
3.515350114241356096e+03
3.521638779702214379e+03
3.527927480423402358e+03
3.534216106472203137e+03
3.540504680624538196e+03
3.546793334728879472e+03
3.553082038030977401e+03
3.559370676910327802e+03
3.565659250180281106e+03
3.571947890598224149e+03
3.578236594251074621e+03
3.584525246238727050e+03
3.590813821141192420e+03
3.597102447907192982e+03
3.603391149122205661e+03
3.609679814194991195e+03
3.615968392401156962e+03
3.622257006977762103e+03
3.628545703413661158e+03
3.634834378837208988e+03
3.641122965856950941e+03
3.647411566932097230e+03
3.653700257093247728e+03
3.659988942736913941e+03
3.666277538223608190e+03
3.672566129863753304e+03
3.678854810749685385e+03
3.685143504213044253e+03
3.691432111775283374e+03
3.697720694289727817e+03
3.704009364903968162e+03
3.710298063914335671e+03
3.716586684723731196e+03
3.722875260559763319e+03
3.729163919502914723e+03
3.735452622253901609e+03
3.741741255225017085e+03
3.748029829364532361e+03
3.754318474710761620e+03
3.760607178438175197e+03
3.766895825717588195e+03
3.773184398388339559e+03
3.779473031619787889e+03
3.785761733959514459e+03
3.792050393333572629e+03
3.798338970445348423e+03
3.804627589580983113e+03
3.810916288588126918e+03
3.817204959832695295e+03
3.823493543046798550e+03
3.829782149575587937e+03
3.836070842469442141e+03
3.842359524566643813e+03
3.848648115725790376e+03
3.854936711545543403e+03
3.861225396196832662e+03
3.867514086268931351e+03
3.873802689532701606e+03
3.880091274410944607e+03
3.886379949908662184e+03
3.892668646998329677e+03
3.898957261253008710e+03
3.905245840501386283e+03
3.911534503979744841e+03
3.917823205499271353e+03
3.924111833592606217e+03
3.930400407733006432e+03
3.936689059251658364e+03
3.942977762717508540e+03
3.949266404467899520e+03
3.955554977159712507e+03
3.961843615485778173e+03
3.968132318802015561e+03
3.974420972814566085e+03
3.980709548583931792e+03
3.986998172708936181e+03
3.993286873374085644e+03
3.999575540396032011e+03
4.005864119589921756e+03
4.012152732047720292e+03
4.018441427426532755e+03
4.024730104829101947e+03
4.031018693136205002e+03
4.037307292521913496e+03
4.043595981239378034e+03
4.049884668238238646e+03
4.056173266210771089e+03
4.062461855634104268e+03
4.068750534933693416e+03
4.075039229741020790e+03
4.081327839074599524e+03
4.087616420754297906e+03
4.093905088997301391e+03
4.100193788750849308e+03
4.106482411980104189e+03
4.112770986741821616e+03
4.119059643689009135e+03
4.125348346680844770e+03
4.131636982029549472e+03
4.137925555908170281e+03
4.144214199013117650e+03
4.150502902811935201e+03
4.156791552141318789e+03
4.163080125652097195e+03
4.169368756207669321e+03
4.175657458078048876e+03
4.181946120101647466e+03
4.188234697606285408e+03
4.194523314759448112e+03
4.200812012674049583e+03
4.207100685740322660e+03
4.213389270801430030e+03
4.219677874656375025e+03
4.225966566400600641e+03
4.232255250154126770e+03
4.238543842904760822e+03
4.244832437036747251e+03
4.251121119977908165e+03
4.257409811494843780e+03
4.263698416707003162e+03
4.269987000364699270e+03
4.276275673936644125e+03
4.282564371898110949e+03
4.288852989005425115e+03
4.295141566797338783e+03
4.301430228295699635e+03
4.307718930510627615e+03
4.314007560719019239e+03
4.320296134955544403e+03
4.326584783623247858e+03
4.332873487236084657e+03
4.339162131597280677e+03
4.345450703948882619e+03
4.351739340136860847e+03
4.358028043028824868e+03
4.364316699232026622e+03
4.370605275708736372e+03
4.376893897476677012e+03
4.383182597534983870e+03
4.389471266453223507e+03
4.395759847189320681e+03
4.402048457292152307e+03
4.408337151627566527e+03
4.414625831157567518e+03
4.420914420682787750e+03
4.427203018539131335e+03
4.433491705546091907e+03
4.439780393919103517e+03
4.446068994441287941e+03
4.452357581594968906e+03
4.458646259269576149e+03
4.464934955192064081e+03
4.471223566457151719e+03
4.477512147183016168e+03
4.483800813230084714e+03
4.490089513727346457e+03
4.496378139170864415e+03
4.502666713389566212e+03
4.508955368185176667e+03
4.515244071433179670e+03
4.521532709425436224e+03
4.527821282863365923e+03
4.534109923931574485e+03
4.540398627664090782e+03
4.546687278976932248e+03
4.552975853523291335e+03
4.559264481266502116e+03
4.565553182648084658e+03
4.571841846997275752e+03
4.578130424980988209e+03
4.584419040206779755e+03
4.590707737009906850e+03
4.596996411813423038e+03
4.603284998366892978e+03
4.609573600055266070e+03
4.615862290604143709e+03
4.622150975794465921e+03
4.628439570539932902e+03
4.634728162827858796e+03
4.641016844221403517e+03
4.647305537191637086e+03
4.653594144141447941e+03
4.659882726922869551e+03
4.666171398326434428e+03
4.672460097066608796e+03
4.678748716964274536e+03
4.685037293264253094e+03
4.691325952854328534e+03
4.697614655482459057e+03
4.703903287736940001e+03
4.710191861927536593e+03
4.716480508061686123e+03
4.722769211745360735e+03
4.729057858301365741e+03
4.735346430809243429e+03
4.741635064791073091e+03
4.747923767255411803e+03
4.754212425809006163e+03
4.760501002779450573e+03
4.766789622539020456e+03
4.773078321830458663e+03
4.779366992517770086e+03
4.785655575148740354e+03
4.791944182519476271e+03
4.798232875744603007e+03
4.804521557283965194e+03
4.810810148061876134e+03
4.817098744348089895e+03
4.823387429511834853e+03
4.829676119201083566e+03
4.835964721873997405e+03
4.842253307199912342e+03
4.848541983209141108e+03
4.854830680039724939e+03
4.861119293559730067e+03
4.867407873172370273e+03
4.873696537226011969e+03
4.879985238518349433e+03
4.886273866019216257e+03
4.892562440130072901e+03
4.898851092440168031e+03
4.905139795864516600e+03
4.911428436793681612e+03
4.917717009648609746e+03
4.924005648610506796e+03
4.930294352055622767e+03
4.936583005458562184e+03
4.942871580993596581e+03
4.949160205883117669e+03
4.955448906720588639e+03
4.961737573198925020e+03
4.968026152055614148e+03
4.974314765175799948e+03
4.980603460868720504e+03
4.986892137670314696e+03
4.993180725606256601e+03
4.999469325486855269e+03
5.005758014691294193e+03
5.012046701285394192e+03
5.018335298485612839e+03
5.024623888613579766e+03
5.030912568412764813e+03
5.037201262837537797e+03
5.043489871642783328e+03
5.049778453587283366e+03
5.056067122519295481e+03
5.062355822074241587e+03
5.068644444638936875e+03
5.074933019679771860e+03
5.081221677232238108e+03
5.087510380171651377e+03
5.093799014808220818e+03
5.100087588789327128e+03
5.106376232526808053e+03
5.112664936321571986e+03
5.118953585070104964e+03
5.125242158305593875e+03
5.131530789698364060e+03
5.137819491714592914e+03
5.144108152992330361e+03
5.150396730393935286e+03
5.156685348123160111e+03
5.162974046377726154e+03
5.169262718961106657e+03
5.175551303558503605e+03
5.181839908126423325e+03
5.188128600211124649e+03
5.194417283542779842e+03
5.200705875830990408e+03
5.206994470447633830e+03
5.213283153845961351e+03
5.219571844978008812e+03
5.225860449692666407e+03
5.232149033655761741e+03
5.238437707798962037e+03
5.244726405546508431e+03
5.251015021859804619e+03
5.257303600087689119e+03
5.263592262149176349e+03
5.269880964216798930e+03
5.276169593886270377e+03
5.282458168122017014e+03
5.288746817563494005e+03
5.295035521166952094e+03
5.301324164916126392e+03
5.307612737337045473e+03
5.313901374107774245e+03
5.320190077129470410e+03
5.326478732772245166e+03
5.332767309106202447e+03
5.339055931450505341e+03
5.345344631694028976e+03
5.351633300167751258e+03
5.357921880498295650e+03
5.364210491233792709e+03
5.370499185854110692e+03
5.376787864858570174e+03
5.383076454114554508e+03
5.389365052367207682e+03
5.395653739830973791e+03
5.401942427887317535e+03
5.408231027821324460e+03
5.414519615541232270e+03
5.420808293645711274e+03
5.427096989337965169e+03
5.433385600115088891e+03
5.439674181118955858e+03
5.445962847715015414e+03
5.452251548052635371e+03
5.458540172991455620e+03
5.464828747309469691e+03
5.471117402661636334e+03
5.477406105879857932e+03
5.483694743250272950e+03
5.489983316833116987e+03
5.496271958391749649e+03
5.502560662171205877e+03
5.508849313051909121e+03
5.515137887384576061e+03
5.521426515795636988e+03
5.527715217309174477e+03
5.534003881195807480e+03
5.540292459075226361e+03
5.546581074743037789e+03
5.552869771802674222e+03
5.559158446245093728e+03
5.565447032497572764e+03
5.571735634668401872e+03
5.578024325515252713e+03
5.584313010403540829e+03
5.590601604682487960e+03
5.596890197429553155e+03
5.603178879176281953e+03
5.609467571855218011e+03
5.615756178472131978e+03
5.622044761452034436e+03
5.628333433354721819e+03
5.634622131954113684e+03
5.640910751299609728e+03
5.647199327929815809e+03
5.653487987926741880e+03
5.659776690508834690e+03
5.666065322359425409e+03
5.672353896585651455e+03
5.678642543229737385e+03
5.684931246917335557e+03
5.691219893061703260e+03
5.697508465512990369e+03
5.703797099950322263e+03
5.710085802522688937e+03
5.716374460605997228e+03
5.722663037521501792e+03
5.728951657663746118e+03
5.735240357111998492e+03
5.741529027486855739e+03
5.747817609768419970e+03
5.754106217678521716e+03
5.760394911120469260e+03
5.766683592316568138e+03
5.772972182867933043e+03
5.779260779461999846e+03
5.785549464953334791e+03
5.791838154414113887e+03
5.798126756734851369e+03
5.804415342370977669e+03
5.810704018704795999e+03
5.816992715378348294e+03
5.823281328466485320e+03
5.829569908314676468e+03
5.835858572741854005e+03
5.842147273896705883e+03
5.848435901026594365e+03
5.854724475141584662e+03
5.861013127940084814e+03
5.867301831337807016e+03
5.873590471767749477e+03
5.879879044742582664e+03
5.886167684060643296e+03
5.892456387557616836e+03
5.898745040656636775e+03
5.905033616072164477e+03
5.911322241369709445e+03
5.917610942296511894e+03
5.923899608478773189e+03
5.930188187185920469e+03
5.936476800618126617e+03
5.942765496458724556e+03
5.949054172970199033e+03
5.955342760737257777e+03
5.961631360857687469e+03
5.967920050267203806e+03
5.974208736660146315e+03
5.980497333501534740e+03
5.986785923957842897e+03
5.993074603976097023e+03
5.999363298215299437e+03
6.005651906757791949e+03
6.011940488839029967e+03
6.018229158123635898e+03
6.024517857551242741e+03
6.030806479784155272e+03
6.037095054973206061e+03
6.043383712810603356e+03
6.049672415717031072e+03
6.055961050005490506e+03
6.062249624044760822e+03
6.068538268081607384e+03
6.074826971879714620e+03
6.081115620343289265e+03
6.087404193453126936e+03
6.093692825233269105e+03
6.099981527322673173e+03
6.106270188221034914e+03
6.112558765581698026e+03
6.118847383587257355e+03
6.125136081993153311e+03
6.131424754307451622e+03
6.137713338633904641e+03
6.144001943600625054e+03
6.150290635852110427e+03
6.156579318931579110e+03
6.162867910970561752e+03
6.169156505856381955e+03
6.175445189507261603e+03
6.181733880406831304e+03
6.188022484829061796e+03
6.194311068968176187e+03
6.200599743414849399e+03
6.206888441014770251e+03
6.213177056857174648e+03
6.219465635337851381e+03
6.225754297713505366e+03
6.232042999652468097e+03
6.238331628992187689e+03
6.244620203206944097e+03
6.250908853108066069e+03
6.257197556669200821e+03
6.263486199989975830e+03
6.269774772442080575e+03
6.276063409570119802e+03
6.282352112648587536e+03
6.288640767911241710e+03
