0.000000000000000000e+00
6.288592923124499023e+00
1.257726603422408118e+01
1.886594143800515866e+01
2.515454072153382370e+01
3.144313533896959001e+01
3.773180560608808065e+01
4.402048493155844255e+01
5.030909133743709560e+01
5.659768494385622972e+01
6.288634920522203231e+01
6.917502861508256728e+01
7.546364322860296170e+01
8.175222916023645325e+01
8.804089062002604749e+01
9.432957544809100625e+01
1.006181870802939784e+02
1.069067699218589098e+02
1.131954319676714675e+02
1.194841158011040960e+02
1.257727288477440908e+02
1.320613171872699354e+02
1.383499755380140925e+02
1.446386617304361835e+02
1.509272839892610705e+02
1.572158688034955958e+02
1.635045229544608958e+02
1.697932114955366956e+02
1.760818328594786522e+02
1.823704139729697147e+02
1.886590679010458018e+02
1.949477561151470013e+02
2.012363834822453157e+02
2.075249681477767183e+02
2.138136161667020190e+02
2.201023051996558024e+02
2.263909369130860227e+02
2.326795147398128165e+02
2.389681612215706821e+02
2.452568501519583322e+02
2.515454803048199039e+02
2.578340612555181224e+02
2.641227050569356152e+02
2.704113946503315447e+02
2.767000302811009647e+02
2.829886135633411754e+02
2.892772508580959538e+02
2.955659389859632711e+02
3.018545817307524430e+02
3.081431594994944589e+02
3.144317948372707860e+02
3.207204852525735532e+02
3.270091250355060311e+02
3.332977025030428990e+02
3.395863372243991307e+02
3.458750249130526413e+02
3.521636673145282543e+02
3.584522533114137559e+02
3.647408785952193284e+02
3.710295673074791694e+02
3.773182078342692307e+02
3.836067931639909716e+02
3.898954170365994401e+02
3.961840994089957917e+02
4.024727458378081337e+02
4.087613295740243302e+02
4.150499536548766173e+02
4.213386339461582111e+02
4.276272857300317014e+02
4.339158648149491455e+02
4.402044865196884302e+02
4.464931696435121466e+02
4.527818245522947791e+02
4.590704080717866304e+02
4.653590258009842273e+02
4.716477080193905067e+02
4.779363630460827608e+02
4.842249528243184500e+02
4.905135649017452693e+02
4.968022472903039102e+02
5.030909004923199177e+02
5.093794893337001213e+02
5.156680999010849291e+02
5.219567723456015074e+02
5.282454348866903047e+02
5.345340348472481082e+02
5.408226266798734514e+02
5.471112925728326672e+02
5.533999660520740917e+02
5.596885859380108741e+02
5.659771659230543719e+02
5.722658137917129579e+02
5.785544909941214655e+02
5.848431093551628237e+02
5.911316845944936631e+02
5.974203328444853014e+02
6.037090119520322560e+02
6.099976195938236287e+02
6.162861983304024989e+02
6.225748418823098973e+02
6.288635185523802420e+02
6.351521353769090865e+02
6.414407166392195450e+02
6.477293646034675021e+02
6.540180462886042960e+02
6.603066778520449134e+02
6.665952507009370720e+02
6.728838883214043562e+02
6.791725675431596301e+02
6.854611815778883965e+02
6.917497607577221288e+02
6.980384119584929294e+02
7.043270879563665403e+02
7.106156910959543893e+02
7.169042783443426288e+02
7.231929401514664733e+02
7.294816105747711390e+02
7.357702057015133050e+02
7.420587997685216806e+02
7.483474729334797075e+02
7.546361371926062702e+02
7.609247280431889067e+02
7.672133307865829011e+02
7.735020041976199536e+02
7.797906613075656423e+02
7.860792449196745793e+02
7.923678558602927069e+02
7.986565337635835249e+02
8.049451786737276962e+02
8.112337535928011221e+02
8.175223696505538555e+02
8.238110514122972745e+02
8.300997108601823129e+02
8.363882904861173984e+02
8.426768997827389285e+02
8.489655768261707180e+02
8.552542248433315990e+02
8.615428021955789291e+02
8.678314151214241292e+02
8.741201040722612561e+02
8.804087611791485415e+02
8.866973451248724132e+02
8.929859393089484456e+02
8.992746120118924864e+02
9.055632919157718561e+02
9.118518850200179031e+02
9.181404732674207025e+02
9.244291455499417225e+02
9.307178161724805250e+02
9.370064213997303568e+02
9.432950140830979535e+02
9.495836746080713056e+02
9.558723454892464133e+02
9.621609455404498021e+02
9.684495350288723330e+02
9.747382045656870559e+02
9.810268793317774225e+02
9.873154972981237734e+02
9.936040752759593033e+02
9.998927274953457527e+02
1.006181410537558918e+03
1.012470042491048957e+03
1.018758621608662338e+03
1.025047252775703100e+03
1.031335930366273487e+03
1.037624572735898937e+03
1.043913149226501446e+03
1.050201769791509605e+03
1.056490448257154867e+03
1.062779094378914124e+03
1.069067675405611226e+03
1.075356293614652486e+03
1.081644967616431359e+03
1.087933635306471388e+03
1.094222225599369949e+03
1.100510825724576080e+03
1.106799489698162915e+03
1.113088165855131365e+03
1.119376774134402240e+03
1.125665363240329270e+03
1.131954019192236728e+03
1.138242695405493578e+03
1.144531302881096053e+03
1.150819895462105251e+03
1.157108549685743810e+03
1.163397233735425743e+03
1.169685844952726029e+03
1.175974435980063163e+03
1.182263092651271791e+03
1.188551776827056528e+03
1.194840394506050188e+03
1.201128977115067755e+03
1.207417632422485667e+03
1.213706321614627313e+03
1.219994937879151848e+03
1.226283514847083325e+03
1.232572172963483126e+03
1.238860860131080472e+03
1.245149478360353442e+03
1.251438060663793067e+03
1.257726709566921272e+03
1.264015394556861565e+03
1.270304014624281763e+03
1.276592586189137137e+03
1.282881237272232511e+03
1.289169925550639164e+03
1.295458553763010514e+03
1.301747124853614196e+03
1.308035753094338133e+03
1.314324443693145213e+03
1.320613087526206755e+03
1.326901661434870903e+03
1.333190287460211266e+03
1.339478976750531729e+03
1.345767626205596116e+03
1.352056204791670098e+03
1.358344831099316025e+03
1.364633515302290107e+03
1.370922173799554002e+03
1.377210760259195013e+03
1.383499373787197783e+03
1.389788057220910105e+03
1.396076717617022950e+03
1.402365300600135015e+03
1.408653911101267340e+03
1.414942592640915336e+03
1.421231255993665854e+03
1.427519842315123924e+03
1.433808445001589917e+03
1.440097120394299509e+03
1.446385768326631705e+03
1.452674347462686683e+03
1.458962966388957511e+03
1.465251646841956926e+03
1.471540284212567940e+03
1.477828859453432642e+03
1.484117490215813177e+03
1.490406175752227227e+03
1.496694801688986900e+03
1.502983382717076665e+03
1.509272020795370054e+03
1.515560701439726017e+03
1.521849340845362804e+03
1.528137924125514019e+03
1.534426550784139863e+03
1.540715223270427032e+03
1.547003875127007177e+03
1.553292469684944535e+03
1.559581078664792585e+03
1.565869740785220756e+03
1.572158408717335533e+03
1.578447019056729232e+03
1.584735609848080003e+03
1.591024253744820271e+03
1.597312930344669667e+03
1.603601562300815203e+03
1.609890146287063544e+03
1.616178774857057078e+03
1.622467447593625820e+03
1.628756097402068008e+03
1.635044686771004535e+03
1.641333299675599164e+03
1.647621966358824011e+03
1.653910634640755461e+03
1.660199235736788978e+03
1.666487827986476077e+03
1.672776475265797217e+03
1.679065140895943841e+03
1.685353760409347615e+03
1.691642343561836242e+03
1.697930987114558093e+03
1.704219666565825491e+03
1.710508311759060916e+03
1.716796908315843893e+03
1.723085516380139552e+03
1.729374192146741052e+03
1.735662853633777331e+03
1.741951446129603255e+03
1.748240054616332600e+03
1.754528716054651568e+03
1.760817388504322480e+03
1.767106019424818669e+03
1.773394613664162762e+03
1.779683233823552200e+03
1.785971908014990049e+03
1.792260562418930022e+03
1.798549161829693730e+03
1.804837760739257419e+03
1.811126423224611699e+03
1.817415091733167401e+03
1.823703699883430772e+03
1.829992287143806607e+03
1.836280937523387593e+03
1.842569603284425284e+03
1.848858223143970918e+03
1.855146810581336240e+03
1.861435441549518600e+03
1.867724117844956254e+03
1.874012760490015808e+03
1.880301353562210579e+03
1.886589962142198146e+03
1.892878639000933163e+03
1.899167296364704043e+03
1.905455886903468127e+03
1.911744494139474909e+03
1.918033156909064473e+03
1.924321822873179599e+03
1.930610429178607774e+03
1.936899020176571639e+03
1.943187666968465237e+03
1.949476338586834345e+03
1.955764966774464710e+03
1.962053555738018304e+03
1.968342184105111983e+03
1.974630860444586688e+03
1.980919511364824757e+03
1.987208111528353584e+03
1.993496712673831780e+03
1.999785373325820274e+03
2.006074042475465831e+03
2.012362661033237828e+03
2.018651249524911691e+03
2.024939894354366288e+03
2.031228569625283171e+03
2.037517204400422770e+03
2.043805783181898732e+03
2.050094412624773668e+03
2.056383085412331184e+03
2.062671728303403597e+03
2.068960323771392723e+03
2.075248934300218025e+03
2.081537599080822019e+03
2.087826263718180599e+03
2.094114872823447513e+03
2.100403467240061218e+03
2.106692113613331003e+03
2.112980782422771881e+03
2.119269408247076626e+03
2.125557990572259314e+03
2.131846632133454477e+03
2.138135297024671672e+03
2.144423929186999430e+03
2.150712521992186794e+03
2.157001143051930285e+03
2.163289822716151775e+03
2.169578472358382896e+03
2.175867074045401750e+03
2.182155676886516176e+03
2.188444330652227563e+03
2.194733006570547786e+03
2.201021641393670052e+03
2.207310223548351132e+03
2.213598853766788125e+03
2.219887529663743862e+03
2.226176183684916396e+03
2.232464769083809642e+03
2.238753380642521734e+03
2.245042044597813401e+03
2.251330702950152954e+03
2.257619303557115472e+03
2.263907893282660552e+03
2.270196541486079695e+03
2.276485214435570015e+03
2.282773840607742841e+03
2.289062422304698430e+03
2.295351054739976007e+03
2.301639728366780218e+03
2.307928364825757399e+03
2.314216947012364471e+03
2.320505566842252392e+03
2.326794243721322346e+03
2.333082888617284425e+03
2.339371465303723198e+03
2.345660082788569980e+03
2.351948763296137713e+03
2.358237402225627648e+03
2.364525978307804507e+03
2.370814605789896632e+03
2.377103283909690163e+03
2.383391904926487314e+03
2.389680480375275692e+03
2.395969120528412986e+03
2.402257797184270657e+03
2.408546406686208684e+03
2.414834984205836918e+03
2.421123634129891343e+03
2.427412321846925806e+03
2.433700939046419990e+03
2.439989512124901921e+03
2.446278156698904695e+03
2.452566832860364684e+03
2.458855458483217262e+03
2.465144036190096358e+03
2.471432678811449023e+03
2.477721357491932849e+03
2.484009975803940051e+03
2.490298555718580246e+03
2.496587200298360131e+03
2.502875882857521901e+03
2.509164511539282103e+03
2.515453091031787153e+03
2.521741731746080859e+03
2.528030414638603816e+03
2.534319054610630701e+03
2.540607627819499157e+03
2.546896259855949666e+03
2.553184947508911591e+03
2.559473587695647893e+03
2.565762159421228262e+03
2.572050786970879017e+03
2.578339476559443483e+03
2.584628117652143828e+03
2.590916689607576700e+03
2.597205314321058722e+03
2.603493995135449040e+03
2.609782644451212036e+03
2.616071219036403818e+03
2.622359839829041448e+03
2.628648519740430856e+03
2.634937154307147011e+03
2.641225734761851072e+03
2.647514361636092417e+03
2.653803038834145809e+03
2.660091686867340741e+03
2.666380264997277209e+03
2.672668889155994293e+03
2.678957571627120615e+03
2.685246227701129555e+03
2.691534809279823548e+03
2.697823423289677066e+03
2.704112108594784786e+03
2.710400767229761641e+03
2.716689344845978212e+03
2.722977958848472554e+03
2.729266640919472138e+03
2.735555300463737694e+03
2.741843877194694414e+03
2.748132487572135233e+03
2.754421166614144568e+03
2.760709823258775486e+03
2.766998404032809049e+03
2.773287003046164045e+03
2.779575682641363983e+03
2.785864350366571216e+03
2.792152935474891365e+03
2.798441522966546927e+03
2.804730188467053267e+03
2.811018870678608437e+03
2.817307469099806440e+03
2.823596049872869116e+03
2.829884710297581478e+03
2.836173376139679021e+03
2.842461970064659454e+03
2.848750565783076581e+03
2.855039226259677434e+03
2.861327893075349948e+03
2.867616500945243843e+03
2.873905082633466463e+03
2.880193740952782719e+03
2.886482412915482200e+03
2.892771003657924211e+03
2.899059592777374746e+03
2.905348259093543675e+03
2.911636917752695808e+03
2.917925501842579706e+03
2.924214103966314269e+03
2.930502778356582894e+03
2.936791426453868098e+03
2.943080003902016415e+03
2.949368618648502888e+03
2.955657299064351264e+03
2.961945936260897270e+03
2.968234507868974561e+03
2.974523139206294218e+03
2.980811817706441616e+03
2.987100443968171476e+03
2.993389027740373422e+03
2.999677655576519101e+03
3.005966338946754149e+03
3.012254962059456375e+03
3.018543548693179673e+03
3.024832173946508192e+03
3.031120848955434212e+03
3.037409495794592658e+03
3.043698080553356249e+03
3.049986689691569154e+03
3.056275356488913076e+03
3.062564015935800853e+03
3.068852613334701800e+03
3.075141203430699989e+03
3.081429865602069640e+03
3.087718531667579555e+03
3.094007116991971543e+03
3.100295712673205344e+03
3.106584382358705170e+03
3.112873035326912941e+03
3.119161610923367789e+03
3.125450220438788620e+03
3.131738893822170667e+03
3.138027550608064757e+03
3.144316133716790773e+03
3.150604737449076310e+03
3.156893404149281650e+03
3.163182077733256847e+03
3.169470674515133851e+03
3.175759262973890600e+03
3.182047915487396494e+03
3.188336595420060348e+03
3.194625213343702399e+03
3.200913789526547589e+03
3.207202422133326763e+03
3.213491098858821260e+03
3.219779734237305092e+03
3.226068313944559122e+03
3.232356933826049044e+03
3.238645614029186618e+03
3.244934272011675148e+03
3.251222853967135961e+03
3.257511456534697572e+03
3.263800127161570344e+03
3.270088799745692995e+03
3.276377392838890046e+03
3.282665984162938003e+03
3.288954642345541288e+03
3.295243318597139478e+03
3.301531930238729728e+03
3.307820511435327262e+03
3.314109155421382184e+03
3.320397836860663119e+03
3.326686471069144773e+03
3.332975049251340351e+03
3.339263667382781023e+03
3.345552341993328355e+03
3.351840976425446115e+03
3.358129550417345854e+03
3.364418179903276723e+03
3.370706858008460586e+03
3.376995480719516308e+03
3.383284053839910030e+03
3.389572689570519742e+03
3.395861368080918510e+03
3.402149993351108151e+03
3.408438581842106942e+03
3.414727201383024749e+03
3.421015876130460583e+03
3.427304519277072359e+03
3.433593111133455750e+03
3.439881715126301970e+03
3.446170376260404282e+03
3.452459037071683724e+03
3.458747631720375011e+03
3.465036225435573215e+03
3.471324874569790154e+03
3.477613531650297773e+03
3.483902139629815338e+03
3.490190721595388368e+03
3.496479366611382375e+03
3.502768031671667359e+03
3.509056643828605502e+03
3.515345228290234900e+03
3.521633857129427270e+03
3.527922528543955195e+03
3.534211152502549339e+03
3.540499731331065504e+03
3.546788356055786608e+03
3.553077017114099363e+03
3.559365653719147303e+03
3.565654236398590911e+03
3.571942850018620447e+03
3.578231522001449775e+03
3.584520173312399493e+03
3.590808760149619502e+03
3.597097361257091961e+03
3.603386017331389667e+03
3.609674675159713388e+03
3.615963279334324852e+03
3.622251862683302988e+03
3.628540508987579415e+03
3.634829180665904914e+03
3.641117796831804753e+03
3.647406375596390717e+03
3.653695008939578202e+03
3.659983675985038644e+03
3.666272308107460049e+03
3.672560895168049683e+03
3.678849513132753600e+03
3.685138185385901579e+03
3.691426833647136391e+03
3.697715418538730773e+03
3.704004029314964100e+03
3.710292693452423464e+03
3.716581354844722682e+03
3.722869956972487216e+03
3.729158551487706063e+03
3.735447203832126888e+03
3.741735876905329405e+03
3.748024497172572410e+03
3.754313078259840950e+03
3.760601719656190198e+03
3.766890394520873997e+03
3.773179023871650315e+03
3.779467607820548437e+03
3.785756228085798739e+03
3.792044897810442308e+03
3.798333545429905371e+03
3.804622121393439556e+03
3.810910739987763918e+03
3.817199413762311451e+03
3.823488071404960010e+03
3.829776664052027627e+03
3.836065263305653843e+03
3.842353914375657041e+03
3.848642575533415766e+03
3.854931181420414305e+03
3.861219769900711981e+03
3.867508418396949764e+03
3.873797085936449548e+03
3.880085708808551317e+03
3.886374295740849902e+03
3.892662926062223505e+03
3.898951598351779012e+03
3.905240238885076906e+03
3.911528824948296915e+03
3.917817430193723794e+03
3.924106091022953933e+03
3.930394748230745790e+03
3.936683350083587356e+03
3.942971940819442352e+03
3.949260590629117814e+03
3.955549259271529081e+03
3.961837873850868618e+03
3.968126453639645661e+03
3.974415092528058722e+03
3.980703767081821297e+03
3.986992407711119540e+03
3.993280985051596872e+03
3.999569602777693035e+03
4.005858270255147545e+03
4.012146915634913057e+03
4.018435510763855291e+03
4.024724110372920222e+03
4.031012773205353369e+03
4.037301436258195736e+03
4.043590046223386253e+03
4.049878628396244494e+03
4.056167285300250114e+03
4.062455952326298302e+03
4.068744567569894116e+03
4.075033153721194140e+03
4.081321783191844588e+03
4.087610450555271200e+03
4.093899084746106382e+03
4.100187664475493875e+03
4.106476287433618381e+03
4.112764948882475437e+03
4.119053592204850247e+03
4.125342182724851227e+03
4.131630788067069261e+03
4.137919451705451138e+03
4.144208107500696315e+03
4.150496698942805779e+03
4.156785294659426654e+03
4.163073951935966761e+03
4.169362610299295739e+03
4.175651212238688458e+03
4.181939796222231053e+03
4.188228434627321803e+03
4.194517106183540818e+03
4.200805735089859809e+03
4.207094320196706576e+03
4.213382935612760775e+03
4.219671604979078438e+03
4.225960251963640076e+03
4.232248832360022789e+03
4.238537439809028001e+03
4.244826095195366179e+03
4.251114744990294639e+03
4.257403341388132503e+03
4.263691933949019585e+03
4.269980588042845739e+03
4.276269250893354183e+03
4.282557868244579367e+03
4.288846443845102840e+03
4.295135087616234159e+03
4.301423759167854769e+03
4.307712384032996852e+03
4.314000966958499703e+03
4.320289588293219822e+03
4.326578258511365675e+03
4.332866899649920015e+03
4.339155488513147247e+03
4.345444092122412258e+03
4.351732753821740516e+03
4.358021414140117486e+03
4.364310019380150152e+03
4.370598604392666857e+03
4.376887257203715308e+03
4.383175923991889249e+03
4.389464534389914661e+03
4.395753121205956631e+03
4.402041751728037525e+03
4.408330422182812072e+03
4.414619050384202637e+03
4.420907627875707476e+03
4.427196242650305066e+03
4.433484915599567103e+03
4.439773566366126943e+03
4.446062144797522706e+03
4.452350756418165474e+03
4.458639418154484702e+03
4.464928078420075508e+03
4.471216676190784710e+03
4.477505269828168821e+03
4.483793919681113948e+03
4.490082584290615159e+03
4.496371204628709165e+03
4.502659781653102982e+03
4.508948424401290140e+03
4.515237095494633650e+03
4.521525725654608323e+03
4.527814309322518966e+03
4.534102930088883113e+03
4.540391600272553660e+03
4.546680239844719836e+03
4.552968828297208347e+03
4.559257428069746311e+03
4.565546091100644844e+03
4.571834751170746131e+03
4.578123346647608741e+03
4.584411936717913704e+03
4.590700588113718368e+03
4.596989258047857220e+03
4.603277869412258042e+03
4.609566452104039854e+03
4.615855079840568578e+03
4.622143741914674138e+03
4.628432374318786060e+03
4.634720952489556112e+03
4.641009575154716003e+03
4.647298241507115563e+03
4.653586871962401347e+03
4.659875459711164694e+03
4.666164061185932951e+03
4.672452729025194458e+03
4.678741381122687017e+03
4.685029965970701596e+03
4.691318569334909625e+03
4.697607221707979988e+03
4.703895884326830128e+03
4.710184491992195035e+03
4.716473081240621468e+03
4.722761731722939658e+03
4.729050401981779032e+03
4.735339023515828558e+03
4.741627600335657917e+03
4.747916234709139644e+03
4.754204903003231266e+03
4.760493530554435893e+03
4.766782117249046678e+03
4.773070733395621573e+03
4.779359397755310965e+03
4.785648044809366183e+03
4.791936625962176549e+03
4.798225233506587756e+03
4.804513893072858082e+03
4.810802543099699506e+03
4.817091138997768212e+03
4.823379731689641631e+03
4.829668373127398809e+03
4.835957030301495251e+03
4.842245645888454419e+03
4.848534225748773679e+03
4.854822869258925493e+03
4.861111531627378099e+03
4.867400145019130832e+03
4.873688728048789017e+03
4.879977346907080573e+03
4.886266014375716622e+03
4.892554651479580571e+03
4.898843228106195056e+03
4.905131841184166660e+03
4.911420510674027355e+03
4.917709153662721292e+03
4.923997744348629567e+03
4.930286342784335829e+03
4.936575001210842856e+03
4.942863658684866095e+03
4.949152250372731942e+03
4.955440842449647789e+03
4.961729489948766968e+03
4.968018150627704017e+03
4.974306760682458844e+03
4.980595345326632014e+03
4.986883973047182735e+03
4.993172636172139391e+03
4.999461268173456119e+03
5.005749843728708584e+03
5.012038467209368719e+03
5.018327129213485932e+03
5.024615759529918250e+03
5.030904342064653974e+03
5.037192948228281239e+03
5.043481614719984464e+03
5.049770252894751138e+03
5.056058838701840614e+03
5.062347437387482387e+03
5.068636094589658569e+03
5.074924747263443351e+03
5.081213332233814072e+03
5.087501925988511175e+03
5.093790579872456874e+03
5.100079233841541281e+03
5.106367834749338726e+03
5.112656414854187460e+03
5.118945059349865915e+03
5.125233728242617872e+03
5.131522338265927829e+03
5.137810918370506442e+03
5.144099547861437713e+03
5.150388211886276622e+03
5.156676839847012161e+03
5.162965422514266720e+03
5.169254030862707623e+03
5.175542691799594650e+03
5.181831341074732336e+03
5.188119922696135291e+03
5.194408527282345858e+03
5.200697181532569630e+03
5.206985828549154576e+03
5.213274418337335192e+03
5.219563010795513947e+03
5.225851666447133539e+03
5.232140315405836191e+03
5.238428912586080514e+03
5.244717496397703144e+03
5.251006142440177427e+03
5.257294806246178268e+03
5.263583407641352096e+03
5.269871988148847777e+03
5.276160624517977340e+03
5.282449288225118835e+03
5.288737907296565027e+03
5.295026480022206670e+03
5.301315112928054077e+03
5.307603783197949269e+03
5.313892424835621568e+03
5.320181001347106758e+03
5.326469614476630341e+03
5.332758290120666061e+03
5.339046922319898840e+03
5.345335492686207544e+03
5.351624118688057933e+03
5.357912791105306496e+03
5.364201410394217419e+03
5.370489983389747977e+03
5.376778620070757825e+03
5.383067293513389814e+03
5.389355903550695984e+03
5.395644478938558677e+03
5.401933126727391027e+03
5.408221801292073906e+03
5.414510404113010736e+03
5.420798980591966028e+03
5.427087627989467364e+03
5.433376301156674344e+03
5.439664916445552080e+03
5.445953492515323887e+03
5.452242133313215163e+03
5.458530813322818176e+03
5.464819416365638062e+03
5.471107993073237594e+03
5.477396640422128257e+03
5.483685317630810459e+03
5.489973935625213016e+03
5.496262510627416304e+03
5.502551154416250938e+03
5.508839834797682670e+03
5.515128453197796262e+03
5.521417034813820464e+03
5.527705671051959143e+03
5.533994354506512536e+03
5.540282984233247589e+03
5.546571557810367267e+03
5.552860189142434137e+03
5.559148873340045611e+03
5.565437507519653991e+03
5.571726076456406190e+03
5.578014708491647980e+03
5.584303393008343846e+03
5.590592026463076763e+03
5.596880595920760243e+03
5.603169226813402020e+03
5.609457907038069607e+03
5.615746541784274086e+03
5.622035118091872391e+03
5.628323744230962802e+03
5.634612428195025132e+03
5.640901063912601785e+03
5.647189643834934941e+03
5.653478259938618066e+03
5.659766941533078352e+03
5.666055575507213689e+03
5.672344156536544688e+03
5.678632770241973049e+03
5.684921447197785710e+03
5.691210084588299651e+03
5.697498659151193351e+03
5.703787276340457538e+03
5.710075951815449116e+03
5.716364598571492934e+03
5.722653168927007755e+03
5.728941781907713448e+03
5.735230462687845829e+03
5.741519112851360660e+03
5.747807684630707627e+03
5.754096293722769587e+03
5.760384972945641493e+03
5.766673626346013407e+03
5.772962201197088689e+03
5.779250808284748018e+03
5.785539482583397330e+03
5.791828136007317880e+03
5.798116721630005486e+03
5.804405321975629704e+03
5.810693998021975858e+03
5.816982658326104684e+03
5.823271240663903882e+03
5.829559835612169991e+03
5.835848508893827784e+03
5.842137173466029708e+03
5.848425755073330947e+03
5.854714348136717490e+03
5.861003021805614480e+03
5.867291686304699397e+03
5.873580273015502826e+03
5.879868867640981989e+03
5.886157538428058615e+03
5.892446197609470801e+03
5.898734793255513068e+03
5.905023379030070828e+03
5.911312045603966908e+03
5.917600710837949919e+03
5.923889306276350908e+03
5.930177888244620590e+03
5.936466549384008431e+03
5.942755208354467868e+03
5.949043793954741886e+03
5.955332381684559550e+03
5.961621046029237732e+03
5.967909714332693511e+03
5.974198305694361807e+03
5.980486886998501177e+03
5.986775549889427566e+03
5.993064222083968161e+03
5.999352817220653378e+03
6.005641399498562350e+03
6.011930058082360119e+03
6.018218730946259711e+03
6.024507338872261244e+03
6.030795914965873635e+03
6.037084569461102546e+03
6.043373247977493520e+03
6.049661852307347544e+03
6.055950424759481393e+03
6.062239077636997536e+03
6.068527756679961385e+03
6.074816364276833156e+03
6.081104939963797733e+03
6.087393591575963001e+03
6.093682267944262094e+03
6.099970885101423846e+03
6.106259456032079470e+03
6.112548100345727107e+03
6.118836782275098813e+03
6.125125394648106521e+03
6.131413963605374192e+03
6.137702601593302461e+03
6.143991279211105393e+03
6.150279901140822403e+03
6.156568470502017590e+03
6.162857090302383767e+03
6.169145769647479938e+03
6.175434412507387606e+03
6.181722980113784615e+03
6.188011587524058086e+03
6.194300259369882951e+03
6.200588920021506965e+03
6.206877497159934137e+03
6.213166089051409472e+03
6.219454753931894629e+03
6.225743402501419951e+03
6.232031980243955331e+03
6.238320575008227934e+03
6.244609250527219956e+03
6.250897908479134458e+03
6.257186499634026404e+03
6.263475078730214591e+03
6.269763740289819907e+03
6.276052413550171877e+03
6.282341013791107798e+03
6.288629587361271660e+03
