0.000000000000000000e+00
6.288592844564660389e+00
1.257727036931647824e+01
1.886595656302007384e+01
2.515456031081517452e+01
3.144313944106641756e+01
3.773179955910392636e+01
4.402048691932068181e+01
5.030910183571449323e+01
5.659767991763766304e+01
6.288633484355931103e+01
6.917503019003916620e+01
7.546365982127670691e+01
8.175222936588733091e+01
8.804086635122479265e+01
9.432955722318017422e+01
1.006181983120396239e+02
1.069067736312032508e+02
1.131954024730518995e+02
1.194840985606789161e+02
1.257727536669633395e+02
1.320613276795306774e+02
1.383499391781773795e+02
1.446386237918750339e+02
1.509272897642029534e+02
1.572158748079551458e+02
1.635044780522113683e+02
1.697931633872919406e+02
1.760818389446840229e+02
1.823704288378524154e+02
1.886590166092659615e+02
1.949476876278904172e+02
2.012363725781816868e+02
2.075249782676241921e+02
2.138135617345117510e+02
2.201022266239346266e+02
2.263909151964745092e+02
2.326795284458816582e+02
2.389681018896542355e+02
2.452567520872344460e+02
2.515454468776183035e+02
2.578340798070453843e+02
2.641226539605029870e+02
2.704112926983377747e+02
2.766999841283985688e+02
2.829886231629282634e+02
2.892771952691305728e+02
2.955658199032345692e+02
3.018545147240889150e+02
3.081431741889754790e+02
3.144317530591906689e+02
3.207203650004697693e+02
3.270090498187739172e+02
3.332977125890215007e+02
3.395862946763691070e+02
3.458748949093519514e+02
3.521635788189247478e+02
3.584522592779268280e+02
3.647408556476121362e+02
3.710294441811881825e+02
3.773181150039683871e+02
3.836067951832723679e+02
3.898953958459344449e+02
3.961839780039739480e+02
4.024726417719220422e+02
4.087613357130542795e+02
4.150499565357859524e+02
4.213385306704661843e+02
4.276271803762797390e+02
4.339158683466778257e+02
4.402044946313058631e+02
4.464930686430000151e+02
4.527817075551752168e+02
4.590704056326208047e+02
4.653590526388621242e+02
4.716476253003597208e+02
4.779362482926479743e+02
4.842249340117328416e+02
4.905135877498348123e+02
4.968021672779182722e+02
5.030907796178776152e+02
5.093794705098798659e+02
5.156681409225702737e+02
5.219567245881898998e+02
5.282453214763634151e+02
5.345339956826375101e+02
5.408226728612290799e+02
5.471112714888525943e+02
5.533998601312762275e+02
5.596885331093844798e+02
5.659772191231256784e+02
5.722658227974187639e+02
5.785544019990990137e+02
5.848430570797539758e+02
5.911317500864425938e+02
5.974203763369641820e+02
6.037089508498011128e+02
6.099975977755481154e+02
6.162862871453161233e+02
6.225749165494506769e+02
6.288634913023964828e+02
6.351521223393119726e+02
6.414408194186946730e+02
6.477294735315645084e+02
6.540180482575859742e+02
6.603066659639091540e+02
6.665953472385120904e+02
6.728840066617464117e+02
6.791725915764378669e+02
6.854611963664735867e+02
6.917498832485169942e+02
6.980385578530572275e+02
7.043271461229638817e+02
7.106157366252966767e+02
7.169044070384501310e+02
7.231930937454743571e+02
7.294817019161575899e+02
7.357702842897855362e+02
7.420589443705022177e+02
7.483476275162587399e+02
7.546362443760418728e+02
7.609248204999846621e+02
7.672134710004567069e+02
7.735021680209507622e+02
7.797908017118103317e+02
7.860793762431172809e+02
7.923680022773976361e+02
7.986566940869968221e+02
8.049453472424869460e+02
8.112339239297415361e+02
8.175225445855667203e+02
8.238112321832289808e+02
8.300998870699604595e+02
8.363884706363953683e+02
8.426770724930729557e+02
8.489657592453429515e+02
8.552544377645798477e+02
8.615430294039282444e+02
8.678316225572817757e+02
8.741202891374985029e+02
8.804089675124201904e+02
8.866975739907314846e+02
8.929861564770618543e+02
8.992748232846970495e+02
9.055635143650032433e+02
9.118521282478367311e+02
9.181407041816285073e+02
9.244293486068925176e+02
9.307180433540992226e+02
9.370066796202903561e+02
9.432952538810170608e+02
9.495838901996285131e+02
9.558725789325388860e+02
9.621612216649091351e+02
9.684497981653743182e+02
9.747384191590589353e+02
9.810271128674245347e+02
9.873157748592469716e+02
9.936043567326320272e+02
9.998929561132348454e+02
1.006181636104541781e+03
1.012470312033275832e+03
1.018758905147436053e+03
1.025047500260456673e+03
1.031336173755944628e+03
1.037624849491204259e+03
1.043913453266953638e+03
1.050202032987822577e+03
1.056490698459968826e+03
1.062779392274620704e+03
1.069068010762021686e+03
1.075356588438324934e+03
1.081645231955888903e+03
1.087933919249183646e+03
1.094222552411873949e+03
1.100511125460580161e+03
1.106799765169216471e+03
1.113088461480216665e+03
1.119377105937260012e+03
1.125665680467528773e+03
1.131954296688776594e+03
1.138242986080843139e+03
1.144531647237407014e+03
1.150820227778945991e+03
1.157108838483783529e+03
1.163397524685089593e+03
1.169686191011818210e+03
1.175974777539166098e+03
1.182263370302053545e+03
1.188552049140937925e+03
1.194840732542090336e+03
1.201129332345223474e+03
1.207417919663577322e+03
1.213706586107251951e+03
1.219995267389275568e+03
1.226283877031059319e+03
1.232572453246849591e+03
1.238861112357224101e+03
1.245149808422570231e+03
1.251438433892779813e+03
1.257727009378013463e+03
1.264015649963783972e+03
1.270304337899624443e+03
1.276592973856515982e+03
1.282881544910723278e+03
1.289170178824027062e+03
1.295458876342422627e+03
1.301747528628477767e+03
1.308036105338278730e+03
1.314324720766569726e+03
1.320613406003229557e+03
1.326902064082929655e+03
1.333190643818267290e+03
1.339479251111669555e+03
1.345767939757644399e+03
1.352056615131981971e+03
1.358345204838426071e+03
1.364633797397681747e+03
1.370922468888873937e+03
1.377211145868901667e+03
1.383499745900135167e+03
1.389788331550233806e+03
1.396077001993734484e+03
1.402365692221213294e+03
1.408654304232784398e+03
1.414942879861040865e+03
1.421231529477969616e+03
1.427520219704376586e+03
1.433808847238556609e+03
1.440097422720262557e+03
1.446386066712978618e+03
1.452674760219748123e+03
1.458963397611760456e+03
1.465251968065878145e+03
1.471540593263892561e+03
1.477829287011760243e+03
1.484117943918081664e+03
1.490406523975306754e+03
1.496695136590945367e+03
1.502983819753751277e+03
1.509272481540162289e+03
1.515561064403936371e+03
1.521849666493259292e+03
1.528138350002395555e+03
1.534427029135588327e+03
1.540715625880791094e+03
1.547004209224113993e+03
1.553292874430520442e+03
1.559581559277326505e+03
1.565870168804106925e+03
1.572158751789872440e+03
1.578447411500855196e+03
1.584736100053700056e+03
1.591024719776011125e+03
1.597313290156477706e+03
1.603601934619761096e+03
1.609890630299651775e+03
1.616179269854648965e+03
1.622467845537465564e+03
1.628756474850799805e+03
1.635045161406805391e+03
1.641333809249728574e+03
1.647622383832510423e+03
1.653911002617495797e+03
1.660199695602578004e+03
1.666488361057819020e+03
1.672776943748667918e+03
1.679065543036731697e+03
1.685354220759126974e+03
1.691642895433003787e+03
1.697931488189703487e+03
1.704220081758300694e+03
1.710508758516132048e+03
1.716797440842184869e+03
1.723086042462878822e+03
1.729374620590503582e+03
1.735663281911422700e+03
1.741951973576786031e+03
1.748240591928001322e+03
1.754529170002483852e+03
1.760817821504916992e+03
1.767106510923737005e+03
1.773395138180689855e+03
1.779683707566155590e+03
1.785972345795263209e+03
1.792261042068370671e+03
1.798549688063003259e+03
1.804838264259964944e+03
1.811126887509820335e+03
1.817415575545373031e+03
1.823704228036902805e+03
1.829992802533871100e+03
1.836281414907444741e+03
1.842570104871143030e+03
1.848858775734751816e+03
1.855147362754364394e+03
1.861435959994720406e+03
1.867724636764316074e+03
1.874013309440795638e+03
1.880301901759862858e+03
1.886590491333245836e+03
1.892879165707139691e+03
1.899167854199767362e+03
1.905456462323098776e+03
1.911745040222968782e+03
1.918033696909113360e+03
1.924322382687287472e+03
1.930611000491611549e+03
1.936899577205980449e+03
1.943188228031632889e+03
1.949476924099818234e+03
1.955765558288473812e+03
1.962054127912947706e+03
1.968342759603203376e+03
1.974631448876056766e+03
1.980920095198256831e+03
1.987208672483398914e+03
1.993497295115595307e+03
1.999785987926633197e+03
2.006074646474333122e+03
2.012363221393613230e+03
2.018651827563132656e+03
2.024940510734026020e+03
2.031229183635705795e+03
2.037517775122596731e+03
2.043806370523005171e+03
2.050095048149865306e+03
2.056383723722609830e+03
2.062672318046988494e+03
2.068960904113903780e+03
2.075249572031871594e+03
2.081538263705387635e+03
2.087826878993249466e+03
2.094115454929085899e+03
2.100404105307058217e+03
2.106692791504431625e+03
2.112981417896698986e+03
2.119269993839404833e+03
2.125558636457304146e+03
2.131847331647984902e+03
2.138135971044981034e+03
2.144424542795747584e+03
2.150713165177308838e+03
2.157001857825043771e+03
2.163290518155580685e+03
2.169579098290653292e+03
2.175867708541089996e+03
2.182156388547173265e+03
2.188445052467640835e+03
2.194733640056640070e+03
2.201022237750068598e+03
2.207310920201312001e+03
2.213599602303284428e+03
2.219888198689906858e+03
2.226176783542259273e+03
2.232465445337862548e+03
2.238754131655893161e+03
2.245042745168706915e+03
2.251331324394923740e+03
2.257619983569412852e+03
2.263908674350340789e+03
2.270197293864640869e+03
2.276485867036654781e+03
2.282774507441472906e+03
2.289063203813502241e+03
2.295351846523488803e+03
2.301640420540014020e+03
2.307929049732237672e+03
2.314217736933166634e+03
2.320506385070991655e+03
2.326794962723749450e+03
2.333083577684649299e+03
2.339372269894287911e+03
2.345660938394632467e+03
2.351949520997523450e+03
2.358238120828468254e+03
2.364526795499164109e+03
2.370815470382619878e+03
2.377104067226144707e+03
2.383392657774018517e+03
2.389681332074396323e+03
2.395970016026470603e+03
2.402258617514976322e+03
2.408547197303964367e+03
2.414835854449432190e+03
2.421124547167494256e+03
2.427413171812326709e+03
2.433701746804997128e+03
2.439990394051617841e+03
2.446279080829413033e+03
2.452567710619582158e+03
2.458856286014095076e+03
2.465144919279914120e+03
2.471433615828867005e+03
2.477722267339960126e+03
2.484010840659137557e+03
2.490299455426473742e+03
2.496588139194493124e+03
2.502876803866268801e+03
2.509165389677557414e+03
2.515453994272234468e+03
2.521742676602262236e+03
2.528031345586626230e+03
2.534319935198135227e+03
2.540608525270696646e+03
2.546897199627164355e+03
2.553185887441876730e+03
2.559474494073638652e+03
2.565763075807120458e+03
2.572051730564477111e+03
2.578340417550650272e+03
2.584629040454765345e+03
2.590917616377349077e+03
2.597206266037315800e+03
2.603494959669125819e+03
2.609783589279165426e+03
2.616072162724648933e+03
2.622360791265055923e+03
2.628649486257551416e+03
2.634938140260027467e+03
2.641226716228120495e+03
2.647515335497732394e+03
2.653804018052953779e+03
2.660092675586441601e+03
2.666381260551477226e+03
2.672669864649453302e+03
2.678958550754177395e+03
2.685247226558195052e+03
2.691535815808961161e+03
2.697824405408948678e+03
2.704113073392330989e+03
2.710401759828788272e+03
2.716690369483229006e+03
2.722978952027919604e+03
2.729267609844298022e+03
2.735556292682730600e+03
2.741844912735362414e+03
2.748133487866809446e+03
2.754422136798944393e+03
2.760710833421302596e+03
2.766999468514761702e+03
2.773288041823986077e+03
2.779576667050251217e+03
2.785865358463507619e+03
2.792154013146554917e+03
2.798442590957607081e+03
2.804731209142985790e+03
2.811019894199412192e+03
2.817308552661491376e+03
2.823597137575132820e+03
2.829885739105913217e+03
2.836174423723132804e+03
2.842463102535280541e+03
2.848751695876808753e+03
2.855040283428782004e+03
2.861328947381936359e+03
2.867617632870705620e+03
2.873906244086818788e+03
2.880194826620985623e+03
2.886483484873785528e+03
2.892772168285188400e+03
2.899060789814050622e+03
2.905349363104944132e+03
2.911638009444299314e+03
2.917926706260264382e+03
2.924215344998960063e+03
2.930503919716599285e+03
2.936792540875452232e+03
2.943081230210689228e+03
2.949369887152704905e+03
2.955658466138001131e+03
2.961947081920626715e+03
2.968235766150328345e+03
2.974524427963362541e+03
2.980813016198141668e+03
2.987101615063838381e+03
2.993390296410827887e+03
2.999678974852280589e+03
3.005967573688960783e+03
3.012256154606172913e+03
3.018544820024724686e+03
3.024833511926189658e+03
3.031122127931917021e+03
3.037410707702817490e+03
3.043699351671930799e+03
3.049988040713102691e+03
3.056276676096609663e+03
3.062565251759901003e+03
3.068853888517031919e+03
3.075142577462073405e+03
3.081431219182702534e+03
3.087719794143301897e+03
3.094008414720069140e+03
3.100297107267716001e+03
3.106585769470577361e+03
3.112874353129116116e+03
3.119162949102970742e+03
3.125451629670551938e+03
3.131740309435981089e+03
3.138028906390894008e+03
3.144317495675970804e+03
3.150606155640016368e+03
3.156894839131272420e+03
3.163183453269622078e+03
3.169472035785483058e+03
3.175760688478128031e+03
3.182049372204331121e+03
3.188338001874630208e+03
3.194626576464537720e+03
3.200915217206270881e+03
3.207203912068469890e+03
3.213492553555101949e+03
3.219781126049107115e+03
3.226069744410534440e+03
3.232358436241200252e+03
3.238647099139002421e+03
3.244935683019116368e+03
3.251224286244583254e+03
3.257512961857907612e+03
3.263801633907987707e+03
3.270090226079877084e+03
3.276378822817926903e+03
3.282667497169770741e+03
3.288956173201947422e+03
3.295244779169984213e+03
3.301533359607064540e+03
3.307822022845411084e+03
3.314110716027041690e+03
3.320399336693930763e+03
3.326687910172789543e+03
3.332976550034998581e+03
3.339265242701410898e+03
3.345553881991728304e+03
3.351842457846315938e+03
3.358131088785974498e+03
3.364419777061233162e+03
3.370708424181839291e+03
3.376996999672898710e+03
3.383285616665148154e+03
3.389574308045518592e+03
3.395862973746091029e+03
3.402151558402114460e+03
3.408440153035087405e+03
3.414728830879464113e+03
3.421017512545543923e+03
3.427306113429028301e+03
3.433594699744679474e+03
3.439883360048251689e+03
3.446172043848204339e+03
3.452460659899645634e+03
3.458749242720073198e+03
3.465037892332728916e+03
3.471326575238346322e+03
3.477615210350869347e+03
3.483903789376002806e+03
3.490192421947899675e+03
3.496481106657183773e+03
3.502769756408663852e+03
3.509058333841090189e+03
3.515346949947005669e+03
3.521635639616627032e+03
3.527924304882591514e+03
3.534212887445880824e+03
3.540501482324713834e+03
3.546790160731637116e+03
3.553078842080312370e+03
3.559367442982512330e+03
3.565656028369092382e+03
3.571944690331307356e+03
3.578233372316243731e+03
3.584521987028758303e+03
3.590810569296798349e+03
3.597099221972948271e+03
3.603387905010118175e+03
3.609676534230183279e+03
3.615965112572748239e+03
3.622253748044133772e+03
3.628542438980151019e+03
3.634831083466774999e+03
3.641119657405406542e+03
3.647408274790369887e+03
3.653696964851125358e+03
3.659985629666922250e+03
3.666274213959843109e+03
3.672562810033227379e+03
3.678851488908704596e+03
3.685140171419680428e+03
3.691428772465701968e+03
3.697717355370914902e+03
3.704006015613818363e+03
3.710294702105534270e+03
3.716583317638471726e+03
3.722871896854951501e+03
3.729160551350362311e+03
3.735449240471950816e+03
3.741737863816925710e+03
3.748026436027154887e+03
3.754315074132058726e+03
3.760603771003184193e+03
3.766892417754134840e+03
3.773180992179513396e+03
3.779469613659071456e+03
3.785758296556492951e+03
3.792046953242952441e+03
3.798335535057050947e+03
3.804624144988671560e+03
3.810912833148421669e+03
3.817201501856297455e+03
3.823490085319103400e+03
3.829778679463400294e+03
3.836067355317715737e+03
3.842356039734201659e+03
3.848644643588829695e+03
3.854933226806213042e+03
3.861221888979237065e+03
3.867510569769845006e+03
3.873799182101239239e+03
3.880087761428522299e+03
3.886376416112419065e+03
3.892665110289035965e+03
3.898953737699025169e+03
3.905242309494003166e+03
3.911530943201833907e+03
3.917819638002443298e+03
3.924108287786436449e+03
3.930396863493180263e+03
3.936685483370022666e+03
3.942974164758369625e+03
3.949262826611670334e+03
3.955551413822677205e+03
3.961840018345561930e+03
3.968128697850989738e+03
3.974417365076139959e+03
3.980705959967823219e+03
3.986994551146421600e+03
3.993283224770835659e+03
3.999571909390865585e+03
4.005860512621015005e+03
4.012149094819277252e+03
4.018437749129674103e+03
4.024726442691066495e+03
4.031015069148917519e+03
4.037303641075789983e+03
4.043592273624472455e+03
4.049880968377948648e+03
4.056169618308774261e+03
4.062458194270863714e+03
4.068746806834988547e+03
4.075035495144069500e+03
4.081324164887373627e+03
4.087612749948042165e+03
4.093901349119247243e+03
4.100190019371962990e+03
4.106478702612415873e+03
4.112767303916371930e+03
4.119055888356124342e+03
4.125344538571222984e+03
4.131633229784495597e+03
4.137921854452459229e+03
4.144210430107043976e+03
4.150499064483404254e+03
4.156787759877803182e+03
4.163076406393140132e+03
4.169364979870705611e+03
4.175653595812299500e+03
4.181942285025235833e+03
4.188230949546623378e+03
4.194519529144413355e+03
4.200808126632945459e+03
4.207096800512704249e+03
4.213385482089129255e+03
4.219674080401593528e+03
4.225962664751799821e+03
4.232251325947489022e+03
4.238540017842771704e+03
4.244828633781453391e+03
4.251117213825663384e+03
4.257405853872522130e+03
4.263694545554697470e+03
4.269983182874285376e+03
4.276271769791033876e+03
4.282560388403721845e+03
4.288849068196608641e+03
4.295137724478458949e+03
4.301426319238572432e+03
4.307714917860613241e+03
4.314003589515915337e+03
4.320292264669712495e+03
4.326580873300220446e+03
4.332869455863239637e+03
4.339158118134700089e+03
4.345446804281687037e+03
4.351735426214681866e+03
4.358024003264459679e+03
4.364312647317309711e+03
4.370601335807548821e+03
4.376889975932226662e+03
4.383178556629161903e+03
4.389467179028156352e+03
4.395755863437640073e+03
4.402044519602709443e+03
4.408333113107930330e+03
4.414621714072774012e+03
4.420910387504302889e+03
4.427199061403604901e+03
4.433487670810154668e+03
4.439776255352088810e+03
4.446064914476506601e+03
4.452353594221390267e+03
4.458642216386449945e+03
4.464930792399131860e+03
4.471219439187166245e+03
4.477508131543872878e+03
4.483796764517383053e+03
4.490085338730041258e+03
4.496373963777438803e+03
4.502662658354133782e+03
4.508951316085579492e+03
4.515239893758037397e+03
4.521528501738319392e+03
4.527817179789200054e+03
4.534105848914583476e+03
4.540394438503261881e+03
4.546683038208316248e+03
4.552971713256202747e+03
4.559260383568382167e+03
4.565548986163103109e+03
4.571837569295233152e+03
4.578126238132536855e+03
4.584414928463228534e+03
4.590703539633779656e+03
4.596992116884855932e+03
4.603280761607775275e+03
4.609569455990527786e+03
4.615858091075672746e+03
4.622146665056932761e+03
4.628435299635966658e+03
4.634723984763255430e+03
4.641012627515431632e+03
4.647301204018110184e+03
4.653589825901484801e+03
4.659878517419738273e+03
4.666167174069742941e+03
4.672455756807783473e+03
4.678744356054169657e+03
4.685033039467946764e+03
4.691321717162723871e+03
4.697610310735090025e+03
4.703898895945736513e+03
4.710187559384511587e+03
4.716476247568967665e+03
4.722764860100493024e+03
4.729053443036325007e+03
4.735342086273046334e+03
4.741630776305761174e+03
4.747919411477373615e+03
4.754207988151491918e+03
4.760496618150191352e+03
4.766785303664323692e+03
4.773073957644955954e+03
4.779362536440918120e+03
4.785651153700799114e+03
4.791939830848699785e+03
4.798228493680861902e+03
4.804517086021728574e+03
4.810805687169623525e+03
4.817094350062594458e+03
4.823383014397039915e+03
4.829671607188354756e+03
4.835960201602828420e+03
4.842248873451741929e+03
4.848537535051706982e+03
4.854826121557973238e+03
4.861114713406251212e+03
4.867403380271122842e+03
4.873692053198701615e+03
4.879980655244437912e+03
4.886269244137688474e+03
4.892557905986155674e+03
4.898846581487531694e+03
4.905135179655218963e+03
4.911423775582985400e+03
4.917712439981335592e+03
4.924001120069330682e+03
4.930289720777016555e+03
4.936578313668188457e+03
4.942866978851067870e+03
4.949155662091669910e+03
4.955444269851905119e+03
4.961732861669745944e+03
4.968021524421227696e+03
4.974310206776865016e+03
4.980598820466520010e+03
4.986887403852164425e+03
4.993176066043755782e+03
4.999464752132857029e+03
5.005753364241093550e+03
5.012041943970093598e+03
5.018330606402873855e+03
5.024619289215814206e+03
5.030907904201986639e+03
5.037196480817908196e+03
5.043485136605833759e+03
5.049773825907199353e+03
5.056062446203352010e+03
5.062351023353383425e+03
5.068639672818712825e+03
5.074928360818349574e+03
5.081216987051593605e+03
5.087505562684292272e+03
5.093794210164868673e+03
5.100082898880852554e+03
5.106371528664284597e+03
5.112660104039655380e+03
5.118948748668694861e+03
5.125237438632775593e+03
5.131526071094092913e+03
5.137814647008230168e+03
5.144103290542569084e+03
5.150391981898810627e+03
5.156680614742291255e+03
5.162969190039180830e+03
5.169257832811845219e+03
5.175546523611440534e+03
5.181835159547928924e+03
5.188123734674925799e+03
5.194412371535257080e+03
5.200701063885143412e+03
5.206989704637697287e+03
5.213278280391467888e+03
5.219566912983046677e+03
5.225855605038042995e+03
5.232144249390275036e+03
5.238432825672934996e+03
5.244721457570341045e+03
5.251010148313240279e+03
5.257298794060349792e+03
5.263587370896614630e+03
5.269875997814739094e+03
5.276164688980034043e+03
5.282453339581082219e+03
5.288741917420293248e+03
5.295030543311334441e+03
5.301319232856692906e+03
5.307607884736534288e+03
5.313896463519738973e+03
5.320185084542780714e+03
5.326473773940160754e+03
5.332762430275959559e+03
5.339051010620940360e+03
5.345339632123253978e+03
5.351628319314682813e+03
5.357916977190470789e+03
5.364205559804127915e+03
5.370494180476689507e+03
5.376782861921872609e+03
5.383071522331375490e+03
5.389360099764687220e+03
5.395648715575926872e+03
5.401937400130418609e+03
5.408226063300544411e+03
5.414514649167568678e+03
5.420803255313888258e+03
5.427091935588330671e+03
5.433380606029930277e+03
5.439669195143962497e+03
5.445957796761023928e+03
5.452246472844822165e+03
5.458535131790995365e+03
5.464823711801724130e+03
5.471112319441338514e+03
5.477400999562548350e+03
5.483689670850654693e+03
5.489978263514593891e+03
5.496266861968776539e+03
5.502555537999265653e+03
5.508844215207530397e+03
5.515132810411299033e+03
5.521421406932568971e+03
5.527710082853457607e+03
5.533998760899002264e+03
5.540287360494054155e+03
5.546575961377018757e+03
5.552864633184691229e+03
5.559153312339110016e+03
5.565441917266794007e+03
5.571730514835561735e+03
5.578019183405881449e+03
5.584307864680786224e+03
5.590596478774534262e+03
5.596885065911510537e+03
5.603173730464169239e+03
5.609462416462264628e+03
5.615751027146895467e+03
5.622039611240637896e+03
5.628328272702266986e+03
5.634616951496410366e+03
5.640905568757180845e+03
5.647194153624450337e+03
5.653482803769552447e+03
5.659771483552526661e+03
5.666060095728503256e+03
5.672348678298048981e+03
5.678637337517757260e+03
5.684926026481610279e+03
5.691214645393823048e+03
5.697503224263669836e+03
5.703791866274267704e+03
5.710080554218165162e+03
5.716369194736435929e+03
5.722657778522607259e+03
5.728946398009195946e+03
5.735235084179772457e+03
5.741523742799910906e+03
5.747812337310710973e+03
5.754100937348932348e+03
5.760389613200144595e+03
5.766678286716884031e+03
5.772966895178912637e+03
5.779255481759311806e+03
5.785544143957150482e+03
5.791832826419756202e+03
5.798121454248328519e+03
5.804410038434420130e+03
5.810698673348855664e+03
5.816987353466829518e+03
5.823275987912174060e+03
5.829564565581259558e+03
5.835853203357396524e+03
5.842141895813067094e+03
5.848430533715197271e+03
5.854719108338251317e+03
5.861007742358670839e+03
5.867296424021076746e+03
5.873585051161267074e+03
5.879873627750370360e+03
5.886162272378523085e+03
5.892450953742136335e+03
5.898739579472786318e+03
5.905028163544231575e+03
5.911316808832569222e+03
5.917605489684898203e+03
5.923894107254011033e+03
5.930182687323203936e+03
5.936471345475615635e+03
5.942760023362219727e+03
5.949048644491796040e+03
5.955337233686009313e+03
5.961625867084609126e+03
5.967914541754225866e+03
5.974203184531783336e+03
5.980491770518063277e+03
5.986780385101606043e+03
5.993069059139142155e+03
5.999357712576286758e+03
6.005646305783500793e+03
6.011934915321628068e+03
6.018223579785561924e+03
6.024512247368787030e+03
6.030800862657592916e+03
6.037089460513474478e+03
6.043378106777712674e+03
6.049666788122789512e+03
6.055955421959924024e+03
6.062244014704929214e+03
6.068532639175600707e+03
6.074821314571510811e+03
6.081109970709986555e+03
6.087398578228394399e+03
6.093687182368930735e+03
6.099975839958724464e+03
6.106264519111536174e+03
6.112553139250908316e+03
6.118841720473467831e+03
6.125130379753748457e+03
6.131419058370688617e+03
6.137707673330933176e+03
6.143996261720151779e+03
6.150284914294323244e+03
6.156573594444284026e+03
6.162862223830642506e+03
6.169150817109716627e+03
6.175439451441842721e+03
6.181728131322555782e+03
6.188016781251791144e+03
6.194305374393523380e+03
6.200593986654492255e+03
6.206882665452731089e+03
6.213171319914400556e+03
6.219459898578832508e+03
6.225748525210727166e+03
6.232037206334178336e+03
6.238325861476595492e+03
6.244614442831957604e+03
6.250903067015125089e+03
6.257191738850172442e+03
6.263480408718564831e+03
6.269769006413636816e+03
6.276057609950841652e+03
6.282346273120047044e+03
6.288634946437197868e+03
