0.000000000000000000e+00
6.288599521143589222e+00
1.257727088747611610e+01
1.886594765676337815e+01
2.515454697705585119e+01
3.144314422403034825e+01
3.773180815859108606e+01
4.402048532283408377e+01
5.030908159024995996e+01
5.659767356824809070e+01
6.288634146054416618e+01
6.917501927125549344e+01
7.546362581778510048e+01
8.175220981532059739e+01
8.804087091272634780e+01
9.432955524147402571e+01
1.006181711446733118e+02
1.069067466190621332e+02
1.131954047036691833e+02
1.194840829497437795e+02
1.257726996674797419e+02
1.320612838642264251e+02
1.383499336359639074e+02
1.446386176174433729e+02
1.509272228527694040e+02
1.572158052617761541e+02
1.635044628200176362e+02
1.697931467535719321e+02
1.760817655427213424e+02
1.823703438844555649e+02
1.886589943875045776e+02
1.949476840724560702e+02
2.012363116521643747e+02
2.075248823218383052e+02
2.138135283475010056e+02
2.201022095986624549e+02
2.263908223308749825e+02
2.326794055805983135e+02
2.389680526322692913e+02
2.452567369162871103e+02
2.515453703031778332e+02
2.578339520947948245e+02
2.641225783736504127e+02
2.704112617820521791e+02
2.766999149971682073e+02
2.829885045880100165e+02
2.892771094390164990e+02
2.955657885454825760e+02
3.018544568014914944e+02
3.081430568075795122e+02
3.144316468142869780e+02
3.207203157365180459e+02
3.270089955815306553e+02
3.332976113987689928e+02
3.395861963030234278e+02
3.458748419221874997e+02
3.521635210106497880e+02
3.584521480553239599e+02
3.647407253891537948e+02
3.710293691259960269e+02
3.773180483220028805e+02
3.836066598744216094e+02
3.898952349655299372e+02
3.961838759731319897e+02
4.024725690575906469e+02
4.087612042324821573e+02
4.150497741196659263e+02
4.213383975814348901e+02
4.276270839636590040e+02
4.339157429822536756e+02
4.402043219885929943e+02
4.464929281888693708e+02
4.527816111022376617e+02
4.590702873759556724e+02
4.653588780464695560e+02
4.716474672425953827e+02
4.779361358820407872e+02
4.842248248283823955e+02
4.905134344079394282e+02
4.968020160517713180e+02
5.030906644751627823e+02
5.093793587204127675e+02
5.156679896469869391e+02
5.219565664297377907e+02
5.282451934860346228e+02
5.345338885207514750e+02
5.408225444732981941e+02
5.471111209870094854e+02
5.533997295219645594e+02
5.596884150396836048e+02
5.659770898068194356e+02
5.722656785914497277e+02
5.785542703095687784e+02
5.848429387302531950e+02
5.911316258950921565e+02
5.974202356455137988e+02
6.037088189482172993e+02
6.099974678514745392e+02
6.162861598102469998e+02
6.225747907978566218e+02
6.288633657739311502e+02
6.351520075069989844e+02
6.414406910980982275e+02
6.477293342747235556e+02
6.540179132942317892e+02
6.603065395961704098e+02
6.665952273716018226e+02
6.728838818215442643e+02
6.791724692326883996e+02
6.854610746293094508e+02
6.917497594565156760e+02
6.980384298488908144e+02
7.043270228365435059e+02
7.106156130030321947e+02
7.169042846159891269e+02
7.231929671361831424e+02
7.294815738703039187e+02
7.357701568524837512e+02
7.420588102854118233e+02
7.483474966981638090e+02
7.546361194291065431e+02
7.609246961793887749e+02
7.672133195711192002e+02
7.735020077047724953e+02
7.797906619631795593e+02
7.860792402151328133e+02
7.923678491059823727e+02
7.986565339987167818e+02
8.049452063825605137e+02
8.112337920644181395e+02
8.175223884525139511e+02
8.238110536296339887e+02
8.300997376881582568e+02
8.363883429500286866e+02
8.426769275742806258e+02
8.489655772947497780e+02
8.552542546725876491e+02
8.615428603719209377e+02
8.678314454662089474e+02
8.741201090349983360e+02
8.804087807334014997e+02
8.866973760238338400e+02
8.929859774091946747e+02
8.992746362589610953e+02
9.055633110911486483e+02
9.118519169120444303e+02
9.181405129174946751e+02
9.244291657114387135e+02
9.307178398680018745e+02
9.370064698109356414e+02
9.432950599590939191e+02
9.495836935582719889e+02
9.558723673547588078e+02
9.621610059726699546e+02
9.684496001920173285e+02
9.747382067254292224e+02
9.810268783152858987e+02
9.873155384442530931e+02
9.936041307774894449e+02
9.998927361181604283e+02
1.006181396437178591e+03
1.012470063501248433e+03
1.018758675112925062e+03
1.025047267867316123e+03
1.031335916938697665e+03
1.037624594122853068e+03
1.043913228435442988e+03
1.050201808311991499e+03
1.056490442661542829e+03
1.062779119209388455e+03
1.069067770294446518e+03
1.075356356377189513e+03
1.081644973748414031e+03
1.087933637686539896e+03
1.094222300487620487e+03
1.100510902657572387e+03
1.106799500126944622e+03
1.113088152107471615e+03
1.119376827186110177e+03
1.125665452339687363e+03
1.131954044357685234e+03
1.138242675184904328e+03
1.144531346608758213e+03
1.150820001139121587e+03
1.157108595175870732e+03
1.163397207737414192e+03
1.169685869607068980e+03
1.175974532699457313e+03
1.182263143220477559e+03
1.188551733743516934e+03
1.194840378301830015e+03
1.201129048573087175e+03
1.207417667458128335e+03
1.213706253160800316e+03
1.219994892047792973e+03
1.226283565106773722e+03
1.232572199699213570e+03
1.238860789054094994e+03
1.245149406876919102e+03
1.251438083283863534e+03
1.257726732289661186e+03
1.264015315602959163e+03
1.270303932946531859e+03
1.276592615307719825e+03
1.282881253057855247e+03
1.289169824375876260e+03
1.295458450554799583e+03
1.301747135788621790e+03
1.308035759188077463e+03
1.314324330630960731e+03
1.320612971450460464e+03
1.326901649994854779e+03
1.333190262863236740e+03
1.339478836656256135e+03
1.345767492035666010e+03
1.352056181032776294e+03
1.358344801080620982e+03
1.364633374168224918e+03
1.370922008548591975e+03
1.377210691797106165e+03
1.383499309013576749e+03
1.389787880189581301e+03
1.396076527597532049e+03
1.402365218408756164e+03
1.408653846451404206e+03
1.414942417518518823e+03
1.421231048109156745e+03
1.427519741462468346e+03
1.433808388884166106e+03
1.440096966432793124e+03
1.446385575794941587e+03
1.452674260997696820e+03
1.458962921317552173e+03
1.465251509931732471e+03
1.471540100341037260e+03
1.477828773819627031e+03
1.484117436190290164e+03
1.490406022865527120e+03
1.496694631179763746e+03
1.502983301309156104e+03
1.509271964600035744e+03
1.515560550174928949e+03
1.521849150652463777e+03
1.528137829202590183e+03
1.534426497962453823e+03
1.540715089231442107e+03
1.547003684520793513e+03
1.553292359310863276e+03
1.559581032283150535e+03
1.565869626306606051e+03
1.572158222842416990e+03
1.578446896209635497e+03
1.584735571024110641e+03
1.591024167825331006e+03
1.597312766895666300e+03
1.603601433895376431e+03
1.609890114833795678e+03
1.616178720402773479e+03
1.622467306699848905e+03
1.628755974750178439e+03
1.635044654076517645e+03
1.641333256906284987e+03
1.647621850543929895e+03
1.653910514845460284e+03
1.660199198361752906e+03
1.666487810779066649e+03
1.672776396206681966e+03
1.679065057547338711e+03
1.685353741662384209e+03
1.691642352713656464e+03
1.697930940621877653e+03
1.704219600167839417e+03
1.710508286136189781e+03
1.716796903310217203e+03
1.723085488139823383e+03
1.729374142591690088e+03
1.735662829455283372e+03
1.741951447963056353e+03
1.748240031455397002e+03
1.754528685539410844e+03
1.760817373400747783e+03
1.767105995010214428e+03
1.773394579331403293e+03
1.779683226206994505e+03
1.785971915032007928e+03
1.792260541451362997e+03
1.798549115543773496e+03
1.804837763388108897e+03
1.811126450534941114e+03
1.817415076233179434e+03
1.823703659780369890e+03
1.829992302698111644e+03
1.836280992025987644e+03
1.842569625621398473e+03
1.848858204706795050e+03
1.855146842238097634e+03
1.861435532159423246e+03
1.867724167467620646e+03
1.874012743034743153e+03
1.880301381827616979e+03
1.886590069723673196e+03
1.892878701556964870e+03
1.899167287471768077e+03
1.905455917512774022e+03
1.911744606003735498e+03
1.918033249252084715e+03
1.924321827566829597e+03
1.930610453287244809e+03
1.936899140670778706e+03
1.943187788192930611e+03
1.949476362687130177e+03
1.955764984369515560e+03
1.962053661454807070e+03
1.968342298047110489e+03
1.974630883599947083e+03
1.980919502561949685e+03
1.987208175288581970e+03
1.993496835031699220e+03
1.999785428673053502e+03
2.006074025023779086e+03
2.012362689981148833e+03
2.018651367392650855e+03
2.024939975259269431e+03
2.031228553842090378e+03
2.037517204795658699e+03
2.043805876664985362e+03
2.050094480736578134e+03
2.056383064150496466e+03
2.062671720886824914e+03
2.068960404437176749e+03
2.075249015402065197e+03
2.081537586444133012e+03
2.087826230048729485e+03
2.094114916800092033e+03
2.100403550031570830e+03
2.106692120710357813e+03
2.112980746746413388e+03
2.119269436120514001e+03
2.125558089904591725e+03
2.131846664424477694e+03
2.138135268862596604e+03
2.144423951263716845e+03
2.150712622936150183e+03
2.157001212037445384e+03
2.163289802809838420e+03
2.169578466625439887e+03
2.175867148835323860e+03
2.182155756464990645e+03
2.188444335559205683e+03
2.194732991968384795e+03
2.201021671392933968e+03
2.207310288924408269e+03
2.213598864894851431e+03
2.219887510073564954e+03
2.226176201084302193e+03
2.232464831165063970e+03
2.238753400268273253e+03
2.245042025300188016e+03
2.251330717219279904e+03
2.257619371145560308e+03
2.263907946247826658e+03
2.270196556648239948e+03
2.276485233066480760e+03
2.282773899618873202e+03
2.289062489264545093e+03
2.295351085411105032e+03
2.301639752150141703e+03
2.307928424697987339e+03
2.314217026298907513e+03
2.320505608900761217e+03
2.326794274449215209e+03
2.333082959691564156e+03
2.339371565914464099e+03
2.345660142489008649e+03
2.351948788473814602e+03
2.358237482020727384e+03
2.364526114902414974e+03
2.370814683724964652e+03
2.377103308204200403e+03
2.383391996829595882e+03
2.389680649428981724e+03
2.395969225780904708e+03
2.402257839193758173e+03
2.408546513620627138e+03
2.414835179926343699e+03
2.421123770822539882e+03
2.427412367527959759e+03
2.433701028518449675e+03
2.439989711254545909e+03
2.446278316880121110e+03
2.452566896830340738e+03
2.458855538883110057e+03
2.465144228575175930e+03
2.471432856851966335e+03
2.477721431902521999e+03
2.484010055860853299e+03
2.490298747787175216e+03
2.496587397709942707e+03
2.502875971896326973e+03
2.509164577096976700e+03
2.515453261863804073e+03
2.521741931152168490e+03
2.528030514511108322e+03
2.534319107331132727e+03
2.540607777167134373e+03
2.546896460264963480e+03
2.553185061623404636e+03
2.559473641632343515e+03
2.565762294676212150e+03
2.572050986198899409e+03
2.578339606606783491e+03
2.584628182069166542e+03
2.590916813588420155e+03
2.597205504931949235e+03
2.603494144587007213e+03
2.609782726248654853e+03
2.616071336408597290e+03
2.622360019040674160e+03
2.628648677803047576e+03
2.634937275557570501e+03
2.641225866350698197e+03
2.647514533326659148e+03
2.653803208456578886e+03
2.660091820882635147e+03
2.666380397916294896e+03
2.672669051946071704e+03
2.678957736042973465e+03
2.685246360396386081e+03
2.691534935675323140e+03
2.697823570686502990e+03
2.704112252854320104e+03
2.710400896696890413e+03
2.716689476877912057e+03
2.722978091888674953e+03
2.729266768017771483e+03
2.735555432213799122e+03
2.741844026456329630e+03
2.748132620746983775e+03
2.754421285002375043e+03
2.760709960251827852e+03
2.766998575144377355e+03
2.773287155025241191e+03
2.779575800178122790e+03
2.785864485336576308e+03
2.792153120724793553e+03
2.798441694692000510e+03
2.804730320962985843e+03
2.811019003024985977e+03
2.817307653627324271e+03
2.823596229569087427e+03
2.829884844224134667e+03
2.836173528638180869e+03
2.842462184357155365e+03
2.848750766912485233e+03
2.855039361893124351e+03
2.861328042041591289e+03
2.867616720734847604e+03
2.873905313773162106e+03
2.880193899563701962e+03
2.886482557438192089e+03
2.892771239672304091e+03
2.899059851334634459e+03
2.905348430016530074e+03
2.911637082028851182e+03
2.917925762323423896e+03
2.924214386274959907e+03
2.930502956570320748e+03
2.936791596685970944e+03
2.943080290116637570e+03
2.949368928136685099e+03
2.955657500776097550e+03
2.961946114363289325e+03
2.968234802567458701e+03
2.974523461522522666e+03
2.980812039690822985e+03
2.987100646955319462e+03
2.993389323481013889e+03
2.999677986785194207e+03
3.005966577070253152e+03
3.012255170940397875e+03
3.018543842917059919e+03
3.024832514301110677e+03
3.031121116886812615e+03
3.037409694595148721e+03
3.043698354702625238e+03
3.049987044048230018e+03
3.056275660161413725e+03
3.062564230522582875e+03
3.068852867381415308e+03
3.075141559835613407e+03
3.081430198381112405e+03
3.087718774447506348e+03
3.094007386979199509e+03
3.100296073729174168e+03
3.106584733281632452e+03
3.112873312773195721e+03
3.119161918261125265e+03
3.125450590401863337e+03
3.131739256710357040e+03
3.138027846378326558e+03
3.144316439959608488e+03
3.150605112329655640e+03
3.156893786062692470e+03
3.163182386484178096e+03
3.169470963002356712e+03
3.175759623719291085e+03
3.182048314173834569e+03
3.188336931709753571e+03
3.194625504825439293e+03
3.200914142552110206e+03
3.207202830162273131e+03
3.213491467153683971e+03
3.219780042685092212e+03
3.226068666703774397e+03
3.232357345898099084e+03
3.238645996210897010e+03
3.244934571709399734e+03
3.251223185338272287e+03
3.257511870529332555e+03
3.263800528716430563e+03
3.270089112888180352e+03
3.276377706801586100e+03
3.282666383405973647e+03
3.288955061997454322e+03
3.295243660066432767e+03
3.301532236969772839e+03
3.307820896228473885e+03
3.314109585083323054e+03
3.320398202224557735e+03
3.326686775363576089e+03
3.332975413824442512e+03
3.339264106198254467e+03
3.345552745238634543e+03
3.351841316988905419e+03
3.358129931383662097e+03
3.364418618099220112e+03
3.370707276395359713e+03
3.376995858258188036e+03
3.383284454641847333e+03
3.389573131102444222e+03
3.395861800280833450e+03
3.402150396358681974e+03
3.408438975418943755e+03
3.414727636451763374e+03
3.421016317933358550e+03
3.427304934378060352e+03
3.433593507617680643e+03
3.439882149118067900e+03
3.446170834435106826e+03
3.452459469703805098e+03
3.458748044506191945e+03
3.465036664639912942e+03
3.471325344489264808e+03
3.477613997180309980e+03
3.483902583133421558e+03
3.490191184435103423e+03
3.496479853730460036e+03
3.502768516591432217e+03
3.509057105074121864e+03
3.515345698152328623e+03
3.521634371098125939e+03
3.527923042229267139e+03
3.534211634627861258e+03
3.540500223189286316e+03
3.546788887928758413e+03
3.553077558855655298e+03
3.559366160872697492e+03
3.565654742601012913e+03
3.571943405501148845e+03
3.578232074934250249e+03
3.584520659209226778e+03
3.590809246314100164e+03
3.597097913928886555e+03
3.603386589058012760e+03
3.609675189062849313e+03
3.615963770154191479e+03
3.622252428779112051e+03
3.628541094352933214e+03
3.634829683236651363e+03
3.641118273656462407e+03
3.647406942909934060e+03
3.653695602214118480e+03
3.659984188360374446e+03
3.666272786336237004e+03
3.672561457651161618e+03
3.678850113447088006e+03
3.685138705457759443e+03
3.691427304908215319e+03
3.697715969094910633e+03
3.704004635992786007e+03
3.710293252213001324e+03
3.716581833905794610e+03
3.722870477169200967e+03
3.729159150495835092e+03
3.735447774382592797e+03
3.741736354740048682e+03
3.748024977205870073e+03
3.754313641515022937e+03
3.760602285225128526e+03
3.766890878209978382e+03
3.773179482467302478e+03
3.779468151739655696e+03
3.785756813615827014e+03
3.792045399950096453e+03
3.798334005509458166e+03
3.804622662064944961e+03
3.810911334254497433e+03
3.817199961581880871e+03
3.823488550019593731e+03
3.829777171262418960e+03
3.836065849739887199e+03
3.842354489040891167e+03
3.848643064694842906e+03
3.854931682181808355e+03
3.861220358782191852e+03
3.867508992610633868e+03
3.873797566563561759e+03
3.880086196820293935e+03
3.886374873938475957e+03
3.892663492679330830e+03
3.898952070176633242e+03
3.905240714587709590e+03
3.911529387507735464e+03
3.917817994415719568e+03
3.924106566025174743e+03
3.930395218976147135e+03
3.936683895374415897e+03
3.942972496403627702e+03
3.949261084045565440e+03
3.955549737992976134e+03
3.961838413595929069e+03
3.968127022916707574e+03
3.974415610998398279e+03
3.980704263872401953e+03
3.986992945659991619e+03
3.993281561218978823e+03
3.999570145309206055e+03
4.005858793156637148e+03
4.012147478917612261e+03
4.018436105934529678e+03
4.024724678908201440e+03
4.031013322399601748e+03
4.037302010713537584e+03
4.043590635409847437e+03
4.049879206139354665e+03
4.056167846090497278e+03
4.062456525162202070e+03
4.068745148393690670e+03
4.075033729339585989e+03
4.081322366834766854e+03
4.087611053307956354e+03
4.093899687719429494e+03
4.100188264579779570e+03
4.106476899665435667e+03
4.112765589581258610e+03
4.119054227517647632e+03
4.125342798658934953e+03
4.131631428919639802e+03
4.137920119251019059e+03
4.144208757258368678e+03
4.150497324372688126e+03
4.156785948813975665e+03
4.163074634194763348e+03
4.169363261940438861e+03
4.175651846460474189e+03
4.181940474950351017e+03
4.188229154538743387e+03
4.194517792696889956e+03
4.200806375762748758e+03
4.207095003535405340e+03
4.213383681578356118e+03
4.219672325199306215e+03
4.225960904637012391e+03
4.232249528932912654e+03
4.238538212408576328e+03
4.244826859977649292e+03
4.251115443392593079e+03
4.257404064788667711e+03
4.263692742952061963e+03
4.269981391049639569e+03
4.276269975223322945e+03
4.282558593303128873e+03
4.288847269634791701e+03
4.295135922536172984e+03
4.301424505819473779e+03
4.307713120627944591e+03
4.314001799669410502e+03
4.320290455379874402e+03
4.326579043464748793e+03
4.332867654956752631e+03
4.339156328738702541e+03
4.345444984758478313e+03
4.351733572103722508e+03
4.358022180294608916e+03
4.364310855104527036e+03
4.370599516465387751e+03
4.376888105365445881e+03
4.383176711113409510e+03
4.389465384764424925e+03
4.395754047248804454e+03
4.402042640513246624e+03
4.408331243432186966e+03
4.414619909580192143e+03
4.420908574636046978e+03
4.427197165567454249e+03
4.433485763965488331e+03
4.439774434573381768e+03
4.446063103024886004e+03
4.452351692517533593e+03
4.458640283190612536e+03
4.464928950986260134e+03
4.471217606417792013e+03
4.477506187599198711e+03
4.483794790014657337e+03
4.490083462471530765e+03
4.496372116431415634e+03
4.502660699576280422e+03
4.508949306933576736e+03
4.515237981163536460e+03
4.521526630742540874e+03
4.527815205213481022e+03
4.534103823312911118e+03
4.540392502609000076e+03
4.546681137584295357e+03
4.552969713059763308e+03
4.559258341595743332e+03
4.565547021345294525e+03
4.571835645339333496e+03
4.578124219533549876e+03
4.584412860153089241e+03
4.590701536389949069e+03
4.596990171122148240e+03
4.603278762377518433e+03
4.609567380976475761e+03
4.615856047765744734e+03
4.622144707520581505e+03
4.628433305677544013e+03
4.634721893779309539e+03
4.641010559122913037e+03
4.647299221382842916e+03
4.653587807352412710e+03
4.659876408385083778e+03
4.666165081632876536e+03
4.672453731666933891e+03
4.678742309957870020e+03
4.685030920808140763e+03
4.691319598190452780e+03
4.697608235961744867e+03
4.703896809197680341e+03
4.710185434387790337e+03
4.716474113163382754e+03
4.722762736248072542e+03
4.729051307169621396e+03
4.735339948615203866e+03
4.741628621257716986e+03
4.747917246868395523e+03
4.754205822071979128e+03
4.760494460891637573e+03
4.766783138046270324e+03
4.773071783465127737e+03
4.779360360059489722e+03
4.785648978536977665e+03
4.791937652623082613e+03
4.798226309817780930e+03
4.804514899965613040e+03
4.810803500139247262e+03
4.817092162559097233e+03
4.823380830452159898e+03
4.829669415415778531e+03
4.835958007659878604e+03
4.842246684682751038e+03
4.848535351223639736e+03
4.854823949754581918e+03
4.861112530423441058e+03
4.867401191027134701e+03
4.873689869196096879e+03
4.879978480319610753e+03
4.886267055825031093e+03
4.892555705733161631e+03
4.898844378935753411e+03
4.905132981864298017e+03
4.911421553674210372e+03
4.917710208509286531e+03
4.923998896388759931e+03
4.930287517527762247e+03
4.936576086487332759e+03
4.942864722532622181e+03
4.949153413429481589e+03
4.955442050544496851e+03
4.961730624794578944e+03
4.968019240925435952e+03
4.974307923227667743e+03
4.980596574208230777e+03
4.986885151819235944e+03
4.993173759355045149e+03
4.999462438543004282e+03
5.005751101928920434e+03
5.012039688063261565e+03
5.018328282894456606e+03
5.024616952489738651e+03
5.030905606625365181e+03
5.037194185223502245e+03
5.043482787886821825e+03
5.049771467326940183e+03
5.056060111093883279e+03
5.062348685959844261e+03
5.068637306583944337e+03
5.074925985256260901e+03
5.081214633464940562e+03
5.087503210118139577e+03
5.093791822035173027e+03
5.100080505268556408e+03
5.106369160294801986e+03
5.112657739501187280e+03
5.118946347950316522e+03
5.125235030084890241e+03
5.131523687454408901e+03
5.137812267791944578e+03
5.144100875784259188e+03
5.150389557386622982e+03
5.156678218915568323e+03
5.162966804754993063e+03
5.169255412889479885e+03
5.175544088872510656e+03
5.181832756478939700e+03
5.188121349487159023e+03
5.194409947180759445e+03
5.200698624061695227e+03
5.206987291198136518e+03
5.213275880191557007e+03
5.219564483313969504e+03
5.225853158095875187e+03
5.232141829828417940e+03
5.238430427011323445e+03
5.244719023080784609e+03
5.251007694252195506e+03
5.257296367202004149e+03
5.263584962253789854e+03
5.269873556263274622e+03
5.276162227583416097e+03
5.282450901724639152e+03
5.288739501415384439e+03
5.295028094753703954e+03
5.301316758668518560e+03
5.307605436728845234e+03
5.313894041642710363e+03
5.320182626293773865e+03
5.326471292283953517e+03
5.332759968991563255e+03
5.339048571371157777e+03
5.345337163055941346e+03
5.351625824934105367e+03
5.357914506184108177e+03
5.364203117597615346e+03
5.370491701253645260e+03
5.376780360853973434e+03
5.383069041591188579e+03
5.389357651662988246e+03
5.395646238276020085e+03
5.401934894544728195e+03
5.408223578290216210e+03
5.414512195033585158e+03
5.420800776582178514e+03
5.427089429662881230e+03
5.433378112704653176e+03
5.439666729113211659e+03
5.445955312183509704e+03
5.452243962860930878e+03
5.458532648521900228e+03
5.464821271410396548e+03
5.471109850869554975e+03
5.477398496763286857e+03
5.483687181997843254e+03
5.489975805674034746e+03
5.496264385946939001e+03
5.502553030544945614e+03
5.508841717463107670e+03
5.515130346170978555e+03
5.521418924575624260e+03
5.527707562587441316e+03
5.533996249183941472e+03
5.540284880303878708e+03
5.546573456986488964e+03
5.552862095647292335e+03
5.559150782781385715e+03
5.565439414668278005e+03
5.571727994456990928e+03
5.578016626249881483e+03
5.584305313662730441e+03
5.590593953080064239e+03
5.596882527111266427e+03
5.603171159196591361e+03
5.609459845625032358e+03
5.615748482742374108e+03
5.622037064081184326e+03
5.628325689698508540e+03
5.634614376698792512e+03
5.640903022875967508e+03
5.647191597317797459e+03
5.653480222242937998e+03
5.659768907584121735e+03
5.666057551844013688e+03
5.672346134457898188e+03
5.678634753836558957e+03
5.684923439790665725e+03
5.691212091499497546e+03
5.697500669696744808e+03
5.703789285736927923e+03
5.710077970033677047e+03
5.716366622436684338e+03
5.722655205156767806e+03
5.728943818647654552e+03
5.735232503148157775e+03
5.741521159384601560e+03
5.747809741917473730e+03
5.754098351166340763e+03
5.760387033958550091e+03
5.766675692185135631e+03
5.772964277149486406e+03
5.779252884089968575e+03
5.785541566043464627e+03
5.791830226289183884e+03
5.798118812884182262e+03
5.804407415283390947e+03
5.810696095584745308e+03
5.816984760076212297e+03
5.823273347388624643e+03
5.829561948088228746e+03
5.835850626860444208e+03
5.842139291815749857e+03
5.848427882699139445e+03
5.854716479454108594e+03
5.861005156160648767e+03
5.867293825666922203e+03
5.873582416086482226e+03
5.879871011702084616e+03
5.886159686649104515e+03
5.892448355252897272e+03
5.898736951321532615e+03
5.905025542216560098e+03
5.911314214458147944e+03
5.917602888445054305e+03
5.923891483414798131e+03
5.930180072920439670e+03
5.936468743203306985e+03
5.942757415884378133e+03
5.949046017974846109e+03
5.955334604027984824e+03
5.961623271777179980e+03
5.967911949263087081e+03
5.974200550068087978e+03
5.980489133694244629e+03
5.986777799695396425e+03
5.993066477135191235e+03
5.999355083604426000e+03
6.005643666198826395e+03
6.011932329643674166e+03
6.018221009394534121e+03
6.024509617098774470e+03
6.030798196167048445e+03
6.037086856892672586e+03
6.043375537755948244e+03
6.049664149430307589e+03
6.055952728037755151e+03
6.062241386229611635e+03
6.068530067827752646e+03
6.074818682217942296e+03
6.081107258599101442e+03
6.087395913635187753e+03
6.093684597042458336e+03
6.099973214625987566e+03
6.106261790379915510e+03
6.112550442706474314e+03
6.118839125697236341e+03
6.125127746880543782e+03
6.131416320852202261e+03
6.137704969166171395e+03
6.143993654394027544e+03
6.150282277783202517e+03
6.156570851655690603e+03
6.162859497762234241e+03
6.169148181613581983e+03
6.175436809946377252e+03
6.181725382350947257e+03
6.188014024185739800e+03
6.194302710276895596e+03
6.200591340061766459e+03
6.206879912476420031e+03
6.213168552128855481e+03
6.219457236343512704e+03
6.225745871618003548e+03
6.232034443212770384e+03
6.238323077899877717e+03
6.244611764282898548e+03
6.250900399552114322e+03
6.257188970461325880e+03
6.263477604061823513e+03
6.269766288198874463e+03
6.276054930295659688e+03
6.282343502838678432e+03
6.288632129383188840e+03
