0.000000000000000000e+00
6.288603428343133572e+00
1.257725082135532269e+01
1.886590397701978716e+01
2.515451462684297823e+01
3.144311267374930452e+01
3.773175257017833673e+01
4.402040940890271514e+01
5.030902868778034076e+01
5.659762357967888846e+01
6.288625500922133682e+01
6.917491356576124417e+01
7.546354174045559660e+01
8.175213608641574581e+01
8.804075851213103476e+01
9.432941624853698670e+01
1.006180532483344905e+02
1.069066498674764176e+02
1.131952635970839083e+02
1.194839182665961062e+02
1.257725630582745993e+02
1.320611643662318500e+02
1.383497701830253277e+02
1.446384197566944181e+02
1.509270711150969362e+02
1.572156790619138178e+02
1.635042788134804823e+02
1.697929214522729637e+02
1.760815771716258098e+02
1.823701933889007307e+02
1.886587890807377619e+02
1.949474235513256133e+02
2.012360818627867047e+02
2.075247068560444177e+02
2.138133010644665433e+02
2.201019267101567891e+02
2.263905849123536029e+02
2.326792188774682586e+02
2.389678144603097962e+02
2.452564311572034512e+02
2.515450872142960179e+02
2.578337293631226430e+02
2.641223287014364018e+02
2.704109371674893509e+02
2.766995887438398540e+02
2.829882379840369140e+02
2.892768433928001741e+02
2.955654451013056701e+02
3.018540903636325652e+02
3.081427446991954753e+02
3.144313578926690411e+02
3.207199547019479837e+02
3.270085921281088304e+02
3.332972498897804599e+02
3.395858716825664487e+02
3.458744661118226418e+02
3.521630949498805876e+02
3.584517533473791104e+02
3.647403841826542816e+02
3.710289790226134983e+02
3.773175987780762739e+02
3.836062559598056509e+02
3.898948952908754677e+02
3.961834929351777532e+02
4.024721042576299510e+02
4.087607575855623736e+02
4.150494044599880681e+02
4.213380075541055021e+02
4.276266114454662102e+02
4.339152591845769393e+02
4.402039118949458043e+02
4.464925221273976490e+02
4.527811204062693378e+02
4.590697607487087453e+02
4.653584176101064145e+02
4.716470362316842397e+02
4.779356312217347522e+02
4.842242632525680506e+02
4.905129215931201543e+02
4.968015492208157298e+02
5.030901436165783593e+02
5.093787665250005716e+02
5.156674245485673964e+02
5.219560609156657165e+02
5.282446571919778080e+02
5.345332714998656911e+02
5.408219263278259632e+02
5.471105706818533463e+02
5.533991717081752313e+02
5.596877779519149954e+02
5.659764279732230534e+02
5.722650788416690375e+02
5.785536862828533913e+02
5.848422863307901025e+02
5.911309293795349049e+02
5.974195850402620636e+02
6.037082006467492192e+02
6.099967964853217381e+02
6.162854315886137329e+02
6.225740896102346369e+02
6.288627140533089914e+02
6.351513083507519468e+02
6.414399343901674229e+02
6.477285929137295852e+02
6.540172262586841043e+02
6.603058215027605229e+02
6.665944388827778084e+02
6.728830949859691373e+02
6.791717366259643995e+02
6.854603357959657615e+02
6.917489446119802778e+02
6.980375966821183056e+02
7.043262454557836918e+02
7.106148503039507887e+02
7.169034524139165114e+02
7.231920980429424617e+02
7.294807522046787653e+02
7.357693648712297545e+02
7.420579618681872489e+02
7.483465999918906846e+02
7.546352574139631315e+02
7.609238786211305978e+02
7.672124731670763822e+02
7.735011024143235545e+02
7.797897610747769477e+02
7.860783913161619694e+02
7.923669858745688543e+02
7.986556063997850288e+02
8.049442635145053373e+02
8.112329022978261719e+02
8.175214998584657451e+02
8.238101114838653984e+02
8.300987653254757106e+02
8.363874117654110023e+02
8.426760142634279873e+02
8.489646186888129478e+02
8.552532666966753823e+02
8.615419190973940431e+02
8.678305289692067390e+02
8.741191274361173100e+02
8.804077684281576239e+02
8.866964249770874176e+02
8.929850430186444328e+02
8.992736381794633189e+02
9.055622705747083501e+02
9.118509290577529782e+02
9.181395561716942666e+02
9.244281503996974152e+02
9.307167740763402435e+02
9.370054319511615404e+02
9.432940677666399552e+02
9.495826640233065064e+02
9.558712786017883900e+02
9.621599339113549831e+02
9.684485778486229037e+02
9.747371782721054387e+02
9.810257852184216745e+02
9.873144354012310941e+02
9.936030858287549563e+02
9.998916930291788958e+02
1.006180293258973734e+03
1.012468936953950561e+03
1.018757592344185809e+03
1.025046207279619011e+03
1.031334803415797069e+03
1.037623438885959104e+03
1.043912096864908790e+03
1.050200720842025476e+03
1.056489315070047269e+03
1.062777941892291210e+03
1.069066600260891391e+03
1.075355233024190056e+03
1.081643828290251804e+03
1.087932445945203199e+03
1.094221102423174671e+03
1.100509743686362981e+03
1.106798342350829216e+03
1.113086951945825149e+03
1.119375604084737006e+03
1.125664252370198710e+03
1.131952857083248318e+03
1.138241459326671702e+03
1.144530105534251334e+03
1.150818759509119900e+03
1.157107371491046933e+03
1.163395968914735249e+03
1.169684607322813918e+03
1.175973264568701779e+03
1.182261885422875139e+03
1.188550479956982372e+03
1.194839109892037413e+03
1.201127768463177063e+03
1.207416398097076353e+03
1.213704992699907280e+03
1.219993613531507435e+03
1.226282270901894435e+03
1.232570909295056936e+03
1.238859506464063315e+03
1.245148118863269474e+03
1.251436772777300575e+03
1.257725418677959624e+03
1.264014021036080521e+03
1.270302625599312250e+03
1.276591274160375633e+03
1.282879926385859790e+03
1.289168535520918113e+03
1.295457134526861637e+03
1.301745775836496932e+03
1.308034432055091202e+03
1.314323049737670999e+03
1.320611644908472272e+03
1.326900277959463210e+03
1.333188936440171346e+03
1.339477562855454380e+03
1.345766157146222213e+03
1.352054781216927495e+03
1.358343439204190872e+03
1.364632074597957171e+03
1.370920670553311766e+03
1.377209285874293528e+03
1.383497941317853702e+03
1.389786584663751228e+03
1.396075184909515201e+03
1.402363792033699156e+03
1.408652442708274748e+03
1.414941092937702024e+03
1.421229699477170698e+03
1.427518300285413488e+03
1.433806944283954408e+03
1.440095599274433880e+03
1.446384213901237445e+03
1.452672810039254500e+03
1.458961446128958642e+03
1.465250104178331640e+03
1.471538727405257987e+03
1.477827321767047124e+03
1.484115949035914809e+03
1.490404607359675538e+03
1.496693239675133327e+03
1.502981834733481037e+03
1.509270453067846120e+03
1.515559109768426879e+03
1.521847750381970400e+03
1.528136348798464041e+03
1.534424958711358158e+03
1.540713611267977967e+03
1.547002259224213958e+03
1.553290863328741580e+03
1.559579466209978818e+03
1.565868112785930180e+03
1.572156766269863283e+03
1.578445377875912982e+03
1.584733975338933533e+03
1.591022614371293457e+03
1.597311271636881429e+03
1.603599891702855757e+03
1.609888486467235225e+03
1.616177116928962050e+03
1.622465775317688212e+03
1.628754404464405525e+03
1.635042998942738450e+03
1.641331620397747884e+03
1.647620278032183478e+03
1.653908915782552640e+03
1.660197512714450568e+03
1.666486125541860247e+03
1.672774779701568832e+03
1.679063425211616732e+03
1.685352027140975679e+03
1.691640632289961786e+03
1.697929281207883150e+03
1.704217932967163506e+03
1.710506541743692878e+03
1.716795140834687118e+03
1.723083782654271999e+03
1.729372438827909264e+03
1.735661055860710121e+03
1.741949651334594819e+03
1.748238284906010222e+03
1.754526943109046442e+03
1.760815569078528824e+03
1.767104163313722211e+03
1.773392787920685350e+03
1.779681446147714041e+03
1.785970080965434363e+03
1.792258676747350819e+03
1.798547292576636210e+03
1.804835948108798220e+03
1.811124591022425875e+03
1.817413190998525806e+03
1.823701798652982006e+03
1.829990449713044200e+03
1.836279099498566211e+03
1.842567705585059912e+03
1.848856306626961214e+03
1.855144951100962544e+03
1.861433605895321762e+03
1.867722219964968872e+03
1.874010816456538350e+03
1.880299453057458550e+03
1.886588110822329554e+03
1.892876733582622819e+03
1.899165327898325359e+03
1.905453955718707903e+03
1.911742614233221957e+03
1.918031245970877762e+03
1.924319840910312223e+03
1.930608459843942455e+03
1.936897116532402606e+03
1.943185756680132727e+03
1.949474354929637002e+03
1.955762965274121598e+03
1.962051618209749677e+03
1.968340265824507696e+03
1.974628869458100326e+03
1.980917472680426727e+03
1.987206119601875116e+03
1.993494772816554359e+03
1.999783384030002253e+03
2.006071981806787107e+03
2.012360621316417564e+03
2.018649278384881427e+03
2.024937897953989022e+03
2.031226492706270392e+03
2.037515123657112326e+03
2.043803782138688575e+03
2.050092410822760939e+03
2.056381005260206621e+03
2.062669627274427967e+03
2.068958284859052583e+03
2.075246922154754884e+03
2.081535518941244845e+03
2.087824132134996034e+03
2.094112786659422454e+03
2.100401431902444529e+03
2.106690033356522690e+03
2.112978638948536627e+03
2.119267288139732045e+03
2.125555939546256013e+03
2.131844548018967544e+03
2.138133147382139668e+03
2.144421789659777460e+03
2.150710445751203224e+03
2.156999062184704144e+03
2.163287657726129964e+03
2.169576291768282317e+03
2.175864949942596468e+03
2.182153575489939612e+03
2.188442169721778555e+03
2.194730794880759731e+03
2.201019453120326943e+03
2.207308087383389193e+03
2.213596682992242677e+03
2.219885299235909315e+03
2.226173955065087739e+03
2.232462597696244757e+03
2.238751197230898924e+03
2.245039805381782116e+03
2.251328456653203830e+03
2.257617106014680303e+03
2.263905711857416463e+03
2.270194313129080001e+03
2.276482958017392320e+03
2.282771612796599129e+03
2.289060226218564367e+03
2.295348822869214018e+03
2.301637459899085115e+03
2.307926117493614129e+03
2.314214739883453603e+03
2.320503334249070122e+03
2.326791962506026721e+03
2.333080621116087968e+03
2.339369252277313990e+03
2.345657847065409442e+03
2.351946466414843144e+03
2.358235123281237975e+03
2.364523763124177094e+03
2.370812361037257688e+03
2.377100971882515296e+03
2.383389625027805778e+03
2.389678272130843197e+03
2.395966875528908531e+03
2.402255478992956341e+03
2.408544126283666628e+03
2.414832779446926452e+03
2.421121389986936265e+03
2.427409988047567367e+03
2.433698628011638903e+03
2.439987284734348577e+03
2.446275903927885338e+03
2.452564498781877319e+03
2.458853130174081798e+03
2.465141788822047147e+03
2.471430416795758447e+03
2.477719011117426817e+03
2.484007633671853000e+03
2.490296291292109345e+03
2.496584928160591517e+03
2.502873524722042475e+03
2.509162138431192943e+03
2.515450793227864324e+03
2.521739437845851626e+03
2.528028039010690918e+03
2.534316644932499457e+03
2.540605294446016160e+03
2.546893945707412058e+03
2.553182553556316634e+03
2.559471153302417406e+03
2.565759796036315038e+03
2.572048451653190114e+03
2.578337067741467763e+03
2.584625663405955038e+03
2.590914297842607994e+03
2.597202956190447367e+03
2.603491580995625554e+03
2.609780175190511727e+03
2.616068800935352556e+03
2.622357459039709738e+03
2.628646092871011206e+03
2.634934688386121707e+03
2.641223305051653824e+03
2.647511961225594405e+03
2.653800603213084287e+03
2.660089202414422743e+03
2.666377811019896853e+03
2.672666462545649210e+03
2.678955111634628338e+03
2.685243716960585516e+03
2.691532318639319328e+03
2.697820964037015074e+03
2.704109618287507601e+03
2.710398231304867295e+03
2.716686828129368223e+03
2.722975465589237047e+03
2.729264123297945844e+03
2.735552744935481314e+03
2.741841339351884471e+03
2.748129968301396730e+03
2.754418626650406168e+03
2.760707257349222800e+03
2.766995852093877147e+03
2.773284471841283903e+03
2.779573129130752477e+03
2.785861768301511347e+03
2.792150365843112013e+03
2.798438977294796132e+03
2.804727630584975032e+03
2.811016277328076285e+03
2.817304880341042917e+03
2.823593484175795311e+03
2.829882132044876471e+03
2.836170784695006660e+03
2.842459394758661347e+03
2.848747993072816371e+03
2.855036633422466821e+03
2.861325290180770480e+03
2.867613908694023849e+03
2.873902503659927788e+03
2.880191135784941707e+03
2.886479794102252072e+03
2.892768421595289510e+03
2.899057015892492018e+03
2.905345638827371204e+03
2.911634296863563577e+03
2.917922933085425484e+03
2.924211529298875575e+03
2.930500143726005717e+03
2.936788798562585271e+03
2.943077442744863674e+03
2.949366043619831999e+03
2.955654649869964487e+03
2.961943300000498311e+03
2.968231950764568410e+03
2.974520558056332447e+03
2.980809158171545278e+03
2.987097801254019487e+03
2.993386456750539310e+03
2.999675072249316599e+03
3.005963668061872340e+03
3.012252303224240677e+03
3.018540961229466120e+03
3.024829585540018797e+03
3.031118179757089365e+03
3.037406805844248993e+03
3.043695464246738084e+03
3.049984097503186604e+03
3.056272692752143485e+03
3.062561310142184539e+03
3.068849966219033377e+03
3.075138607773021704e+03
3.081427206827423106e+03
3.087715815637189735e+03
3.094004467684670090e+03
3.100293116394527260e+03
3.106581721205179747e+03
3.112870323344971439e+03
3.119158968949479458e+03
3.125447622966421022e+03
3.131736235583544840e+03
3.138024832549679559e+03
3.144313470650679847e+03
3.150602128079904560e+03
3.156890749219514873e+03
3.163179343724286809e+03
3.169467972967040623e+03
3.175756631466814270e+03
3.182045261671558364e+03
3.188333856270162414e+03
3.194622476727218782e+03
3.200911133857058758e+03
3.207199772592038698e+03
3.213488370037645382e+03
3.219776981671433077e+03
3.226065635414307053e+03
3.232354281798508509e+03
3.238642884314609546e+03
3.244931488731810077e+03
3.251220136712478961e+03
3.257508789010134933e+03
3.263797398795132722e+03
3.270085997240706092e+03
3.276374638159881215e+03
3.282663294693592434e+03
3.288951912697623357e+03
3.295240507833139418e+03
3.301529140233172257e+03
3.307817798537727867e+03
3.314106425585327543e+03
3.320395019853587200e+03
3.326683643435520935e+03
3.332972301332144525e+03
3.339260937114052467e+03
3.345549533236912339e+03
3.351838147875516825e+03
3.358126803058784390e+03
3.364415446891196098e+03
3.370704047367751173e+03
3.376992654262053748e+03
3.383281304452615586e+03
3.389569954815913661e+03
3.395858561854329309e+03
3.402147162095816384e+03
3.408435805717218045e+03
3.414724461054885523e+03
3.421013075960102924e+03
3.427301672064447303e+03
3.433590307564283648e+03
3.439878965407750002e+03
3.446167589249973844e+03
3.452456183500740735e+03
3.458744810245375902e+03
3.465033468643678134e+03
3.471322101335205843e+03
3.477610696467957951e+03
3.483899314232441156e+03
3.490187970585117000e+03
3.496476611673911975e+03
3.502765210374599064e+03
3.509053819898036181e+03
3.515342472095925132e+03
3.521631120310748884e+03
3.527919724796043738e+03
3.534208327115994052e+03
3.540496973260589584e+03
3.546785627118291359e+03
3.553074239090859010e+03
3.559362836454860826e+03
3.565651474932986275e+03
3.571940132085844198e+03
3.578228752746513237e+03
3.584517347295147829e+03
3.590805977185792926e+03
3.597094635767507043e+03
3.603383265327641766e+03
3.609671859814623076e+03
3.615960480764023032e+03
3.622249138012656658e+03
3.628537776225343350e+03
3.634826373434922516e+03
3.641114985738858650e+03
3.647403639721310810e+03
3.653692285596462170e+03
3.659980887714995788e+03
3.666269492404150697e+03
3.672558140889103470e+03
3.678846792950001600e+03
3.685135402111536678e+03
3.691424001024405698e+03
3.697712642391355530e+03
3.704001298579679769e+03
3.710289916046886447e+03
3.716578511253993838e+03
3.722867144260450459e+03
3.729155802679785666e+03
3.735444429065906661e+03
3.741733023273417984e+03
3.748021647424254297e+03
3.754310305317453185e+03
3.760598940536639475e+03
3.766887536532628019e+03
3.773176151735451640e+03
3.779464807213791119e+03
3.785753450552059348e+03
3.792042050603161442e+03
3.798330657857619371e+03
3.804619308426381849e+03
3.810907958466687887e+03
3.817196565069174540e+03
3.823485165743504240e+03
3.829773809798897219e+03
3.836062464792110404e+03
3.842351079187680170e+03
3.848639675386581985e+03
3.854928311406434659e+03
3.861216969319175860e+03
3.867505592581295787e+03
3.873794186850748702e+03
3.880082814157339726e+03
3.886371472425355023e+03
3.892660104584635519e+03
3.898948699664209471e+03
3.905237317911614809e+03
3.911525974567000048e+03
3.917814615208248597e+03
3.924103213504814448e+03
3.930391823492861931e+03
3.936680475923331869e+03
3.942969123725848931e+03
3.949257727931016689e+03
3.955546330643528108e+03
3.961834977209878616e+03
3.968123630749703807e+03
3.974412242182042519e+03
3.980700839706502848e+03
3.986989478648428303e+03
3.993278135742000813e+03
3.999566755894147718e+03
4.005855350539312894e+03
4.012143981002703640e+03
4.018432639400552944e+03
4.024721268381950722e+03
4.031009862869571407e+03
4.037298484258022199e+03
4.043587141783191782e+03
4.049875779562196385e+03
4.056164376386085223e+03
4.062452989269531372e+03
4.068741643342757015e+03
4.075030288708372609e+03
4.081318890674656359e+03
4.087607495695267517e+03
4.093896144600937532e+03
4.100184796390539304e+03
4.106473404953180761e+03
4.112762004142296064e+03
4.119050645900072595e+03
4.125339301887083820e+03
4.131627918966035395e+03
4.137916514308362821e+03
4.144205147885388214e+03
4.150493806149148440e+03
4.156782431909139632e+03
4.163071026132119187e+03
4.169359650714737654e+03
4.175648308804741646e+03
4.181936943605192027e+03
4.188225539270662011e+03
4.194514155132198539e+03
4.200802810647191109e+03
4.207091453406816981e+03
4.213380053348343608e+03
4.219668660899244969e+03
4.225957311908390693e+03
4.232245961719565457e+03
4.238534567627934848e+03
4.244823168742145754e+03
4.251111813151091155e+03
4.257400467795933764e+03
4.263689081855377481e+03
4.269977678196149100e+03
4.276266314771156431e+03
4.282554972607567834e+03
4.288843595169744731e+03
4.295132189484277660e+03
4.301420817262099263e+03
4.307709475619443765e+03
4.313998107345794779e+03
4.320286702184537717e+03
4.326575321088878809e+03
4.332863977825129041e+03
4.339152617817593637e+03
4.345441215986792486e+03
4.351729826278759901e+03
4.358018479136911992e+03
4.364307126723195324e+03
4.370595730219508368e+03
4.376884333491096186e+03
4.383172980385230403e+03
4.389461633455652191e+03
4.395750244609677793e+03
4.402038842261491482e+03
4.408327481730248110e+03
4.414616138852057702e+03
4.420904758229583422e+03
4.427193353008445229e+03
4.433481983938292615e+03
4.439770642273885642e+03
4.446059270904457662e+03
4.452347865232884942e+03
4.458636487213332657e+03
4.464925144880836342e+03
4.471213782001384061e+03
4.477502378703405157e+03
4.483790991899578330e+03
4.490079646316153230e+03
4.496368291462864363e+03
4.502656892836427687e+03
4.508945498431667147e+03
4.515234147639135699e+03
4.521522798906961725e+03
4.527811407268578478e+03
4.534100006567591663e+03
4.540388648814634507e+03
4.546677304863817881e+03
4.552965921146115761e+03
4.559254516730457908e+03
4.565543150780051292e+03
4.571831808820552396e+03
4.578120434243451200e+03
4.584409028379205665e+03
4.590697653509845622e+03
4.596986311819347065e+03
4.603274945889549599e+03
4.609563541437230924e+03
4.615852157729104874e+03
4.622140813465369320e+03
4.628429455913365018e+03
4.634718055371640730e+03
4.641006663526438388e+03
4.647295314868738387e+03
4.653583964071956871e+03
4.659872569754912547e+03
4.666161171035057123e+03
4.672449815914698775e+03
4.678738470553816114e+03
4.685027083824975307e+03
4.691315680526666256e+03
4.697604317618482128e+03
4.703892975074446440e+03
4.710181597281098220e+03
4.716470191571986106e+03
4.722758819878374197e+03
4.729047478471533395e+03
4.735336109415207829e+03
4.741624704176719206e+03
4.747913323625683915e+03
4.754201980404895949e+03
4.760490620004368793e+03
4.766779217814357253e+03
4.773067828699106030e+03
4.779356481938002617e+03
4.785645128850072069e+03
4.791933732068670906e+03
4.798222335607601053e+03
4.804510982926833094e+03
4.810799635857919384e+03
4.817088246262256689e+03
4.823376844372650339e+03
4.829665484414698767e+03
4.835954141032668304e+03
4.842242760011563405e+03
4.848531354808616015e+03
4.854819986292513931e+03
4.861108644837814609e+03
4.867397272600194810e+03
4.873685866920408444e+03
4.879974489569559410e+03
4.886263147122580449e+03
4.892551783767494271e+03
4.898840380220574843e+03
4.905128993979561528e+03
4.911417648831523366e+03
4.917706293273859046e+03
4.923994894276316700e+03
4.930283500308318253e+03
4.936572149860215177e+03
4.942860800844899131e+03
4.949149408554452748e+03
4.955438008346636707e+03
4.961726651199644039e+03
4.968015306714769395e+03
4.974303922570391478e+03
4.980592518211939023e+03
4.986881152781957098e+03
4.993169810944041274e+03
4.999458435581439517e+03
5.005747029786030907e+03
5.012035655623200910e+03
5.018324313711746072e+03
5.024612947309024094e+03
5.030901542680074272e+03
5.037190159452217813e+03
5.043478815628727716e+03
5.049767457432825722e+03
5.056056056507559333e+03
5.062344665220556635e+03
5.068633316784948875e+03
5.074921965629255283e+03
5.081210570820084286e+03
5.087499172528973759e+03
5.093787818000681909e+03
5.100076472181524878e+03
5.106365084973187550e+03
5.112653681801916719e+03
5.118942319390536795e+03
5.125230976857826136e+03
5.131519598349847911e+03
5.137808192780574245e+03
5.144096821806054322e+03
5.150385480146886039e+03
5.156674110629404822e+03
5.162962705234316672e+03
5.169251325130853729e+03
5.175539982298269024e+03
5.181828621318305522e+03
5.188117218798022805e+03
5.194405830309508929e+03
5.200694483647147536e+03
5.206983130163225724e+03
5.213271733012346886e+03
5.219560336902066410e+03
5.225848984789709903e+03
5.232137637346884731e+03
5.238426247219362267e+03
5.244714845568210876e+03
5.251003486036919639e+03
5.257292142535344283e+03
5.263580760910523168e+03
5.269869355885785808e+03
5.276157988024507176e+03
5.282446646350279480e+03
5.288735273635302292e+03
5.295023867832753240e+03
5.301312490918381627e+03
5.307601148747206025e+03
5.313889784845160648e+03
5.320178381047328912e+03
5.326466995478242097e+03
5.332755650338138366e+03
5.339044294347880168e+03
5.345332895065856064e+03
5.351621501401243222e+03
5.357910151450978447e+03
5.364198802126010378e+03
5.370487409291165022e+03
5.376776009438709480e+03
5.383064652624459995e+03
5.389353307915452206e+03
5.395641923239691096e+03
5.401930519102945254e+03
5.408219154283243370e+03
5.414507812289058165e+03
5.420796436370225820e+03
5.427085030520061991e+03
5.433373656831821791e+03
5.439662315044432034e+03
5.445950948086723656e+03
5.452239543338250769e+03
5.458528160781681436e+03
5.464816816943419326e+03
5.471105458270786585e+03
5.477394057086696193e+03
5.483682666135540785e+03
5.489971318108662672e+03
5.496259966632586838e+03
5.502548571311798696e+03
5.508837173506609361e+03
5.515125819258524643e+03
5.521414473075892602e+03
5.527703085433550768e+03
5.533991682502347430e+03
5.540280320640894388e+03
5.546568978022779447e+03
5.552857598915655217e+03
5.559146193389368818e+03
5.565434822901276675e+03
5.571723481213767627e+03
5.578012111119883230e+03
5.584300705729130641e+03
5.590589326260720554e+03
5.596877983476362715e+03
5.603166621944255894e+03
5.609455219159875014e+03
5.615743831087653234e+03
5.622032484751624906e+03
5.628321130885769890e+03
5.634609733299691470e+03
5.640898337760007962e+03
5.647186985914551769e+03
5.653475638029530273e+03
5.659764247479428377e+03
5.666052846077578579e+03
5.672341487049327043e+03
5.678630143483394932e+03
5.684918761210024059e+03
5.691207356334353790e+03
5.697495989001645285e+03
5.703784647146241696e+03
5.710073273854292893e+03
5.716361868137570127e+03
5.722650491800899545e+03
5.728939149771529628e+03
5.735227785263076839e+03
5.741516381175375500e+03
5.747804996130754262e+03
5.754093651223903180e+03
5.760382294745248146e+03
5.766670895135810497e+03
5.772959502045348017e+03
5.779248152414991637e+03
5.785536802592341701e+03
5.791825409305430185e+03
5.798114009727826669e+03
5.804402653367773382e+03
5.810691308557838056e+03
5.816979923268607308e+03
5.823268519333680160e+03
5.829557155052001690e+03
5.835845812783448309e+03
5.842134436318389817e+03
5.848423030572499556e+03
5.854711657354770068e+03
5.861000315779843731e+03
5.867288948232463554e+03
5.873577543196912302e+03
5.879866161223238123e+03
5.886154817485256899e+03
5.892443458294203083e+03
5.898732056933520653e+03
5.905020666425321906e+03
5.911309318777401131e+03
5.917597966822168019e+03
5.923886570987680898e+03
5.930175173512487163e+03
5.936463819642310227e+03
5.942752473271274539e+03
5.949041085085247687e+03
5.955329682391274218e+03
5.961618321066130193e+03
5.967906978127605726e+03
5.974195598447545308e+03
5.980484193014586708e+03
5.986772822960223493e+03
5.993061481480609473e+03
5.999350110779337228e+03
6.005638705135635973e+03
6.011927326313558297e+03
6.018215983497902926e+03
6.024504621415858310e+03
6.030793218539741247e+03
6.037081830832492415e+03
6.043370484924774246e+03
6.049659130595228817e+03
6.055947732430667202e+03
6.062236337351023394e+03
6.068524985830993501e+03
6.074813637624486546e+03
6.081102246644982188e+03
6.087390845484479541e+03
6.093679487032616635e+03
6.099968143134018646e+03
6.106256760247415514e+03
6.112545355510663285e+03
6.118833988616252100e+03
6.125122646887663905e+03
6.131411273002601774e+03
6.137699867103634460e+03
6.143988491500873351e+03
6.150277149349777574e+03
6.156565784207882643e+03
6.162854380073055836e+03
6.169142995387703195e+03
6.175431650927273040e+03
6.181720293957633658e+03
6.188008893733184777e+03
6.194297501271137662e+03
6.200586151882769627e+03
6.206874801588567607e+03
6.213163407948691201e+03
6.219452008647879666e+03
6.225740652920896537e+03
6.232029307751257875e+03
6.238317921730916169e+03
6.244606518065892487e+03
6.250895154228976935e+03
6.257183811918283027e+03
6.263472434874328428e+03
6.269761029055332983e+03
6.276049656636976579e+03
6.282338314882927079e+03
6.288626946633329680e+03
