0.000000000000000000e+00
1.741875343568928969e+01
3.470393252800884909e+01
5.196913031324864818e+01
6.936853392729496193e+01
8.680144053564316664e+01
1.041109255562828935e+02
1.213623391988301847e+02
1.387383309084695782e+02
1.561793943272199670e+02
1.735154178846389641e+02
1.907606127624721069e+02
2.081105895185688155e+02
2.255533562135950092e+02
2.429160731253799668e+02
2.601632565911501729e+02
2.774863638561840276e+02
2.949242872086167040e+02
3.123119666577542830e+02
3.295691394273679293e+02
3.468665193597271355e+02
3.642933222566043696e+02
3.817026218359681025e+02
3.989767686734772951e+02
4.162516689498388587e+02
4.336616966898930059e+02
4.510879663823766350e+02
4.683844299662570165e+02
4.856421226011091221e+02
5.030306829888614288e+02
5.204682987982936311e+02
5.377904071060931983e+02
5.550378260348253434e+02
5.724015221702395593e+02
5.898442239319325608e+02
6.071931950655773562e+02
6.244383161583411948e+02
6.417753513818138345e+02
6.592165952834031941e+02
6.765916468492889635e+02
6.938426850540249688e+02
7.111531400834153374e+02
7.285864641157741062e+02
7.459850520275964527e+02
7.632496105675907074e+02
7.805356385816855891e+02
7.979550224727776140e+02
8.153731361618658866e+02
8.326574755508272574e+02
8.499233239169789158e+02
8.673235337008050010e+02
8.847560112912411796e+02
9.020645305914282517e+02
9.193163335749223961e+02
9.366932606800668282e+02
9.541341302786242977e+02
9.714691416664429653e+02
9.887144256294322986e+02
1.006065405801160978e+03
1.023508225333370092e+03
1.040869959195081719e+03
1.058116921529054252e+03
1.075441030607340053e+03
1.092879250286782053e+03
1.110266042335752900e+03
1.127522705727621997e+03
1.144821007352505603e+03
1.162248333224397811e+03
1.179656895733647616e+03
1.196930298070130675e+03
1.214205960978905523e+03
1.231616709426430589e+03
1.249042435815309545e+03
1.266337988764856163e+03
1.283596213201933551e+03
1.300985649458160879e+03
1.318422947284299426e+03
1.335744057851201205e+03
1.352991724830730391e+03
1.370356397969069121e+03
1.387799023858830424e+03
1.405146987599078329e+03
1.422392047470837042e+03
1.439730095373279710e+03
1.457171510276368736e+03
1.474545616752458045e+03
1.491796291441109361e+03
1.509107720242006053e+03
1.526541452569165131e+03
1.543939219133653069e+03
1.561203147357569378e+03
1.578490030287413219e+03
1.595910037018534240e+03
1.613327502189582219e+03
1.630611006676982925e+03
1.647877514700425763e+03
1.665278526577696994e+03
1.682710566063357419e+03
1.700018121878688817e+03
1.717270325493842392e+03
1.734648185006066569e+03
1.752088851883583629e+03
1.769422850493200485e+03
1.786668234886832579e+03
1.804020219360265173e+03
1.821463082049838249e+03
1.838823829651607184e+03
1.856070582634899438e+03
1.873395696141061990e+03
1.890834203122515646e+03
1.908220102698823212e+03
1.925476269096073338e+03
1.942775497559675387e+03
1.960203339102641849e+03
1.977611158026691555e+03
1.994883823440991819e+03
2.012160256580609939e+03
2.029571719047457009e+03
2.046996894525550942e+03
2.064291541032676832e+03
2.081550307655476900e+03
2.098940615173673905e+03
2.116377586021434126e+03
2.133697699127899796e+03
2.150945625689989356e+03
2.168311273554209492e+03
2.185753814820805019e+03
2.203100769959301033e+03
2.220345780471695889e+03
2.237684841531190159e+03
2.255126418879659468e+03
2.272499576500610601e+03
2.289749897966301887e+03
2.307062303744722612e+03
2.324496435926670529e+03
2.341893374863821009e+03
2.359156682307859228e+03
2.376444426443924840e+03
2.393865048641494468e+03
2.411281857894246059e+03
2.428564533823445345e+03
2.445831710611495055e+03
2.463233518047460166e+03
2.480665111192186941e+03
2.497971706716321933e+03
2.515224320942770646e+03
2.532603109123182549e+03
2.550043563883510615e+03
2.567376549982289362e+03
2.584622047033590206e+03
2.601975033604451710e+03
2.619417930562276524e+03
2.636777689397734775e+03
2.654024243655138889e+03
2.671350363137878048e+03
2.688789148647845195e+03
2.706174150021492096e+03
2.723429827963750540e+03
2.740729988012859394e+03
2.758158336676300678e+03
2.775565404704035245e+03
2.792837339790401984e+03
2.810114551056248274e+03
2.827526721149118202e+03
2.844951337208805398e+03
2.862245081276673773e+03
2.879504399660509080e+03
2.896895574397663040e+03
2.914332208569434442e+03
2.931651325518898830e+03
2.948899523352367851e+03
2.966266144121674188e+03
2.983708590897529575e+03
3.001054535262746413e+03
3.018299508584550949e+03
3.035639583552112072e+03
3.053081313521728589e+03
3.070453517328583985e+03
3.087703496237207219e+03
3.105016882437048480e+03
3.122451406228001360e+03
3.139847511189700526e+03
3.157110206301996186e+03
3.174398818816912353e+03
3.191820049248902251e+03
3.209236194378118853e+03
3.226518047868406939e+03
3.243785902519919546e+03
3.261188500741995995e+03
3.278619638534589285e+03
3.295925276273724194e+03
3.313178313619519031e+03
3.330558027488243170e+03
3.347998260961582218e+03
3.365330234371041115e+03
3.382575855720210711e+03
3.399929843840709509e+03
3.417372765835205428e+03
3.434731532902828803e+03
3.451977900497534392e+03
3.469305027938316471e+03
3.486744082869162412e+03
3.504128180732818691e+03
3.521383380024592043e+03
3.538684476945783899e+03
3.556113325241289658e+03
3.573519635243417270e+03
3.590790847777533600e+03
3.608068845327433337e+03
3.625481716911502190e+03
3.642905765519522902e+03
3.660198612018705717e+03
3.677458492737759570e+03
3.694850529746879147e+03
3.712286818444180881e+03
3.729604940796074516e+03
3.746853421616332071e+03
3.764221012612431878e+03
3.781663355600021077e+03
3.799008287561624456e+03
3.816253234863356738e+03
3.833594324333789700e+03
3.851036197849925884e+03
3.868407444218355067e+03
3.885657091508584926e+03
3.902971461520043249e+03
3.920406368345421015e+03
3.937801633123067859e+03
3.955063724663625180e+03
3.972353211364625622e+03
3.989775042887737982e+03
4.007190516678729182e+03
4.024471553502721235e+03
4.041740095044802274e+03
4.059143478267617866e+03
4.076574151638545118e+03
4.093878835069200704e+03
4.111132306142397283e+03
4.128512942000834300e+03
4.145952944270870830e+03
4.163283904312307641e+03
4.180529661818800378e+03
4.197884650568239522e+03
4.215327587958105141e+03
4.232685360106712324e+03
4.249931552381032816e+03
4.267259689783373688e+03
4.284699005594146001e+03
4.302082195255160514e+03
4.319336925806063846e+03
4.336638964260438115e+03
4.354068304228339912e+03
4.371473849235593661e+03
4.388744346493410376e+03
4.406023137718722865e+03
4.423436704346918305e+03
4.440860177255241979e+03
4.458152130424547067e+03
4.475412583252102195e+03
4.492805478611056969e+03
4.510241413171966997e+03
4.527558542365442918e+03
4.544807317485494423e+03
4.562175876952851468e+03
4.579618107192651223e+03
4.596962025662960514e+03
4.614206958786837276e+03
4.631549063023487179e+03
4.648991071183869281e+03
4.666361356384951250e+03
4.683610682395019467e+03
4.700926039846352978e+03
4.718361321626747667e+03
4.735755740461429923e+03
4.753017236830984984e+03
4.770307604123168858e+03
4.787730029931981335e+03
4.805144824802604489e+03
4.822425051371443260e+03
4.839694288356815377e+03
4.857098451342137196e+03
4.874528652264093580e+03
4.891832383730854417e+03
4.909086298611191523e+03
4.926467853322710653e+03
4.943907616194857837e+03
4.961237563303146089e+03
4.978483468101958351e+03
4.995839456447236444e+03
5.013282400353272351e+03
5.030639175256492308e+03
5.047885203272565377e+03
5.065214351916443775e+03
5.082653919963282533e+03
5.100036196363678755e+03
5.117290468194407367e+03
5.134593452943503507e+03
5.152023277000370399e+03
5.169428050598042319e+03
5.186697840274724513e+03
5.203977432228789439e+03
5.221391687609408109e+03
5.238814576421397760e+03
5.256105640671734363e+03
5.273366675322527954e+03
5.290760423807017105e+03
5.308195994886731569e+03
5.325512132807732996e+03
5.342761213041221708e+03
5.360130738392535932e+03
5.377572846395398301e+03
5.394915749697896899e+03
5.412160680154398506e+03
5.429503799185003118e+03
5.446945933206932750e+03
5.464315253117215434e+03
5.481564269435728420e+03
5.498880618255157970e+03
5.516316266790054215e+03
5.533709833997532769e+03
5.550970744587984882e+03
5.568261998566407783e+03
5.585685011351493813e+03
5.603099119691661144e+03
5.620378541841365404e+03
5.637648482793980293e+03
5.655053420018610268e+03
5.672483139582749573e+03
5.689785922696434682e+03
5.707040292276278706e+03
5.724422761722400537e+03
5.741862275475017668e+03
5.759191210207687618e+03
5.776437274221908410e+03
5.793794261150471357e+03
5.811237201803369317e+03
5.828592977154861728e+03
5.845838852276348916e+03
5.863169014151948431e+03
5.880608825724875715e+03
5.897990183934034576e+03
5.915244006865860683e+03
5.932547942188870365e+03
5.949978242120220784e+03
5.967382237623866786e+03
5.984651327734083679e+03
6.001931728218210992e+03
6.019346665596562161e+03
6.036768962695845403e+03
6.054059143340795345e+03
6.071320769585434391e+03
6.088715366796166563e+03
6.106150565904552423e+03
6.123465714255949024e+03
6.140715110988412562e+03
6.158085599548694518e+03
6.175527576051693359e+03
6.192869463445367728e+03
6.210114402981834246e+03
6.227458537026182967e+03
6.244900787433174628e+03
6.262269138842351822e+03
6.279517855051913102e+03
6.296835196368328980e+03
6.314271202828735113e+03
6.331663912472477932e+03
6.348924246067480453e+03
6.366216392112778522e+03
6.383639984610950705e+03
6.401053399580910991e+03
6.418332023670656781e+03
6.435602677445773224e+03
6.453008382451693251e+03
6.470437613098161819e+03
6.487739451159182863e+03
6.504994285902212141e+03
6.522377666969887287e+03
6.539816922381043696e+03
6.557144844553946314e+03
6.574391079888673630e+03
6.591749063889582430e+03
6.609191992304115047e+03
6.626546765338716796e+03
6.643792499265122387e+03
6.661123675715278296e+03
6.678563721663897013e+03
6.695944157001149506e+03
6.713197541458545857e+03
6.730502431936159155e+03
6.747933199619776133e+03
6.765336410186931971e+03
6.782604808636005146e+03
6.799886024875595467e+03
6.817301637475955431e+03
6.834723334274563967e+03
6.852012636559533348e+03
6.869274864238045666e+03
6.886670304930696147e+03
6.904105122360530913e+03
6.921419282766673859e+03
6.938669007589958710e+03
6.956040456911401634e+03
6.973482292083365792e+03
6.990823162339866030e+03
7.008068123338602163e+03
7.025413272167913419e+03
7.042855629541081726e+03
7.060223008482387741e+03
7.077471436465992156e+03
7.094789774351769665e+03
7.112226129915178717e+03
7.129617975972822023e+03
7.146877742789105469e+03
7.164170787220007696e+03
7.181594951204840072e+03
7.199007664333577850e+03
7.216285497431844306e+03
7.233556872798943004e+03
7.250963340045544101e+03
7.268392071020568437e+03
7.285692967987586599e+03
7.302948278999418108e+03
7.320332567308944817e+03
7.337771554776474659e+03
7.355098465058857073e+03
7.372344883099391154e+03
7.389703862725954423e+03
7.407146769138282252e+03
7.424500537212443305e+03
7.441746141933195759e+03
7.459078334793570320e+03
7.476518605577872222e+03
7.493898112938213671e+03
7.511151069217573422e+03
7.528456918770318225e+03
7.545888146384575521e+03
7.563290564936312876e+03
7.580558279545781261e+03
7.597840318780501548e+03
7.615256600087345760e+03
7.632677688643658257e+03
7.649966117161886359e+03
7.667228955877046246e+03
7.684625235732589317e+03
7.702059662924035365e+03
7.719372837460708979e+03
7.736622901965579331e+03
7.753995309504126453e+03
7.771436994093786780e+03
7.788776846043398109e+03
7.806021840182196684e+03
7.823368004230420411e+03
7.840810459325968623e+03
7.858176862087542759e+03
7.875425013339072393e+03
7.892744350477543776e+03
7.910181046443889500e+03
7.927572023032380457e+03
7.944831230896932539e+03
7.962125179302711331e+03
7.979549907917909877e+03
7.996961912185475740e+03
8.014238960489307829e+03
8.031511066337059674e+03
8.048918289970409205e+03
8.066346513868191323e+03
8.083646472759370226e+03
8.100902270538648736e+03
8.118287462640153535e+03
8.135726172957027302e+03
8.153052071367454118e+03
8.170298684434763345e+03
8.187658658514825220e+03
8.205101533537006617e+03
8.222454294332128484e+03
8.239699781525818253e+03
8.257032991431766277e+03
8.274473478481257189e+03
8.291852053770875500e+03
8.309104592305595361e+03
8.326411405788272532e+03
8.343843084715917939e+03
8.361244704481478038e+03
8.378511743233551897e+03
8.395794612736463023e+03
8.413211555879752268e+03
8.430632027679297607e+03
8.447919587573185709e+03
8.465183047351260029e+03
8.482580161146386672e+03
8.500014188742678016e+03
8.517326379245354474e+03
8.534576794772678113e+03
8.551950157680770644e+03
8.569391682415956893e+03
8.586730515158662456e+03
8.603975554257045587e+03
8.621322733178727503e+03
8.638765276508280294e+03
8.656130699171360902e+03
8.673378584727775888e+03
8.690698923858955823e+03
8.708135951724265396e+03
8.725526053028987008e+03
8.742784712086016953e+03
8.760079570652165785e+03
8.777504856194382228e+03
8.794916143861013552e+03
8.812192413978582408e+03
8.829465258631415054e+03
8.846873232534318959e+03
8.864300940460263519e+03
8.881599964869266842e+03
8.898856260540664152e+03
8.916242352889052199e+03
8.933680777028139346e+03
8.951005664281525242e+03
8.968252484093323801e+03
8.985613450887220097e+03
9.003056285262780875e+03
9.020408036673052266e+03
9.037653418138790585e+03
9.054987647624198871e+03
9.072428341718306910e+03
9.089805979120559641e+03
9.107058110507663514e+03
9.124365892269173855e+03
9.141798014823471021e+03
9.159198829756309351e+03
9.176465201138587872e+03
9.193748908175857650e+03
9.211166505803652399e+03
9.228586352809705204e+03
9.245873049624598934e+03
9.263137140060087404e+03
9.280535082666632661e+03
9.297968702741862216e+03
9.315279911860485299e+03
9.332530689862513100e+03
9.349905005056629307e+03
9.367346359812027003e+03
9.384684172675424634e+03
9.401929268742973363e+03
9.419277462293568533e+03
9.436720084843034783e+03
9.454084524308576874e+03
9.471332155509051518e+03
9.488653498865556685e+03
9.506090849746273307e+03
9.523480070204721414e+03
9.540738189866875473e+03
9.558033963858724746e+03
9.575459798405769106e+03
9.592870362172310706e+03
9.610145861355653324e+03
9.627419452795664256e+03
9.644828171194891183e+03
9.662255354735127185e+03
9.679553448467526323e+03
9.696810251854072703e+03
9.714197239062799781e+03
9.731635367028638939e+03
9.748959243957677245e+03
9.766206281676692015e+03
9.783568239415291828e+03
9.801011023543000192e+03
9.818361763087446889e+03
9.835607050177773999e+03
9.852942299153097338e+03
9.870383191329878173e+03
9.887759886865031149e+03
9.905011620738243437e+03
9.922320374973780417e+03
9.939752932897343271e+03
9.957152935888316279e+03
9.974418648937124090e+03
9.991703200669655416e+03
1.000912144663534491e+04
1.002654066054923169e+04
1.004382649920126823e+04
1.006109122982100234e+04
1.007848999596058457e+04
1.009592319772433257e+04
1.011323342750619850e+04
1.013048457921791669e+04
1.014785984434774582e+04
1.016530102085051840e+04
1.018263781273822315e+04
1.019988297763507944e+04
1.021723218588412419e+04
1.023467487823422925e+04
1.025203833122010838e+04
1.026928571911730978e+04
1.028660806981297719e+04
1.030404573558758420e+04
1.032143406952212172e+04
1.033869165940768653e+04
1.035598835473109648e+04
1.037341473087467602e+04
1.039082456366182669e+04
1.040809929938684218e+04
1.042537364613349200e+04
1.044278310280909500e+04
1.046020975344637918e+04
1.047750692071297271e+04
1.049476424300577128e+04
1.051215212213017730e+04
1.052958994565137255e+04
1.054691281302518655e+04
1.056416008078512095e+04
1.058152302814138238e+04
1.059896575266282707e+04
1.061631547867284098e+04
1.063356068323273939e+04
1.065089695270197262e+04
1.066833803363119296e+04
1.068571378368822116e+04
1.070296513182048693e+04
1.072027486179413245e+04
1.073770784619674669e+04
1.075510703095906138e+04
1.077237209233354952e+04
1.078965749514997697e+04
1.080707638218881584e+04
1.082449495566002952e+04
1.084177994195140309e+04
1.085904532206237855e+04
1.087644490679267255e+04
1.089387768183645312e+04
1.091118693422655633e+04
1.092843847052295860e+04
1.094581468224530181e+04
1.096325567026126009e+04
1.098059144079113503e+04
1.099783668642780322e+04
1.101518690826661259e+04
1.103262966081528066e+04
1.104999212301085572e+04
1.106723927916721004e+04
1.108456263964969003e+04
1.110200061070567608e+04
1.111938805281338318e+04
1.113664512143272805e+04
1.115394274381055584e+04
1.117136965383763345e+04
1.118877874811998117e+04
1.120605272642680575e+04
1.122332783711917182e+04
1.124073802584408622e+04
1.125816413470711632e+04
1.127546037883767895e+04
1.129271823010193475e+04
1.131010699655507415e+04
1.132754450589730186e+04
1.134486636459419060e+04
1.136211387410340831e+04
1.137947780937521384e+04
1.139692046440847844e+04
1.141426917471670276e+04
1.143151430904471636e+04
1.144885160056944369e+04
1.146629286098723969e+04
1.148366765952870992e+04
1.150091863233641561e+04
1.151822934272500424e+04
1.153566274579883611e+04
1.155306110595437349e+04
1.157032552484660300e+04
1.158761178573565485e+04
1.160503130677410627e+04
1.162244923141982144e+04
1.163973337088785775e+04
1.165699941034277435e+04
1.167439980851083419e+04
1.169183214781960851e+04
1.170914042568484365e+04
1.172639235834805004e+04
1.174376951386906148e+04
1.176121030420308307e+04
1.177854505256195989e+04
1.179579039124051997e+04
1.181314162668560675e+04
1.183058442994409779e+04
1.184794589946615088e+04
1.186519283551601984e+04
1.188251720819604816e+04
1.189995547633396927e+04
1.191734202074546556e+04
1.193459857993562036e+04
1.195189713382115224e+04
1.196932457004714888e+04
1.198673291836913086e+04
1.200400614674010467e+04
1.202128202907185914e+04
1.203869294363642075e+04
1.205611850192609563e+04
1.207341382835730110e+04
1.209067221905226688e+04
1.210806186860515481e+04
1.212549905433623280e+04
1.214281990507524461e+04
1.216006766808927750e+04
1.217743258911703560e+04
1.219487516572841560e+04
1.221222285876816568e+04
1.222946793434879146e+04
1.224680624834324226e+04
1.226424767943957886e+04
1.228162152304534902e+04
1.229887213076096305e+04
1.231618382485581606e+04
1.233361763811523997e+04
1.235101516735440964e+04
1.236827895278225878e+04
1.238556607811725189e+04
1.240298622638555389e+04
1.242040349496768613e+04
1.243768679354148117e+04
1.245495350123693061e+04
1.247235470722730861e+04
1.248978660262991252e+04
1.250709390880706633e+04
1.252434624845536746e+04
1.254172434448298918e+04
1.255916492782396745e+04
1.257649865419798698e+04
1.259374409722136261e+04
1.261109634501620894e+04
1.262853919007172954e+04
1.264589966338517297e+04
1.266314639060382615e+04
1.268047177748076865e+04
1.269791033339044589e+04
1.271529597537832160e+04
1.273255203397771947e+04
1.274985152465902684e+04
1.276727947916714766e+04
1.278468707429245114e+04
1.280195955975881952e+04
1.281923622195449207e+04
1.283664785611631851e+04
1.285407285628021236e+04
1.287136726826955964e+04
1.288862620860967581e+04
1.290601673710711475e+04
1.292345358998024676e+04
1.294077343417414886e+04
1.295802146227794583e+04
1.297538736709559453e+04
1.299282985565421768e+04
1.301017652948546674e+04
1.302742155792944322e+04
1.304476089522515394e+04
1.306220248770626858e+04
1.307957537205828885e+04
1.309682562554271499e+04
1.311413830697125377e+04
1.313157252179593706e+04
1.314896921371253848e+04
1.316623237411816626e+04
1.318352037167393064e+04
1.320094113939810632e+04
1.321835774328114348e+04
1.323564020691609221e+04
1.325290759205547874e+04
1.327030960037991827e+04
1.328774104248673393e+04
1.330504737970980750e+04
1.332230013761967712e+04
1.333967917043440502e+04
1.335711953713870025e+04
1.337445224087328097e+04
1.339169780074133087e+04
1.340905106072614763e+04
1.342649393775739009e+04
1.344385341185095604e+04
1.346109994198313871e+04
1.347842634468880533e+04
1.349586517944829575e+04
1.351324991298506211e+04
1.353050548086367780e+04
1.354780591355736033e+04
1.356523437858864418e+04
1.358264121405249352e+04
1.359991296466010681e+04
1.361719041462106179e+04
1.363460276195557526e+04
1.365202719528518355e+04
1.366932069781352766e+04
1.368658019825718293e+04
1.370397160100960173e+04
1.372140811232117994e+04
1.373872695164913966e+04
1.375597525651410251e+04
1.377334214263892864e+04
1.379078453331113815e+04
1.380813018632681269e+04
1.382537518022848053e+04
1.384271554143844696e+04
1.386015728578637209e+04
1.387752920673365406e+04
1.389477911729839616e+04
1.391209278932935558e+04
1.392952739751183071e+04
1.394692324564703267e+04
1.396418579020572361e+04
1.398147466581654589e+04
1.399889604576113561e+04
1.401631197747604892e+04
1.403359361262057610e+04
1.405086168446840020e+04
1.406826448934676955e+04
1.408569546938245912e+04
1.410300084075388077e+04
1.412025402798424875e+04
1.413763399434130042e+04
1.415507413505135992e+04
1.417240581603594183e+04
1.418965150414614254e+04
1.420700577491355034e+04
1.422444867478254309e+04
1.424180714661162165e+04
1.425905349080526321e+04
1.427638091171915221e+04
1.429382001651916653e+04
1.431120383713670344e+04
1.432845892364045721e+04
1.434576030316464312e+04
1.436318927063453521e+04
1.438059533882511460e+04
1.439786636193327831e+04
1.441514460733726810e+04
1.443255766125580885e+04
1.444998151906025851e+04
1.446727411636646866e+04
1.448453418694319407e+04
1.450192645891178108e+04
1.451936261884466512e+04
1.453668045446870019e+04
1.455392904816827104e+04
1.457129691365078543e+04
1.458873919705624394e+04
1.460608382746615825e+04
1.462332879836813299e+04
1.464067018375665430e+04
1.465811207074626509e+04
1.467548302387705553e+04
1.469273260277674490e+04
1.471004726937790110e+04
1.472748226209150016e+04
1.474487726053108236e+04
1.476213919803486715e+04
1.477942895812315146e+04
1.479685094348819257e+04
1.481426619520275563e+04
1.483154700767074974e+04
1.484881577513003685e+04
1.486621937165902091e+04
1.488364988048946361e+04
1.490095428916377932e+04
1.491820791675259898e+04
1.493558881303251110e+04
1.495302871747302561e+04
1.497035937582941551e+04
1.498760520472987628e+04
1.500496048548008184e+04
1.502240339805664189e+04
1.503976086491731257e+04
1.505700703546961813e+04
1.507433547635091600e+04
1.509177484193280361e+04
1.510915774412773317e+04
1.512641236154769285e+04
1.514371469288962908e+04
1.516114415422232196e+04
1.517854944833869558e+04
1.519581975189095283e+04
1.521309880030812201e+04
1.523051255382957788e+04
1.524793582792134112e+04
1.526522752471183776e+04
1.528248817563769444e+04
1.529988131304230774e+04
1.531731711244421422e+04
1.533463394595813224e+04
1.535188283959489127e+04
1.536925168177910746e+04
1.538669384832481592e+04
1.540403745492520102e+04
1.542128241503225217e+04
1.543862482481812367e+04
1.545606684471070548e+04
1.547343682553201688e+04
1.549068608290280827e+04
1.550800174759539732e+04
1.552543711619016904e+04
1.554283125879881845e+04
1.556009259823739194e+04
1.557738324943942644e+04
1.559480583265702990e+04
1.561222039652952299e+04
1.562950039189391828e+04
1.564676986421950460e+04
1.566417424639732781e+04
1.568160427482440537e+04
1.569890772346659287e+04
1.571616180314049234e+04
1.573354362608730298e+04
1.575098328618369123e+04
1.576831292183795995e+04
1.578555890348658068e+04
1.580291519341103776e+04
1.582035810960989693e+04
1.583771456845211469e+04
1.585496057690851376e+04
1.587229004009562050e+04
1.588972965785863562e+04
1.590711163610671065e+04
1.592436579322107900e+04
1.594166908160755702e+04
1.595909902918833541e+04
1.597650354227952630e+04
1.599377313416430115e+04
1.601105299366211329e+04
1.602846744052610120e+04
1.604589012206725965e+04
1.606318092351406995e+04
1.608044216525332376e+04
1.609783616269744198e+04
1.611527159223224953e+04
1.613258742539503510e+04
1.614983663105353844e+04
1.616720644764353528e+04
1.618464848763110058e+04
1.620199106924056105e+04
1.621923603062672191e+04
1.623657946501348852e+04
1.625402160908766018e+04
1.627139061432204653e+04
1.628863956225837501e+04
1.630595622762255880e+04
1.632339196374328458e+04
1.634078524402919720e+04
1.635804599479318495e+04
1.637533754276813852e+04
1.639276071569715714e+04
1.641017458427233942e+04
1.642745376997989297e+04
1.644472395620164389e+04
1.646212911781690127e+04
1.647955865774318590e+04
1.649686114995956086e+04
1.651411569185309054e+04
1.653149843750253785e+04
1.654893784292705823e+04
1.656626645610625201e+04
1.658351260219451797e+04
1.660086989949860435e+04
1.661831280945026811e+04
1.663566825814990079e+04
1.665291411594417514e+04
1.667024460263401852e+04
1.668768446295857939e+04
1.670506551299886269e+04
1.672231922055326868e+04
1.673962347026719362e+04
1.675705389584377554e+04
1.677445762092626683e+04
1.679172650875778345e+04
1.680900718669667185e+04
1.682642232019048242e+04
1.684384440171127426e+04
1.686113431265787221e+04
1.687839615472071455e+04
1.689579100722266958e+04
1.691322605795112395e+04
1.693054089235246647e+04
1.694779042168146407e+04
1.696516121025583561e+04
1.698260311402681327e+04
1.699994466959873898e+04
1.701718964452056389e+04
1.703453410365761010e+04
1.705197636180361587e+04
1.706934438728654641e+04
1.708659303723895209e+04
1.710391070638888050e+04
1.712134680064204076e+04
1.713873921310666628e+04
1.715599938511565779e+04
1.717329183564634877e+04
1.719071559114524644e+04
1.720812875625022571e+04
1.722540713900970877e+04
1.724267804800829254e+04
1.726008398298248358e+04
1.727751302544955615e+04
1.729481456485990566e+04
1.731206958036764627e+04
1.732945324480779527e+04
1.734689238600195677e+04
