1.000000000000000056e-01
8.787644116239030911e-02
7.496375866428824086e-02
8.449997558045575785e-02
9.950455911269094622e-02
9.125051275237844317e-02
7.583250738949300074e-02
8.136063142974692131e-02
9.806190616263701920e-02
9.436736143688495559e-02
7.751316680472462861e-02
7.867096084915081722e-02
9.580055553085901898e-02
9.698009894867042069e-02
7.989733760333769808e-02
7.660924960945107720e-02
9.291627169162949840e-02
9.886902512867434822e-02
8.282865625883412131e-02
7.530946821111013378e-02
8.964463033564892824e-02
9.986777268355427617e-02
8.611107057160699574e-02
7.485562084449903786e-02
8.623845400113064330e-02
9.988678848088199114e-02
8.951803998996832323e-02
7.527750404738248191e-02
8.294781883816557122e-02
9.892451518130984667e-02
9.280004567010202710e-02
7.654712721200473968e-02
7.999993809386349297e-02
9.706698020314302733e-02
9.570394692882201737e-02
7.858303633747493189e-02
7.759282335166844957e-02
9.447852361233242957e-02
9.799344698996900749e-02
8.125289228005780351e-02
7.588414516187759473e-02
9.137686585770582459e-02
9.947044589793499481e-02
8.437968059646905328e-02
7.498419410336062962e-02
8.800859026142425490e-02
1.000036152681877677e-01
8.775201948784935868e-02
7.495156089728878535e-02
8.462777291068111774e-02
9.954507591339743777e-02
9.113087232644888347e-02
7.578835948169637682e-02
8.147542941183745502e-02
9.813604846898763001e-02
9.426193900324530972e-02
7.744008481181120784e-02
7.876524301628441693e-02
9.590201114555672868e-02
9.689762311598759670e-02
7.980021795589120615e-02
7.667688765687238894e-02
9.303681281088409250e-02
9.881711806464589520e-02
8.271434782687553389e-02
7.534667222474311643e-02
8.977515838459412811e-02
9.985152484920385707e-02
8.598759110409996687e-02
7.486020240262916681e-02
8.636942480854815918e-02
9.990800212982370310e-02
8.939448059272675495e-02
7.524948994555658022e-02
8.307026372618542265e-02
9.898173815978042467e-02
9.268594418383858946e-02
7.648850882600143064e-02
8.010573532704896860e-02
9.715533300865845934e-02
9.560864013753403445e-02
7.849771029596779026e-02
7.767512085324117244e-02
9.459051533596536665e-02
9.792507884746272373e-02
8.114671423782442161e-02
7.593775368958931293e-02
9.150362194041050667e-02
9.943531538969074823e-02
8.425985152360866703e-02
7.500590752012423201e-02
8.814066905272820163e-02
1.000053978852516040e-01
8.762724016406243932e-02
7.494024942233010189e-02
8.475570079492596165e-02
9.958393561348588552e-02
9.101052476009047210e-02
7.574517838535392567e-02
8.159082972309701642e-02
9.820896337537773912e-02
9.415561116160359179e-02
7.736791274184560974e-02
7.886043419860233605e-02
9.600297257143970697e-02
9.681455147206324829e-02
7.970427260435113126e-02
7.674625024700032494e-02
9.315747475055341509e-02
9.876446025946516993e-02
8.260084510108750555e-02
7.538551708754923086e-02
8.990605151351178936e-02
9.983431222875312205e-02
8.586457441609518515e-02
7.486632896150799410e-02
8.650090472267842057e-02
9.992798474616704230e-02
8.927075506664956805e-02
7.522272320979639382e-02
8.319329809375736184e-02
9.903777150780548877e-02
9.257131610514873765e-02
7.643090164803963138e-02
8.021231834903368163e-02
9.724261895914530773e-02
9.551230282182268660e-02
7.841325975636380397e-02
7.775838603177652464e-02
9.470187192158657785e-02
9.785554238813605477e-02
8.104124920177116498e-02
7.599261134919467475e-02
9.163021055652241509e-02
9.939915069174914963e-02
8.414070446322355346e-02
7.502916026538658523e-02
8.827301188758611417e-02
1.000061154596486868e-01
8.750280804069580920e-02
7.493058717525387380e-02
8.488442800505946462e-02
9.962193770712306218e-02
9.089018967562520479e-02
7.570336161286858601e-02
8.170698973529957887e-02
9.828081051713130623e-02
9.404863273232381971e-02
7.729678300587888851e-02
7.895660733897981454e-02
9.610285528645817754e-02
9.673017368514630343e-02
7.960889487382757923e-02
7.681654982170417478e-02
9.327747797935634355e-02
9.871040980821085831e-02
8.248786423229839682e-02
7.542560700783872141e-02
9.003682377556727900e-02
9.981574338719395589e-02
8.574174143972577988e-02
7.487382914524125244e-02
8.663278391443257620e-02
9.994689995386792092e-02
8.914705937266700908e-02
7.519734800758601234e-02
8.331717314556436049e-02
9.909280236330263170e-02
9.245633802881914054e-02
7.637466902652779999e-02
8.032011821911617944e-02
9.732933782597534556e-02
9.541551035701276162e-02
7.833008809181751797e-02
7.784316247150027679e-02
9.481297691430480568e-02
9.778519422548294371e-02
8.093662625750380757e-02
7.604904851315526237e-02
9.175684765057409709e-02
9.936183881917556859e-02
8.402193817880190818e-02
7.505384330768404000e-02
8.840571037463632043e-02
1.000056458881578153e-01
8.737842692275335499e-02
7.492219981089055791e-02
8.501366194115551889e-02
9.965860994864261801e-02
9.076938610766041582e-02
7.566274698241449992e-02
8.182421585069510339e-02
9.835200581973940759e-02
9.394134907831168391e-02
7.722703638003731996e-02
7.905419946972554179e-02
9.620244218819125337e-02
9.664514197173579291e-02
7.951453390132127985e-02
7.688816486023948571e-02
9.339718913047483084e-02
9.865529395097490106e-02
8.237560566311995236e-02
7.546720216036001405e-02
9.016770982184647842e-02
9.979598165440541069e-02
8.561926328662061714e-02
7.488284238253845038e-02
8.676523259120394460e-02
9.996470398719539685e-02
8.902326352653640307e-02
7.517337454087689996e-02
8.344169947815301136e-02
9.914668326848970203e-02
9.234082740852128657e-02
7.631955986031679906e-02
8.042875078821888624e-02
9.741500222746000970e-02
9.531769119879282548e-02
7.824770614360128385e-02
7.792896055622390572e-02
9.492333278549698605e-02
9.771368515255064724e-02
8.083257984866737411e-02
7.610660079892821173e-02
9.188313548317360302e-02
9.932323939555201542e-02
8.390353918448506532e-02
7.507972789080168130e-02
8.853839443247808749e-02
1.000036832499746342e-01
8.725394908730399468e-02
7.491509056876786976e-02
8.514330215880032415e-02
9.969402174550029416e-02
9.064827880178466524e-02
7.562338785972355648e-02
8.194209360976260903e-02
9.842195296811069583e-02
9.383311027349457156e-02
7.715812647325982765e-02
7.915259639152040505e-02
9.630102332093433415e-02
9.655891191645328553e-02
7.942082486920205853e-02
7.696088963460286092e-02
9.351638581458389388e-02
9.859881818537696851e-02
8.226342547990458942e-02
7.550970478287818977e-02
9.029822686093413875e-02
9.977452871025110914e-02
8.549653002068220708e-02
7.489267736208038428e-02
8.689738070713537432e-02
9.998059769420138132e-02
8.889892252410050433e-02
7.515023824817981812e-02
8.356650812552605945e-02
9.919889069609695575e-02
9.222435782571532237e-02
7.626518647589530797e-02
8.053778888778651002e-02
9.749916768029441572e-02
9.521849868209852907e-02
7.816568051913624915e-02
7.801524380313873408e-02
9.503250464751493432e-02
9.764050508827692987e-02
8.072881515716974488e-02
7.616498126406318070e-02
9.200869170389121277e-02
9.928278453933492287e-02
8.378504845170843540e-02
7.510662184900815386e-02
8.867079026735157077e-02
9.999995970897042341e-02
8.712910200250442716e-02
7.490886040710321991e-02
8.527288648620739986e-02
9.972757347541628958e-02
9.052623835388075302e-02
7.558458804100684492e-02
8.206001325439876704e-02
9.849001385285044430e-02
9.372353338289603208e-02
7.708958959400717681e-02
7.925125861787661596e-02
9.639798452464720668e-02
9.647096004644256650e-02
7.932725047268027185e-02
7.703409656209757317e-02
9.363437431482551920e-02
9.854043903980376495e-02
8.215127357069833269e-02
7.555295157753448565e-02
9.042790143436146844e-02
9.975106662677346581e-02
8.537352732192779459e-02
7.490340647783017003e-02
8.702938983310945509e-02
9.999462234934811122e-02
8.877386357896391300e-02
7.512784726636294319e-02
8.369132449709834609e-02
9.924934317665595751e-02
9.210687555046383201e-02
7.621138512044466073e-02
8.064719727451120923e-02
9.758187299699354333e-02
9.511803551735140139e-02
7.808422065193204586e-02
7.810221831860525432e-02
9.514051167262860265e-02
9.756569471062828680e-02
8.062523372943876387e-02
7.622406011623224231e-02
9.213345113676030262e-02
9.924054116736759357e-02
8.366645863196792154e-02
7.513429872363473760e-02
8.880274011310436422e-02
9.999424266502233982e-02
8.700377713279575098e-02
7.490342926829669790e-02
8.540241891526817453e-02
9.975926659315459410e-02
9.040350714943963528e-02
7.554675303129657071e-02
8.217841780413069619e-02
9.855672971726484044e-02
9.361313635176560233e-02
7.702198350154261519e-02
7.935080068168999523e-02
9.649393311431114784e-02
9.638190046776472231e-02
7.923441750772988734e-02
7.710837748020385463e-02
9.375176788492523006e-02
9.848067997851518707e-02
8.203958460410265552e-02
7.559740618382340682e-02
9.055750642225976477e-02
9.972625776930403585e-02
8.525067553241456875e-02
7.491532034363743153e-02
8.716146864922438842e-02
1.000072472555249836e-01
8.864872565619820455e-02
7.510679882914948757e-02
8.381675988149404899e-02
9.929869846677126521e-02
9.198904243717874463e-02
7.615893475223120546e-02
8.075756963609466432e-02
9.766369064272344136e-02
9.501679737929150105e-02
7.800373647959123191e-02
7.819023552064395532e-02
9.524782699840750322e-02
9.748965789006479310e-02
8.052219155769935188e-02
7.628432899741989515e-02
9.225770491579610155e-02
9.919681307634695133e-02
8.354810485143224219e-02
7.516312580376230401e-02
8.893456338747719736e-02
9.998719218817636589e-02
8.687841676419250092e-02
7.489923913555518453e-02
8.553225410134508711e-02
9.978966378006899618e-02
9.028036645606379862e-02
7.551003111190232597e-02
8.229741816058924742e-02
9.862221338621103561e-02
9.350189473146355845e-02
7.695527717366477949e-02
7.945116253654295468e-02
9.658908485576353509e-02
9.629184726561622332e-02
7.914241892077387985e-02
7.718377357427107233e-02
9.386860970408060501e-02
9.841968575043150147e-02
8.192876177200369980e-02
7.564343340219230327e-02
9.068731079206815426e-02
9.970052507814783360e-02
8.512848935117904581e-02
7.492899560697342809e-02
8.729425372434708452e-02
1.000190156367543187e-01
8.852389873599182668e-02
7.508737488830867501e-02
8.394305947967134474e-02
9.934714849305656403e-02
9.187109047990493771e-02
7.610795818948072611e-02
8.086916841383937071e-02
9.774497632418661930e-02
9.491535609503982951e-02
7.792481966737840882e-02
7.827998371378051823e-02
9.535526692045032116e-02
9.741343427068593908e-02
8.042069098930582083e-02
7.634658098743449250e-02
9.238252934529807281e-02
9.915269749720710679e-02
8.343093900685989717e-02
7.519402757760583478e-02
8.906731168757121841e-02
9.997965629228758311e-02
8.675400560462023791e-02
7.489715180140422979e-02
8.566336450531776558e-02
9.981965138589610209e-02
9.015788578228448036e-02
7.547529748687302475e-02
8.241795936202415962e-02
9.868747995889320945e-02
9.339091201796520525e-02
7.689046059123678944e-02
7.955324197519562934e-02
9.668405721988174162e-02
9.620147760754910182e-02
7.905177445720582008e-02
7.726091744544306972e-02
9.398561105340703936e-02
9.835815860138132083e-02
8.181831055456689761e-02
7.569053703323885829e-02
9.081669530404927471e-02
9.967304188045833513e-02
8.500610988270636270e-02
7.494358940728565455e-02
8.742683172214327225e-02
1.000289073406577106e-01
8.839846950349417032e-02
7.506873698014934759e-02
8.406955925839902644e-02
9.939402041870575022e-02
9.175226765756519520e-02
7.605774490765834783e-02
8.098131332072013022e-02
9.782498990898547131e-02
9.481271464218754552e-02
7.784654016407265009e-02
7.837052633669458479e-02
9.546166231260230783e-02
9.733574653521125108e-02
8.031958757197936449e-02
7.640973766108659360e-02
9.250669676052206136e-02
9.910702887769404223e-02
8.331399027216405961e-02
7.522602791827304181e-02
8.919982267602012682e-02
9.997030842280565932e-02
8.662923091572499734e-02
7.489604579360076286e-02
8.579447704425731402e-02
9.984792935772300593e-02
9.003459800776580924e-02
7.544144727348672808e-02
8.253881602575885434e-02
9.875118614715647225e-02
9.327886409029971515e-02
7.682634504006681520e-02
7.965596163049502854e-02
9.677803928522953070e-02
9.611005717709691920e-02
7.896190607752118229e-02
7.733911292531595039e-02
9.410188040814823629e-02
9.829518212699984991e-02
8.170875438267950763e-02
7.573918509357907558e-02
9.094623936378040674e-02
9.964464363331622387e-02
8.488443065663926757e-02
7.495990485214933108e-02
8.756005026556089310e-02
1.000379221875915409e-01
8.827339548534468561e-02
7.505186852383680107e-02
8.419703525307194181e-02
9.943997880448285365e-02
9.163329858157232000e-02
7.600905206564123606e-02
8.109463774902647692e-02
9.790422974911069942e-02
9.470950022991417305e-02
7.776934689488551600e-02
7.846219675114578240e-02
9.556740636128525923e-02
9.725698828763910952e-02
8.021923024903777899e-02
7.647416373065829553e-02
9.263055782301070351e-02
9.905999872660638250e-02
8.319734050398343295e-02
7.525921075515631942e-02
8.933224308370109334e-02
9.995952428477443419e-02
8.650449114460678768e-02
7.489616042472092838e-02
8.592594270723850902e-02
9.987482924267052087e-02
8.991108722376851825e-02
7.540878710356686832e-02
8.266033801356015287e-02
9.881378006587737683e-02
9.316623425753904619e-02
7.676331443872727589e-02
7.975965834139930877e-02
9.687087152508369603e-02
9.601735826363357040e-02
7.887266230808127887e-02
7.741815678463496997e-02
9.421742487133515087e-02
9.823090440992171546e-02
8.159952681925485007e-02
7.578902675532908639e-02
9.107554957354523084e-02
9.961477906142300609e-02
8.476288893323073725e-02
7.497742982848992765e-02
8.769341352291676328e-02
1.000455358741081519e-01
8.814815977656477453e-02
7.503617679458832179e-02
8.432491321344008639e-02
9.948455662458344229e-02
9.151372661042767032e-02
7.596126861798210839e-02
8.120833753476371097e-02
9.798200455012584520e-02
9.460516147633030171e-02
7.769288300361487654e-02
7.855462966627019261e-02
9.567211662327075594e-02
9.717688508016503190e-02
8.011935043516806021e-02
7.653952096394008031e-02
9.275373564149495820e-02
9.901148504400528183e-02
8.308111970558064441e-02
7.529365019199449338e-02
8.946456552636224135e-02
9.994735758081151056e-02
8.637984422033932741e-02
7.489755200238165656e-02
8.605768964250723463e-02
9.990027952161115166e-02
8.978710544796765503e-02
7.537721673901373598e-02
8.278228273016741134e-02
9.887473540006104511e-02
9.305255023622878430e-02
7.670096713392522692e-02
7.986391633272037216e-02
9.696239358832242639e-02
9.592337970909683986e-02
7.878399185331101673e-02
7.749818625803779615e-02
9.433215742168911400e-02
9.816506638718791589e-02
8.149057191844577552e-02
7.583976766627049948e-02
9.120425414912729234e-02
9.958303528306002017e-02
8.464110457555538980e-02
7.499577176162186554e-02
8.782645718947881819e-02
1.000512023802111600e-01
8.802233386035865359e-02
7.502131118095778373e-02
8.445293861914589251e-02
9.952738234545623064e-02
9.139334004465760053e-02
7.591440140121920310e-02
8.132275725142087963e-02
9.805861549557989831e-02
9.449986720323715061e-02
7.761724903626300576e-02
7.864801039138558103e-02
9.577598780037917259e-02
9.709549953939408673e-02
8.002001453799161002e-02
7.660592322826269285e-02
9.287645384449312591e-02
9.896148365595495988e-02
8.296491671318780015e-02
7.532909497921576325e-02
8.959661223486357906e-02
9.993346148761501901e-02
8.625496478743599482e-02
7.489994280542487670e-02
8.618948688485006393e-02
9.992413111209837162e-02
8.966270310489689310e-02
7.534670048848712831e-02
8.290482321775172192e-02
9.893460381758310829e-02
9.293831845683250825e-02
7.663978165569718115e-02
7.996904159865333983e-02
9.705314663331812697e-02
9.582851787107525554e-02
7.869613548792739333e-02
7.757911123967861644e-02
9.444610254527507909e-02
9.809794866172945327e-02
8.138233690824756006e-02
7.589181816194912056e-02
9.133276214176717922e-02
9.955009452790261615e-02
8.451979207842248709e-02
7.501561841718978885e-02
8.795977221220083186e-02
1.000556151666785049e-01
8.789662163701325581e-02
7.500788993138692018e-02
8.458149368079390107e-02
9.956915004615227160e-02
9.127281186447935846e-02
7.586892161975397619e-02
8.143810815201028841e-02
9.813430074697793160e-02
9.439394257814054390e-02
7.754265632186317647e-02
7.874244344085087888e-02
9.587914316801543491e-02
9.701320893202262929e-02
7.992174984257947867e-02
7.667388377920202058e-02
9.299906111705506795e-02
9.891054029503300316e-02
8.284954897719476463e-02
7.536619369951956526e-02
8.972912044066687354e-02
9.991865605147190466e-02
8.613063111724784948e-02
7.490409569682111857e-02
8.632210390605038475e-02
9.994709471164124615e-02
8.953844297048804690e-02
7.531777440044062910e-02
8.302834807343587031e-02
9.899348724393550181e-02
9.282364790946494304e-02
7.657989397819613131e-02
8.007544489413748190e-02
9.714327430900943083e-02
9.573314197978032014e-02
7.860957792502694386e-02
7.766176711488205486e-02
9.456014964296262371e-02
9.803019582541717958e-02
8.127486563439242917e-02
7.594532059105137123e-02
9.146138230138683989e-02
9.951613725719149484e-02
8.439899113057316993e-02
7.503707266258687059e-02
8.809358688070045851e-02
1.000590070360174721e-01
8.777105488268237277e-02
7.499597253544360020e-02
8.471087236837038237e-02
9.960997797927220732e-02
9.115206135200479287e-02
7.582483358716540778e-02
8.155450313085529923e-02
9.820922705773470207e-02
9.428747576822917031e-02
7.746936310396809744e-02
7.883822967050251040e-02
9.598187889458875688e-02
9.693013008428272292e-02
7.982408694892544065e-02
7.674282063505930007e-02
9.312098125686321670e-02
9.885796336545880914e-02
8.273434687029562751e-02
7.540423569913812241e-02
8.986104449439666353e-02
9.990190717182716174e-02
8.600594334540390129e-02
7.490908211037812514e-02
8.645449314119892092e-02
9.996814871484234477e-02
8.941352619827747095e-02
7.528978881753717323e-02
8.315223850307407183e-02
9.905099989487888001e-02
9.270826337009524520e-02
7.652091569667753002e-02
8.018248181157111576e-02
9.723225107102217990e-02
9.563655590285738417e-02
7.852359795689124733e-02
7.774512165290932419e-02
9.467309736451436086e-02
9.796071623851707044e-02
8.116767657155177229e-02
7.599969516386499702e-02
9.158927030467707564e-02
9.948032627445013709e-02
8.427805521414005741e-02
7.505926066313743650e-02
8.822677488082200647e-02
1.000601307174538435e-01
8.764464190795558107e-02
7.498460125839437329e-02
8.483988347239573846e-02
9.964844276780537857e-02
9.102989977974777769e-02
7.578101314952540024e-02
8.167077116654139490e-02
9.828205734936562576e-02
9.417942548727380181e-02
7.739634338164902427e-02
7.893428033955682266e-02
9.608300030287537929e-02
9.684524759086746148e-02
7.972675842391371837e-02
7.681253960028802674e-02
9.324206934425645354e-02
9.880385620886514286e-02
8.261938753267190905e-02
7.544339718223197488e-02
8.999278758671819256e-02
9.988365913415160613e-02
8.588131773334335695e-02
7.491531143175995944e-02
8.658712236184883115e-02
9.998774119133543858e-02
8.928818130275660570e-02
7.526278663325060292e-02
8.327634360308919237e-02
9.910684824377787028e-02
9.259188574124280202e-02
7.646274839090234920e-02
8.029009929579250526e-02
9.731971816107555517e-02
9.553856518279316146e-02
7.843811512454057500e-02
7.782914686195008258e-02
9.478485935873201540e-02
9.788965821599689143e-02
8.106096340296542468e-02
7.605522208592012390e-02
9.171678100871336059e-02
9.944301551855776189e-02
8.415733893025766077e-02
7.508269899993723351e-02
8.836029872229002324e-02
1.000602686606361230e-01
8.751874496723956176e-02
7.497498248255267395e-02
8.496984384107894583e-02
9.968625287106928912e-02
9.090798533695991501e-02
7.573896709067805266e-02
8.178834221560278561e-02
9.835444823789643576e-02
9.407123138676064256e-02
7.732481801774021557e-02
7.903179386115224969e-02
9.618381255774552385e-02
9.675979086923558459e-02
7.963068319245883431e-02
7.688389181986557408e-02
9.336317796382102852e-02
9.874887862546159745e-02
8.250521584397269015e-02
7.548407579366436804e-02
9.012467358206796564e-02
9.986430226772126384e-02
8.575699676562703599e-02
7.492296074456918087e-02
8.672013496772972008e-02
1.000060886485514278e-01
8.916277743275849432e-02
7.523717615638571277e-02
8.340127450313190860e-02
9.916171122563470497e-02
9.247520752394772225e-02
7.640585357650066245e-02
8.039875852511642329e-02
9.740657411890708828e-02
9.544006990454310946e-02
7.835391303435060295e-02
7.791465401404984448e-02
9.489645549564143523e-02
9.781788962222504047e-02
8.095498436608478121e-02
7.611204769262029657e-02
9.184404975450256858e-02
9.940440652568360846e-02
8.403702082154874964e-02
7.510754367038421919e-02
8.849383164916328759e-02
1.000588523726495538e-01
8.739265833237723491e-02
7.496649103678415527e-02
8.510002318530190957e-02
9.972232293494136257e-02
9.078527964735073896e-02
7.569773427169572411e-02
8.190621642466966446e-02
9.842522078791644813e-02
9.396179096336290670e-02
7.725389133407747910e-02
7.912987830961520919e-02
9.628329525168838332e-02
9.667268376608974256e-02
7.953476494730576940e-02
7.695584557910059575e-02
9.348321132685649681e-02
9.869203226096857906e-02
8.239110664288838703e-02
7.552571606194397047e-02
9.025608620997302434e-02
9.984314048003488373e-02
8.563253560192524150e-02
7.493160920586407203e-02
8.685308186984880274e-02
1.000227045547171234e-01
8.903693826170075432e-02
7.521255793962806913e-02
8.352654543159875045e-02
9.921498139079908130e-02
9.235760736306895813e-02
7.634987198304714340e-02
8.050816342479957810e-02
9.749219398325617569e-02
9.534042906205709988e-02
7.827040596566131603e-02
7.800107517138704649e-02
9.500719049087549828e-02
9.774477338646155034e-02
8.084968217337806795e-02
7.617016018415258272e-02
9.197113074692508938e-02
9.936453467650017968e-02
8.391708945517444007e-02
7.513381566445746784e-02
8.862757459162146079e-02
1.000561114268651852e-01
8.726653180538450350e-02
7.495929247031581089e-02
8.523073479905943217e-02
9.975736845519993234e-02
9.066257704774612070e-02
7.565802913424135578e-02
8.202510819934112629e-02
9.849509018033016094e-02
9.385200462636660024e-02
7.718433910487609850e-02
7.922928913300827936e-02
9.638230159720358181e-02
9.658502841171273667e-02
7.944013683924183722e-02
7.702943511456460113e-02
9.360318374142193032e-02
9.863435339315183847e-02
8.227783762346618790e-02
7.556881410019219980e-02
9.038755129746277317e-02
9.982080300041902554e-02
8.550850811950978791e-02
7.494186806705949166e-02
8.698658015235996577e-02
1.000382805932881203e-01
8.891108821894069814e-02
7.518945815653423070e-02
8.365262689122850148e-02
9.926739826307962034e-02
9.223983773517992202e-02
7.629524772040564840e-02
8.061856782448072190e-02
9.757692217857279193e-02
9.523993663696417311e-02
7.818782683389619015e-02
7.808855235410287754e-02
9.511725462682384113e-02
9.767044102907043723e-02
8.074488308580564377e-02
7.622941269211414017e-02
9.209778924258554822e-02
9.932314428467656220e-02
8.379733271430314656e-02
7.516115416571755858e-02
8.876114394589082468e-02
1.000516898808966049e-01
8.714020164951674641e-02
7.495319971110975255e-02
8.536165156866071246e-02
9.979071278121109945e-02
9.053919208869509738e-02
7.561928286687039091e-02
8.214466129666812833e-02
9.856373657503059160e-02
9.374120854248468859e-02
7.711553567392388786e-02
7.932939590760931803e-02
9.648014159908838150e-02
9.649601777365322819e-02
7.934592890744189553e-02
7.710383459429955011e-02
9.372235945147773528e-02
9.857505494964506620e-02
8.216502727149944951e-02
7.561326260182842096e-02
9.051902622797816655e-02
9.979715132289036783e-02
8.538473154636372353e-02
7.495348020677077006e-02
8.712034192754129769e-02
1.000524864831281030e-01
8.878532104320488449e-02
7.516778657908868011e-02
8.377946609345289508e-02
9.931861681342699089e-02
9.212167262730187878e-02
7.624193584059942019e-02
8.072997589686027597e-02
9.766086339500540392e-02
9.513888523308564049e-02
7.810647468559243911e-02
7.817733571567148099e-02
9.522679897454967846e-02
9.759506581364459088e-02
8.064096178077646837e-02
7.628993772767785064e-02
9.222416661491257550e-02
9.928050426103939008e-02
8.367810153400584428e-02
7.518991458012706797e-02
8.889490353120732546e-02
1.000461185572085049e-01
8.701411617012522193e-02
7.494863533119570931e-02
8.549315230781852348e-02
9.982295942576374648e-02
9.041562616457764212e-02
7.558193497579152043e-02
8.226500216879523153e-02
9.863130141698860098e-02
9.362993010825135243e-02
7.704797712585589875e-02
7.943063355407148363e-02
9.657743212252840881e-02
9.640624581705803386e-02
7.925294103147911828e-02
7.717980867366532050e-02
9.384141072920325344e-02
9.851489984310837777e-02
8.205278741495715400e-02
7.565896420164014424e-02
9.065033799619695576e-02
9.977215577247570966e-02
8.526109903443951366e-02
7.496635900262528518e-02
8.725440004755292966e-02
1.000652962838561866e-01
8.865925292147053272e-02
7.514727413049078486e-02
8.390673215491398218e-02
9.936846137726611239e-02
9.200279454299341297e-02
7.618961557996223322e-02
8.084220554728470398e-02
9.774379833631563486e-02
9.503704260746721755e-02
7.802614210963008945e-02
7.826732994377567920e-02
9.533586981309287445e-02
9.751880758272347960e-02
8.053791468824722521e-02
7.635200156668027482e-02
9.235049852911936252e-02
9.923690541467559967e-02
8.355955847989325613e-02
7.522028412784492746e-02
8.902899571944268564e-02
1.000394112762837129e-01
8.688833451224529936e-02
7.494558999026453006e-02
8.562529174078614691e-02
9.985415117610060842e-02
9.029195275978731117e-02
7.554593023485005332e-02
8.238619561690961601e-02
9.869794129215403444e-02
9.351813477094826632e-02
