1.301760098070159927e+07
1.301587957234539650e+07
1.301414237065882050e+07
1.301239457080259733e+07
1.301063901642950624e+07
1.300887745930865034e+07
1.300711106925505772e+07
1.300534067239932716e+07
1.300356687840747833e+07
1.300179015085631236e+07
1.300001085319727659e+07
1.299822927496496961e+07
1.299644565256380104e+07
1.299466018083851598e+07
1.299287302265451849e+07
1.299108431623061560e+07
1.298929417932145298e+07
1.298750271393518709e+07
1.298571000831989944e+07
1.298391614014366642e+07
